Sample ID:		H1108 20um slit 20mW power
Start Time:		Fri Jul 10 2020 2:38:04 PM
Averaging Time:		1.000s

366.500000	24.000000
366.505000	87.000000
366.510000	63.000000
366.515000	35.000000
366.520000	68.000000
366.525000	55.000000
366.530000	63.000000
366.535000	51.000000
366.540000	60.000000
366.545000	60.000000
366.550000	87.000000
366.555000	64.000000
366.560000	81.000000
366.565000	129.000000
366.570000	66.000000
366.575000	64.000000
366.580000	65.000000
366.585000	71.000000
366.590000	87.000000
366.595000	52.000000
366.600000	124.000000
366.605000	101.000000
366.610000	138.000000
366.615000	68.000000
366.620000	83.000000
366.625000	89.000000
366.630000	138.000000
366.635000	179.000000
366.640000	92.000000
366.645000	110.000000
366.650000	79.000000
366.655000	86.000000
366.660000	54.000000
366.665000	67.000000
366.670000	109.000000
366.675000	97.000000
366.680000	147.000000
366.685000	65.000000
366.690000	165.000000
366.695000	108.000000
366.700000	60.000000
366.705000	196.000000
366.710000	100.000000
366.715000	211.000000
366.720000	93.000000
366.725000	145.000000
366.730000	101.000000
366.735000	104.000000
366.740000	128.000000
366.745000	147.000000
366.750000	114.000000
366.755000	71.000000
366.760000	101.000000
366.765000	121.000000
366.770000	150.000000
366.775000	67.000000
366.780000	121.000000
366.785000	133.000000
366.790000	204.000000
366.795000	175.000000
366.800000	208.000000
366.805000	102.000000
366.810000	182.000000
366.815000	162.000000
366.820000	181.000000
366.825000	172.000000
366.830000	175.000000
366.835000	203.000000
366.840000	210.000000
366.845000	131.000000
366.850000	91.000000
366.855000	190.000000
366.860000	169.000000
366.865000	195.000000
366.870000	252.000000
366.875000	235.000000
366.880000	200.000000
366.885000	151.000000
366.890000	195.000000
366.895000	274.000000
366.900000	246.000000
366.905000	273.000000
366.910000	315.000000
366.915000	287.000000
366.920000	299.000000
366.925000	221.000000
366.930000	368.000000
366.935000	415.000000
366.940000	311.000000
366.945000	381.000000
366.950000	476.000000
366.955000	454.000000
366.960000	544.000000
366.965000	519.000000
366.970000	503.000000
366.975000	526.000000
366.980000	552.000000
366.985000	680.000000
366.990000	777.000000
366.995000	865.000000
367.000000	802.000000
367.005000	840.000000
367.010000	978.000000
367.015000	1376.000000
367.020000	1465.000000
367.025000	1598.000000
367.030000	1602.000000
367.035000	1960.000000
367.040000	1849.000000
367.045000	1706.000000
367.050000	1938.000000
367.055000	1614.000000
367.060000	1390.000000
367.065000	1524.000000
367.070000	1352.000000
367.075000	1494.000000
367.080000	1174.000000
367.085000	1155.000000
367.090000	1282.000000
367.095000	1045.000000
367.100000	1097.000000
367.105000	1041.000000
367.110000	1198.000000
367.115000	1040.000000
367.120000	1099.000000
367.125000	972.000000
367.130000	1017.000000
367.135000	1330.000000
367.140000	1096.000000
367.145000	1108.000000
367.150000	1379.000000
367.155000	1402.000000
367.160000	1403.000000
367.165000	1393.000000
367.170000	1411.000000
367.175000	1478.000000
367.180000	1331.000000
367.185000	1519.000000
367.190000	1646.000000
367.195000	1791.000000
367.200000	1518.000000
367.205000	1506.000000
367.210000	1797.000000
367.215000	1910.000000
367.220000	1836.000000
367.225000	1903.000000
367.230000	1688.000000
367.235000	2065.000000
367.240000	1788.000000
367.245000	2122.000000
367.250000	2011.000000
367.255000	2073.000000
367.260000	2161.000000
367.265000	2526.000000
367.270000	2393.000000
367.275000	2637.000000
367.280000	2836.000000
367.285000	2813.000000
367.290000	2297.000000
367.295000	1942.000000
367.300000	1809.000000
367.305000	1880.000000
367.310000	1825.000000
367.315000	1705.000000
367.320000	1579.000000
367.325000	1657.000000
367.330000	1699.000000
367.335000	1598.000000
367.340000	1867.000000
367.345000	1741.000000
367.350000	1767.000000
367.355000	2047.000000
367.360000	2089.000000
367.365000	2054.000000
367.370000	2213.000000
367.375000	2205.000000
367.380000	2457.000000
367.385000	2456.000000
367.390000	2652.000000
367.395000	2710.000000
367.400000	2785.000000
367.405000	2774.000000
367.410000	2887.000000
367.415000	3145.000000
367.420000	3402.000000
367.425000	3077.000000
367.430000	3267.000000
367.435000	3315.000000
367.440000	3750.000000
367.445000	3382.000000
367.450000	3565.000000
367.455000	3689.000000
367.460000	3226.000000
367.465000	3937.000000
367.470000	3919.000000
367.475000	4232.000000
367.480000	4362.000000
367.485000	4444.000000
367.490000	4614.000000
367.495000	4955.000000
367.500000	5502.000000
367.505000	5547.000000
367.510000	5313.000000
367.515000	5718.000000
367.520000	5732.000000
367.525000	5973.000000
367.530000	6494.000000
367.535000	6203.000000
367.540000	6036.000000
367.545000	6009.000000
367.550000	5419.000000
367.555000	4891.000000
367.560000	5011.000000
367.565000	4936.000000
367.570000	4897.000000
367.575000	5171.000000
367.580000	5418.000000
367.585000	5561.000000
367.590000	5896.000000
367.595000	6306.000000
367.600000	7207.000000
367.605000	8245.000000
367.610000	8384.000000
367.615000	9449.000000
367.620000	8840.000000
367.625000	8364.000000
367.630000	7300.000000
367.635000	7144.000000
367.640000	7141.000000
367.645000	7611.000000
367.650000	7320.000000
367.655000	7328.000000
367.660000	7629.000000
367.665000	7709.000000
367.670000	7431.000000
367.675000	8060.000000
367.680000	7617.000000
367.685000	8021.000000
367.690000	7779.000000
367.695000	7204.000000
367.700000	7745.000000
367.705000	7792.000000
367.710000	7699.000000
367.715000	7464.000000
367.720000	8266.000000
367.725000	8056.000000
367.730000	8603.000000
367.735000	8194.000000
367.740000	8519.000000
367.745000	9040.000000
367.750000	9410.000000
367.755000	9487.000000
367.760000	9510.000000
367.765000	9557.000000
367.770000	9669.000000
367.775000	9605.000000
367.780000	9123.000000
367.785000	10366.000000
367.790000	10113.000000
367.795000	10451.000000
367.800000	10785.000000
367.805000	11223.000000
367.810000	10697.000000
367.815000	11595.000000
367.820000	11340.000000
367.825000	12194.000000
367.830000	12213.000000
367.835000	12351.000000
367.840000	12330.000000
367.845000	12430.000000
367.850000	12947.000000
367.855000	13074.000000
367.860000	13326.000000
367.865000	14125.000000
367.870000	13777.000000
367.875000	14346.000000
367.880000	15129.000000
367.885000	14779.000000
367.890000	14944.000000
367.895000	15970.000000
367.900000	15960.000000
367.905000	16059.000000
367.910000	16086.000000
367.915000	17208.000000
367.920000	16431.000000
367.925000	17455.000000
367.930000	17335.000000
367.935000	18084.000000
367.940000	19214.000000
367.945000	19030.000000
367.950000	19437.000000
367.955000	19725.000000
367.960000	20124.000000
367.965000	20217.000000
367.970000	20651.000000
367.975000	21003.000000
367.980000	21611.000000
367.985000	22076.000000
367.990000	22576.000000
367.995000	23236.000000
368.000000	24466.000000
368.005000	24424.000000
368.010000	24860.000000
368.015000	24964.000000
368.020000	26997.000000
368.025000	26164.000000
368.030000	27168.000000
368.035000	27670.000000
368.040000	27789.000000
368.045000	28810.000000
368.050000	30282.000000
368.055000	28725.000000
368.060000	31080.000000
368.065000	31875.000000
368.070000	32847.000000
368.075000	33359.000000
368.080000	33347.000000
368.085000	33700.000000
368.090000	36412.000000
368.095000	37520.000000
368.100000	38933.000000
368.105000	41544.000000
368.110000	44732.000000
368.115000	46865.000000
368.120000	50622.000000
368.125000	58265.000000
368.130000	67076.000000
368.135000	85387.000000
368.140000	106245.000000
368.145000	95461.000000
368.150000	84539.000000
368.155000	73223.000000
368.160000	63875.000000
368.165000	61680.000000
368.170000	56191.000000
368.175000	53381.000000
368.180000	56122.000000
368.185000	55954.000000
368.190000	58689.000000
368.195000	57846.000000
368.200000	59716.000000
368.205000	61008.000000
368.210000	61584.000000
368.215000	64720.000000
368.220000	66214.000000
368.225000	68246.000000
368.230000	71945.000000
368.235000	72145.000000
368.240000	74357.000000
368.245000	75267.000000
368.250000	76369.000000
368.255000	78639.000000
368.260000	82157.000000
368.265000	84810.000000
368.270000	88104.000000
368.275000	89440.000000
368.280000	93848.000000
368.285000	92843.000000
368.290000	96145.000000
368.295000	99666.000000
368.300000	106438.000000
368.305000	105535.000000
368.310000	108832.000000
368.315000	112834.000000
368.320000	114259.000000
368.325000	116147.000000
368.330000	120358.000000
368.335000	124589.000000
368.340000	126208.000000
368.345000	128879.000000
368.350000	134925.000000
368.355000	134185.000000
368.360000	138738.000000
368.365000	141185.000000
368.370000	143531.000000
368.375000	145813.000000
368.380000	152492.000000
368.385000	151659.000000
368.390000	157385.000000
368.395000	156770.000000
368.400000	162537.000000
368.405000	162654.000000
368.410000	165135.000000
368.415000	168890.000000
368.420000	169267.000000
368.425000	173254.000000
368.430000	172690.000000
368.435000	177419.000000
368.440000	180345.000000
368.445000	183712.000000
368.450000	183436.000000
368.455000	183989.000000
368.460000	187690.000000
368.465000	190878.000000
368.470000	192126.000000
368.475000	193950.000000
368.480000	199096.000000
368.485000	199528.000000
368.490000	200984.000000
368.495000	202901.000000
368.500000	207864.000000
368.505000	209594.000000
368.510000	212973.000000
368.515000	213882.000000
368.520000	217013.000000
368.525000	216493.000000
368.530000	220411.000000
368.535000	221727.000000
368.540000	222184.000000
368.545000	224725.000000
368.550000	220559.000000
368.555000	220151.000000
368.560000	221521.000000
368.565000	214806.000000
368.570000	208297.000000
368.575000	207398.000000
368.580000	202733.000000
368.585000	191409.000000
368.590000	182214.000000
368.595000	171716.000000
368.600000	159778.000000
368.605000	146252.000000
368.610000	134927.000000
368.615000	128588.000000
368.620000	119244.000000
368.625000	112736.000000
368.630000	105580.000000
368.635000	100690.000000
368.640000	96032.000000
368.645000	92537.000000
368.650000	88864.000000
368.655000	84230.000000
368.660000	81807.000000
368.665000	80056.000000
368.670000	77132.000000
368.675000	74833.000000
368.680000	69008.000000
368.685000	70704.000000
368.690000	67444.000000
368.695000	66530.000000
368.700000	65985.000000
368.705000	62263.000000
368.710000	63275.000000
368.715000	64381.000000
368.720000	63443.000000
368.725000	58658.000000
368.730000	57142.000000
368.735000	56028.000000
368.740000	55283.000000
368.745000	54745.000000
368.750000	55052.000000
368.755000	55347.000000
368.760000	53896.000000
368.765000	52273.000000
368.770000	49766.000000
368.775000	48189.000000
368.780000	45706.000000
368.785000	45321.000000
368.790000	45371.000000
368.795000	44024.000000
368.800000	43289.000000
368.805000	39356.000000
368.810000	40347.000000
368.815000	40596.000000
368.820000	39086.000000
368.825000	40614.000000
368.830000	41761.000000
368.835000	43802.000000
368.840000	40532.000000
368.845000	37919.000000
368.850000	35323.000000
368.855000	33702.000000
368.860000	34759.000000
368.865000	31705.000000
368.870000	30923.000000
368.875000	31225.000000
368.880000	30390.000000
368.885000	29698.000000
368.890000	30615.000000
368.895000	29979.000000
368.900000	28908.000000
368.905000	28728.000000
368.910000	28550.000000
368.915000	29315.000000
368.920000	29999.000000
368.925000	29454.000000
368.930000	29060.000000
368.935000	30213.000000
368.940000	31675.000000
368.945000	31064.000000
368.950000	31979.000000
368.955000	34783.000000
368.960000	38197.000000
368.965000	38206.000000
368.970000	38959.000000
368.975000	41075.000000
368.980000	44788.000000
368.985000	41888.000000
368.990000	33055.000000
368.995000	27978.000000
369.000000	25487.000000
369.005000	24268.000000
369.010000	23148.000000
369.015000	21801.000000
369.020000	21192.000000
369.025000	20620.000000
369.030000	19694.000000
369.035000	20283.000000
369.040000	18860.000000
369.045000	19683.000000
369.050000	19384.000000
369.055000	17521.000000
369.060000	18367.000000
369.065000	19011.000000
369.070000	17853.000000
369.075000	17429.000000
369.080000	17825.000000
369.085000	17646.000000
369.090000	17505.000000
369.095000	17308.000000
369.100000	17215.000000
369.105000	16270.000000
369.110000	16595.000000
369.115000	16695.000000
369.120000	15879.000000
369.125000	16067.000000
369.130000	15710.000000
369.135000	16114.000000
369.140000	16065.000000
369.145000	15495.000000
369.150000	15512.000000
369.155000	16065.000000
369.160000	15769.000000
369.165000	15432.000000
369.170000	15427.000000
369.175000	15321.000000
369.180000	14887.000000
369.185000	15668.000000
369.190000	14985.000000
369.195000	14988.000000
369.200000	15252.000000
369.205000	15102.000000
369.210000	14913.000000
369.215000	15399.000000
369.220000	15773.000000
369.225000	16723.000000
369.230000	15940.000000
369.235000	16528.000000
369.240000	16328.000000
369.245000	17011.000000
369.250000	17865.000000
369.255000	18264.000000
369.260000	19376.000000
369.265000	22912.000000
369.270000	23725.000000
369.275000	27717.000000
369.280000	32427.000000
369.285000	37733.000000
369.290000	42738.000000
369.295000	52522.000000
369.300000	65733.000000
369.305000	82785.000000
369.310000	133330.000000
369.315000	213285.000000
369.320000	193068.000000
369.325000	115654.000000
369.330000	64630.000000
369.335000	45794.000000
369.340000	34553.000000
369.345000	27822.000000
369.350000	23825.000000
369.355000	21153.000000
369.360000	18381.000000
369.365000	16666.000000
369.370000	15393.000000
369.375000	13852.000000
369.380000	13567.000000
369.385000	13098.000000
369.390000	13053.000000
369.395000	12585.000000
369.400000	12269.000000
369.405000	11036.000000
369.410000	11909.000000
369.415000	11840.000000
369.420000	11244.000000
369.425000	11384.000000
369.430000	10923.000000
369.435000	11750.000000
369.440000	10757.000000
369.445000	10212.000000
369.450000	10546.000000
369.455000	10898.000000
369.460000	10522.000000
369.465000	10142.000000
369.470000	10150.000000
369.475000	10325.000000
369.480000	9967.000000
369.485000	9492.000000
369.490000	10470.000000
369.495000	9632.000000
369.500000	10021.000000
369.505000	9464.000000
369.510000	10008.000000
369.515000	9801.000000
369.520000	9661.000000
369.525000	9229.000000
369.530000	9014.000000
369.535000	9725.000000
369.540000	9577.000000
369.545000	9960.000000
369.550000	8697.000000
369.555000	8811.000000
369.560000	9608.000000
369.565000	9084.000000
369.570000	8631.000000
369.575000	9175.000000
369.580000	8479.000000
369.585000	8992.000000
369.590000	8798.000000
369.595000	7918.000000
369.600000	8706.000000
369.605000	8342.000000
369.610000	8309.000000
369.615000	8389.000000
369.620000	8524.000000
369.625000	8017.000000
369.630000	7838.000000
369.635000	8190.000000
369.640000	8054.000000
369.645000	8739.000000
369.650000	7851.000000
369.655000	7987.000000
369.660000	7826.000000
369.665000	8011.000000
369.670000	8098.000000
369.675000	7578.000000
369.680000	7395.000000
369.685000	7677.000000
369.690000	7614.000000
369.695000	7500.000000
369.700000	7479.000000
369.705000	7333.000000
369.710000	7554.000000
369.715000	7348.000000
369.720000	7433.000000
369.725000	7132.000000
369.730000	7340.000000
369.735000	7480.000000
369.740000	7623.000000
369.745000	7343.000000
369.750000	7113.000000
369.755000	7327.000000
369.760000	7360.000000
369.765000	7183.000000
369.770000	7325.000000
369.775000	6842.000000
369.780000	6767.000000
369.785000	7365.000000
369.790000	6599.000000
369.795000	6738.000000
369.800000	6911.000000
369.805000	6901.000000
369.810000	6852.000000
369.815000	6901.000000
369.820000	6552.000000
369.825000	6905.000000
369.830000	6548.000000
369.835000	6756.000000
369.840000	6173.000000
369.845000	7017.000000
369.850000	7038.000000
369.855000	6532.000000
369.860000	6506.000000
369.865000	6573.000000
369.870000	6501.000000
369.875000	6196.000000
369.880000	6073.000000
369.885000	6431.000000
369.890000	5809.000000
369.895000	6459.000000
369.900000	6057.000000
369.905000	6502.000000
369.910000	5968.000000
369.915000	6602.000000
369.920000	6345.000000
369.925000	5723.000000
369.930000	6166.000000
369.935000	6395.000000
369.940000	6023.000000
369.945000	6452.000000
369.950000	6010.000000
369.955000	5848.000000
369.960000	5742.000000
369.965000	5983.000000
369.970000	5491.000000
369.975000	5246.000000
369.980000	5627.000000
369.985000	5834.000000
369.990000	5450.000000
369.995000	5584.000000
370.000000	5340.000000
370.005000	5762.000000
370.010000	5412.000000
370.015000	5549.000000
370.020000	5718.000000
370.025000	5776.000000
370.030000	6075.000000
370.035000	5863.000000
370.040000	5553.000000
370.045000	5582.000000
370.050000	5360.000000
370.055000	5276.000000
370.060000	5348.000000
370.065000	5134.000000
370.070000	5793.000000
370.075000	5539.000000
370.080000	5785.000000
370.085000	5635.000000
370.090000	4994.000000
370.095000	5291.000000
370.100000	5498.000000
370.105000	4735.000000
370.110000	5185.000000
370.115000	5042.000000
370.120000	5147.000000
370.125000	4789.000000
370.130000	5018.000000
370.135000	5138.000000
370.140000	4968.000000
370.145000	4753.000000
370.150000	5034.000000
370.155000	5059.000000
370.160000	4790.000000
370.165000	4639.000000
370.170000	5214.000000
370.175000	4790.000000
370.180000	5292.000000
370.185000	5346.000000
370.190000	4925.000000
370.195000	4944.000000
370.200000	4963.000000
370.205000	4977.000000
370.210000	4626.000000
370.215000	5297.000000
370.220000	4962.000000
370.225000	4910.000000
370.230000	4570.000000
370.235000	5156.000000
370.240000	5040.000000
370.245000	4616.000000
370.250000	4975.000000
370.255000	4677.000000
370.260000	4780.000000
370.265000	4326.000000
370.270000	5274.000000
370.275000	4663.000000
370.280000	4801.000000
370.285000	4207.000000
370.290000	4937.000000
370.295000	4642.000000
370.300000	5114.000000
370.305000	4434.000000
370.310000	4563.000000
370.315000	4302.000000
370.320000	4239.000000
370.325000	4468.000000
370.330000	4561.000000
370.335000	4648.000000
370.340000	4738.000000
370.345000	4342.000000
370.350000	4263.000000
370.355000	4584.000000
370.360000	4611.000000
370.365000	4105.000000
370.370000	4566.000000
370.375000	4716.000000
370.380000	4439.000000
370.385000	4195.000000
370.390000	4239.000000
370.395000	4490.000000
370.400000	4215.000000
370.405000	4121.000000
370.410000	4257.000000
370.415000	3947.000000
370.420000	4349.000000
370.425000	4306.000000
370.430000	4431.000000
370.435000	4221.000000
370.440000	4013.000000
370.445000	4491.000000
370.450000	3807.000000
370.455000	3867.000000
370.460000	4058.000000
370.465000	4116.000000
370.470000	4324.000000
370.475000	4172.000000
370.480000	4000.000000
370.485000	4164.000000
370.490000	4052.000000
370.495000	4124.000000
370.500000	3653.000000
370.505000	3759.000000
370.510000	4179.000000
370.515000	4293.000000
370.520000	4107.000000
370.525000	4295.000000
370.530000	4216.000000
370.535000	4003.000000
370.540000	3711.000000
370.545000	3521.000000
370.550000	3962.000000
370.555000	3699.000000
370.560000	3766.000000
370.565000	3656.000000
370.570000	3789.000000
370.575000	3961.000000
370.580000	3373.000000
370.585000	4106.000000
370.590000	3783.000000
370.595000	3603.000000
370.600000	3797.000000
370.605000	3471.000000
370.610000	3780.000000
370.615000	4061.000000
370.620000	3541.000000
370.625000	3590.000000
370.630000	3702.000000
370.635000	3586.000000
370.640000	3793.000000
370.645000	4018.000000
370.650000	3735.000000
370.655000	3888.000000
370.660000	3518.000000
370.665000	3456.000000
370.670000	3799.000000
370.675000	3723.000000
370.680000	3757.000000
370.685000	3571.000000
370.690000	3903.000000
370.695000	3657.000000
370.700000	3803.000000
370.705000	3695.000000
370.710000	3949.000000
370.715000	4088.000000
370.720000	3388.000000
370.725000	3480.000000
370.730000	3687.000000
370.735000	3426.000000
370.740000	3126.000000
370.745000	3627.000000
370.750000	3449.000000
370.755000	3913.000000
370.760000	3783.000000
370.765000	3596.000000
370.770000	3549.000000
370.775000	3726.000000
370.780000	3630.000000
370.785000	3835.000000
370.790000	3424.000000
370.795000	3341.000000
370.800000	3529.000000
370.805000	3536.000000
370.810000	3812.000000
370.815000	3387.000000
370.820000	3464.000000
370.825000	3410.000000
370.830000	3663.000000
370.835000	3568.000000
370.840000	3174.000000
370.845000	3432.000000
370.850000	3194.000000
370.855000	3568.000000
370.860000	3307.000000
370.865000	2906.000000
370.870000	3477.000000
370.875000	3081.000000
370.880000	3433.000000
370.885000	3151.000000
370.890000	3244.000000
370.895000	3333.000000
370.900000	3099.000000
370.905000	3251.000000
370.910000	3192.000000
370.915000	3109.000000
370.920000	3169.000000
370.925000	2991.000000
370.930000	3092.000000
370.935000	3079.000000
370.940000	3381.000000
370.945000	3050.000000
370.950000	3272.000000
370.955000	3097.000000
370.960000	3338.000000
370.965000	3536.000000
370.970000	3451.000000
370.975000	3137.000000
370.980000	3149.000000
370.985000	3156.000000
370.990000	3430.000000
370.995000	2911.000000
371.000000	3360.000000
371.005000	3285.000000
371.010000	3163.000000
371.015000	3032.000000
371.020000	3001.000000
371.025000	3180.000000
371.030000	3203.000000
371.035000	2808.000000
371.040000	3194.000000
371.045000	3040.000000
371.050000	2825.000000
371.055000	2980.000000
371.060000	2872.000000
371.065000	3329.000000
371.070000	3085.000000
371.075000	3039.000000
371.080000	2933.000000
371.085000	3093.000000
371.090000	3053.000000
371.095000	3038.000000
371.100000	3154.000000
371.105000	3246.000000
371.110000	3024.000000
371.115000	2743.000000
371.120000	2802.000000
371.125000	2871.000000
371.130000	2893.000000
371.135000	2759.000000
371.140000	2973.000000
371.145000	2895.000000
371.150000	2921.000000
371.155000	2772.000000
371.160000	2797.000000
371.165000	3190.000000
371.170000	3069.000000
371.175000	2992.000000
371.180000	2819.000000
371.185000	2806.000000
371.190000	2927.000000
371.195000	2787.000000
371.200000	3092.000000
371.205000	3100.000000
371.210000	3063.000000
371.215000	2518.000000
371.220000	2731.000000
371.225000	2953.000000
371.230000	2735.000000
371.235000	2812.000000
371.240000	2892.000000
371.245000	2738.000000
371.250000	2839.000000
371.255000	2703.000000
371.260000	2647.000000
371.265000	2553.000000
371.270000	2885.000000
371.275000	2798.000000
371.280000	2956.000000
371.285000	2815.000000
371.290000	2674.000000
371.295000	2459.000000
371.300000	2864.000000
371.305000	2594.000000
371.310000	2831.000000
371.315000	2582.000000
371.320000	2811.000000
371.325000	3013.000000
371.330000	2565.000000
371.335000	2807.000000
371.340000	2441.000000
371.345000	3034.000000
371.350000	3140.000000
371.355000	2523.000000
371.360000	2633.000000
371.365000	2924.000000
371.370000	2546.000000
371.375000	2928.000000
371.380000	2615.000000
371.385000	2330.000000
371.390000	2645.000000
371.395000	2967.000000
371.400000	2786.000000
371.405000	2537.000000
371.410000	2428.000000
371.415000	2590.000000
371.420000	2240.000000
371.425000	2617.000000
371.430000	2374.000000
371.435000	2597.000000
371.440000	2610.000000
371.445000	2664.000000
371.450000	2527.000000
371.455000	2655.000000
371.460000	2697.000000
371.465000	2495.000000
371.470000	2538.000000
371.475000	2347.000000
371.480000	2384.000000
371.485000	2468.000000
371.490000	2479.000000
371.495000	2533.000000
371.500000	2608.000000
371.505000	2712.000000
371.510000	2747.000000
371.515000	2451.000000
371.520000	2513.000000
371.525000	2769.000000
371.530000	2611.000000
371.535000	2416.000000
371.540000	2598.000000
371.545000	2768.000000
371.550000	2738.000000
371.555000	2689.000000
371.560000	2246.000000
371.565000	2393.000000
371.570000	2554.000000
371.575000	2610.000000
371.580000	2755.000000
371.585000	2749.000000
371.590000	2678.000000
371.595000	2449.000000
371.600000	2608.000000
371.605000	2736.000000
371.610000	2428.000000
371.615000	2592.000000
371.620000	2381.000000
371.625000	2432.000000
371.630000	2529.000000
371.635000	2344.000000
371.640000	2749.000000
371.645000	2388.000000
371.650000	2370.000000
371.655000	2307.000000
371.660000	2312.000000
371.665000	2548.000000
371.670000	2474.000000
371.675000	2653.000000
371.680000	2599.000000
371.685000	2583.000000
371.690000	2705.000000
371.695000	2565.000000
371.700000	2406.000000
371.705000	2513.000000
371.710000	2451.000000
371.715000	2276.000000
371.720000	2494.000000
371.725000	2467.000000
371.730000	2361.000000
371.735000	2378.000000
371.740000	2382.000000
371.745000	2692.000000
371.750000	2682.000000
371.755000	2428.000000
371.760000	2738.000000
371.765000	2657.000000
371.770000	2603.000000
371.775000	2606.000000
371.780000	2802.000000
371.785000	2469.000000
371.790000	2789.000000
371.795000	2711.000000
371.800000	2612.000000
371.805000	2433.000000
371.810000	2538.000000
371.815000	2480.000000
371.820000	2856.000000
371.825000	2562.000000
371.830000	2652.000000
371.835000	2825.000000
371.840000	2968.000000
371.845000	2452.000000
371.850000	2632.000000
371.855000	2615.000000
371.860000	2800.000000
371.865000	2850.000000
371.870000	3216.000000
371.875000	2697.000000
371.880000	2881.000000
371.885000	2622.000000
371.890000	2802.000000
371.895000	2734.000000
371.900000	3085.000000
371.905000	3235.000000
371.910000	3266.000000
371.915000	3071.000000
371.920000	3603.000000
371.925000	4269.000000
371.930000	4214.000000
371.935000	5057.000000
371.940000	6085.000000
371.945000	8105.000000
371.950000	10452.000000
371.955000	11050.000000
371.960000	14110.000000
371.965000	17105.000000
371.970000	22411.000000
371.975000	31490.000000
371.980000	49021.000000
371.985000	93440.000000
371.990000	106672.000000
371.995000	74862.000000
372.000000	50241.000000
372.005000	37517.000000
372.010000	27058.000000
372.015000	16463.000000
372.020000	10861.000000
372.025000	7508.000000
372.030000	5688.000000
372.035000	5093.000000
372.040000	4114.000000
372.045000	4337.000000
372.050000	4089.000000
372.055000	3793.000000
372.060000	4071.000000
372.065000	4137.000000
372.070000	3916.000000
372.075000	3991.000000
372.080000	4168.000000
372.085000	4224.000000
372.090000	4139.000000
372.095000	4222.000000
372.100000	4976.000000
372.105000	4691.000000
372.110000	4364.000000
372.115000	4776.000000
372.120000	4990.000000
372.125000	4550.000000
372.130000	4749.000000
372.135000	5010.000000
372.140000	4792.000000
372.145000	4806.000000
372.150000	4747.000000
372.155000	4799.000000
372.160000	5186.000000
372.165000	4809.000000
372.170000	5185.000000
372.175000	5073.000000
372.180000	5035.000000
372.185000	4932.000000
372.190000	5270.000000
372.195000	4796.000000
372.200000	5532.000000
372.205000	5121.000000
372.210000	4865.000000
372.215000	4971.000000
372.220000	4823.000000
372.225000	4841.000000
372.230000	5012.000000
372.235000	4816.000000
372.240000	5053.000000
372.245000	4862.000000
372.250000	5105.000000
372.255000	4466.000000
372.260000	4984.000000
372.265000	4600.000000
372.270000	4436.000000
372.275000	4479.000000
372.280000	4386.000000
372.285000	4364.000000
372.290000	4221.000000
372.295000	4146.000000
372.300000	4514.000000
