Sample ID:		H1108 20um slit 20mW power
Start Time:		Fri Jul 10 2020 3:02:48 PM
Averaging Time:		1.000s

360.000000	1.000000
360.005000	40.000000
360.010000	0.000000
360.015000	17.000000
360.020000	2.000000
360.025000	1.000000
360.030000	12.000000
360.035000	22.000000
360.040000	27.000000
360.045000	1.000000
360.050000	3.000000
360.055000	5.000000
360.060000	2.000000
360.065000	13.000000
360.070000	2.000000
360.075000	5.000000
360.080000	2.000000
360.085000	11.000000
360.090000	4.000000
360.095000	10.000000
360.100000	10.000000
360.105000	1.000000
360.110000	10.000000
360.115000	21.000000
360.120000	28.000000
360.125000	18.000000
360.130000	3.000000
360.135000	5.000000
360.140000	19.000000
360.145000	2.000000
360.150000	6.000000
360.155000	27.000000
360.160000	6.000000
360.165000	42.000000
360.170000	1.000000
360.175000	5.000000
360.180000	1.000000
360.185000	13.000000
360.190000	29.000000
360.195000	10.000000
360.200000	6.000000
360.205000	1.000000
360.210000	2.000000
360.215000	37.000000
360.220000	5.000000
360.225000	0.000000
360.230000	19.000000
360.235000	20.000000
360.240000	4.000000
360.245000	2.000000
360.250000	6.000000
360.255000	19.000000
360.260000	8.000000
360.265000	5.000000
360.270000	3.000000
360.275000	5.000000
360.280000	2.000000
360.285000	10.000000
360.290000	27.000000
360.295000	13.000000
360.300000	16.000000
360.305000	94.000000
360.310000	9.000000
360.315000	5.000000
360.320000	8.000000
360.325000	5.000000
360.330000	32.000000
360.335000	9.000000
360.340000	15.000000
360.345000	0.000000
360.350000	12.000000
360.355000	4.000000
360.360000	6.000000
360.365000	21.000000
360.370000	4.000000
360.375000	14.000000
360.380000	4.000000
360.385000	9.000000
360.390000	4.000000
360.395000	7.000000
360.400000	3.000000
360.405000	7.000000
360.410000	1.000000
360.415000	7.000000
360.420000	38.000000
360.425000	1.000000
360.430000	7.000000
360.435000	2.000000
360.440000	3.000000
360.445000	2.000000
360.450000	6.000000
360.455000	1.000000
360.460000	1.000000
360.465000	3.000000
360.470000	55.000000
360.475000	0.000000
360.480000	17.000000
360.485000	18.000000
360.490000	6.000000
360.495000	2.000000
360.500000	5.000000
360.505000	1.000000
360.510000	45.000000
360.515000	53.000000
360.520000	2.000000
360.525000	20.000000
360.530000	1.000000
360.535000	37.000000
360.540000	18.000000
360.545000	4.000000
360.550000	34.000000
360.555000	1.000000
360.560000	31.000000
360.565000	5.000000
360.570000	1.000000
360.575000	3.000000
360.580000	8.000000
360.585000	5.000000
360.590000	40.000000
360.595000	2.000000
360.600000	20.000000
360.605000	12.000000
360.610000	5.000000
360.615000	3.000000
360.620000	1.000000
360.625000	2.000000
360.630000	2.000000
360.635000	22.000000
360.640000	3.000000
360.645000	3.000000
360.650000	12.000000
360.655000	14.000000
360.660000	1.000000
360.665000	3.000000
360.670000	12.000000
360.675000	5.000000
360.680000	1.000000
360.685000	6.000000
360.690000	9.000000
360.695000	8.000000
360.700000	2.000000
360.705000	3.000000
360.710000	35.000000
360.715000	12.000000
360.720000	8.000000
360.725000	4.000000
360.730000	0.000000
360.735000	20.000000
360.740000	7.000000
360.745000	3.000000
360.750000	25.000000
360.755000	12.000000
360.760000	1.000000
360.765000	10.000000
360.770000	6.000000
360.775000	6.000000
360.780000	3.000000
360.785000	1.000000
360.790000	5.000000
360.795000	20.000000
360.800000	12.000000
360.805000	30.000000
360.810000	16.000000
360.815000	12.000000
360.820000	20.000000
360.825000	9.000000
360.830000	4.000000
360.835000	4.000000
360.840000	1.000000
360.845000	27.000000
360.850000	8.000000
360.855000	10.000000
360.860000	5.000000
360.865000	2.000000
360.870000	6.000000
360.875000	32.000000
360.880000	37.000000
360.885000	4.000000
360.890000	5.000000
360.895000	3.000000
360.900000	0.000000
360.905000	0.000000
360.910000	2.000000
360.915000	15.000000
360.920000	8.000000
360.925000	27.000000
360.930000	10.000000
360.935000	9.000000
360.940000	8.000000
360.945000	5.000000
360.950000	1.000000
360.955000	8.000000
360.960000	3.000000
360.965000	5.000000
360.970000	6.000000
360.975000	2.000000
360.980000	17.000000
360.985000	0.000000
360.990000	69.000000
360.995000	10.000000
361.000000	8.000000
361.005000	1.000000
361.010000	2.000000
361.015000	21.000000
361.020000	5.000000
361.025000	14.000000
361.030000	4.000000
361.035000	20.000000
361.040000	10.000000
361.045000	4.000000
361.050000	2.000000
361.055000	12.000000
361.060000	1.000000
361.065000	4.000000
361.070000	24.000000
361.075000	2.000000
361.080000	14.000000
361.085000	16.000000
361.090000	15.000000
361.095000	0.000000
361.100000	2.000000
361.105000	7.000000
361.110000	4.000000
361.115000	18.000000
361.120000	8.000000
361.125000	16.000000
361.130000	12.000000
361.135000	0.000000
361.140000	0.000000
361.145000	0.000000
361.150000	4.000000
361.155000	10.000000
361.160000	21.000000
361.165000	3.000000
361.170000	3.000000
361.175000	12.000000
361.180000	2.000000
361.185000	2.000000
361.190000	1.000000
361.195000	3.000000
361.200000	2.000000
361.205000	25.000000
361.210000	17.000000
361.215000	3.000000
361.220000	1.000000
361.225000	26.000000
361.230000	22.000000
361.235000	1.000000
361.240000	33.000000
361.245000	12.000000
361.250000	17.000000
361.255000	1.000000
361.260000	44.000000
361.265000	5.000000
361.270000	4.000000
361.275000	6.000000
361.280000	15.000000
361.285000	5.000000
361.290000	14.000000
361.295000	3.000000
361.300000	4.000000
361.305000	0.000000
361.310000	1.000000
361.315000	3.000000
361.320000	2.000000
361.325000	15.000000
361.330000	37.000000
361.335000	15.000000
361.340000	8.000000
361.345000	6.000000
361.350000	6.000000
361.355000	35.000000
361.360000	8.000000
361.365000	24.000000
361.370000	17.000000
361.375000	0.000000
361.380000	3.000000
361.385000	0.000000
361.390000	5.000000
361.395000	2.000000
361.400000	2.000000
361.405000	12.000000
361.410000	13.000000
361.415000	60.000000
361.420000	8.000000
361.425000	22.000000
361.430000	2.000000
361.435000	7.000000
361.440000	2.000000
361.445000	26.000000
361.450000	10.000000
361.455000	14.000000
361.460000	1.000000
361.465000	19.000000
361.470000	7.000000
361.475000	11.000000
361.480000	6.000000
361.485000	4.000000
361.490000	11.000000
361.495000	8.000000
361.500000	9.000000
361.505000	16.000000
361.510000	18.000000
361.515000	5.000000
361.520000	4.000000
361.525000	2.000000
361.530000	5.000000
361.535000	18.000000
361.540000	8.000000
361.545000	2.000000
361.550000	1.000000
361.555000	12.000000
361.560000	2.000000
361.565000	14.000000
361.570000	14.000000
361.575000	5.000000
361.580000	37.000000
361.585000	3.000000
361.590000	19.000000
361.595000	1.000000
361.600000	11.000000
361.605000	2.000000
361.610000	2.000000
361.615000	4.000000
361.620000	25.000000
361.625000	44.000000
361.630000	7.000000
361.635000	10.000000
361.640000	18.000000
361.645000	1.000000
361.650000	2.000000
361.655000	45.000000
361.660000	25.000000
361.665000	2.000000
361.670000	16.000000
361.675000	3.000000
361.680000	16.000000
361.685000	18.000000
361.690000	7.000000
361.695000	2.000000
361.700000	15.000000
361.705000	0.000000
361.710000	17.000000
361.715000	6.000000
361.720000	1.000000
361.725000	7.000000
361.730000	1.000000
361.735000	6.000000
361.740000	4.000000
361.745000	9.000000
361.750000	2.000000
361.755000	1.000000
361.760000	5.000000
361.765000	55.000000
361.770000	12.000000
361.775000	2.000000
361.780000	3.000000
361.785000	62.000000
361.790000	45.000000
361.795000	3.000000
361.800000	2.000000
361.805000	0.000000
361.810000	7.000000
361.815000	10.000000
361.820000	0.000000
361.825000	2.000000
361.830000	71.000000
361.835000	4.000000
361.840000	11.000000
361.845000	8.000000
361.850000	7.000000
361.855000	39.000000
361.860000	14.000000
361.865000	2.000000
361.870000	8.000000
361.875000	25.000000
361.880000	1.000000
361.885000	6.000000
361.890000	7.000000
361.895000	14.000000
361.900000	5.000000
361.905000	30.000000
361.910000	10.000000
361.915000	4.000000
361.920000	11.000000
361.925000	1.000000
361.930000	2.000000
361.935000	36.000000
361.940000	36.000000
361.945000	20.000000
361.950000	2.000000
361.955000	0.000000
361.960000	17.000000
361.965000	5.000000
361.970000	8.000000
361.975000	7.000000
361.980000	5.000000
361.985000	11.000000
361.990000	4.000000
361.995000	1.000000
362.000000	14.000000
362.005000	0.000000
362.010000	1.000000
362.015000	8.000000
362.020000	5.000000
362.025000	6.000000
362.030000	7.000000
362.035000	22.000000
362.040000	6.000000
362.045000	56.000000
362.050000	13.000000
362.055000	9.000000
362.060000	9.000000
362.065000	18.000000
362.070000	19.000000
362.075000	9.000000
362.080000	4.000000
362.085000	21.000000
362.090000	17.000000
362.095000	7.000000
362.100000	16.000000
362.105000	36.000000
362.110000	6.000000
362.115000	6.000000
362.120000	4.000000
362.125000	22.000000
362.130000	4.000000
362.135000	10.000000
362.140000	12.000000
362.145000	62.000000
362.150000	20.000000
362.155000	38.000000
362.160000	1.000000
362.165000	7.000000
362.170000	29.000000
362.175000	28.000000
362.180000	26.000000
362.185000	3.000000
362.190000	1.000000
362.195000	4.000000
362.200000	9.000000
362.205000	5.000000
362.210000	43.000000
362.215000	15.000000
362.220000	0.000000
362.225000	11.000000
362.230000	20.000000
362.235000	4.000000
362.240000	4.000000
362.245000	3.000000
362.250000	22.000000
362.255000	51.000000
362.260000	6.000000
362.265000	4.000000
362.270000	16.000000
362.275000	6.000000
362.280000	25.000000
362.285000	32.000000
362.290000	33.000000
362.295000	8.000000
362.300000	16.000000
362.305000	42.000000
362.310000	1.000000
362.315000	5.000000
362.320000	38.000000
362.325000	6.000000
362.330000	38.000000
362.335000	1.000000
362.340000	49.000000
362.345000	13.000000
362.350000	1.000000
362.355000	17.000000
362.360000	1.000000
362.365000	19.000000
362.370000	5.000000
362.375000	3.000000
362.380000	2.000000
362.385000	16.000000
362.390000	3.000000
362.395000	15.000000
362.400000	25.000000
362.405000	15.000000
362.410000	4.000000
362.415000	14.000000
362.420000	12.000000
362.425000	6.000000
362.430000	39.000000
362.435000	8.000000
362.440000	7.000000
362.445000	3.000000
362.450000	11.000000
362.455000	7.000000
362.460000	4.000000
362.465000	9.000000
362.470000	10.000000
362.475000	17.000000
362.480000	6.000000
362.485000	38.000000
362.490000	7.000000
362.495000	1.000000
362.500000	9.000000
362.505000	20.000000
362.510000	3.000000
362.515000	2.000000
362.520000	19.000000
362.525000	4.000000
362.530000	47.000000
362.535000	9.000000
362.540000	14.000000
362.545000	34.000000
362.550000	29.000000
362.555000	11.000000
362.560000	9.000000
362.565000	53.000000
362.570000	2.000000
362.575000	24.000000
362.580000	28.000000
362.585000	37.000000
362.590000	6.000000
362.595000	11.000000
362.600000	6.000000
362.605000	10.000000
362.610000	11.000000
362.615000	14.000000
362.620000	33.000000
362.625000	1.000000
362.630000	20.000000
362.635000	13.000000
362.640000	6.000000
362.645000	3.000000
362.650000	13.000000
362.655000	6.000000
362.660000	19.000000
362.665000	7.000000
362.670000	23.000000
362.675000	8.000000
362.680000	36.000000
362.685000	6.000000
362.690000	30.000000
362.695000	12.000000
362.700000	2.000000
362.705000	13.000000
362.710000	6.000000
362.715000	12.000000
362.720000	25.000000
362.725000	5.000000
362.730000	3.000000
362.735000	4.000000
362.740000	5.000000
362.745000	3.000000
362.750000	5.000000
362.755000	2.000000
362.760000	11.000000
362.765000	23.000000
362.770000	7.000000
362.775000	4.000000
362.780000	14.000000
362.785000	17.000000
362.790000	19.000000
362.795000	23.000000
362.800000	30.000000
362.805000	9.000000
362.810000	10.000000
362.815000	5.000000
362.820000	11.000000
362.825000	40.000000
362.830000	45.000000
362.835000	11.000000
362.840000	22.000000
362.845000	24.000000
362.850000	60.000000
362.855000	12.000000
362.860000	8.000000
362.865000	2.000000
362.870000	14.000000
362.875000	10.000000
362.880000	7.000000
362.885000	20.000000
362.890000	34.000000
362.895000	24.000000
362.900000	42.000000
362.905000	27.000000
362.910000	28.000000
362.915000	10.000000
362.920000	31.000000
362.925000	23.000000
362.930000	19.000000
362.935000	24.000000
362.940000	15.000000
362.945000	4.000000
362.950000	43.000000
362.955000	21.000000
362.960000	10.000000
362.965000	29.000000
362.970000	10.000000
362.975000	33.000000
362.980000	18.000000
362.985000	18.000000
362.990000	22.000000
362.995000	10.000000
363.000000	22.000000
363.005000	35.000000
363.010000	15.000000
363.015000	16.000000
363.020000	2.000000
363.025000	29.000000
363.030000	24.000000
363.035000	59.000000
363.040000	17.000000
363.045000	17.000000
363.050000	29.000000
363.055000	12.000000
363.060000	3.000000
363.065000	16.000000
363.070000	23.000000
363.075000	4.000000
363.080000	21.000000
363.085000	11.000000
363.090000	12.000000
363.095000	19.000000
363.100000	11.000000
363.105000	39.000000
363.110000	17.000000
363.115000	16.000000
363.120000	6.000000
363.125000	66.000000
363.130000	35.000000
363.135000	10.000000
363.140000	21.000000
363.145000	1.000000
363.150000	14.000000
363.155000	35.000000
363.160000	9.000000
363.165000	11.000000
363.170000	39.000000
363.175000	4.000000
363.180000	1.000000
363.185000	22.000000
363.190000	27.000000
363.195000	11.000000
363.200000	12.000000
363.205000	21.000000
363.210000	36.000000
363.215000	7.000000
363.220000	14.000000
363.225000	27.000000
363.230000	5.000000
363.235000	3.000000
363.240000	12.000000
363.245000	4.000000
363.250000	3.000000
363.255000	9.000000
363.260000	7.000000
363.265000	1.000000
363.270000	13.000000
363.275000	5.000000
363.280000	9.000000
363.285000	9.000000
363.290000	0.000000
363.295000	7.000000
363.300000	8.000000
363.305000	29.000000
363.310000	22.000000
363.315000	19.000000
363.320000	8.000000
363.325000	28.000000
363.330000	6.000000
363.335000	4.000000
363.340000	25.000000
363.345000	2.000000
363.350000	19.000000
363.355000	32.000000
363.360000	3.000000
363.365000	1.000000
363.370000	8.000000
363.375000	53.000000
363.380000	21.000000
363.385000	5.000000
363.390000	1.000000
363.395000	14.000000
363.400000	33.000000
363.405000	9.000000
363.410000	3.000000
363.415000	2.000000
363.420000	18.000000
363.425000	20.000000
363.430000	2.000000
363.435000	8.000000
363.440000	23.000000
363.445000	6.000000
363.450000	30.000000
363.455000	19.000000
363.460000	24.000000
363.465000	30.000000
363.470000	5.000000
363.475000	45.000000
363.480000	0.000000
363.485000	3.000000
363.490000	4.000000
363.495000	28.000000
363.500000	18.000000
363.505000	5.000000
363.510000	4.000000
363.515000	4.000000
363.520000	11.000000
363.525000	30.000000
363.530000	4.000000
363.535000	17.000000
363.540000	28.000000
363.545000	7.000000
363.550000	1.000000
363.555000	13.000000
363.560000	10.000000
363.565000	19.000000
363.570000	6.000000
363.575000	13.000000
363.580000	15.000000
363.585000	53.000000
363.590000	18.000000
363.595000	18.000000
363.600000	7.000000
363.605000	7.000000
363.610000	9.000000
363.615000	14.000000
363.620000	5.000000
363.625000	38.000000
363.630000	14.000000
363.635000	29.000000
363.640000	26.000000
363.645000	22.000000
363.650000	5.000000
363.655000	4.000000
363.660000	11.000000
363.665000	3.000000
363.670000	1.000000
363.675000	6.000000
363.680000	42.000000
363.685000	24.000000
363.690000	16.000000
363.695000	4.000000
363.700000	9.000000
363.705000	19.000000
363.710000	0.000000
363.715000	0.000000
363.720000	6.000000
363.725000	17.000000
363.730000	17.000000
363.735000	30.000000
363.740000	7.000000
363.745000	8.000000
363.750000	17.000000
363.755000	43.000000
363.760000	20.000000
363.765000	17.000000
363.770000	11.000000
363.775000	10.000000
363.780000	8.000000
363.785000	29.000000
363.790000	2.000000
363.795000	4.000000
363.800000	44.000000
363.805000	10.000000
363.810000	17.000000
363.815000	9.000000
363.820000	30.000000
363.825000	27.000000
363.830000	10.000000
363.835000	13.000000
363.840000	2.000000
363.845000	4.000000
363.850000	1.000000
363.855000	5.000000
363.860000	45.000000
363.865000	11.000000
363.870000	32.000000
363.875000	27.000000
363.880000	11.000000
363.885000	1.000000
363.890000	4.000000
363.895000	14.000000
363.900000	10.000000
363.905000	23.000000
363.910000	7.000000
363.915000	17.000000
363.920000	2.000000
363.925000	37.000000
363.930000	7.000000
363.935000	6.000000
363.940000	34.000000
363.945000	31.000000
363.950000	13.000000
363.955000	14.000000
363.960000	34.000000
363.965000	33.000000
363.970000	12.000000
363.975000	13.000000
363.980000	29.000000
363.985000	16.000000
363.990000	17.000000
363.995000	18.000000
364.000000	25.000000
364.005000	10.000000
364.010000	31.000000
364.015000	21.000000
364.020000	6.000000
364.025000	5.000000
364.030000	7.000000
364.035000	27.000000
364.040000	3.000000
364.045000	15.000000
364.050000	2.000000
364.055000	3.000000
364.060000	1.000000
364.065000	22.000000
364.070000	32.000000
364.075000	34.000000
364.080000	11.000000
364.085000	17.000000
364.090000	7.000000
364.095000	31.000000
364.100000	21.000000
364.105000	4.000000
364.110000	11.000000
364.115000	45.000000
364.120000	26.000000
364.125000	13.000000
364.130000	21.000000
364.135000	24.000000
364.140000	4.000000
364.145000	5.000000
364.150000	11.000000
364.155000	17.000000
364.160000	30.000000
364.165000	13.000000
364.170000	18.000000
364.175000	37.000000
364.180000	14.000000
364.185000	16.000000
364.190000	31.000000
364.195000	16.000000
364.200000	19.000000
364.205000	30.000000
364.210000	11.000000
364.215000	9.000000
364.220000	47.000000
364.225000	13.000000
364.230000	24.000000
364.235000	3.000000
364.240000	15.000000
364.245000	39.000000
364.250000	27.000000
364.255000	14.000000
364.260000	14.000000
364.265000	4.000000
364.270000	15.000000
364.275000	18.000000
364.280000	15.000000
364.285000	4.000000
364.290000	13.000000
364.295000	4.000000
364.300000	35.000000
364.305000	18.000000
364.310000	11.000000
364.315000	8.000000
364.320000	13.000000
364.325000	3.000000
364.330000	0.000000
364.335000	6.000000
364.340000	19.000000
364.345000	11.000000
364.350000	3.000000
364.355000	4.000000
364.360000	8.000000
364.365000	13.000000
364.370000	0.000000
364.375000	14.000000
364.380000	3.000000
364.385000	10.000000
364.390000	7.000000
364.395000	0.000000
364.400000	8.000000
364.405000	12.000000
364.410000	11.000000
364.415000	59.000000
364.420000	46.000000
364.425000	44.000000
364.430000	44.000000
364.435000	13.000000
364.440000	28.000000
364.445000	4.000000
364.450000	8.000000
364.455000	18.000000
364.460000	40.000000
364.465000	40.000000
364.470000	11.000000
364.475000	10.000000
364.480000	13.000000
364.485000	35.000000
364.490000	7.000000
364.495000	9.000000
364.500000	4.000000
364.505000	13.000000
364.510000	1.000000
364.515000	20.000000
364.520000	17.000000
364.525000	8.000000
364.530000	56.000000
364.535000	15.000000
364.540000	12.000000
364.545000	69.000000
364.550000	30.000000
364.555000	7.000000
364.560000	6.000000
364.565000	13.000000
364.570000	12.000000
364.575000	19.000000
364.580000	4.000000
364.585000	21.000000
364.590000	7.000000
364.595000	9.000000
364.600000	48.000000
364.605000	10.000000
364.610000	8.000000
364.615000	46.000000
364.620000	13.000000
364.625000	17.000000
364.630000	32.000000
364.635000	36.000000
364.640000	23.000000
364.645000	17.000000
364.650000	16.000000
364.655000	14.000000
364.660000	18.000000
364.665000	2.000000
364.670000	59.000000
364.675000	2.000000
364.680000	7.000000
364.685000	30.000000
364.690000	9.000000
364.695000	9.000000
364.700000	14.000000
364.705000	2.000000
364.710000	12.000000
364.715000	2.000000
364.720000	47.000000
364.725000	9.000000
364.730000	40.000000
364.735000	25.000000
364.740000	45.000000
364.745000	19.000000
364.750000	1.000000
364.755000	10.000000
364.760000	24.000000
364.765000	5.000000
364.770000	2.000000
364.775000	30.000000
364.780000	18.000000
364.785000	17.000000
364.790000	4.000000
364.795000	8.000000
364.800000	19.000000
364.805000	17.000000
364.810000	7.000000
364.815000	6.000000
364.820000	30.000000
364.825000	6.000000
364.830000	31.000000
364.835000	5.000000
364.840000	6.000000
364.845000	9.000000
364.850000	2.000000
364.855000	3.000000
364.860000	3.000000
364.865000	9.000000
364.870000	27.000000
364.875000	1.000000
364.880000	9.000000
364.885000	38.000000
364.890000	21.000000
364.895000	3.000000
364.900000	6.000000
364.905000	4.000000
364.910000	14.000000
364.915000	7.000000
364.920000	39.000000
364.925000	6.000000
364.930000	10.000000
364.935000	24.000000
364.940000	26.000000
364.945000	12.000000
364.950000	7.000000
364.955000	19.000000
364.960000	12.000000
364.965000	24.000000
364.970000	15.000000
364.975000	1.000000
364.980000	12.000000
364.985000	8.000000
364.990000	3.000000
364.995000	2.000000
365.000000	10.000000
365.005000	12.000000
365.010000	26.000000
365.015000	4.000000
365.020000	13.000000
365.025000	31.000000
365.030000	3.000000
365.035000	10.000000
365.040000	9.000000
365.045000	8.000000
365.050000	5.000000
365.055000	3.000000
365.060000	19.000000
365.065000	0.000000
365.070000	41.000000
365.075000	22.000000
365.080000	15.000000
365.085000	37.000000
365.090000	23.000000
365.095000	17.000000
365.100000	14.000000
365.105000	9.000000
365.110000	26.000000
365.115000	8.000000
365.120000	13.000000
365.125000	21.000000
365.130000	24.000000
365.135000	26.000000
365.140000	15.000000
365.145000	8.000000
365.150000	13.000000
365.155000	7.000000
365.160000	19.000000
365.165000	1.000000
365.170000	10.000000
365.175000	36.000000
365.180000	9.000000
365.185000	10.000000
365.190000	5.000000
365.195000	22.000000
365.200000	7.000000
365.205000	14.000000
365.210000	2.000000
365.215000	12.000000
365.220000	7.000000
365.225000	10.000000
365.230000	54.000000
365.235000	6.000000
365.240000	18.000000
365.245000	6.000000
365.250000	5.000000
365.255000	6.000000
365.260000	32.000000
365.265000	31.000000
365.270000	4.000000
365.275000	13.000000
365.280000	7.000000
365.285000	26.000000
365.290000	19.000000
365.295000	5.000000
365.300000	3.000000
365.305000	19.000000
365.310000	12.000000
365.315000	15.000000
365.320000	14.000000
365.325000	18.000000
365.330000	18.000000
365.335000	18.000000
365.340000	44.000000
365.345000	16.000000
365.350000	11.000000
365.355000	1.000000
365.360000	29.000000
365.365000	1.000000
365.370000	2.000000
365.375000	66.000000
365.380000	11.000000
365.385000	50.000000
365.390000	23.000000
365.395000	34.000000
365.400000	5.000000
365.405000	25.000000
365.410000	10.000000
365.415000	6.000000
365.420000	14.000000
365.425000	32.000000
365.430000	34.000000
365.435000	21.000000
365.440000	6.000000
365.445000	14.000000
365.450000	22.000000
365.455000	26.000000
365.460000	16.000000
365.465000	23.000000
365.470000	23.000000
365.475000	11.000000
365.480000	36.000000
365.485000	11.000000
365.490000	7.000000
365.495000	33.000000
365.500000	4.000000
365.505000	17.000000
365.510000	4.000000
365.515000	3.000000
365.520000	19.000000
365.525000	31.000000
365.530000	8.000000
365.535000	9.000000
365.540000	19.000000
365.545000	17.000000
365.550000	6.000000
365.555000	15.000000
365.560000	2.000000
365.565000	4.000000
365.570000	33.000000
365.575000	13.000000
365.580000	5.000000
365.585000	14.000000
365.590000	27.000000
365.595000	5.000000
365.600000	3.000000
365.605000	81.000000
365.610000	7.000000
365.615000	23.000000
365.620000	38.000000
365.625000	18.000000
365.630000	46.000000
365.635000	43.000000
365.640000	27.000000
365.645000	0.000000
365.650000	36.000000
365.655000	27.000000
365.660000	14.000000
365.665000	3.000000
365.670000	1.000000
365.675000	8.000000
365.680000	42.000000
365.685000	71.000000
365.690000	8.000000
365.695000	14.000000
365.700000	6.000000
365.705000	59.000000
365.710000	28.000000
365.715000	16.000000
365.720000	24.000000
365.725000	19.000000
365.730000	14.000000
365.735000	17.000000
365.740000	19.000000
365.745000	19.000000
365.750000	39.000000
365.755000	7.000000
365.760000	23.000000
365.765000	20.000000
365.770000	5.000000
365.775000	31.000000
365.780000	17.000000
365.785000	20.000000
365.790000	8.000000
365.795000	30.000000
365.800000	12.000000
365.805000	24.000000
365.810000	5.000000
365.815000	2.000000
365.820000	13.000000
365.825000	30.000000
365.830000	19.000000
365.835000	9.000000
365.840000	20.000000
365.845000	46.000000
365.850000	11.000000
365.855000	34.000000
365.860000	26.000000
365.865000	41.000000
365.870000	23.000000
365.875000	5.000000
365.880000	48.000000
365.885000	40.000000
365.890000	20.000000
365.895000	28.000000
365.900000	18.000000
365.905000	34.000000
365.910000	8.000000
365.915000	7.000000
365.920000	4.000000
365.925000	45.000000
365.930000	40.000000
365.935000	0.000000
365.940000	9.000000
365.945000	21.000000
365.950000	2.000000
365.955000	16.000000
365.960000	27.000000
365.965000	44.000000
365.970000	31.000000
365.975000	23.000000
365.980000	21.000000
365.985000	20.000000
365.990000	42.000000
365.995000	13.000000
366.000000	1.000000
366.005000	7.000000
366.010000	96.000000
366.015000	32.000000
366.020000	25.000000
366.025000	48.000000
366.030000	31.000000
366.035000	1.000000
366.040000	13.000000
366.045000	39.000000
366.050000	4.000000
366.055000	70.000000
366.060000	44.000000
366.065000	21.000000
366.070000	13.000000
366.075000	42.000000
366.080000	6.000000
366.085000	33.000000
366.090000	35.000000
366.095000	109.000000
366.100000	12.000000
366.105000	32.000000
366.110000	11.000000
366.115000	30.000000
366.120000	47.000000
366.125000	23.000000
366.130000	21.000000
366.135000	8.000000
366.140000	18.000000
366.145000	44.000000
366.150000	23.000000
366.155000	18.000000
366.160000	44.000000
366.165000	12.000000
366.170000	26.000000
366.175000	24.000000
366.180000	48.000000
366.185000	25.000000
366.190000	5.000000
366.195000	18.000000
366.200000	14.000000
366.205000	43.000000
366.210000	33.000000
366.215000	7.000000
366.220000	84.000000
366.225000	32.000000
366.230000	52.000000
366.235000	22.000000
366.240000	32.000000
366.245000	61.000000
366.250000	8.000000
366.255000	49.000000
366.260000	23.000000
366.265000	17.000000
366.270000	31.000000
366.275000	23.000000
366.280000	17.000000
366.285000	39.000000
366.290000	30.000000
366.295000	67.000000
366.300000	46.000000
366.305000	44.000000
366.310000	13.000000
366.315000	47.000000
366.320000	21.000000
366.325000	32.000000
366.330000	22.000000
366.335000	30.000000
366.340000	59.000000
366.345000	6.000000
366.350000	47.000000
366.355000	41.000000
366.360000	74.000000
366.365000	33.000000
366.370000	42.000000
366.375000	39.000000
366.380000	28.000000
366.385000	16.000000
366.390000	10.000000
366.395000	79.000000
366.400000	45.000000
366.405000	37.000000
366.410000	44.000000
366.415000	20.000000
366.420000	28.000000
366.425000	33.000000
366.430000	57.000000
366.435000	62.000000
366.440000	45.000000
366.445000	33.000000
366.450000	25.000000
366.455000	14.000000
366.460000	27.000000
366.465000	43.000000
366.470000	45.000000
366.475000	62.000000
366.480000	72.000000
366.485000	44.000000
366.490000	28.000000
366.495000	25.000000
366.500000	44.000000
366.505000	53.000000
366.510000	71.000000
366.515000	83.000000
366.520000	41.000000
366.525000	30.000000
366.530000	80.000000
366.535000	52.000000
366.540000	71.000000
366.545000	61.000000
366.550000	72.000000
366.555000	80.000000
366.560000	50.000000
366.565000	41.000000
366.570000	96.000000
366.575000	48.000000
366.580000	89.000000
366.585000	95.000000
366.590000	67.000000
366.595000	122.000000
366.600000	128.000000
366.605000	32.000000
366.610000	55.000000
366.615000	108.000000
366.620000	94.000000
366.625000	74.000000
366.630000	69.000000
366.635000	95.000000
366.640000	85.000000
366.645000	78.000000
366.650000	74.000000
366.655000	93.000000
366.660000	115.000000
366.665000	111.000000
366.670000	86.000000
366.675000	151.000000
366.680000	120.000000
366.685000	78.000000
366.690000	60.000000
366.695000	122.000000
366.700000	138.000000
366.705000	76.000000
366.710000	59.000000
366.715000	155.000000
366.720000	143.000000
366.725000	68.000000
366.730000	149.000000
366.735000	69.000000
366.740000	52.000000
366.745000	108.000000
366.750000	119.000000
366.755000	122.000000
366.760000	88.000000
366.765000	95.000000
366.770000	119.000000
366.775000	144.000000
366.780000	102.000000
366.785000	84.000000
366.790000	128.000000
366.795000	100.000000
366.800000	152.000000
366.805000	177.000000
366.810000	92.000000
366.815000	123.000000
366.820000	184.000000
366.825000	143.000000
366.830000	170.000000
366.835000	86.000000
366.840000	201.000000
366.845000	131.000000
366.850000	186.000000
366.855000	176.000000
366.860000	178.000000
366.865000	194.000000
366.870000	73.000000
366.875000	134.000000
366.880000	228.000000
366.885000	202.000000
366.890000	198.000000
366.895000	196.000000
366.900000	175.000000
366.905000	242.000000
366.910000	241.000000
366.915000	275.000000
366.920000	338.000000
366.925000	261.000000
366.930000	326.000000
366.935000	366.000000
366.940000	380.000000
366.945000	330.000000
366.950000	263.000000
366.955000	492.000000
366.960000	278.000000
366.965000	460.000000
366.970000	365.000000
366.975000	423.000000
366.980000	449.000000
366.985000	708.000000
366.990000	652.000000
366.995000	520.000000
367.000000	613.000000
367.005000	732.000000
367.010000	726.000000
367.015000	861.000000
367.020000	960.000000
367.025000	1122.000000
367.030000	1215.000000
367.035000	1317.000000
367.040000	1402.000000
367.045000	1544.000000
367.050000	1347.000000
367.055000	1556.000000
367.060000	1261.000000
367.065000	1359.000000
367.070000	1090.000000
367.075000	969.000000
367.080000	1045.000000
367.085000	987.000000
367.090000	1065.000000
367.095000	1048.000000
367.100000	1199.000000
367.105000	1101.000000
367.110000	1146.000000
367.115000	1256.000000
367.120000	1017.000000
367.125000	992.000000
367.130000	1034.000000
367.135000	990.000000
367.140000	1291.000000
367.145000	1332.000000
367.150000	1237.000000
367.155000	1290.000000
367.160000	1254.000000
367.165000	1365.000000
367.170000	1236.000000
367.175000	1445.000000
367.180000	1451.000000
367.185000	1552.000000
367.190000	1481.000000
367.195000	1597.000000
367.200000	1713.000000
367.205000	1659.000000
367.210000	1732.000000
367.215000	1612.000000
367.220000	1819.000000
367.225000	1868.000000
367.230000	1934.000000
367.235000	1797.000000
367.240000	1932.000000
367.245000	1969.000000
367.250000	1766.000000
367.255000	2185.000000
367.260000	2102.000000
367.265000	2577.000000
367.270000	2267.000000
367.275000	2644.000000
367.280000	2749.000000
367.285000	2428.000000
367.290000	2395.000000
367.295000	2268.000000
367.300000	2380.000000
367.305000	2304.000000
367.310000	1888.000000
367.315000	2008.000000
367.320000	1925.000000
367.325000	1913.000000
367.330000	1928.000000
367.335000	2011.000000
367.340000	2258.000000
367.345000	2127.000000
367.350000	2209.000000
367.355000	2177.000000
367.360000	2444.000000
367.365000	2487.000000
367.370000	2487.000000
367.375000	2546.000000
367.380000	2841.000000
367.385000	2418.000000
367.390000	2535.000000
367.395000	2980.000000
367.400000	2655.000000
367.405000	3263.000000
367.410000	2932.000000
367.415000	3634.000000
367.420000	3396.000000
367.425000	3574.000000
367.430000	3693.000000
367.435000	3843.000000
367.440000	3861.000000
367.445000	3810.000000
367.450000	3747.000000
367.455000	4118.000000
367.460000	4157.000000
367.465000	4300.000000
367.470000	4243.000000
367.475000	4945.000000
367.480000	4820.000000
367.485000	4950.000000
367.490000	5048.000000
367.495000	5602.000000
367.500000	5188.000000
367.505000	5626.000000
367.510000	5762.000000
367.515000	6098.000000
367.520000	6340.000000
367.525000	6811.000000
367.530000	6577.000000
367.535000	6872.000000
367.540000	6869.000000
367.545000	6349.000000
367.550000	6112.000000
367.555000	5882.000000
367.560000	5699.000000
367.565000	5814.000000
367.570000	5491.000000
367.575000	6079.000000
367.580000	6036.000000
367.585000	6290.000000
367.590000	6404.000000
367.595000	7082.000000
367.600000	6918.000000
367.605000	7905.000000
367.610000	9332.000000
367.615000	9279.000000
367.620000	9746.000000
367.625000	8857.000000
367.630000	8343.000000
367.635000	8144.000000
367.640000	7370.000000
367.645000	7998.000000
367.650000	8685.000000
367.655000	9150.000000
367.660000	8836.000000
367.665000	8814.000000
367.670000	9573.000000
367.675000	9131.000000
367.680000	9576.000000
367.685000	9319.000000
367.690000	9406.000000
367.695000	8813.000000
367.700000	9325.000000
367.705000	9047.000000
367.710000	9277.000000
367.715000	9557.000000
367.720000	9809.000000
367.725000	9620.000000
367.730000	10002.000000
367.735000	10009.000000
367.740000	9936.000000
367.745000	10894.000000
367.750000	10126.000000
367.755000	10652.000000
367.760000	11541.000000
367.765000	11597.000000
367.770000	11582.000000
367.775000	11854.000000
367.780000	12524.000000
367.785000	12248.000000
367.790000	12462.000000
367.795000	13287.000000
367.800000	13340.000000
367.805000	13883.000000
367.810000	13647.000000
367.815000	14094.000000
367.820000	14795.000000
367.825000	14662.000000
367.830000	14886.000000
367.835000	15263.000000
367.840000	16428.000000
367.845000	15897.000000
367.850000	16625.000000
367.855000	16493.000000
367.860000	16997.000000
367.865000	17435.000000
367.870000	17470.000000
367.875000	19125.000000
367.880000	19128.000000
367.885000	19833.000000
367.890000	20438.000000
367.895000	19576.000000
367.900000	20770.000000
367.905000	21074.000000
367.910000	21842.000000
367.915000	22099.000000
367.920000	23799.000000
367.925000	23083.000000
367.930000	24134.000000
367.935000	23698.000000
367.940000	25223.000000
367.945000	25208.000000
367.950000	25387.000000
367.955000	26295.000000
367.960000	28731.000000
367.965000	27258.000000
367.970000	28405.000000
367.975000	28718.000000
367.980000	29515.000000
367.985000	28879.000000
367.990000	31046.000000
367.995000	31147.000000
368.000000	31591.000000
368.005000	32796.000000
368.010000	33411.000000
368.015000	34510.000000
368.020000	35370.000000
368.025000	36513.000000
368.030000	37991.000000
368.035000	38957.000000
368.040000	38666.000000
368.045000	39576.000000
368.050000	38829.000000
368.055000	41633.000000
368.060000	42830.000000
368.065000	42381.000000
368.070000	44876.000000
368.075000	46022.000000
368.080000	47218.000000
368.085000	48293.000000
368.090000	48789.000000
368.095000	51873.000000
368.100000	52207.000000
368.105000	56565.000000
368.110000	57726.000000
368.115000	62772.000000
368.120000	67459.000000
368.125000	71732.000000
368.130000	85239.000000
368.135000	106285.000000
368.140000	119148.000000
368.145000	105236.000000
368.150000	96054.000000
368.155000	87140.000000
368.160000	79853.000000
368.165000	75081.000000
368.170000	74793.000000
368.175000	73699.000000
368.180000	76414.000000
368.185000	75149.000000
368.190000	77917.000000
368.195000	77646.000000
368.200000	83072.000000
368.205000	83873.000000
368.210000	86412.000000
368.215000	87326.000000
368.220000	89450.000000
368.225000	92552.000000
368.230000	95925.000000
368.235000	96714.000000
368.240000	99154.000000
368.245000	101639.000000
368.250000	103321.000000
368.255000	105334.000000
368.260000	107489.000000
368.265000	110180.000000
368.270000	113529.000000
368.275000	114123.000000
368.280000	120658.000000
368.285000	122037.000000
368.290000	123187.000000
368.295000	128346.000000
368.300000	134309.000000
368.305000	133510.000000
368.310000	136642.000000
368.315000	138221.000000
368.320000	141561.000000
368.325000	144045.000000
368.330000	148606.000000
368.335000	149482.000000
368.340000	152364.000000
368.345000	154815.000000
368.350000	158048.000000
368.355000	161342.000000
368.360000	161441.000000
368.365000	163681.000000
368.370000	169901.000000
368.375000	168283.000000
368.380000	173902.000000
368.385000	173692.000000
368.390000	173811.000000
368.395000	178087.000000
368.400000	182919.000000
368.405000	181070.000000
368.410000	182815.000000
368.415000	184873.000000
368.420000	186153.000000
368.425000	190034.000000
368.430000	190963.000000
368.435000	194246.000000
368.440000	192875.000000
368.445000	194679.000000
368.450000	198358.000000
368.455000	197578.000000
368.460000	200307.000000
368.465000	201620.000000
368.470000	201858.000000
368.475000	203893.000000
368.480000	205513.000000
368.485000	210481.000000
368.490000	209254.000000
368.495000	207614.000000
368.500000	210561.000000
368.505000	212215.000000
368.510000	212880.000000
368.515000	211639.000000
368.520000	211646.000000
368.525000	213134.000000
368.530000	209131.000000
368.535000	210471.000000
368.540000	208064.000000
368.545000	206945.000000
368.550000	203816.000000
368.555000	202106.000000
368.560000	193412.000000
368.565000	191342.000000
368.570000	187306.000000
368.575000	179616.000000
368.580000	173090.000000
368.585000	163982.000000
368.590000	156180.000000
368.595000	146377.000000
368.600000	137722.000000
368.605000	130348.000000
368.610000	121719.000000
368.615000	115587.000000
368.620000	107778.000000
368.625000	103923.000000
368.630000	98400.000000
368.635000	92667.000000
368.640000	91514.000000
368.645000	87485.000000
368.650000	83002.000000
368.655000	81680.000000
368.660000	78566.000000
368.665000	76477.000000
368.670000	72606.000000
368.675000	71535.000000
368.680000	69833.000000
368.685000	69726.000000
368.690000	67796.000000
368.695000	64428.000000
368.700000	63244.000000
368.705000	63039.000000
368.710000	64815.000000
368.715000	64607.000000
368.720000	61047.000000
368.725000	58557.000000
368.730000	56979.000000
368.735000	54332.000000
368.740000	54104.000000
368.745000	55797.000000
368.750000	54906.000000
368.755000	55333.000000
368.760000	52620.000000
368.765000	50428.000000
368.770000	48685.000000
368.775000	47261.000000
368.780000	46428.000000
368.785000	47290.000000
368.790000	46575.000000
368.795000	44114.000000
368.800000	41224.000000
368.805000	41436.000000
368.810000	40482.000000
368.815000	39788.000000
368.820000	40419.000000
368.825000	41885.000000
368.830000	43071.000000
368.835000	41924.000000
368.840000	38877.000000
368.845000	37782.000000
368.850000	35731.000000
368.855000	36398.000000
368.860000	34572.000000
368.865000	34146.000000
368.870000	33270.000000
368.875000	32069.000000
368.880000	32514.000000
368.885000	31501.000000
368.890000	31815.000000
368.895000	30350.000000
368.900000	31559.000000
368.905000	31067.000000
368.910000	30347.000000
368.915000	30698.000000
368.920000	29995.000000
368.925000	31632.000000
368.930000	30964.000000
368.935000	31591.000000
368.940000	31768.000000
368.945000	34639.000000
368.950000	35474.000000
368.955000	39437.000000
368.960000	40883.000000
368.965000	40681.000000
368.970000	40510.000000
368.975000	44401.000000
368.980000	44926.000000
368.985000	42153.000000
368.990000	31660.000000
368.995000	28348.000000
369.000000	26209.000000
369.005000	24757.000000
369.010000	24485.000000
369.015000	23406.000000
369.020000	23464.000000
369.025000	22997.000000
369.030000	21273.000000
369.035000	21725.000000
369.040000	21407.000000
369.045000	19937.000000
369.050000	20028.000000
369.055000	20952.000000
369.060000	19608.000000
369.065000	20823.000000
369.070000	19331.000000
369.075000	19899.000000
369.080000	19512.000000
369.085000	19395.000000
369.090000	19042.000000
369.095000	18650.000000
369.100000	18826.000000
369.105000	18994.000000
369.110000	18259.000000
369.115000	17857.000000
369.120000	18602.000000
369.125000	17478.000000
369.130000	18026.000000
369.135000	17235.000000
369.140000	18060.000000
369.145000	18118.000000
369.150000	17694.000000
369.155000	17021.000000
369.160000	16499.000000
369.165000	17030.000000
369.170000	17285.000000
369.175000	18109.000000
369.180000	17541.000000
369.185000	17049.000000
369.190000	17034.000000
369.195000	17371.000000
369.200000	17618.000000
369.205000	17519.000000
369.210000	17944.000000
369.215000	16999.000000
369.220000	17868.000000
369.225000	18316.000000
369.230000	17585.000000
369.235000	17935.000000
369.240000	18323.000000
369.245000	18469.000000
369.250000	20055.000000
369.255000	20476.000000
369.260000	22192.000000
369.265000	23977.000000
369.270000	25405.000000
369.275000	29944.000000
369.280000	35412.000000
369.285000	39069.000000
369.290000	45148.000000
369.295000	54102.000000
369.300000	69033.000000
369.305000	90269.000000
369.310000	147171.000000
369.315000	209640.000000
369.320000	162722.000000
369.325000	93711.000000
369.330000	56855.000000
369.335000	43474.000000
369.340000	33353.000000
369.345000	27730.000000
369.350000	24300.000000
369.355000	21330.000000
369.360000	19549.000000
369.365000	18236.000000
369.370000	15615.000000
369.375000	15286.000000
369.380000	14516.000000
369.385000	13986.000000
369.390000	14028.000000
369.395000	14347.000000
369.400000	13139.000000
369.405000	12962.000000
369.410000	13708.000000
369.415000	12877.000000
369.420000	12846.000000
369.425000	12428.000000
369.430000	12589.000000
369.435000	12209.000000
369.440000	11704.000000
369.445000	12385.000000
369.450000	12593.000000
369.455000	11831.000000
369.460000	12108.000000
369.465000	11489.000000
369.470000	11929.000000
369.475000	11189.000000
369.480000	11858.000000
369.485000	11483.000000
369.490000	11137.000000
369.495000	11212.000000
369.500000	11025.000000
369.505000	11446.000000
369.510000	10814.000000
369.515000	10814.000000
369.520000	10537.000000
369.525000	10976.000000
369.530000	10455.000000
369.535000	10434.000000
369.540000	10012.000000
369.545000	10261.000000
369.550000	9891.000000
369.555000	10285.000000
369.560000	9971.000000
369.565000	9855.000000
369.570000	10212.000000
369.575000	10124.000000
369.580000	9992.000000
369.585000	9950.000000
369.590000	9569.000000
369.595000	10253.000000
369.600000	10489.000000
369.605000	9650.000000
369.610000	9666.000000
369.615000	9493.000000
369.620000	8921.000000
369.625000	9099.000000
369.630000	9748.000000
369.635000	9369.000000
369.640000	9637.000000
369.645000	8931.000000
369.650000	9185.000000
369.655000	8611.000000
369.660000	9079.000000
369.665000	8658.000000
369.670000	8598.000000
369.675000	9207.000000
369.680000	8583.000000
369.685000	9299.000000
369.690000	8405.000000
369.695000	8859.000000
369.700000	8593.000000
369.705000	9124.000000
369.710000	8195.000000
369.715000	8663.000000
369.720000	8253.000000
369.725000	8512.000000
369.730000	8334.000000
369.735000	8205.000000
369.740000	8604.000000
369.745000	8171.000000
369.750000	8643.000000
369.755000	7974.000000
369.760000	7984.000000
369.765000	7954.000000
369.770000	7420.000000
369.775000	8473.000000
369.780000	7948.000000
369.785000	7761.000000
369.790000	7748.000000
369.795000	8374.000000
369.800000	7775.000000
369.805000	7590.000000
369.810000	7583.000000
369.815000	8242.000000
369.820000	7771.000000
369.825000	7362.000000
369.830000	7650.000000
369.835000	7715.000000
369.840000	7469.000000
369.845000	7489.000000
369.850000	7752.000000
369.855000	7354.000000
369.860000	7382.000000
369.865000	7097.000000
369.870000	7086.000000
369.875000	6951.000000
369.880000	7596.000000
369.885000	7346.000000
369.890000	7574.000000
369.895000	7568.000000
369.900000	6820.000000
369.905000	6509.000000
369.910000	6929.000000
369.915000	6833.000000
369.920000	6644.000000
369.925000	7142.000000
369.930000	6956.000000
369.935000	6720.000000
369.940000	6654.000000
369.945000	6833.000000
369.950000	6692.000000
369.955000	6816.000000
369.960000	7133.000000
369.965000	7136.000000
369.970000	6425.000000
369.975000	6132.000000
369.980000	7138.000000
369.985000	6439.000000
369.990000	6538.000000
369.995000	6411.000000
370.000000	6645.000000
