Sample ID:		H1088 Mg coat 20um slit 20mW power
Start Time:		Thu Jul 09 2020 5:32:35 PM
Averaging Time:		1.000s

360.000000	3.000000
360.005000	26.000000
360.010000	43.000000
360.015000	13.000000
360.020000	6.000000
360.025000	18.000000
360.030000	15.000000
360.035000	7.000000
360.040000	2.000000
360.045000	5.000000
360.050000	33.000000
360.055000	0.000000
360.060000	0.000000
360.065000	1.000000
360.070000	12.000000
360.075000	5.000000
360.080000	12.000000
360.085000	5.000000
360.090000	5.000000
360.095000	2.000000
360.100000	2.000000
360.105000	0.000000
360.110000	7.000000
360.115000	8.000000
360.120000	3.000000
360.125000	4.000000
360.130000	28.000000
360.135000	2.000000
360.140000	10.000000
360.145000	5.000000
360.150000	5.000000
360.155000	17.000000
360.160000	15.000000
360.165000	34.000000
360.170000	9.000000
360.175000	11.000000
360.180000	1.000000
360.185000	5.000000
360.190000	1.000000
360.195000	3.000000
360.200000	2.000000
360.205000	22.000000
360.210000	0.000000
360.215000	1.000000
360.220000	2.000000
360.225000	4.000000
360.230000	4.000000
360.235000	1.000000
360.240000	8.000000
360.245000	2.000000
360.250000	3.000000
360.255000	2.000000
360.260000	1.000000
360.265000	1.000000
360.270000	0.000000
360.275000	6.000000
360.280000	22.000000
360.285000	2.000000
360.290000	3.000000
360.295000	5.000000
360.300000	8.000000
360.305000	4.000000
360.310000	2.000000
360.315000	10.000000
360.320000	0.000000
360.325000	0.000000
360.330000	8.000000
360.335000	7.000000
360.340000	3.000000
360.345000	23.000000
360.350000	6.000000
360.355000	2.000000
360.360000	9.000000
360.365000	3.000000
360.370000	9.000000
360.375000	13.000000
360.380000	1.000000
360.385000	1.000000
360.390000	11.000000
360.395000	4.000000
360.400000	8.000000
360.405000	24.000000
360.410000	2.000000
360.415000	13.000000
360.420000	26.000000
360.425000	14.000000
360.430000	1.000000
360.435000	2.000000
360.440000	1.000000
360.445000	34.000000
360.450000	2.000000
360.455000	2.000000
360.460000	3.000000
360.465000	0.000000
360.470000	32.000000
360.475000	12.000000
360.480000	12.000000
360.485000	23.000000
360.490000	3.000000
360.495000	4.000000
360.500000	3.000000
360.505000	5.000000
360.510000	8.000000
360.515000	17.000000
360.520000	22.000000
360.525000	3.000000
360.530000	2.000000
360.535000	11.000000
360.540000	1.000000
360.545000	10.000000
360.550000	22.000000
360.555000	11.000000
360.560000	3.000000
360.565000	1.000000
360.570000	12.000000
360.575000	8.000000
360.580000	12.000000
360.585000	9.000000
360.590000	8.000000
360.595000	2.000000
360.600000	0.000000
360.605000	2.000000
360.610000	1.000000
360.615000	1.000000
360.620000	8.000000
360.625000	11.000000
360.630000	10.000000
360.635000	3.000000
360.640000	0.000000
360.645000	2.000000
360.650000	3.000000
360.655000	4.000000
360.660000	1.000000
360.665000	8.000000
360.670000	6.000000
360.675000	0.000000
360.680000	14.000000
360.685000	0.000000
360.690000	2.000000
360.695000	26.000000
360.700000	1.000000
360.705000	10.000000
360.710000	14.000000
360.715000	89.000000
360.720000	5.000000
360.725000	22.000000
360.730000	4.000000
360.735000	2.000000
360.740000	10.000000
360.745000	5.000000
360.750000	3.000000
360.755000	1.000000
360.760000	1.000000
360.765000	4.000000
360.770000	16.000000
360.775000	5.000000
360.780000	1.000000
360.785000	25.000000
360.790000	5.000000
360.795000	0.000000
360.800000	20.000000
360.805000	17.000000
360.810000	10.000000
360.815000	1.000000
360.820000	3.000000
360.825000	24.000000
360.830000	1.000000
360.835000	1.000000
360.840000	14.000000
360.845000	9.000000
360.850000	2.000000
360.855000	2.000000
360.860000	0.000000
360.865000	1.000000
360.870000	12.000000
360.875000	16.000000
360.880000	3.000000
360.885000	10.000000
360.890000	21.000000
360.895000	13.000000
360.900000	5.000000
360.905000	18.000000
360.910000	0.000000
360.915000	7.000000
360.920000	14.000000
360.925000	1.000000
360.930000	10.000000
360.935000	30.000000
360.940000	0.000000
360.945000	5.000000
360.950000	8.000000
360.955000	1.000000
360.960000	7.000000
360.965000	52.000000
360.970000	5.000000
360.975000	13.000000
360.980000	13.000000
360.985000	21.000000
360.990000	46.000000
360.995000	0.000000
361.000000	3.000000
361.005000	27.000000
361.010000	0.000000
361.015000	21.000000
361.020000	9.000000
361.025000	3.000000
361.030000	5.000000
361.035000	2.000000
361.040000	61.000000
361.045000	14.000000
361.050000	9.000000
361.055000	18.000000
361.060000	2.000000
361.065000	23.000000
361.070000	46.000000
361.075000	20.000000
361.080000	4.000000
361.085000	6.000000
361.090000	13.000000
361.095000	0.000000
361.100000	13.000000
361.105000	2.000000
361.110000	4.000000
361.115000	1.000000
361.120000	0.000000
361.125000	2.000000
361.130000	6.000000
361.135000	40.000000
361.140000	18.000000
361.145000	3.000000
361.150000	2.000000
361.155000	5.000000
361.160000	1.000000
361.165000	13.000000
361.170000	6.000000
361.175000	11.000000
361.180000	13.000000
361.185000	0.000000
361.190000	4.000000
361.195000	27.000000
361.200000	14.000000
361.205000	11.000000
361.210000	1.000000
361.215000	2.000000
361.220000	6.000000
361.225000	13.000000
361.230000	7.000000
361.235000	8.000000
361.240000	3.000000
361.245000	1.000000
361.250000	5.000000
361.255000	9.000000
361.260000	5.000000
361.265000	1.000000
361.270000	3.000000
361.275000	18.000000
361.280000	0.000000
361.285000	22.000000
361.290000	1.000000
361.295000	4.000000
361.300000	11.000000
361.305000	5.000000
361.310000	3.000000
361.315000	2.000000
361.320000	9.000000
361.325000	12.000000
361.330000	2.000000
361.335000	0.000000
361.340000	4.000000
361.345000	4.000000
361.350000	3.000000
361.355000	3.000000
361.360000	6.000000
361.365000	12.000000
361.370000	3.000000
361.375000	9.000000
361.380000	10.000000
361.385000	4.000000
361.390000	60.000000
361.395000	6.000000
361.400000	20.000000
361.405000	1.000000
361.410000	10.000000
361.415000	1.000000
361.420000	1.000000
361.425000	6.000000
361.430000	3.000000
361.435000	2.000000
361.440000	1.000000
361.445000	10.000000
361.450000	13.000000
361.455000	21.000000
361.460000	20.000000
361.465000	0.000000
361.470000	14.000000
361.475000	4.000000
361.480000	2.000000
361.485000	80.000000
361.490000	5.000000
361.495000	11.000000
361.500000	1.000000
361.505000	11.000000
361.510000	3.000000
361.515000	4.000000
361.520000	2.000000
361.525000	14.000000
361.530000	10.000000
361.535000	3.000000
361.540000	3.000000
361.545000	6.000000
361.550000	4.000000
361.555000	0.000000
361.560000	8.000000
361.565000	3.000000
361.570000	4.000000
361.575000	16.000000
361.580000	6.000000
361.585000	1.000000
361.590000	1.000000
361.595000	18.000000
361.600000	17.000000
361.605000	3.000000
361.610000	5.000000
361.615000	0.000000
361.620000	1.000000
361.625000	2.000000
361.630000	0.000000
361.635000	7.000000
361.640000	13.000000
361.645000	17.000000
361.650000	2.000000
361.655000	0.000000
361.660000	20.000000
361.665000	1.000000
361.670000	7.000000
361.675000	6.000000
361.680000	11.000000
361.685000	1.000000
361.690000	11.000000
361.695000	27.000000
361.700000	11.000000
361.705000	1.000000
361.710000	1.000000
361.715000	5.000000
361.720000	17.000000
361.725000	1.000000
361.730000	7.000000
361.735000	10.000000
361.740000	4.000000
361.745000	5.000000
361.750000	1.000000
361.755000	7.000000
361.760000	3.000000
361.765000	14.000000
361.770000	6.000000
361.775000	31.000000
361.780000	11.000000
361.785000	0.000000
361.790000	1.000000
361.795000	3.000000
361.800000	45.000000
361.805000	3.000000
361.810000	8.000000
361.815000	1.000000
361.820000	1.000000
361.825000	2.000000
361.830000	14.000000
361.835000	17.000000
361.840000	1.000000
361.845000	31.000000
361.850000	43.000000
361.855000	17.000000
361.860000	7.000000
361.865000	5.000000
361.870000	0.000000
361.875000	5.000000
361.880000	15.000000
361.885000	5.000000
361.890000	5.000000
361.895000	3.000000
361.900000	36.000000
361.905000	0.000000
361.910000	1.000000
361.915000	7.000000
361.920000	36.000000
361.925000	1.000000
361.930000	33.000000
361.935000	3.000000
361.940000	1.000000
361.945000	35.000000
361.950000	0.000000
361.955000	31.000000
361.960000	30.000000
361.965000	4.000000
361.970000	6.000000
361.975000	10.000000
361.980000	2.000000
361.985000	4.000000
361.990000	3.000000
361.995000	6.000000
362.000000	1.000000
362.005000	2.000000
362.010000	2.000000
362.015000	0.000000
362.020000	1.000000
362.025000	3.000000
362.030000	32.000000
362.035000	1.000000
362.040000	9.000000
362.045000	1.000000
362.050000	26.000000
362.055000	3.000000
362.060000	4.000000
362.065000	11.000000
362.070000	28.000000
362.075000	7.000000
362.080000	22.000000
362.085000	5.000000
362.090000	0.000000
362.095000	1.000000
362.100000	3.000000
362.105000	20.000000
362.110000	4.000000
362.115000	0.000000
362.120000	10.000000
362.125000	9.000000
362.130000	0.000000
362.135000	0.000000
362.140000	13.000000
362.145000	20.000000
362.150000	13.000000
362.155000	44.000000
362.160000	12.000000
362.165000	21.000000
362.170000	1.000000
362.175000	17.000000
362.180000	1.000000
362.185000	0.000000
362.190000	23.000000
362.195000	3.000000
362.200000	2.000000
362.205000	3.000000
362.210000	14.000000
362.215000	9.000000
362.220000	30.000000
362.225000	9.000000
362.230000	14.000000
362.235000	1.000000
362.240000	5.000000
362.245000	0.000000
362.250000	5.000000
362.255000	3.000000
362.260000	12.000000
362.265000	7.000000
362.270000	31.000000
362.275000	2.000000
362.280000	6.000000
362.285000	2.000000
362.290000	1.000000
362.295000	1.000000
362.300000	3.000000
362.305000	3.000000
362.310000	15.000000
362.315000	11.000000
362.320000	3.000000
362.325000	5.000000
362.330000	1.000000
362.335000	4.000000
362.340000	2.000000
362.345000	45.000000
362.350000	2.000000
362.355000	1.000000
362.360000	3.000000
362.365000	3.000000
362.370000	30.000000
362.375000	3.000000
362.380000	3.000000
362.385000	18.000000
362.390000	1.000000
362.395000	4.000000
362.400000	17.000000
362.405000	1.000000
362.410000	14.000000
362.415000	12.000000
362.420000	5.000000
362.425000	13.000000
362.430000	14.000000
362.435000	3.000000
362.440000	2.000000
362.445000	24.000000
362.450000	5.000000
362.455000	1.000000
362.460000	16.000000
362.465000	4.000000
362.470000	4.000000
362.475000	3.000000
362.480000	19.000000
362.485000	5.000000
362.490000	2.000000
362.495000	0.000000
362.500000	12.000000
362.505000	19.000000
362.510000	50.000000
362.515000	12.000000
362.520000	31.000000
362.525000	4.000000
362.530000	10.000000
362.535000	35.000000
362.540000	3.000000
362.545000	5.000000
362.550000	2.000000
362.555000	5.000000
362.560000	11.000000
362.565000	3.000000
362.570000	11.000000
362.575000	1.000000
362.580000	3.000000
362.585000	6.000000
362.590000	3.000000
362.595000	3.000000
362.600000	3.000000
362.605000	6.000000
362.610000	5.000000
362.615000	8.000000
362.620000	25.000000
362.625000	7.000000
362.630000	2.000000
362.635000	9.000000
362.640000	5.000000
362.645000	2.000000
362.650000	10.000000
362.655000	2.000000
362.660000	15.000000
362.665000	9.000000
362.670000	9.000000
362.675000	5.000000
362.680000	0.000000
362.685000	8.000000
362.690000	7.000000
362.695000	9.000000
362.700000	9.000000
362.705000	0.000000
362.710000	21.000000
362.715000	2.000000
362.720000	4.000000
362.725000	3.000000
362.730000	12.000000
362.735000	2.000000
362.740000	2.000000
362.745000	12.000000
362.750000	4.000000
362.755000	13.000000
362.760000	9.000000
362.765000	10.000000
362.770000	2.000000
362.775000	11.000000
362.780000	48.000000
362.785000	2.000000
362.790000	18.000000
362.795000	0.000000
362.800000	4.000000
362.805000	1.000000
362.810000	7.000000
362.815000	1.000000
362.820000	7.000000
362.825000	1.000000
362.830000	6.000000
362.835000	16.000000
362.840000	3.000000
362.845000	0.000000
362.850000	6.000000
362.855000	8.000000
362.860000	27.000000
362.865000	5.000000
362.870000	5.000000
362.875000	14.000000
362.880000	10.000000
362.885000	2.000000
362.890000	2.000000
362.895000	2.000000
362.900000	10.000000
362.905000	3.000000
362.910000	7.000000
362.915000	13.000000
362.920000	10.000000
362.925000	15.000000
362.930000	3.000000
362.935000	66.000000
362.940000	2.000000
362.945000	7.000000
362.950000	2.000000
362.955000	3.000000
362.960000	13.000000
362.965000	2.000000
362.970000	10.000000
362.975000	1.000000
362.980000	19.000000
362.985000	4.000000
362.990000	1.000000
362.995000	38.000000
363.000000	7.000000
363.005000	11.000000
363.010000	7.000000
363.015000	0.000000
363.020000	1.000000
363.025000	10.000000
363.030000	11.000000
363.035000	5.000000
363.040000	2.000000
363.045000	16.000000
363.050000	0.000000
363.055000	2.000000
363.060000	1.000000
363.065000	17.000000
363.070000	1.000000
363.075000	2.000000
363.080000	6.000000
363.085000	1.000000
363.090000	3.000000
363.095000	4.000000
363.100000	5.000000
363.105000	1.000000
363.110000	23.000000
363.115000	3.000000
363.120000	11.000000
363.125000	8.000000
363.130000	28.000000
363.135000	7.000000
363.140000	2.000000
363.145000	21.000000
363.150000	22.000000
363.155000	20.000000
363.160000	9.000000
363.165000	2.000000
363.170000	12.000000
363.175000	9.000000
363.180000	5.000000
363.185000	1.000000
363.190000	17.000000
363.195000	22.000000
363.200000	0.000000
363.205000	3.000000
363.210000	17.000000
363.215000	3.000000
363.220000	1.000000
363.225000	5.000000
363.230000	1.000000
363.235000	2.000000
363.240000	2.000000
363.245000	1.000000
363.250000	18.000000
363.255000	26.000000
363.260000	5.000000
363.265000	27.000000
363.270000	5.000000
363.275000	42.000000
363.280000	4.000000
363.285000	7.000000
363.290000	0.000000
363.295000	36.000000
363.300000	0.000000
363.305000	34.000000
363.310000	7.000000
363.315000	2.000000
363.320000	5.000000
363.325000	22.000000
363.330000	5.000000
363.335000	5.000000
363.340000	6.000000
363.345000	5.000000
363.350000	40.000000
363.355000	2.000000
363.360000	53.000000
363.365000	6.000000
363.370000	4.000000
363.375000	0.000000
363.380000	15.000000
363.385000	3.000000
363.390000	1.000000
363.395000	7.000000
363.400000	3.000000
363.405000	1.000000
363.410000	8.000000
363.415000	49.000000
363.420000	19.000000
363.425000	8.000000
363.430000	9.000000
363.435000	6.000000
363.440000	5.000000
363.445000	2.000000
363.450000	10.000000
363.455000	5.000000
363.460000	27.000000
363.465000	4.000000
363.470000	1.000000
363.475000	5.000000
363.480000	7.000000
363.485000	1.000000
363.490000	20.000000
363.495000	31.000000
363.500000	0.000000
363.505000	1.000000
363.510000	3.000000
363.515000	10.000000
363.520000	3.000000
363.525000	68.000000
363.530000	8.000000
363.535000	1.000000
363.540000	5.000000
363.545000	15.000000
363.550000	2.000000
363.555000	11.000000
363.560000	4.000000
363.565000	14.000000
363.570000	32.000000
363.575000	11.000000
363.580000	3.000000
363.585000	0.000000
363.590000	2.000000
363.595000	22.000000
363.600000	0.000000
363.605000	17.000000
363.610000	23.000000
363.615000	0.000000
363.620000	21.000000
363.625000	1.000000
363.630000	9.000000
363.635000	18.000000
363.640000	3.000000
363.645000	3.000000
363.650000	3.000000
363.655000	2.000000
363.660000	6.000000
363.665000	1.000000
363.670000	2.000000
363.675000	3.000000
363.680000	16.000000
363.685000	3.000000
363.690000	1.000000
363.695000	1.000000
363.700000	18.000000
363.705000	36.000000
363.710000	35.000000
363.715000	6.000000
363.720000	31.000000
363.725000	6.000000
363.730000	3.000000
363.735000	4.000000
363.740000	2.000000
363.745000	16.000000
363.750000	10.000000
363.755000	0.000000
363.760000	3.000000
363.765000	17.000000
363.770000	26.000000
363.775000	7.000000
363.780000	3.000000
363.785000	10.000000
363.790000	1.000000
363.795000	1.000000
363.800000	6.000000
363.805000	13.000000
363.810000	0.000000
363.815000	6.000000
363.820000	2.000000
363.825000	3.000000
363.830000	12.000000
363.835000	22.000000
363.840000	2.000000
363.845000	16.000000
363.850000	0.000000
363.855000	23.000000
363.860000	2.000000
363.865000	6.000000
363.870000	7.000000
363.875000	6.000000
363.880000	0.000000
363.885000	16.000000
363.890000	0.000000
363.895000	2.000000
363.900000	8.000000
363.905000	2.000000
363.910000	2.000000
363.915000	6.000000
363.920000	3.000000
363.925000	1.000000
363.930000	6.000000
363.935000	4.000000
363.940000	8.000000
363.945000	74.000000
363.950000	12.000000
363.955000	19.000000
363.960000	1.000000
363.965000	1.000000
363.970000	18.000000
363.975000	4.000000
363.980000	16.000000
363.985000	10.000000
363.990000	17.000000
363.995000	29.000000
364.000000	6.000000
364.005000	11.000000
364.010000	1.000000
364.015000	22.000000
364.020000	1.000000
364.025000	10.000000
364.030000	10.000000
364.035000	0.000000
364.040000	1.000000
364.045000	7.000000
364.050000	16.000000
364.055000	1.000000
364.060000	22.000000
364.065000	32.000000
364.070000	22.000000
364.075000	2.000000
364.080000	46.000000
364.085000	3.000000
364.090000	3.000000
364.095000	1.000000
364.100000	0.000000
364.105000	36.000000
364.110000	5.000000
364.115000	4.000000
364.120000	1.000000
364.125000	48.000000
364.130000	2.000000
364.135000	2.000000
364.140000	50.000000
364.145000	5.000000
364.150000	6.000000
364.155000	3.000000
364.160000	1.000000
364.165000	2.000000
364.170000	12.000000
364.175000	10.000000
364.180000	6.000000
364.185000	46.000000
364.190000	99.000000
364.195000	2.000000
364.200000	5.000000
364.205000	16.000000
364.210000	25.000000
364.215000	27.000000
364.220000	8.000000
364.225000	18.000000
364.230000	0.000000
364.235000	1.000000
364.240000	16.000000
364.245000	1.000000
364.250000	13.000000
364.255000	4.000000
364.260000	0.000000
364.265000	7.000000
364.270000	4.000000
364.275000	11.000000
364.280000	24.000000
364.285000	0.000000
364.290000	3.000000
364.295000	13.000000
364.300000	4.000000
364.305000	10.000000
364.310000	1.000000
364.315000	23.000000
364.320000	0.000000
364.325000	20.000000
364.330000	2.000000
364.335000	1.000000
364.340000	6.000000
364.345000	3.000000
364.350000	12.000000
364.355000	0.000000
364.360000	5.000000
364.365000	32.000000
364.370000	5.000000
364.375000	3.000000
364.380000	13.000000
364.385000	36.000000
364.390000	47.000000
364.395000	24.000000
364.400000	13.000000
364.405000	31.000000
364.410000	7068.000000
364.415000	10984.000000
364.420000	11820.000000
364.425000	11366.000000
364.430000	11474.000000
364.435000	12197.000000
364.440000	12147.000000
364.445000	12005.000000
364.450000	12418.000000
364.455000	12096.000000
364.460000	11755.000000
364.465000	12326.000000
364.470000	12321.000000
364.475000	12515.000000
364.480000	12078.000000
364.485000	12149.000000
364.490000	12192.000000
364.495000	12609.000000
364.500000	12456.000000
364.505000	13432.000000
364.510000	12338.000000
364.515000	13138.000000
364.520000	12697.000000
364.525000	12667.000000
364.530000	13615.000000
364.535000	13322.000000
364.540000	13589.000000
364.545000	12831.000000
364.550000	12932.000000
364.555000	13051.000000
364.560000	13690.000000
364.565000	14252.000000
364.570000	13593.000000
364.575000	13395.000000
364.580000	13662.000000
364.585000	13283.000000
364.590000	13369.000000
364.595000	14093.000000
364.600000	13342.000000
364.605000	14076.000000
364.610000	13883.000000
364.615000	13220.000000
364.620000	13164.000000
364.625000	13888.000000
364.630000	13273.000000
364.635000	13929.000000
364.640000	13561.000000
364.645000	14482.000000
364.650000	14015.000000
364.655000	14086.000000
364.660000	14267.000000
364.665000	13769.000000
364.670000	14444.000000
364.675000	13997.000000
364.680000	13669.000000
364.685000	13644.000000
364.690000	13704.000000
364.695000	14480.000000
364.700000	14294.000000
364.705000	14742.000000
364.710000	14673.000000
364.715000	14387.000000
364.720000	13898.000000
364.725000	14164.000000
364.730000	14327.000000
364.735000	14047.000000
364.740000	14441.000000
364.745000	14257.000000
364.750000	14299.000000
364.755000	14226.000000
364.760000	14260.000000
364.765000	14642.000000
364.770000	14586.000000
364.775000	14367.000000
364.780000	13833.000000
364.785000	14175.000000
364.790000	13892.000000
364.795000	14740.000000
364.800000	14960.000000
364.805000	13853.000000
364.810000	14123.000000
364.815000	14098.000000
364.820000	13810.000000
364.825000	14358.000000
364.830000	13693.000000
364.835000	14410.000000
364.840000	13752.000000
364.845000	13378.000000
364.850000	14318.000000
364.855000	13973.000000
364.860000	13264.000000
364.865000	14065.000000
364.870000	14257.000000
364.875000	13907.000000
364.880000	13171.000000
364.885000	13515.000000
364.890000	13359.000000
364.895000	13229.000000
364.900000	13348.000000
364.905000	13580.000000
364.910000	13473.000000
364.915000	13428.000000
364.920000	13084.000000
364.925000	13312.000000
364.930000	12900.000000
364.935000	12572.000000
364.940000	13272.000000
364.945000	12750.000000
364.950000	13299.000000
364.955000	12810.000000
364.960000	13245.000000
364.965000	12383.000000
364.970000	12512.000000
364.975000	12793.000000
364.980000	13110.000000
364.985000	12648.000000
364.990000	12217.000000
364.995000	11991.000000
365.000000	11936.000000
365.005000	12720.000000
365.010000	12037.000000
365.015000	12318.000000
365.020000	12468.000000
365.025000	12228.000000
365.030000	12079.000000
365.035000	11978.000000
365.040000	11476.000000
365.045000	12452.000000
365.050000	12290.000000
365.055000	11745.000000
365.060000	11540.000000
365.065000	11744.000000
365.070000	11704.000000
365.075000	11417.000000
365.080000	11650.000000
365.085000	11056.000000
365.090000	10665.000000
365.095000	11293.000000
365.100000	10676.000000
365.105000	11746.000000
365.110000	10714.000000
365.115000	10971.000000
365.120000	10583.000000
365.125000	10088.000000
365.130000	10802.000000
365.135000	10127.000000
365.140000	10263.000000
365.145000	10220.000000
365.150000	10173.000000
365.155000	10604.000000
365.160000	10252.000000
365.165000	10011.000000
365.170000	9886.000000
365.175000	10045.000000
365.180000	9813.000000
365.185000	9578.000000
365.190000	9635.000000
365.195000	9609.000000
365.200000	9070.000000
365.205000	9317.000000
365.210000	9099.000000
365.215000	9426.000000
365.220000	8928.000000
365.225000	9338.000000
365.230000	9891.000000
365.235000	8974.000000
365.240000	8747.000000
365.245000	9082.000000
365.250000	8601.000000
365.255000	8535.000000
365.260000	8482.000000
365.265000	9045.000000
365.270000	8105.000000
365.275000	8599.000000
365.280000	8351.000000
365.285000	8380.000000
365.290000	7937.000000
365.295000	8603.000000
365.300000	8592.000000
365.305000	7725.000000
365.310000	8386.000000
365.315000	7984.000000
365.320000	7566.000000
365.325000	7455.000000
365.330000	7900.000000
365.335000	7989.000000
365.340000	7165.000000
365.345000	7210.000000
365.350000	7546.000000
365.355000	7487.000000
365.360000	7839.000000
365.365000	6925.000000
365.370000	6933.000000
365.375000	6793.000000
365.380000	7077.000000
365.385000	7181.000000
365.390000	6772.000000
365.395000	7049.000000
365.400000	6661.000000
365.405000	7218.000000
365.410000	6425.000000
365.415000	6599.000000
365.420000	6840.000000
365.425000	6155.000000
365.430000	6629.000000
365.435000	6463.000000
365.440000	6000.000000
365.445000	6220.000000
365.450000	6142.000000
365.455000	6499.000000
365.460000	5411.000000
365.465000	5566.000000
365.470000	5992.000000
365.475000	5852.000000
365.480000	6206.000000
365.485000	5734.000000
365.490000	5710.000000
365.495000	5506.000000
365.500000	5705.000000
365.505000	5644.000000
365.510000	5407.000000
365.515000	5156.000000
365.520000	5286.000000
365.525000	5350.000000
365.530000	5073.000000
365.535000	5479.000000
365.540000	5855.000000
365.545000	4916.000000
365.550000	4869.000000
365.555000	4808.000000
365.560000	4793.000000
365.565000	4884.000000
365.570000	4491.000000
365.575000	4665.000000
365.580000	4527.000000
365.585000	4252.000000
365.590000	4840.000000
365.595000	4250.000000
365.600000	4500.000000
365.605000	4652.000000
365.610000	4525.000000
365.615000	4008.000000
365.620000	4351.000000
365.625000	3755.000000
365.630000	4176.000000
365.635000	4173.000000
365.640000	3978.000000
365.645000	4334.000000
365.650000	4203.000000
365.655000	3632.000000
365.660000	4105.000000
365.665000	3721.000000
365.670000	3747.000000
365.675000	3586.000000
365.680000	3739.000000
365.685000	3633.000000
365.690000	3710.000000
365.695000	3844.000000
365.700000	3659.000000
365.705000	3800.000000
365.710000	3617.000000
365.715000	3693.000000
365.720000	3261.000000
365.725000	3598.000000
365.730000	3569.000000
365.735000	3681.000000
365.740000	3262.000000
365.745000	3033.000000
365.750000	3142.000000
365.755000	3347.000000
365.760000	3195.000000
365.765000	3198.000000
365.770000	3113.000000
365.775000	2865.000000
365.780000	3374.000000
365.785000	3044.000000
365.790000	2860.000000
365.795000	2831.000000
365.800000	3063.000000
365.805000	2909.000000
365.810000	2876.000000
365.815000	3192.000000
365.820000	2714.000000
365.825000	2778.000000
365.830000	2860.000000
365.835000	2571.000000
365.840000	2485.000000
365.845000	2667.000000
365.850000	2361.000000
365.855000	2544.000000
365.860000	2622.000000
365.865000	2653.000000
365.870000	2514.000000
365.875000	2700.000000
365.880000	2760.000000
365.885000	2589.000000
365.890000	2404.000000
365.895000	2258.000000
365.900000	2259.000000
365.905000	2273.000000
365.910000	2148.000000
365.915000	2129.000000
365.920000	2050.000000
365.925000	1951.000000
365.930000	2277.000000
365.935000	2013.000000
365.940000	2000.000000
365.945000	2247.000000
365.950000	1963.000000
365.955000	2042.000000
365.960000	2066.000000
365.965000	1967.000000
365.970000	1938.000000
365.975000	1978.000000
365.980000	2064.000000
365.985000	1661.000000
365.990000	1644.000000
365.995000	2066.000000
366.000000	1902.000000
366.005000	1805.000000
366.010000	2009.000000
366.015000	1699.000000
366.020000	1592.000000
366.025000	1686.000000
366.030000	1503.000000
366.035000	1840.000000
366.040000	1565.000000
366.045000	1823.000000
366.050000	1621.000000
366.055000	1718.000000
366.060000	1706.000000
366.065000	1770.000000
366.070000	1681.000000
366.075000	1330.000000
366.080000	1565.000000
366.085000	1537.000000
366.090000	1605.000000
366.095000	1607.000000
366.100000	1320.000000
366.105000	1617.000000
366.110000	1602.000000
366.115000	1307.000000
366.120000	1428.000000
366.125000	1546.000000
366.130000	1561.000000
366.135000	1207.000000
366.140000	1260.000000
366.145000	1478.000000
366.150000	1647.000000
366.155000	1438.000000
366.160000	1404.000000
366.165000	1217.000000
366.170000	1266.000000
366.175000	1080.000000
366.180000	1094.000000
366.185000	1094.000000
366.190000	1081.000000
366.195000	1365.000000
366.200000	1390.000000
366.205000	1064.000000
366.210000	1275.000000
366.215000	1255.000000
366.220000	1108.000000
366.225000	1197.000000
366.230000	1201.000000
366.235000	1152.000000
366.240000	810.000000
366.245000	1042.000000
366.250000	1086.000000
366.255000	1105.000000
366.260000	1109.000000
366.265000	1061.000000
366.270000	1074.000000
366.275000	824.000000
366.280000	1062.000000
366.285000	996.000000
366.290000	971.000000
366.295000	1028.000000
366.300000	975.000000
366.305000	942.000000
366.310000	1057.000000
366.315000	941.000000
366.320000	919.000000
366.325000	907.000000
366.330000	817.000000
366.335000	1044.000000
366.340000	825.000000
366.345000	886.000000
366.350000	803.000000
366.355000	959.000000
366.360000	950.000000
366.365000	690.000000
366.370000	745.000000
366.375000	910.000000
366.380000	878.000000
366.385000	702.000000
366.390000	840.000000
366.395000	852.000000
366.400000	831.000000
366.405000	685.000000
366.410000	741.000000
366.415000	762.000000
366.420000	679.000000
366.425000	641.000000
366.430000	763.000000
366.435000	789.000000
366.440000	704.000000
366.445000	701.000000
366.450000	721.000000
366.455000	746.000000
366.460000	788.000000
366.465000	715.000000
366.470000	702.000000
366.475000	662.000000
366.480000	739.000000
366.485000	704.000000
366.490000	743.000000
366.495000	745.000000
366.500000	919.000000
366.505000	655.000000
366.510000	600.000000
366.515000	730.000000
366.520000	747.000000
366.525000	734.000000
366.530000	640.000000
366.535000	587.000000
366.540000	692.000000
366.545000	682.000000
366.550000	757.000000
366.555000	814.000000
366.560000	667.000000
366.565000	843.000000
366.570000	642.000000
366.575000	777.000000
366.580000	777.000000
366.585000	504.000000
366.590000	771.000000
366.595000	764.000000
366.600000	639.000000
366.605000	764.000000
366.610000	539.000000
366.615000	789.000000
366.620000	720.000000
366.625000	685.000000
366.630000	794.000000
366.635000	690.000000
366.640000	667.000000
366.645000	693.000000
366.650000	675.000000
366.655000	771.000000
366.660000	718.000000
366.665000	747.000000
366.670000	834.000000
366.675000	904.000000
366.680000	904.000000
366.685000	906.000000
366.690000	830.000000
366.695000	894.000000
366.700000	913.000000
366.705000	902.000000
366.710000	791.000000
366.715000	828.000000
366.720000	976.000000
366.725000	1218.000000
366.730000	1189.000000
366.735000	1065.000000
366.740000	1170.000000
366.745000	1174.000000
366.750000	984.000000
366.755000	1162.000000
366.760000	1336.000000
366.765000	1243.000000
366.770000	1202.000000
366.775000	1584.000000
366.780000	1481.000000
366.785000	1652.000000
366.790000	1727.000000
366.795000	1831.000000
366.800000	2012.000000
366.805000	1985.000000
366.810000	1882.000000
366.815000	2117.000000
366.820000	2169.000000
366.825000	1920.000000
366.830000	1889.000000
366.835000	1810.000000
366.840000	1855.000000
366.845000	1940.000000
366.850000	2300.000000
366.855000	2245.000000
366.860000	1759.000000
366.865000	1685.000000
366.870000	1816.000000
366.875000	2103.000000
366.880000	1755.000000
366.885000	2165.000000
366.890000	1995.000000
366.895000	2207.000000
366.900000	2026.000000
366.905000	1960.000000
366.910000	1898.000000
366.915000	1963.000000
366.920000	1991.000000
366.925000	2238.000000
366.930000	1977.000000
366.935000	2212.000000
366.940000	1934.000000
366.945000	2089.000000
366.950000	2698.000000
366.955000	2433.000000
366.960000	2853.000000
366.965000	2843.000000
366.970000	2822.000000
366.975000	3361.000000
366.980000	2907.000000
366.985000	3262.000000
366.990000	3398.000000
366.995000	3626.000000
367.000000	4311.000000
367.005000	4290.000000
367.010000	4538.000000
367.015000	4398.000000
367.020000	4975.000000
367.025000	4909.000000
367.030000	5654.000000
367.035000	5803.000000
367.040000	6098.000000
367.045000	6648.000000
367.050000	8090.000000
367.055000	8341.000000
367.060000	8063.000000
367.065000	8176.000000
367.070000	7253.000000
367.075000	7474.000000
367.080000	6965.000000
367.085000	7490.000000
367.090000	7642.000000
367.095000	7612.000000
367.100000	7862.000000
367.105000	8324.000000
367.110000	7898.000000
367.115000	8958.000000
367.120000	9477.000000
367.125000	9609.000000
367.130000	9982.000000
367.135000	9788.000000
367.140000	10763.000000
367.145000	11185.000000
367.150000	11790.000000
367.155000	11715.000000
367.160000	11553.000000
367.165000	12081.000000
367.170000	12523.000000
367.175000	13711.000000
367.180000	13485.000000
367.185000	13590.000000
367.190000	14576.000000
367.195000	14509.000000
367.200000	15416.000000
367.205000	15430.000000
367.210000	15532.000000
367.215000	15468.000000
367.220000	15880.000000
367.225000	17296.000000
367.230000	16879.000000
367.235000	17196.000000
367.240000	18533.000000
367.245000	18677.000000
367.250000	18689.000000
367.255000	19539.000000
367.260000	18744.000000
367.265000	19678.000000
367.270000	20857.000000
367.275000	20815.000000
367.280000	20819.000000
367.285000	21498.000000
367.290000	21803.000000
367.295000	22175.000000
367.300000	22767.000000
367.305000	23010.000000
367.310000	22713.000000
367.315000	22641.000000
367.320000	22904.000000
367.325000	23491.000000
367.330000	23930.000000
367.335000	24168.000000
367.340000	23383.000000
367.345000	23976.000000
367.350000	25501.000000
367.355000	25831.000000
367.360000	26228.000000
367.365000	25851.000000
367.370000	27387.000000
367.375000	29216.000000
367.380000	30149.000000
367.385000	31251.000000
367.390000	32476.000000
367.395000	31281.000000
367.400000	30376.000000
367.405000	31453.000000
367.410000	31479.000000
367.415000	32122.000000
367.420000	30661.000000
367.425000	31184.000000
367.430000	31646.000000
367.435000	32624.000000
367.440000	33350.000000
367.445000	33286.000000
367.450000	33311.000000
367.455000	34079.000000
367.460000	34973.000000
367.465000	34944.000000
367.470000	35668.000000
367.475000	37007.000000
367.480000	36765.000000
367.485000	37107.000000
367.490000	39530.000000
367.495000	38669.000000
367.500000	39026.000000
367.505000	39117.000000
367.510000	41517.000000
367.515000	41422.000000
367.520000	40823.000000
367.525000	42047.000000
367.530000	43456.000000
367.535000	43316.000000
367.540000	44007.000000
367.545000	47908.000000
367.550000	47666.000000
367.555000	49672.000000
367.560000	49542.000000
367.565000	50146.000000
367.570000	52924.000000
367.575000	52253.000000
367.580000	53261.000000
367.585000	54380.000000
367.590000	55297.000000
367.595000	57532.000000
367.600000	59892.000000
367.605000	58703.000000
367.610000	61869.000000
367.615000	63196.000000
367.620000	66204.000000
367.625000	66463.000000
367.630000	68236.000000
367.635000	71211.000000
367.640000	71452.000000
367.645000	74224.000000
367.650000	75689.000000
367.655000	76871.000000
367.660000	80935.000000
367.665000	82886.000000
367.670000	83623.000000
367.675000	86823.000000
367.680000	89672.000000
367.685000	90616.000000
367.690000	93477.000000
367.695000	96852.000000
367.700000	98334.000000
367.705000	100744.000000
367.710000	106189.000000
367.715000	109793.000000
367.720000	109059.000000
367.725000	115133.000000
367.730000	120333.000000
367.735000	120685.000000
367.740000	122825.000000
367.745000	127386.000000
367.750000	129418.000000
367.755000	132347.000000
367.760000	136980.000000
367.765000	138370.000000
367.770000	143449.000000
367.775000	144820.000000
367.780000	148149.000000
367.785000	153391.000000
367.790000	152361.000000
367.795000	160887.000000
367.800000	160958.000000
367.805000	160873.000000
367.810000	164432.000000
367.815000	168414.000000
367.820000	169964.000000
367.825000	170340.000000
367.830000	171379.000000
367.835000	174881.000000
367.840000	175243.000000
367.845000	175895.000000
367.850000	176819.000000
367.855000	177415.000000
367.860000	178894.000000
367.865000	178323.000000
367.870000	178009.000000
367.875000	181162.000000
367.880000	181795.000000
367.885000	181541.000000
367.890000	182876.000000
367.895000	183348.000000
367.900000	189063.000000
367.905000	190495.000000
367.910000	195753.000000
367.915000	194514.000000
367.920000	184670.000000
367.925000	178493.000000
367.930000	177295.000000
367.935000	173807.000000
367.940000	171659.000000
367.945000	171692.000000
367.950000	168762.000000
367.955000	166358.000000
367.960000	163247.000000
367.965000	166339.000000
367.970000	160914.000000
367.975000	158224.000000
367.980000	157993.000000
367.985000	158812.000000
367.990000	154066.000000
367.995000	154627.000000
368.000000	151437.000000
368.005000	151224.000000
368.010000	145957.000000
368.015000	144707.000000
368.020000	143628.000000
368.025000	141352.000000
368.030000	141135.000000
368.035000	138000.000000
368.040000	135414.000000
368.045000	135406.000000
368.050000	132814.000000
368.055000	130837.000000
368.060000	130368.000000
368.065000	130463.000000
368.070000	127453.000000
368.075000	127991.000000
368.080000	125689.000000
368.085000	124196.000000
368.090000	122611.000000
368.095000	121154.000000
368.100000	118299.000000
368.105000	119362.000000
368.110000	116342.000000
368.115000	114256.000000
368.120000	112346.000000
368.125000	112090.000000
368.130000	111601.000000
368.135000	110544.000000
368.140000	107789.000000
368.145000	106318.000000
368.150000	104586.000000
368.155000	103711.000000
368.160000	102576.000000
368.165000	101391.000000
368.170000	99323.000000
368.175000	99466.000000
368.180000	98238.000000
368.185000	97033.000000
368.190000	95810.000000
368.195000	92824.000000
368.200000	93479.000000
368.205000	90684.000000
368.210000	89534.000000
368.215000	89397.000000
368.220000	88823.000000
368.225000	87024.000000
368.230000	87899.000000
368.235000	86420.000000
368.240000	86041.000000
368.245000	85337.000000
368.250000	85164.000000
368.255000	83791.000000
368.260000	83148.000000
368.265000	83191.000000
368.270000	83517.000000
368.275000	82249.000000
368.280000	82375.000000
368.285000	83134.000000
368.290000	81780.000000
368.295000	80999.000000
368.300000	78877.000000
368.305000	78251.000000
368.310000	78988.000000
368.315000	76970.000000
368.320000	76072.000000
368.325000	75187.000000
368.330000	74077.000000
368.335000	75125.000000
368.340000	72513.000000
368.345000	74106.000000
368.350000	73988.000000
368.355000	74007.000000
368.360000	72438.000000
368.365000	70679.000000
368.370000	70848.000000
368.375000	71332.000000
368.380000	70970.000000
368.385000	69888.000000
368.390000	70275.000000
368.395000	68377.000000
368.400000	68292.000000
368.405000	67332.000000
368.410000	67719.000000
368.415000	67070.000000
368.420000	68537.000000
368.425000	68807.000000
368.430000	68709.000000
368.435000	67401.000000
368.440000	68227.000000
368.445000	69345.000000
368.450000	69124.000000
368.455000	71249.000000
368.460000	72925.000000
368.465000	71791.000000
368.470000	73948.000000
368.475000	77714.000000
368.480000	83406.000000
368.485000	87939.000000
368.490000	86455.000000
368.495000	77824.000000
368.500000	74430.000000
368.505000	72267.000000
368.510000	73789.000000
368.515000	77293.000000
368.520000	80188.000000
368.525000	82103.000000
368.530000	83379.000000
368.535000	79440.000000
368.540000	75902.000000
368.545000	73487.000000
368.550000	73820.000000
368.555000	76264.000000
368.560000	78573.000000
368.565000	73236.000000
368.570000	71661.000000
368.575000	69352.000000
368.580000	70525.000000
368.585000	72046.000000
368.590000	73553.000000
368.595000	73665.000000
368.600000	75469.000000
368.605000	77456.000000
368.610000	77180.000000
368.615000	75034.000000
368.620000	74171.000000
368.625000	76018.000000
368.630000	76002.000000
368.635000	77195.000000
368.640000	78960.000000
368.645000	80238.000000
368.650000	83283.000000
368.655000	87562.000000
368.660000	88820.000000
368.665000	95524.000000
368.670000	102180.000000
368.675000	113913.000000
368.680000	119315.000000
368.685000	129337.000000
368.690000	141861.000000
368.695000	155025.000000
368.700000	165191.000000
368.705000	172678.000000
368.710000	170638.000000
368.715000	166462.000000
368.720000	156212.000000
368.725000	139680.000000
368.730000	130621.000000
368.735000	115682.000000
368.740000	107721.000000
368.745000	100395.000000
368.750000	99391.000000
368.755000	98007.000000
368.760000	93047.000000
368.765000	83068.000000
368.770000	73916.000000
368.775000	66709.000000
368.780000	62422.000000
368.785000	58470.000000
368.790000	56494.000000
368.795000	54056.000000
368.800000	52443.000000
368.805000	50727.000000
368.810000	51407.000000
368.815000	49655.000000
368.820000	48369.000000
368.825000	48092.000000
368.830000	45982.000000
368.835000	45842.000000
368.840000	45507.000000
368.845000	44345.000000
368.850000	45404.000000
368.855000	43374.000000
368.860000	42959.000000
368.865000	42862.000000
368.870000	41268.000000
368.875000	42080.000000
368.880000	41254.000000
368.885000	41512.000000
368.890000	40988.000000
368.895000	40432.000000
368.900000	40348.000000
368.905000	38413.000000
368.910000	38527.000000
368.915000	38584.000000
368.920000	37941.000000
368.925000	37602.000000
368.930000	38144.000000
368.935000	37306.000000
368.940000	36912.000000
368.945000	36984.000000
368.950000	36604.000000
368.955000	37389.000000
368.960000	36367.000000
368.965000	36218.000000
368.970000	36310.000000
368.975000	35759.000000
368.980000	36271.000000
368.985000	37241.000000
368.990000	36521.000000
368.995000	37368.000000
369.000000	38076.000000
369.005000	37798.000000
369.010000	40266.000000
369.015000	41483.000000
369.020000	42091.000000
369.025000	45791.000000
369.030000	48242.000000
369.035000	51336.000000
369.040000	57085.000000
369.045000	67033.000000
369.050000	78998.000000
369.055000	94350.000000
369.060000	110695.000000
369.065000	124547.000000
369.070000	136719.000000
369.075000	156027.000000
369.080000	175077.000000
369.085000	228400.000000
369.090000	318751.000000
369.095000	304174.000000
369.100000	200873.000000
369.105000	124792.000000
369.110000	86144.000000
369.115000	69811.000000
369.120000	56815.000000
369.125000	48712.000000
369.130000	42023.000000
369.135000	39677.000000
369.140000	37578.000000
369.145000	35319.000000
369.150000	34651.000000
369.155000	32992.000000
369.160000	31840.000000
369.165000	31853.000000
369.170000	30514.000000
369.175000	29015.000000
369.180000	28712.000000
369.185000	29022.000000
369.190000	26878.000000
369.195000	26910.000000
369.200000	26139.000000
369.205000	26051.000000
369.210000	25879.000000
369.215000	25611.000000
369.220000	24476.000000
369.225000	24089.000000
369.230000	23585.000000
369.235000	23231.000000
369.240000	23409.000000
369.245000	22820.000000
369.250000	22651.000000
369.255000	22366.000000
369.260000	22190.000000
369.265000	21495.000000
369.270000	22196.000000
369.275000	20928.000000
369.280000	20448.000000
369.285000	20585.000000
369.290000	20646.000000
369.295000	20452.000000
369.300000	20066.000000
369.305000	20208.000000
369.310000	20215.000000
369.315000	19497.000000
369.320000	19892.000000
369.325000	19382.000000
369.330000	19415.000000
369.335000	18610.000000
369.340000	18393.000000
369.345000	18629.000000
369.350000	18361.000000
369.355000	18805.000000
369.360000	18488.000000
369.365000	16888.000000
369.370000	16981.000000
369.375000	18034.000000
369.380000	17480.000000
369.385000	18312.000000
369.390000	17136.000000
369.395000	16726.000000
369.400000	16610.000000
369.405000	17019.000000
369.410000	16922.000000
369.415000	17506.000000
369.420000	16537.000000
369.425000	16949.000000
369.430000	16846.000000
369.435000	16019.000000
369.440000	16845.000000
369.445000	16727.000000
369.450000	17132.000000
369.455000	16093.000000
369.460000	16156.000000
369.465000	15609.000000
369.470000	16038.000000
369.475000	15473.000000
369.480000	16187.000000
369.485000	15905.000000
369.490000	14507.000000
369.495000	14976.000000
369.500000	15518.000000
369.505000	14326.000000
369.510000	14898.000000
369.515000	15110.000000
369.520000	14765.000000
369.525000	14132.000000
369.530000	13894.000000
369.535000	14461.000000
369.540000	14148.000000
369.545000	14148.000000
369.550000	14268.000000
369.555000	13708.000000
369.560000	13739.000000
369.565000	13587.000000
369.570000	13822.000000
369.575000	13460.000000
369.580000	13483.000000
369.585000	12952.000000
369.590000	13167.000000
369.595000	13437.000000
369.600000	13326.000000
369.605000	13042.000000
369.610000	12789.000000
369.615000	13708.000000
369.620000	12543.000000
369.625000	12637.000000
369.630000	12392.000000
369.635000	12770.000000
369.640000	12874.000000
369.645000	12252.000000
369.650000	12543.000000
369.655000	12463.000000
369.660000	12428.000000
369.665000	11988.000000
369.670000	12185.000000
369.675000	11810.000000
369.680000	11921.000000
369.685000	12753.000000
369.690000	11492.000000
369.695000	12008.000000
369.700000	11980.000000
369.705000	11284.000000
369.710000	12282.000000
369.715000	11458.000000
369.720000	11021.000000
369.725000	11190.000000
369.730000	11293.000000
369.735000	10889.000000
369.740000	10944.000000
369.745000	10505.000000
369.750000	11258.000000
369.755000	11191.000000
369.760000	10984.000000
369.765000	11241.000000
369.770000	11040.000000
369.775000	11034.000000
369.780000	11131.000000
369.785000	10996.000000
369.790000	10364.000000
369.795000	10397.000000
369.800000	10233.000000
369.805000	9967.000000
369.810000	9849.000000
369.815000	10138.000000
369.820000	10343.000000
369.825000	10313.000000
369.830000	10294.000000
369.835000	10618.000000
369.840000	9540.000000
369.845000	10273.000000
369.850000	9582.000000
369.855000	10003.000000
369.860000	9928.000000
369.865000	9681.000000
369.870000	10255.000000
369.875000	10115.000000
369.880000	9515.000000
369.885000	9830.000000
369.890000	10233.000000
369.895000	9689.000000
369.900000	10135.000000
369.905000	9495.000000
369.910000	9233.000000
369.915000	9101.000000
369.920000	9229.000000
369.925000	9474.000000
369.930000	9215.000000
369.935000	8876.000000
369.940000	8930.000000
369.945000	8948.000000
369.950000	9075.000000
369.955000	9113.000000
369.960000	8946.000000
369.965000	9359.000000
369.970000	9395.000000
369.975000	9001.000000
369.980000	8981.000000
369.985000	8687.000000
369.990000	9343.000000
369.995000	8982.000000
370.000000	8934.000000
