Sample ID:		H1088 Mg coat 20um slit 20mW power
Start Time:		Thu Jul 09 2020 10:00:28 PM
Averaging Time:		1.000s

360.000000	4.000000
360.005000	5.000000
360.010000	3.000000
360.015000	23.000000
360.020000	16.000000
360.025000	8.000000
360.030000	1.000000
360.035000	2.000000
360.040000	40.000000
360.045000	4.000000
360.050000	12.000000
360.055000	5.000000
360.060000	4.000000
360.065000	27.000000
360.070000	1.000000
360.075000	5.000000
360.080000	29.000000
360.085000	4.000000
360.090000	33.000000
360.095000	10.000000
360.100000	5.000000
360.105000	16.000000
360.110000	46.000000
360.115000	12.000000
360.120000	25.000000
360.125000	1.000000
360.130000	22.000000
360.135000	9.000000
360.140000	2.000000
360.145000	17.000000
360.150000	3.000000
360.155000	3.000000
360.160000	5.000000
360.165000	38.000000
360.170000	29.000000
360.175000	33.000000
360.180000	33.000000
360.185000	41.000000
360.190000	18.000000
360.195000	6.000000
360.200000	24.000000
360.205000	7.000000
360.210000	35.000000
360.215000	2.000000
360.220000	2.000000
360.225000	13.000000
360.230000	20.000000
360.235000	2.000000
360.240000	1.000000
360.245000	15.000000
360.250000	19.000000
360.255000	7.000000
360.260000	17.000000
360.265000	12.000000
360.270000	30.000000
360.275000	8.000000
360.280000	16.000000
360.285000	1.000000
360.290000	15.000000
360.295000	39.000000
360.300000	11.000000
360.305000	25.000000
360.310000	3.000000
360.315000	2.000000
360.320000	9.000000
360.325000	4.000000
360.330000	18.000000
360.335000	14.000000
360.340000	7.000000
360.345000	18.000000
360.350000	3.000000
360.355000	1.000000
360.360000	10.000000
360.365000	8.000000
360.370000	18.000000
360.375000	2.000000
360.380000	8.000000
360.385000	6.000000
360.390000	36.000000
360.395000	57.000000
360.400000	1.000000
360.405000	14.000000
360.410000	35.000000
360.415000	11.000000
360.420000	15.000000
360.425000	10.000000
360.430000	63.000000
360.435000	0.000000
360.440000	26.000000
360.445000	4.000000
360.450000	40.000000
360.455000	33.000000
360.460000	21.000000
360.465000	0.000000
360.470000	7.000000
360.475000	26.000000
360.480000	17.000000
360.485000	20.000000
360.490000	14.000000
360.495000	17.000000
360.500000	11.000000
360.505000	6.000000
360.510000	51.000000
360.515000	26.000000
360.520000	10.000000
360.525000	19.000000
360.530000	6.000000
360.535000	35.000000
360.540000	12.000000
360.545000	1.000000
360.550000	8.000000
360.555000	23.000000
360.560000	31.000000
360.565000	22.000000
360.570000	10.000000
360.575000	2.000000
360.580000	7.000000
360.585000	28.000000
360.590000	23.000000
360.595000	18.000000
360.600000	18.000000
360.605000	7.000000
360.610000	6.000000
360.615000	18.000000
360.620000	11.000000
360.625000	5.000000
360.630000	34.000000
360.635000	10.000000
360.640000	8.000000
360.645000	16.000000
360.650000	3.000000
360.655000	10.000000
360.660000	6.000000
360.665000	26.000000
360.670000	14.000000
360.675000	26.000000
360.680000	29.000000
360.685000	35.000000
360.690000	19.000000
360.695000	26.000000
360.700000	12.000000
360.705000	16.000000
360.710000	16.000000
360.715000	5.000000
360.720000	13.000000
360.725000	29.000000
360.730000	19.000000
360.735000	11.000000
360.740000	18.000000
360.745000	18.000000
360.750000	14.000000
360.755000	38.000000
360.760000	30.000000
360.765000	15.000000
360.770000	73.000000
360.775000	21.000000
360.780000	9.000000
360.785000	4.000000
360.790000	14.000000
360.795000	31.000000
360.800000	8.000000
360.805000	15.000000
360.810000	31.000000
360.815000	16.000000
360.820000	26.000000
360.825000	37.000000
360.830000	23.000000
360.835000	9.000000
360.840000	17.000000
360.845000	84.000000
360.850000	10.000000
360.855000	9.000000
360.860000	20.000000
360.865000	9.000000
360.870000	9.000000
360.875000	25.000000
360.880000	9.000000
360.885000	11.000000
360.890000	19.000000
360.895000	4.000000
360.900000	8.000000
360.905000	30.000000
360.910000	34.000000
360.915000	31.000000
360.920000	54.000000
360.925000	44.000000
360.930000	47.000000
360.935000	11.000000
360.940000	16.000000
360.945000	32.000000
360.950000	3.000000
360.955000	49.000000
360.960000	34.000000
360.965000	15.000000
360.970000	11.000000
360.975000	28.000000
360.980000	60.000000
360.985000	12.000000
360.990000	38.000000
360.995000	30.000000
361.000000	75.000000
361.005000	30.000000
361.010000	36.000000
361.015000	21.000000
361.020000	13.000000
361.025000	38.000000
361.030000	35.000000
361.035000	24.000000
361.040000	36.000000
361.045000	39.000000
361.050000	36.000000
361.055000	41.000000
361.060000	7.000000
361.065000	96.000000
361.070000	43.000000
361.075000	23.000000
361.080000	25.000000
361.085000	4.000000
361.090000	35.000000
361.095000	51.000000
361.100000	10.000000
361.105000	15.000000
361.110000	51.000000
361.115000	14.000000
361.120000	25.000000
361.125000	43.000000
361.130000	22.000000
361.135000	28.000000
361.140000	39.000000
361.145000	16.000000
361.150000	62.000000
361.155000	48.000000
361.160000	18.000000
361.165000	8.000000
361.170000	8.000000
361.175000	40.000000
361.180000	14.000000
361.185000	23.000000
361.190000	51.000000
361.195000	25.000000
361.200000	15.000000
361.205000	42.000000
361.210000	66.000000
361.215000	17.000000
361.220000	44.000000
361.225000	43.000000
361.230000	18.000000
361.235000	19.000000
361.240000	32.000000
361.245000	14.000000
361.250000	36.000000
361.255000	11.000000
361.260000	38.000000
361.265000	36.000000
361.270000	16.000000
361.275000	81.000000
361.280000	13.000000
361.285000	20.000000
361.290000	14.000000
361.295000	49.000000
361.300000	22.000000
361.305000	38.000000
361.310000	54.000000
361.315000	41.000000
361.320000	23.000000
361.325000	14.000000
361.330000	37.000000
361.335000	63.000000
361.340000	47.000000
361.345000	38.000000
361.350000	43.000000
361.355000	16.000000
361.360000	18.000000
361.365000	22.000000
361.370000	79.000000
361.375000	54.000000
361.380000	58.000000
361.385000	121.000000
361.390000	50.000000
361.395000	74.000000
361.400000	47.000000
361.405000	79.000000
361.410000	41.000000
361.415000	60.000000
361.420000	40.000000
361.425000	148.000000
361.430000	33.000000
361.435000	63.000000
361.440000	79.000000
361.445000	66.000000
361.450000	75.000000
361.455000	48.000000
361.460000	73.000000
361.465000	44.000000
361.470000	40.000000
361.475000	54.000000
361.480000	43.000000
361.485000	50.000000
361.490000	38.000000
361.495000	70.000000
361.500000	24.000000
361.505000	39.000000
361.510000	67.000000
361.515000	103.000000
361.520000	40.000000
361.525000	39.000000
361.530000	55.000000
361.535000	87.000000
361.540000	77.000000
361.545000	103.000000
361.550000	53.000000
361.555000	58.000000
361.560000	43.000000
361.565000	77.000000
361.570000	87.000000
361.575000	31.000000
361.580000	90.000000
361.585000	68.000000
361.590000	75.000000
361.595000	75.000000
361.600000	38.000000
361.605000	37.000000
361.610000	86.000000
361.615000	72.000000
361.620000	79.000000
361.625000	76.000000
361.630000	63.000000
361.635000	96.000000
361.640000	107.000000
361.645000	60.000000
361.650000	40.000000
361.655000	37.000000
361.660000	101.000000
361.665000	68.000000
361.670000	39.000000
361.675000	66.000000
361.680000	52.000000
361.685000	92.000000
361.690000	101.000000
361.695000	96.000000
361.700000	38.000000
361.705000	49.000000
361.710000	56.000000
361.715000	129.000000
361.720000	114.000000
361.725000	47.000000
361.730000	38.000000
361.735000	75.000000
361.740000	96.000000
361.745000	64.000000
361.750000	118.000000
361.755000	86.000000
361.760000	126.000000
361.765000	96.000000
361.770000	82.000000
361.775000	125.000000
361.780000	86.000000
361.785000	96.000000
361.790000	82.000000
361.795000	83.000000
361.800000	81.000000
361.805000	102.000000
361.810000	112.000000
361.815000	47.000000
361.820000	87.000000
361.825000	112.000000
361.830000	100.000000
361.835000	107.000000
361.840000	65.000000
361.845000	73.000000
361.850000	128.000000
361.855000	64.000000
361.860000	101.000000
361.865000	96.000000
361.870000	73.000000
361.875000	84.000000
361.880000	136.000000
361.885000	76.000000
361.890000	103.000000
361.895000	62.000000
361.900000	80.000000
361.905000	130.000000
361.910000	145.000000
361.915000	82.000000
361.920000	132.000000
361.925000	90.000000
361.930000	63.000000
361.935000	212.000000
361.940000	169.000000
361.945000	104.000000
361.950000	92.000000
361.955000	148.000000
361.960000	99.000000
361.965000	153.000000
361.970000	117.000000
361.975000	89.000000
361.980000	166.000000
361.985000	143.000000
361.990000	96.000000
361.995000	77.000000
362.000000	184.000000
362.005000	150.000000
362.010000	117.000000
362.015000	109.000000
362.020000	124.000000
362.025000	142.000000
362.030000	184.000000
362.035000	133.000000
362.040000	174.000000
362.045000	170.000000
362.050000	128.000000
362.055000	86.000000
362.060000	203.000000
362.065000	180.000000
362.070000	92.000000
362.075000	120.000000
362.080000	134.000000
362.085000	144.000000
362.090000	77.000000
362.095000	170.000000
362.100000	214.000000
362.105000	107.000000
362.110000	239.000000
362.115000	88.000000
362.120000	156.000000
362.125000	147.000000
362.130000	153.000000
362.135000	194.000000
362.140000	211.000000
362.145000	149.000000
362.150000	160.000000
362.155000	167.000000
362.160000	200.000000
362.165000	99.000000
362.170000	242.000000
362.175000	167.000000
362.180000	189.000000
362.185000	198.000000
362.190000	187.000000
362.195000	133.000000
362.200000	134.000000
362.205000	211.000000
362.210000	220.000000
362.215000	102.000000
362.220000	151.000000
362.225000	177.000000
362.230000	236.000000
362.235000	233.000000
362.240000	258.000000
362.245000	164.000000
362.250000	151.000000
362.255000	168.000000
362.260000	174.000000
362.265000	210.000000
362.270000	180.000000
362.275000	261.000000
362.280000	213.000000
362.285000	132.000000
362.290000	223.000000
362.295000	182.000000
362.300000	128.000000
362.305000	263.000000
362.310000	244.000000
362.315000	270.000000
362.320000	242.000000
362.325000	177.000000
362.330000	230.000000
362.335000	261.000000
362.340000	203.000000
362.345000	172.000000
362.350000	171.000000
362.355000	298.000000
362.360000	205.000000
362.365000	283.000000
362.370000	230.000000
362.375000	254.000000
362.380000	297.000000
362.385000	221.000000
362.390000	338.000000
362.395000	247.000000
362.400000	355.000000
362.405000	248.000000
362.410000	227.000000
362.415000	208.000000
362.420000	175.000000
362.425000	193.000000
362.430000	293.000000
362.435000	290.000000
362.440000	311.000000
362.445000	328.000000
362.450000	240.000000
362.455000	285.000000
362.460000	300.000000
362.465000	278.000000
362.470000	251.000000
362.475000	332.000000
362.480000	229.000000
362.485000	292.000000
362.490000	261.000000
362.495000	253.000000
362.500000	389.000000
362.505000	287.000000
362.510000	481.000000
362.515000	318.000000
362.520000	263.000000
362.525000	382.000000
362.530000	212.000000
362.535000	322.000000
362.540000	276.000000
362.545000	183.000000
362.550000	322.000000
362.555000	326.000000
362.560000	403.000000
362.565000	285.000000
362.570000	364.000000
362.575000	398.000000
362.580000	361.000000
362.585000	420.000000
362.590000	304.000000
362.595000	375.000000
362.600000	334.000000
362.605000	374.000000
362.610000	323.000000
362.615000	415.000000
362.620000	360.000000
362.625000	436.000000
362.630000	394.000000
362.635000	441.000000
362.640000	444.000000
362.645000	351.000000
362.650000	451.000000
362.655000	322.000000
362.660000	407.000000
362.665000	297.000000
362.670000	335.000000
362.675000	467.000000
362.680000	392.000000
362.685000	450.000000
362.690000	461.000000
362.695000	378.000000
362.700000	370.000000
362.705000	479.000000
362.710000	453.000000
362.715000	481.000000
362.720000	533.000000
362.725000	583.000000
362.730000	387.000000
362.735000	417.000000
362.740000	380.000000
362.745000	635.000000
362.750000	521.000000
362.755000	352.000000
362.760000	640.000000
362.765000	522.000000
362.770000	477.000000
362.775000	513.000000
362.780000	489.000000
362.785000	588.000000
362.790000	541.000000
362.795000	444.000000
362.800000	605.000000
362.805000	674.000000
362.810000	554.000000
362.815000	628.000000
362.820000	596.000000
362.825000	633.000000
362.830000	572.000000
362.835000	673.000000
362.840000	584.000000
362.845000	479.000000
362.850000	564.000000
362.855000	541.000000
362.860000	637.000000
362.865000	503.000000
362.870000	618.000000
362.875000	530.000000
362.880000	723.000000
362.885000	749.000000
362.890000	601.000000
362.895000	699.000000
362.900000	743.000000
362.905000	562.000000
362.910000	765.000000
362.915000	875.000000
362.920000	771.000000
362.925000	675.000000
362.930000	535.000000
362.935000	705.000000
362.940000	802.000000
362.945000	695.000000
362.950000	537.000000
362.955000	783.000000
362.960000	883.000000
362.965000	861.000000
362.970000	787.000000
362.975000	830.000000
362.980000	822.000000
362.985000	798.000000
362.990000	698.000000
362.995000	914.000000
363.000000	837.000000
363.005000	869.000000
363.010000	853.000000
363.015000	799.000000
363.020000	936.000000
363.025000	791.000000
363.030000	882.000000
363.035000	1004.000000
363.040000	994.000000
363.045000	932.000000
363.050000	980.000000
363.055000	940.000000
363.060000	995.000000
363.065000	1137.000000
363.070000	950.000000
363.075000	1137.000000
363.080000	1141.000000
363.085000	1032.000000
363.090000	1070.000000
363.095000	837.000000
363.100000	1316.000000
363.105000	1173.000000
363.110000	1229.000000
363.115000	1150.000000
363.120000	1073.000000
363.125000	1129.000000
363.130000	1199.000000
363.135000	1365.000000
363.140000	1248.000000
363.145000	1232.000000
363.150000	1421.000000
363.155000	1271.000000
363.160000	1309.000000
363.165000	1097.000000
363.170000	1579.000000
363.175000	1254.000000
363.180000	1415.000000
363.185000	1613.000000
363.190000	1311.000000
363.195000	1286.000000
363.200000	1464.000000
363.205000	1494.000000
363.210000	1533.000000
363.215000	1476.000000
363.220000	1571.000000
363.225000	1539.000000
363.230000	1613.000000
363.235000	1709.000000
363.240000	1499.000000
363.245000	1658.000000
363.250000	1617.000000
363.255000	1767.000000
363.260000	1540.000000
363.265000	1622.000000
363.270000	1969.000000
363.275000	1990.000000
363.280000	1790.000000
363.285000	1747.000000
363.290000	1635.000000
363.295000	1787.000000
363.300000	1729.000000
363.305000	1735.000000
363.310000	1964.000000
363.315000	2036.000000
363.320000	1921.000000
363.325000	1876.000000
363.330000	2155.000000
363.335000	2066.000000
363.340000	1920.000000
363.345000	2231.000000
363.350000	2169.000000
363.355000	2265.000000
363.360000	2102.000000
363.365000	2161.000000
363.370000	2236.000000
363.375000	2250.000000
363.380000	2305.000000
363.385000	2323.000000
363.390000	2384.000000
363.395000	2344.000000
363.400000	2147.000000
363.405000	2320.000000
363.410000	2616.000000
363.415000	2469.000000
363.420000	2503.000000
363.425000	2867.000000
363.430000	2702.000000
363.435000	2661.000000
363.440000	2708.000000
363.445000	2945.000000
363.450000	2936.000000
363.455000	2539.000000
363.460000	2912.000000
363.465000	2958.000000
363.470000	2826.000000
363.475000	2945.000000
363.480000	3031.000000
363.485000	2933.000000
363.490000	3146.000000
363.495000	3113.000000
363.500000	3024.000000
363.505000	3158.000000
363.510000	3417.000000
363.515000	3405.000000
363.520000	3525.000000
363.525000	3326.000000
363.530000	3762.000000
363.535000	3597.000000
363.540000	3364.000000
363.545000	3675.000000
363.550000	3530.000000
363.555000	3605.000000
363.560000	3725.000000
363.565000	3970.000000
363.570000	3668.000000
363.575000	3847.000000
363.580000	4023.000000
363.585000	4120.000000
363.590000	3571.000000
363.595000	3780.000000
363.600000	3855.000000
363.605000	4420.000000
363.610000	4035.000000
363.615000	4107.000000
363.620000	4450.000000
363.625000	5052.000000
363.630000	4980.000000
363.635000	4454.000000
363.640000	4129.000000
363.645000	4644.000000
363.650000	4240.000000
363.655000	5014.000000
363.660000	4900.000000
363.665000	4671.000000
363.670000	4845.000000
363.675000	4841.000000
363.680000	5125.000000
363.685000	5023.000000
363.690000	5465.000000
363.695000	5596.000000
363.700000	5178.000000
363.705000	5538.000000
363.710000	5176.000000
363.715000	5021.000000
363.720000	5417.000000
363.725000	5619.000000
363.730000	5572.000000
363.735000	6025.000000
363.740000	5747.000000
363.745000	5857.000000
363.750000	5804.000000
363.755000	6039.000000
363.760000	5775.000000
363.765000	6149.000000
363.770000	6280.000000
363.775000	5796.000000
363.780000	6272.000000
363.785000	6402.000000
363.790000	6012.000000
363.795000	6517.000000
363.800000	7031.000000
363.805000	6924.000000
363.810000	6442.000000
363.815000	6994.000000
363.820000	7061.000000
363.825000	7045.000000
363.830000	7275.000000
363.835000	6977.000000
363.840000	7257.000000
363.845000	7193.000000
363.850000	7173.000000
363.855000	7589.000000
363.860000	7870.000000
363.865000	7597.000000
363.870000	7855.000000
363.875000	8038.000000
363.880000	7659.000000
363.885000	8374.000000
363.890000	8049.000000
363.895000	8112.000000
363.900000	8504.000000
363.905000	8383.000000
363.910000	8277.000000
363.915000	8632.000000
363.920000	8658.000000
363.925000	9349.000000
363.930000	8995.000000
363.935000	8576.000000
363.940000	9023.000000
363.945000	9349.000000
363.950000	8769.000000
363.955000	9149.000000
363.960000	9497.000000
363.965000	9602.000000
363.970000	9353.000000
363.975000	9439.000000
363.980000	9429.000000
363.985000	9527.000000
363.990000	10045.000000
363.995000	9973.000000
364.000000	9970.000000
364.005000	9938.000000
364.010000	9992.000000
364.015000	10191.000000
364.020000	10762.000000
364.025000	11002.000000
364.030000	10184.000000
364.035000	10226.000000
364.040000	10350.000000
364.045000	10732.000000
364.050000	11035.000000
364.055000	10710.000000
364.060000	10746.000000
364.065000	11409.000000
364.070000	10597.000000
364.075000	10784.000000
364.080000	11120.000000
364.085000	11357.000000
364.090000	11164.000000
364.095000	11856.000000
364.100000	11324.000000
364.105000	11538.000000
364.110000	12186.000000
364.115000	12108.000000
364.120000	11524.000000
364.125000	12464.000000
364.130000	11840.000000
364.135000	12139.000000
364.140000	12090.000000
364.145000	11506.000000
364.150000	11772.000000
364.155000	12300.000000
364.160000	12484.000000
364.165000	12136.000000
364.170000	12229.000000
364.175000	12291.000000
364.180000	12589.000000
364.185000	12754.000000
364.190000	12232.000000
364.195000	12570.000000
364.200000	12776.000000
364.205000	12676.000000
364.210000	12923.000000
364.215000	12519.000000
364.220000	13069.000000
364.225000	13084.000000
364.230000	12894.000000
364.235000	13113.000000
364.240000	12294.000000
364.245000	13951.000000
364.250000	13009.000000
364.255000	13705.000000
364.260000	13612.000000
364.265000	13444.000000
364.270000	13341.000000
364.275000	13179.000000
364.280000	13617.000000
364.285000	13941.000000
364.290000	13851.000000
364.295000	13118.000000
364.300000	13805.000000
364.305000	14229.000000
364.310000	13715.000000
364.315000	13611.000000
364.320000	13746.000000
364.325000	13233.000000
364.330000	14369.000000
364.335000	13419.000000
364.340000	12939.000000
364.345000	13487.000000
364.350000	13242.000000
364.355000	13599.000000
364.360000	13461.000000
364.365000	14652.000000
364.370000	14213.000000
364.375000	13928.000000
364.380000	13904.000000
364.385000	13454.000000
364.390000	13010.000000
364.395000	13131.000000
364.400000	13334.000000
364.405000	14304.000000
364.410000	13459.000000
364.415000	13293.000000
364.420000	13524.000000
364.425000	12996.000000
364.430000	13721.000000
364.435000	13265.000000
364.440000	13722.000000
364.445000	13521.000000
364.450000	13750.000000
364.455000	13474.000000
364.460000	13521.000000
364.465000	12808.000000
364.470000	13194.000000
364.475000	12825.000000
364.480000	13815.000000
364.485000	12744.000000
364.490000	13276.000000
364.495000	13326.000000
364.500000	13575.000000
364.505000	13091.000000
364.510000	13176.000000
364.515000	13057.000000
364.520000	13317.000000
364.525000	13277.000000
364.530000	13094.000000
364.535000	13042.000000
364.540000	13572.000000
364.545000	12465.000000
364.550000	13021.000000
364.555000	13264.000000
364.560000	13081.000000
364.565000	12392.000000
364.570000	12308.000000
364.575000	12790.000000
364.580000	12911.000000
364.585000	13292.000000
364.590000	12438.000000
364.595000	12480.000000
364.600000	12365.000000
364.605000	11641.000000
364.610000	12835.000000
364.615000	12768.000000
364.620000	11743.000000
364.625000	12556.000000
364.630000	12045.000000
364.635000	11866.000000
364.640000	12335.000000
364.645000	12138.000000
364.650000	11920.000000
364.655000	12054.000000
364.660000	11554.000000
364.665000	11416.000000
364.670000	11845.000000
364.675000	11079.000000
364.680000	11120.000000
364.685000	10902.000000
364.690000	10554.000000
364.695000	11606.000000
364.700000	10909.000000
364.705000	11101.000000
364.710000	11711.000000
364.715000	11048.000000
364.720000	10946.000000
364.725000	11166.000000
364.730000	10800.000000
364.735000	10452.000000
364.740000	10081.000000
364.745000	10707.000000
364.750000	10378.000000
364.755000	10306.000000
364.760000	9764.000000
364.765000	9727.000000
364.770000	10082.000000
364.775000	9814.000000
364.780000	10169.000000
364.785000	9973.000000
364.790000	9955.000000
364.795000	10330.000000
364.800000	9790.000000
364.805000	10367.000000
364.810000	9660.000000
364.815000	9585.000000
364.820000	9701.000000
364.825000	9778.000000
364.830000	9496.000000
364.835000	8991.000000
364.840000	9244.000000
364.845000	8724.000000
364.850000	8934.000000
364.855000	8881.000000
364.860000	8456.000000
364.865000	8848.000000
364.870000	8394.000000
364.875000	8790.000000
364.880000	8621.000000
364.885000	8499.000000
364.890000	8275.000000
364.895000	8667.000000
364.900000	8421.000000
364.905000	8080.000000
364.910000	8486.000000
364.915000	8092.000000
364.920000	7910.000000
364.925000	7916.000000
364.930000	7731.000000
364.935000	7497.000000
364.940000	7811.000000
364.945000	7592.000000
364.950000	7901.000000
364.955000	8005.000000
364.960000	7057.000000
364.965000	7279.000000
364.970000	7678.000000
364.975000	7155.000000
364.980000	7175.000000
364.985000	6940.000000
364.990000	6923.000000
364.995000	6960.000000
365.000000	7203.000000
365.005000	7112.000000
365.010000	6845.000000
365.015000	7017.000000
365.020000	6463.000000
365.025000	6498.000000
365.030000	6514.000000
365.035000	6913.000000
365.040000	6581.000000
365.045000	6394.000000
365.050000	6168.000000
365.055000	6644.000000
365.060000	6315.000000
365.065000	6326.000000
365.070000	5925.000000
365.075000	5804.000000
365.080000	6238.000000
365.085000	6328.000000
365.090000	5996.000000
365.095000	5662.000000
365.100000	5939.000000
365.105000	5854.000000
365.110000	6167.000000
365.115000	5641.000000
365.120000	5195.000000
365.125000	5328.000000
365.130000	5666.000000
365.135000	5463.000000
365.140000	5129.000000
365.145000	5587.000000
365.150000	4970.000000
365.155000	4738.000000
365.160000	5178.000000
365.165000	5252.000000
365.170000	5084.000000
365.175000	4976.000000
365.180000	4725.000000
365.185000	4579.000000
365.190000	4779.000000
365.195000	4695.000000
365.200000	4667.000000
365.205000	4320.000000
365.210000	5084.000000
365.215000	4674.000000
365.220000	4937.000000
365.225000	4356.000000
365.230000	4416.000000
365.235000	4730.000000
365.240000	4032.000000
365.245000	4213.000000
365.250000	4135.000000
365.255000	4331.000000
365.260000	3958.000000
365.265000	4013.000000
365.270000	3868.000000
365.275000	4400.000000
365.280000	3925.000000
365.285000	4121.000000
365.290000	3915.000000
365.295000	4220.000000
365.300000	4153.000000
365.305000	3722.000000
365.310000	3752.000000
365.315000	3557.000000
365.320000	3798.000000
365.325000	3564.000000
365.330000	3548.000000
365.335000	3403.000000
365.340000	3576.000000
365.345000	3740.000000
365.350000	3245.000000
365.355000	3158.000000
365.360000	3589.000000
365.365000	3333.000000
365.370000	3661.000000
365.375000	2962.000000
365.380000	3096.000000
365.385000	3117.000000
365.390000	2898.000000
365.395000	3336.000000
365.400000	3392.000000
365.405000	3157.000000
365.410000	3184.000000
365.415000	3098.000000
365.420000	3062.000000
365.425000	2807.000000
365.430000	2819.000000
365.435000	2874.000000
365.440000	2507.000000
365.445000	3097.000000
365.450000	2686.000000
365.455000	2726.000000
365.460000	2679.000000
365.465000	2644.000000
365.470000	2483.000000
365.475000	2551.000000
365.480000	2298.000000
365.485000	2494.000000
365.490000	2557.000000
365.495000	2336.000000
365.500000	2468.000000
365.505000	2437.000000
365.510000	2268.000000
365.515000	2485.000000
365.520000	2528.000000
365.525000	2294.000000
365.530000	2144.000000
365.535000	2228.000000
365.540000	2149.000000
365.545000	2363.000000
365.550000	1878.000000
365.555000	2261.000000
365.560000	2190.000000
365.565000	2302.000000
365.570000	2176.000000
365.575000	2007.000000
365.580000	1899.000000
365.585000	1897.000000
365.590000	1982.000000
365.595000	2126.000000
365.600000	1965.000000
365.605000	1966.000000
365.610000	2041.000000
365.615000	1966.000000
365.620000	2086.000000
365.625000	1689.000000
365.630000	1985.000000
365.635000	1894.000000
365.640000	1916.000000
365.645000	1621.000000
365.650000	1663.000000
365.655000	1574.000000
365.660000	1751.000000
365.665000	1918.000000
365.670000	1580.000000
365.675000	1437.000000
365.680000	1678.000000
365.685000	1761.000000
365.690000	1651.000000
365.695000	1731.000000
365.700000	1523.000000
365.705000	1519.000000
365.710000	1556.000000
365.715000	1435.000000
365.720000	1557.000000
365.725000	1671.000000
365.730000	1453.000000
365.735000	1284.000000
365.740000	1565.000000
365.745000	1416.000000
365.750000	1459.000000
365.755000	1323.000000
365.760000	1273.000000
365.765000	1446.000000
365.770000	1467.000000
365.775000	1581.000000
365.780000	1287.000000
365.785000	1421.000000
365.790000	1378.000000
365.795000	1493.000000
365.800000	1362.000000
365.805000	1186.000000
365.810000	1252.000000
365.815000	1104.000000
365.820000	1121.000000
365.825000	1171.000000
365.830000	1209.000000
365.835000	1136.000000
365.840000	1020.000000
365.845000	1275.000000
365.850000	1187.000000
365.855000	1223.000000
365.860000	1214.000000
365.865000	1050.000000
365.870000	1170.000000
365.875000	888.000000
365.880000	1065.000000
365.885000	1004.000000
365.890000	843.000000
365.895000	887.000000
365.900000	1090.000000
365.905000	967.000000
365.910000	718.000000
365.915000	1024.000000
365.920000	923.000000
365.925000	1059.000000
365.930000	1015.000000
365.935000	1032.000000
365.940000	1040.000000
365.945000	866.000000
365.950000	821.000000
365.955000	744.000000
365.960000	962.000000
365.965000	921.000000
365.970000	943.000000
365.975000	707.000000
365.980000	763.000000
365.985000	1032.000000
365.990000	911.000000
365.995000	900.000000
366.000000	813.000000
366.005000	832.000000
366.010000	673.000000
366.015000	688.000000
366.020000	827.000000
366.025000	773.000000
366.030000	757.000000
366.035000	696.000000
366.040000	827.000000
366.045000	815.000000
366.050000	703.000000
366.055000	678.000000
366.060000	877.000000
366.065000	780.000000
366.070000	688.000000
366.075000	991.000000
366.080000	627.000000
366.085000	903.000000
366.090000	763.000000
366.095000	732.000000
366.100000	807.000000
366.105000	655.000000
366.110000	723.000000
366.115000	767.000000
366.120000	665.000000
366.125000	652.000000
366.130000	584.000000
366.135000	702.000000
366.140000	794.000000
366.145000	640.000000
366.150000	603.000000
366.155000	723.000000
366.160000	685.000000
366.165000	735.000000
366.170000	581.000000
366.175000	664.000000
366.180000	716.000000
366.185000	617.000000
366.190000	656.000000
366.195000	494.000000
366.200000	718.000000
366.205000	681.000000
366.210000	755.000000
366.215000	536.000000
366.220000	587.000000
366.225000	669.000000
366.230000	689.000000
366.235000	778.000000
366.240000	602.000000
366.245000	708.000000
366.250000	643.000000
366.255000	641.000000
366.260000	735.000000
366.265000	655.000000
366.270000	720.000000
366.275000	636.000000
366.280000	712.000000
366.285000	576.000000
366.290000	608.000000
366.295000	721.000000
366.300000	665.000000
366.305000	556.000000
366.310000	739.000000
366.315000	673.000000
366.320000	786.000000
366.325000	700.000000
366.330000	659.000000
366.335000	691.000000
366.340000	928.000000
366.345000	773.000000
366.350000	798.000000
366.355000	776.000000
366.360000	831.000000
366.365000	727.000000
366.370000	965.000000
366.375000	777.000000
366.380000	1050.000000
366.385000	965.000000
366.390000	928.000000
366.395000	1227.000000
366.400000	1115.000000
366.405000	1128.000000
366.410000	1181.000000
366.415000	1349.000000
366.420000	1194.000000
366.425000	1214.000000
366.430000	1353.000000
366.435000	1400.000000
366.440000	1342.000000
366.445000	1632.000000
366.450000	1611.000000
366.455000	1751.000000
366.460000	1462.000000
366.465000	1693.000000
366.470000	1668.000000
366.475000	1692.000000
366.480000	1615.000000
366.485000	1685.000000
366.490000	1594.000000
366.495000	1635.000000
366.500000	1531.000000
366.505000	1358.000000
366.510000	1738.000000
366.515000	1550.000000
366.520000	1679.000000
366.525000	1393.000000
366.530000	1490.000000
366.535000	1477.000000
366.540000	1715.000000
366.545000	1706.000000
366.550000	1372.000000
366.555000	1519.000000
366.560000	1470.000000
366.565000	1570.000000
366.570000	1619.000000
366.575000	1787.000000
366.580000	1864.000000
366.585000	1739.000000
366.590000	1789.000000
366.595000	1794.000000
366.600000	1736.000000
366.605000	1850.000000
366.610000	1970.000000
366.615000	2118.000000
366.620000	2263.000000
366.625000	2264.000000
366.630000	2354.000000
366.635000	2379.000000
366.640000	2657.000000
366.645000	2450.000000
366.650000	2644.000000
366.655000	2857.000000
366.660000	2999.000000
366.665000	3047.000000
366.670000	3252.000000
366.675000	3525.000000
366.680000	3714.000000
366.685000	3893.000000
366.690000	4291.000000
366.695000	4664.000000
366.700000	4881.000000
366.705000	5047.000000
366.710000	4920.000000
366.715000	4382.000000
366.720000	4476.000000
366.725000	3908.000000
366.730000	4670.000000
366.735000	4441.000000
366.740000	4229.000000
366.745000	4713.000000
366.750000	5063.000000
366.755000	5028.000000
366.760000	5132.000000
366.765000	5734.000000
366.770000	5960.000000
366.775000	5544.000000
366.780000	6044.000000
366.785000	6375.000000
366.790000	6965.000000
366.795000	6493.000000
366.800000	7080.000000
366.805000	6636.000000
366.810000	7006.000000
366.815000	7594.000000
366.820000	8124.000000
366.825000	7845.000000
366.830000	8692.000000
366.835000	9216.000000
366.840000	8975.000000
366.845000	10030.000000
366.850000	10108.000000
366.855000	9946.000000
366.860000	9921.000000
366.865000	9896.000000
366.870000	10495.000000
366.875000	10593.000000
366.880000	11375.000000
366.885000	10845.000000
366.890000	11444.000000
366.895000	12280.000000
366.900000	12309.000000
366.905000	13352.000000
366.910000	13485.000000
366.915000	13303.000000
366.920000	13174.000000
366.925000	13767.000000
366.930000	14103.000000
366.935000	14309.000000
366.940000	14318.000000
366.945000	14661.000000
366.950000	15615.000000
366.955000	15275.000000
366.960000	16307.000000
366.965000	15684.000000
366.970000	15951.000000
366.975000	16150.000000
366.980000	16079.000000
366.985000	17118.000000
366.990000	16878.000000
366.995000	16715.000000
367.000000	17886.000000
367.005000	18194.000000
367.010000	19522.000000
367.015000	19589.000000
367.020000	20183.000000
367.025000	21081.000000
367.030000	21660.000000
367.035000	22712.000000
367.040000	21755.000000
367.045000	22202.000000
367.050000	22264.000000
367.055000	23378.000000
367.060000	23527.000000
367.065000	23062.000000
367.070000	24521.000000
367.075000	24245.000000
367.080000	24050.000000
367.085000	24590.000000
367.090000	25322.000000
367.095000	26009.000000
367.100000	26735.000000
367.105000	26335.000000
367.110000	26826.000000
367.115000	27381.000000
367.120000	27843.000000
367.125000	28859.000000
367.130000	29398.000000
367.135000	30913.000000
367.140000	31390.000000
367.145000	31685.000000
367.150000	31572.000000
367.155000	32879.000000
367.160000	33235.000000
367.165000	33255.000000
367.170000	34993.000000
367.175000	35690.000000
367.180000	37193.000000
367.185000	38551.000000
367.190000	38423.000000
367.195000	38863.000000
367.200000	40432.000000
367.205000	41765.000000
367.210000	42751.000000
367.215000	44001.000000
367.220000	46594.000000
367.225000	46320.000000
367.230000	47019.000000
367.235000	49275.000000
367.240000	51099.000000
367.245000	52246.000000
367.250000	54517.000000
367.255000	57122.000000
367.260000	58452.000000
367.265000	58521.000000
367.270000	60846.000000
367.275000	60697.000000
367.280000	64062.000000
367.285000	67213.000000
367.290000	66822.000000
367.295000	69415.000000
367.300000	74721.000000
367.305000	75171.000000
367.310000	76174.000000
367.315000	80159.000000
367.320000	82136.000000
367.325000	85387.000000
367.330000	88164.000000
367.335000	91948.000000
367.340000	93455.000000
367.345000	98411.000000
367.350000	100042.000000
367.355000	104997.000000
367.360000	108553.000000
367.365000	111324.000000
367.370000	115131.000000
367.375000	119401.000000
367.380000	124378.000000
367.385000	127388.000000
367.390000	130346.000000
367.395000	135401.000000
367.400000	136856.000000
367.405000	142816.000000
367.410000	147745.000000
367.415000	151724.000000
367.420000	154735.000000
367.425000	161264.000000
367.430000	164879.000000
367.435000	166330.000000
367.440000	172854.000000
367.445000	177452.000000
367.450000	180107.000000
367.455000	183779.000000
367.460000	190931.000000
367.465000	193062.000000
367.470000	196193.000000
367.475000	196737.000000
367.480000	201917.000000
367.485000	207324.000000
367.490000	205756.000000
367.495000	209687.000000
367.500000	211381.000000
367.505000	212791.000000
367.510000	213185.000000
367.515000	216964.000000
367.520000	215318.000000
367.525000	219770.000000
367.530000	220724.000000
367.535000	221786.000000
367.540000	227696.000000
367.545000	224736.000000
367.550000	231937.000000
367.555000	232530.000000
367.560000	237161.000000
367.565000	235453.000000
367.570000	230271.000000
367.575000	221501.000000
367.580000	221871.000000
367.585000	221144.000000
367.590000	217333.000000
367.595000	218306.000000
367.600000	215177.000000
367.605000	211771.000000
367.610000	212735.000000
367.615000	207779.000000
367.620000	204317.000000
367.625000	204407.000000
367.630000	199857.000000
367.635000	198167.000000
367.640000	195825.000000
367.645000	193826.000000
367.650000	191108.000000
367.655000	186975.000000
367.660000	183459.000000
367.665000	182477.000000
367.670000	177179.000000
367.675000	175115.000000
367.680000	176369.000000
367.685000	171554.000000
367.690000	164695.000000
367.695000	165467.000000
367.700000	165583.000000
367.705000	161689.000000
367.710000	159268.000000
367.715000	159417.000000
367.720000	153597.000000
367.725000	154152.000000
367.730000	151560.000000
367.735000	149536.000000
367.740000	144624.000000
367.745000	144934.000000
367.750000	142587.000000
367.755000	137552.000000
367.760000	137735.000000
367.765000	137833.000000
367.770000	133697.000000
367.775000	131915.000000
367.780000	128474.000000
367.785000	126081.000000
367.790000	123126.000000
367.795000	123991.000000
367.800000	122297.000000
367.805000	120182.000000
367.810000	117172.000000
367.815000	114757.000000
367.820000	114274.000000
367.825000	109837.000000
367.830000	110255.000000
367.835000	106848.000000
367.840000	105633.000000
367.845000	106099.000000
367.850000	103673.000000
367.855000	101163.000000
367.860000	99011.000000
367.865000	98561.000000
367.870000	99685.000000
367.875000	97337.000000
367.880000	96074.000000
367.885000	94544.000000
367.890000	95224.000000
367.895000	94038.000000
367.900000	95252.000000
367.905000	91023.000000
367.910000	92444.000000
367.915000	90370.000000
367.920000	90145.000000
367.925000	89834.000000
367.930000	88712.000000
367.935000	89980.000000
367.940000	87824.000000
367.945000	85424.000000
367.950000	86218.000000
367.955000	83376.000000
367.960000	84002.000000
367.965000	81778.000000
367.970000	81926.000000
367.975000	80688.000000
367.980000	80487.000000
367.985000	79071.000000
367.990000	77737.000000
367.995000	77444.000000
368.000000	76611.000000
368.005000	75005.000000
368.010000	76861.000000
368.015000	76354.000000
368.020000	74202.000000
368.025000	73831.000000
368.030000	75191.000000
368.035000	73046.000000
368.040000	72102.000000
368.045000	73052.000000
368.050000	71823.000000
368.055000	73295.000000
368.060000	72619.000000
368.065000	70565.000000
368.070000	71836.000000
368.075000	70584.000000
368.080000	70804.000000
368.085000	72606.000000
368.090000	70382.000000
368.095000	70960.000000
368.100000	71584.000000
368.105000	73249.000000
368.110000	72747.000000
368.115000	75830.000000
368.120000	76924.000000
368.125000	78713.000000
368.130000	81904.000000
368.135000	86188.000000
368.140000	82976.000000
368.145000	76705.000000
368.150000	73948.000000
368.155000	72455.000000
368.160000	74227.000000
368.165000	75465.000000
368.170000	78720.000000
368.175000	79272.000000
368.180000	80574.000000
368.185000	76024.000000
368.190000	73771.000000
368.195000	74366.000000
368.200000	72762.000000
368.205000	78531.000000
368.210000	77117.000000
368.215000	74485.000000
368.220000	72548.000000
368.225000	70926.000000
368.230000	71775.000000
368.235000	72163.000000
368.240000	75092.000000
368.245000	74973.000000
368.250000	76788.000000
368.255000	78017.000000
368.260000	77632.000000
368.265000	75128.000000
368.270000	75225.000000
368.275000	77586.000000
368.280000	77729.000000
368.285000	80372.000000
368.290000	81513.000000
368.295000	84247.000000
368.300000	87309.000000
368.305000	92044.000000
368.310000	95027.000000
368.315000	102097.000000
368.320000	108186.000000
368.325000	116096.000000
368.330000	124836.000000
368.335000	136407.000000
368.340000	150903.000000
368.345000	159222.000000
368.350000	169064.000000
368.355000	170038.000000
368.360000	161413.000000
368.365000	153111.000000
368.370000	138026.000000
368.375000	123628.000000
368.380000	110684.000000
368.385000	100982.000000
368.390000	95033.000000
368.395000	94549.000000
368.400000	94233.000000
368.405000	90539.000000
368.410000	79502.000000
368.415000	72158.000000
368.420000	66838.000000
368.425000	61405.000000
368.430000	58694.000000
368.435000	56914.000000
368.440000	54810.000000
368.445000	52889.000000
368.450000	52688.000000
368.455000	50451.000000
368.460000	49239.000000
368.465000	49386.000000
368.470000	48299.000000
368.475000	46717.000000
368.480000	46837.000000
368.485000	48450.000000
368.490000	44163.000000
368.495000	45578.000000
368.500000	43511.000000
368.505000	43886.000000
368.510000	42113.000000
368.515000	42825.000000
368.520000	41116.000000
368.525000	42034.000000
368.530000	39969.000000
368.535000	40463.000000
368.540000	40025.000000
368.545000	38585.000000
368.550000	39525.000000
368.555000	37948.000000
368.560000	39107.000000
368.565000	38192.000000
368.570000	37861.000000
368.575000	38479.000000
368.580000	37384.000000
368.585000	36714.000000
368.590000	36987.000000
368.595000	37540.000000
368.600000	37044.000000
368.605000	35721.000000
368.610000	36520.000000
368.615000	37228.000000
368.620000	36950.000000
368.625000	36222.000000
368.630000	36627.000000
368.635000	36794.000000
368.640000	36579.000000
368.645000	38926.000000
368.650000	38723.000000
368.655000	39539.000000
368.660000	40968.000000
368.665000	42829.000000
368.670000	44766.000000
368.675000	48245.000000
368.680000	51805.000000
368.685000	61534.000000
368.690000	75080.000000
368.695000	82889.000000
368.700000	99390.000000
368.705000	109898.000000
368.710000	120967.000000
368.715000	131072.000000
368.720000	144818.000000
368.725000	187247.000000
368.730000	245720.000000
368.735000	270479.000000
368.740000	198979.000000
368.745000	126619.000000
368.750000	88699.000000
368.755000	70196.000000
368.760000	56885.000000
368.765000	48204.000000
368.770000	43201.000000
368.775000	40126.000000
368.780000	38659.000000
368.785000	35512.000000
368.790000	34850.000000
368.795000	32664.000000
368.800000	31938.000000
368.805000	30469.000000
368.810000	30518.000000
368.815000	28946.000000
368.820000	29074.000000
368.825000	28459.000000
368.830000	27201.000000
368.835000	26122.000000
368.840000	26918.000000
368.845000	25196.000000
368.850000	25287.000000
368.855000	25473.000000
368.860000	23965.000000
368.865000	24086.000000
368.870000	23844.000000
368.875000	23633.000000
368.880000	23171.000000
368.885000	21890.000000
368.890000	22757.000000
368.895000	22969.000000
368.900000	22012.000000
368.905000	22183.000000
368.910000	21749.000000
368.915000	21608.000000
368.920000	21545.000000
368.925000	21384.000000
368.930000	20846.000000
368.935000	20941.000000
368.940000	20353.000000
368.945000	20225.000000
368.950000	19672.000000
368.955000	19146.000000
368.960000	19662.000000
368.965000	19366.000000
368.970000	19399.000000
368.975000	19337.000000
368.980000	18814.000000
368.985000	19249.000000
368.990000	18685.000000
368.995000	18469.000000
369.000000	18364.000000
369.005000	18025.000000
369.010000	18496.000000
369.015000	17719.000000
369.020000	19010.000000
369.025000	17980.000000
369.030000	18254.000000
369.035000	16565.000000
369.040000	17525.000000
369.045000	17111.000000
369.050000	16970.000000
369.055000	16505.000000
369.060000	16967.000000
369.065000	16450.000000
369.070000	16310.000000
369.075000	16793.000000
369.080000	16369.000000
369.085000	15811.000000
369.090000	15952.000000
369.095000	16514.000000
369.100000	16097.000000
369.105000	15939.000000
369.110000	15643.000000
369.115000	15089.000000
369.120000	15040.000000
369.125000	15613.000000
369.130000	14620.000000
369.135000	14861.000000
369.140000	15512.000000
369.145000	15105.000000
369.150000	15087.000000
369.155000	14528.000000
369.160000	14228.000000
369.165000	14186.000000
369.170000	14343.000000
369.175000	14138.000000
369.180000	13947.000000
369.185000	14539.000000
369.190000	14787.000000
369.195000	14596.000000
369.200000	13801.000000
369.205000	14336.000000
369.210000	13713.000000
369.215000	13550.000000
369.220000	13825.000000
369.225000	13301.000000
369.230000	13541.000000
369.235000	12883.000000
369.240000	13887.000000
369.245000	13232.000000
369.250000	13021.000000
369.255000	12484.000000
369.260000	12850.000000
369.265000	12972.000000
369.270000	12366.000000
369.275000	11910.000000
369.280000	12154.000000
369.285000	12600.000000
369.290000	12827.000000
369.295000	12113.000000
369.300000	12582.000000
369.305000	12564.000000
369.310000	12088.000000
369.315000	11764.000000
369.320000	12478.000000
369.325000	11797.000000
369.330000	12094.000000
369.335000	12053.000000
369.340000	12018.000000
369.345000	11920.000000
369.350000	11599.000000
369.355000	11644.000000
369.360000	11116.000000
369.365000	10839.000000
369.370000	11200.000000
369.375000	10994.000000
369.380000	11123.000000
369.385000	10996.000000
369.390000	11114.000000
369.395000	11561.000000
369.400000	10699.000000
369.405000	11034.000000
369.410000	11110.000000
369.415000	11071.000000
369.420000	10785.000000
369.425000	10838.000000
369.430000	10720.000000
369.435000	10367.000000
369.440000	10348.000000
369.445000	10248.000000
369.450000	10533.000000
369.455000	10077.000000
369.460000	10114.000000
369.465000	10142.000000
369.470000	10290.000000
369.475000	10110.000000
369.480000	10598.000000
369.485000	9798.000000
369.490000	10258.000000
369.495000	9966.000000
369.500000	9718.000000
369.505000	10273.000000
369.510000	10237.000000
369.515000	9391.000000
369.520000	9410.000000
369.525000	9845.000000
369.530000	10039.000000
369.535000	9691.000000
369.540000	9123.000000
369.545000	9488.000000
369.550000	9651.000000
369.555000	9530.000000
369.560000	9390.000000
369.565000	9016.000000
369.570000	9646.000000
369.575000	9010.000000
369.580000	9448.000000
369.585000	9012.000000
369.590000	9350.000000
369.595000	9275.000000
369.600000	8665.000000
369.605000	9043.000000
369.610000	9386.000000
369.615000	9671.000000
369.620000	8726.000000
369.625000	8726.000000
369.630000	8803.000000
369.635000	8657.000000
369.640000	8217.000000
369.645000	9142.000000
369.650000	8668.000000
369.655000	8717.000000
369.660000	8759.000000
369.665000	8381.000000
369.670000	8427.000000
369.675000	8054.000000
369.680000	8242.000000
369.685000	8149.000000
369.690000	8564.000000
369.695000	8789.000000
369.700000	8349.000000
369.705000	7686.000000
369.710000	8741.000000
369.715000	8496.000000
369.720000	7686.000000
369.725000	8087.000000
369.730000	8619.000000
369.735000	8277.000000
369.740000	8104.000000
369.745000	8184.000000
369.750000	8101.000000
369.755000	7243.000000
369.760000	8183.000000
369.765000	7812.000000
369.770000	8162.000000
369.775000	7728.000000
369.780000	7769.000000
369.785000	7829.000000
369.790000	8476.000000
369.795000	7614.000000
369.800000	7966.000000
369.805000	7642.000000
369.810000	7800.000000
369.815000	7479.000000
369.820000	7600.000000
369.825000	7368.000000
369.830000	8117.000000
369.835000	7299.000000
369.840000	7174.000000
369.845000	7192.000000
369.850000	7206.000000
369.855000	7400.000000
369.860000	7505.000000
369.865000	7705.000000
369.870000	7280.000000
369.875000	7237.000000
369.880000	7342.000000
369.885000	7591.000000
369.890000	6883.000000
369.895000	7027.000000
369.900000	7334.000000
369.905000	7088.000000
369.910000	7082.000000
369.915000	6823.000000
369.920000	7108.000000
369.925000	6970.000000
369.930000	6880.000000
369.935000	7130.000000
369.940000	7147.000000
369.945000	6484.000000
369.950000	6309.000000
369.955000	6757.000000
369.960000	6589.000000
369.965000	6509.000000
369.970000	6882.000000
369.975000	6757.000000
369.980000	5938.000000
369.985000	6197.000000
369.990000	6369.000000
369.995000	6474.000000
370.000000	6611.000000
