Sample ID:		H1107 20um slit 20mW power
Start Time:		Thu Jul 09 2020 12:12:33 PM
Averaging Time:		1.000s

365.000000	97.000000
365.005000	29.000000
365.010000	44.000000
365.015000	15.000000
365.020000	47.000000
365.025000	63.000000
365.030000	63.000000
365.035000	38.000000
365.040000	101.000000
365.045000	37.000000
365.050000	79.000000
365.055000	39.000000
365.060000	41.000000
365.065000	58.000000
365.070000	10.000000
365.075000	41.000000
365.080000	29.000000
365.085000	95.000000
365.090000	34.000000
365.095000	41.000000
365.100000	33.000000
365.105000	104.000000
365.110000	47.000000
365.115000	28.000000
365.120000	61.000000
365.125000	57.000000
365.130000	42.000000
365.135000	22.000000
365.140000	123.000000
365.145000	21.000000
365.150000	110.000000
365.155000	24.000000
365.160000	30.000000
365.165000	14.000000
365.170000	32.000000
365.175000	58.000000
365.180000	67.000000
365.185000	34.000000
365.190000	21.000000
365.195000	31.000000
365.200000	31.000000
365.205000	88.000000
365.210000	99.000000
365.215000	40.000000
365.220000	28.000000
365.225000	39.000000
365.230000	71.000000
365.235000	21.000000
365.240000	64.000000
365.245000	110.000000
365.250000	81.000000
365.255000	35.000000
365.260000	42.000000
365.265000	34.000000
365.270000	66.000000
365.275000	67.000000
365.280000	58.000000
365.285000	66.000000
365.290000	39.000000
365.295000	5.000000
365.300000	22.000000
365.305000	21.000000
365.310000	37.000000
365.315000	72.000000
365.320000	62.000000
365.325000	42.000000
365.330000	56.000000
365.335000	50.000000
365.340000	57.000000
365.345000	61.000000
365.350000	41.000000
365.355000	52.000000
365.360000	43.000000
365.365000	58.000000
365.370000	58.000000
365.375000	22.000000
365.380000	29.000000
365.385000	43.000000
365.390000	46.000000
365.395000	32.000000
365.400000	76.000000
365.405000	38.000000
365.410000	39.000000
365.415000	36.000000
365.420000	57.000000
365.425000	58.000000
365.430000	7.000000
365.435000	33.000000
365.440000	51.000000
365.445000	12.000000
365.450000	27.000000
365.455000	41.000000
365.460000	21.000000
365.465000	28.000000
365.470000	4.000000
365.475000	21.000000
365.480000	20.000000
365.485000	12.000000
365.490000	22.000000
365.495000	10.000000
365.500000	25.000000
365.505000	21.000000
365.510000	76.000000
365.515000	35.000000
365.520000	6.000000
365.525000	53.000000
365.530000	17.000000
365.535000	18.000000
365.540000	29.000000
365.545000	3.000000
365.550000	23.000000
365.555000	4.000000
365.560000	11.000000
365.565000	16.000000
365.570000	25.000000
365.575000	52.000000
365.580000	10.000000
365.585000	10.000000
365.590000	49.000000
365.595000	34.000000
365.600000	28.000000
365.605000	22.000000
365.610000	23.000000
365.615000	17.000000
365.620000	20.000000
365.625000	12.000000
365.630000	20.000000
365.635000	19.000000
365.640000	12.000000
365.645000	51.000000
365.650000	20.000000
365.655000	13.000000
365.660000	8.000000
365.665000	0.000000
365.670000	14.000000
365.675000	46.000000
365.680000	24.000000
365.685000	8.000000
365.690000	27.000000
365.695000	58.000000
365.700000	21.000000
365.705000	7.000000
365.710000	10.000000
365.715000	28.000000
365.720000	38.000000
365.725000	9.000000
365.730000	15.000000
365.735000	11.000000
365.740000	58.000000
365.745000	32.000000
365.750000	21.000000
365.755000	29.000000
365.760000	25.000000
365.765000	31.000000
365.770000	55.000000
365.775000	35.000000
365.780000	33.000000
365.785000	4.000000
365.790000	16.000000
365.795000	17.000000
365.800000	20.000000
365.805000	35.000000
365.810000	50.000000
365.815000	29.000000
365.820000	22.000000
365.825000	69.000000
365.830000	10.000000
365.835000	0.000000
365.840000	16.000000
365.845000	19.000000
365.850000	17.000000
365.855000	30.000000
365.860000	50.000000
365.865000	29.000000
365.870000	19.000000
365.875000	15.000000
365.880000	16.000000
365.885000	18.000000
365.890000	55.000000
365.895000	30.000000
365.900000	50.000000
365.905000	71.000000
365.910000	16.000000
365.915000	19.000000
365.920000	21.000000
365.925000	5.000000
365.930000	15.000000
365.935000	31.000000
365.940000	19.000000
365.945000	46.000000
365.950000	16.000000
365.955000	22.000000
365.960000	20.000000
365.965000	46.000000
365.970000	18.000000
365.975000	29.000000
365.980000	42.000000
365.985000	29.000000
365.990000	22.000000
365.995000	21.000000
366.000000	49.000000
366.005000	51.000000
366.010000	23.000000
366.015000	75.000000
366.020000	26.000000
366.025000	29.000000
366.030000	52.000000
366.035000	17.000000
366.040000	38.000000
366.045000	70.000000
366.050000	58.000000
366.055000	37.000000
366.060000	34.000000
366.065000	22.000000
366.070000	56.000000
366.075000	13.000000
366.080000	44.000000
366.085000	27.000000
366.090000	53.000000
366.095000	27.000000
366.100000	13.000000
366.105000	41.000000
366.110000	30.000000
366.115000	36.000000
366.120000	56.000000
366.125000	23.000000
366.130000	26.000000
366.135000	24.000000
366.140000	34.000000
366.145000	27.000000
366.150000	38.000000
366.155000	29.000000
366.160000	41.000000
366.165000	19.000000
366.170000	22.000000
366.175000	45.000000
366.180000	51.000000
366.185000	27.000000
366.190000	20.000000
366.195000	30.000000
366.200000	25.000000
366.205000	63.000000
366.210000	63.000000
366.215000	10.000000
366.220000	27.000000
366.225000	38.000000
366.230000	100.000000
366.235000	33.000000
366.240000	32.000000
366.245000	55.000000
366.250000	19.000000
366.255000	67.000000
366.260000	72.000000
366.265000	28.000000
366.270000	118.000000
366.275000	111.000000
366.280000	41.000000
366.285000	29.000000
366.290000	55.000000
366.295000	62.000000
366.300000	73.000000
366.305000	89.000000
366.310000	26.000000
366.315000	87.000000
366.320000	58.000000
366.325000	91.000000
366.330000	62.000000
366.335000	123.000000
366.340000	89.000000
366.345000	80.000000
366.350000	56.000000
366.355000	116.000000
366.360000	54.000000
366.365000	58.000000
366.370000	142.000000
366.375000	45.000000
366.380000	115.000000
366.385000	114.000000
366.390000	125.000000
366.395000	126.000000
366.400000	100.000000
366.405000	103.000000
366.410000	56.000000
366.415000	37.000000
366.420000	65.000000
366.425000	65.000000
366.430000	73.000000
366.435000	62.000000
366.440000	57.000000
366.445000	87.000000
366.450000	90.000000
366.455000	80.000000
366.460000	90.000000
366.465000	176.000000
366.470000	136.000000
366.475000	40.000000
366.480000	73.000000
366.485000	79.000000
366.490000	82.000000
366.495000	114.000000
366.500000	178.000000
366.505000	91.000000
366.510000	104.000000
366.515000	146.000000
366.520000	128.000000
366.525000	84.000000
366.530000	69.000000
366.535000	128.000000
366.540000	90.000000
366.545000	55.000000
366.550000	118.000000
366.555000	67.000000
366.560000	166.000000
366.565000	134.000000
366.570000	233.000000
366.575000	157.000000
366.580000	172.000000
366.585000	137.000000
366.590000	117.000000
366.595000	120.000000
366.600000	180.000000
366.605000	137.000000
366.610000	136.000000
366.615000	186.000000
366.620000	73.000000
366.625000	78.000000
366.630000	211.000000
366.635000	125.000000
366.640000	147.000000
366.645000	54.000000
366.650000	205.000000
366.655000	210.000000
366.660000	151.000000
366.665000	181.000000
366.670000	81.000000
366.675000	179.000000
366.680000	212.000000
366.685000	150.000000
366.690000	147.000000
366.695000	215.000000
366.700000	228.000000
366.705000	177.000000
366.710000	190.000000
366.715000	186.000000
366.720000	120.000000
366.725000	295.000000
366.730000	306.000000
366.735000	208.000000
366.740000	270.000000
366.745000	112.000000
366.750000	193.000000
366.755000	286.000000
366.760000	335.000000
366.765000	335.000000
366.770000	221.000000
366.775000	304.000000
366.780000	280.000000
366.785000	335.000000
366.790000	455.000000
366.795000	331.000000
366.800000	438.000000
366.805000	519.000000
366.810000	499.000000
366.815000	542.000000
366.820000	503.000000
366.825000	612.000000
366.830000	599.000000
366.835000	717.000000
366.840000	679.000000
366.845000	949.000000
366.850000	948.000000
366.855000	963.000000
366.860000	1205.000000
366.865000	1290.000000
366.870000	1482.000000
366.875000	1674.000000
366.880000	1667.000000
366.885000	1802.000000
366.890000	2411.000000
366.895000	2180.000000
366.900000	2264.000000
366.905000	1976.000000
366.910000	1892.000000
366.915000	1678.000000
366.920000	1782.000000
366.925000	1672.000000
366.930000	1993.000000
366.935000	1938.000000
366.940000	1582.000000
366.945000	1869.000000
366.950000	1837.000000
366.955000	1911.000000
366.960000	1660.000000
366.965000	1608.000000
366.970000	1793.000000
366.975000	2113.000000
366.980000	1925.000000
366.985000	2096.000000
366.990000	2174.000000
366.995000	2127.000000
367.000000	2182.000000
367.005000	2180.000000
367.010000	2335.000000
367.015000	2422.000000
367.020000	2614.000000
367.025000	2464.000000
367.030000	2354.000000
367.035000	2501.000000
367.040000	2863.000000
367.045000	2583.000000
367.050000	2596.000000
367.055000	2794.000000
367.060000	2917.000000
367.065000	2568.000000
367.070000	2635.000000
367.075000	2765.000000
367.080000	2692.000000
367.085000	2757.000000
367.090000	2604.000000
367.095000	3115.000000
367.100000	3641.000000
367.105000	3471.000000
367.110000	3735.000000
367.115000	4006.000000
367.120000	4027.000000
367.125000	4752.000000
367.130000	4695.000000
367.135000	5073.000000
367.140000	3715.000000
367.145000	3181.000000
367.150000	2660.000000
367.155000	2189.000000
367.160000	2392.000000
367.165000	2209.000000
367.170000	2108.000000
367.175000	2132.000000
367.180000	2042.000000
367.185000	2045.000000
367.190000	2080.000000
367.195000	1972.000000
367.200000	2244.000000
367.205000	2356.000000
367.210000	2307.000000
367.215000	2360.000000
367.220000	2601.000000
367.225000	2864.000000
367.230000	2653.000000
367.235000	2662.000000
367.240000	3278.000000
367.245000	2860.000000
367.250000	3075.000000
367.255000	2962.000000
367.260000	2900.000000
367.265000	3138.000000
367.270000	3579.000000
367.275000	3593.000000
367.280000	3675.000000
367.285000	3747.000000
367.290000	3794.000000
367.295000	3652.000000
367.300000	3605.000000
367.305000	4111.000000
367.310000	4293.000000
367.315000	3916.000000
367.320000	4608.000000
367.325000	4654.000000
367.330000	4971.000000
367.335000	5172.000000
367.340000	5044.000000
367.345000	4774.000000
367.350000	4919.000000
367.355000	5491.000000
367.360000	5179.000000
367.365000	6092.000000
367.370000	5755.000000
367.375000	6801.000000
367.380000	6613.000000
367.385000	6374.000000
367.390000	5768.000000
367.395000	5878.000000
367.400000	5056.000000
367.405000	5657.000000
367.410000	5837.000000
367.415000	6439.000000
367.420000	5979.000000
367.425000	6074.000000
367.430000	6302.000000
367.435000	6525.000000
367.440000	6228.000000
367.445000	7066.000000
367.450000	8004.000000
367.455000	8207.000000
367.460000	9476.000000
367.465000	9305.000000
367.470000	8320.000000
367.475000	7980.000000
367.480000	7992.000000
367.485000	8164.000000
367.490000	7877.000000
367.495000	8024.000000
367.500000	8314.000000
367.505000	9042.000000
367.510000	9338.000000
367.515000	10055.000000
367.520000	11124.000000
367.525000	10666.000000
367.530000	9730.000000
367.535000	9137.000000
367.540000	9308.000000
367.545000	9443.000000
367.550000	9083.000000
367.555000	9498.000000
367.560000	9047.000000
367.565000	9498.000000
367.570000	9992.000000
367.575000	9480.000000
367.580000	9767.000000
367.585000	10150.000000
367.590000	10872.000000
367.595000	10716.000000
367.600000	10221.000000
367.605000	10804.000000
367.610000	10305.000000
367.615000	11170.000000
367.620000	11206.000000
367.625000	11337.000000
367.630000	11941.000000
367.635000	11880.000000
367.640000	12792.000000
367.645000	12347.000000
367.650000	13247.000000
367.655000	13177.000000
367.660000	13363.000000
367.665000	13735.000000
367.670000	14618.000000
367.675000	14533.000000
367.680000	14536.000000
367.685000	14835.000000
367.690000	15300.000000
367.695000	16483.000000
367.700000	16197.000000
367.705000	16954.000000
367.710000	16217.000000
367.715000	16929.000000
367.720000	17526.000000
367.725000	17535.000000
367.730000	17864.000000
367.735000	17995.000000
367.740000	18341.000000
367.745000	19132.000000
367.750000	19888.000000
367.755000	19294.000000
367.760000	19121.000000
367.765000	20496.000000
367.770000	20185.000000
367.775000	21008.000000
367.780000	21563.000000
367.785000	22102.000000
367.790000	22784.000000
367.795000	23527.000000
367.800000	24005.000000
367.805000	23566.000000
367.810000	24898.000000
367.815000	25002.000000
367.820000	25489.000000
367.825000	25090.000000
367.830000	26746.000000
367.835000	27266.000000
367.840000	28356.000000
367.845000	27029.000000
367.850000	28594.000000
367.855000	28657.000000
367.860000	29700.000000
367.865000	30198.000000
367.870000	31152.000000
367.875000	31248.000000
367.880000	31328.000000
367.885000	32471.000000
367.890000	33841.000000
367.895000	34134.000000
367.900000	34362.000000
367.905000	36403.000000
367.910000	36927.000000
367.915000	37910.000000
367.920000	37747.000000
367.925000	38063.000000
367.930000	39166.000000
367.935000	41251.000000
367.940000	43306.000000
367.945000	44444.000000
367.950000	49102.000000
367.955000	49565.000000
367.960000	54228.000000
367.965000	60023.000000
367.970000	71132.000000
367.975000	90886.000000
367.980000	121321.000000
367.985000	138448.000000
367.990000	108049.000000
367.995000	87770.000000
368.000000	74535.000000
368.005000	63379.000000
368.010000	61488.000000
368.015000	59680.000000
368.020000	58633.000000
368.025000	60123.000000
368.030000	62055.000000
368.035000	61782.000000
368.040000	63923.000000
368.045000	63831.000000
368.050000	66737.000000
368.055000	68077.000000
368.060000	70377.000000
368.065000	72850.000000
368.070000	74510.000000
368.075000	76349.000000
368.080000	79994.000000
368.085000	81017.000000
368.090000	81740.000000
368.095000	82455.000000
368.100000	85223.000000
368.105000	86462.000000
368.110000	89794.000000
368.115000	93429.000000
368.120000	94447.000000
368.125000	97600.000000
368.130000	100066.000000
368.135000	102284.000000
368.140000	108078.000000
368.145000	109017.000000
368.150000	114017.000000
368.155000	116470.000000
368.160000	118735.000000
368.165000	123850.000000
368.170000	124457.000000
368.175000	125938.000000
368.180000	131823.000000
368.185000	134445.000000
368.190000	135517.000000
368.195000	142781.000000
368.200000	142146.000000
368.205000	146683.000000
368.210000	152590.000000
368.215000	154222.000000
368.220000	156616.000000
368.225000	160135.000000
368.230000	163709.000000
368.235000	167402.000000
368.240000	170574.000000
368.245000	172963.000000
368.250000	177953.000000
368.255000	181564.000000
368.260000	185040.000000
368.265000	185330.000000
368.270000	191933.000000
368.275000	194219.000000
368.280000	196315.000000
368.285000	200599.000000
368.290000	202293.000000
368.295000	209022.000000
368.300000	210644.000000
368.305000	212962.000000
368.310000	218045.000000
368.315000	221225.000000
368.320000	223202.000000
368.325000	226161.000000
368.330000	227098.000000
368.335000	232453.000000
368.340000	238611.000000
368.345000	240471.000000
368.350000	246869.000000
368.355000	246931.000000
368.360000	255153.000000
368.365000	255670.000000
368.370000	259931.000000
368.375000	260870.000000
368.380000	261340.000000
368.385000	262296.000000
368.390000	259645.000000
368.395000	255254.000000
368.400000	255589.000000
368.405000	248702.000000
368.410000	243385.000000
368.415000	235920.000000
368.420000	227279.000000
368.425000	221775.000000
368.430000	205763.000000
368.435000	197439.000000
368.440000	183269.000000
368.445000	173005.000000
368.450000	161409.000000
368.455000	150396.000000
368.460000	143671.000000
368.465000	136423.000000
368.470000	128984.000000
368.475000	122828.000000
368.480000	118256.000000
368.485000	113273.000000
368.490000	108372.000000
368.495000	103201.000000
368.500000	102084.000000
368.505000	99679.000000
368.510000	95683.000000
368.515000	92737.000000
368.520000	89684.000000
368.525000	86894.000000
368.530000	85117.000000
368.535000	83478.000000
368.540000	79598.000000
368.545000	79416.000000
368.550000	79074.000000
368.555000	80677.000000
368.560000	79591.000000
368.565000	78243.000000
368.570000	73914.000000
368.575000	71297.000000
368.580000	67773.000000
368.585000	65660.000000
368.590000	65337.000000
368.595000	66781.000000
368.600000	67779.000000
368.605000	67063.000000
368.610000	64181.000000
368.615000	60601.000000
368.620000	59706.000000
368.625000	58540.000000
368.630000	60440.000000
368.635000	59310.000000
368.640000	55685.000000
368.645000	52538.000000
368.650000	51369.000000
368.655000	51298.000000
368.660000	49843.000000
368.665000	51987.000000
368.670000	55486.000000
368.675000	61016.000000
368.680000	64778.000000
368.685000	57799.000000
368.690000	50385.000000
368.695000	46114.000000
368.700000	43611.000000
368.705000	42416.000000
368.710000	42425.000000
368.715000	42281.000000
368.720000	41457.000000
368.725000	41299.000000
368.730000	40188.000000
368.735000	39702.000000
368.740000	38686.000000
368.745000	39735.000000
368.750000	37972.000000
368.755000	39474.000000
368.760000	39994.000000
368.765000	41499.000000
368.770000	39418.000000
368.775000	41305.000000
368.780000	43343.000000
368.785000	44200.000000
368.790000	46210.000000
368.795000	49351.000000
368.800000	53378.000000
368.805000	59429.000000
368.810000	70644.000000
368.815000	79942.000000
368.820000	102525.000000
368.825000	115952.000000
368.830000	97396.000000
368.835000	68864.000000
368.840000	50232.000000
368.845000	41967.000000
368.850000	37733.000000
368.855000	33258.000000
368.860000	32547.000000
368.865000	30841.000000
368.870000	30235.000000
368.875000	29191.000000
368.880000	27578.000000
368.885000	27661.000000
368.890000	26823.000000
368.895000	26816.000000
368.900000	25595.000000
368.905000	24728.000000
368.910000	25698.000000
368.915000	25165.000000
368.920000	25587.000000
368.925000	24067.000000
368.930000	23344.000000
368.935000	23666.000000
368.940000	23709.000000
368.945000	22497.000000
368.950000	22058.000000
368.955000	21741.000000
368.960000	21992.000000
368.965000	21410.000000
368.970000	20506.000000
368.975000	21338.000000
368.980000	20786.000000
368.985000	20792.000000
368.990000	20433.000000
368.995000	19852.000000
369.000000	20148.000000
369.005000	20409.000000
369.010000	19885.000000
369.015000	19673.000000
369.020000	19489.000000
369.025000	18998.000000
369.030000	20213.000000
369.035000	18851.000000
369.040000	18879.000000
369.045000	18841.000000
369.050000	20091.000000
369.055000	19952.000000
369.060000	19276.000000
369.065000	20623.000000
369.070000	19632.000000
369.075000	19357.000000
369.080000	20073.000000
369.085000	21491.000000
369.090000	20002.000000
369.095000	20377.000000
369.100000	20475.000000
369.105000	22695.000000
369.110000	24448.000000
369.115000	26504.000000
369.120000	28326.000000
369.125000	34770.000000
369.130000	40227.000000
369.135000	47921.000000
369.140000	56427.000000
369.145000	76881.000000
369.150000	119394.000000
369.155000	192128.000000
369.160000	291776.000000
369.165000	249815.000000
369.170000	130328.000000
369.175000	74801.000000
369.180000	51979.000000
369.185000	36641.000000
369.190000	31333.000000
369.195000	26728.000000
369.200000	24779.000000
369.205000	23524.000000
369.210000	21190.000000
369.215000	20051.000000
369.220000	18873.000000
369.225000	18276.000000
369.230000	17346.000000
369.235000	17337.000000
369.240000	16193.000000
369.245000	16035.000000
369.250000	15922.000000
369.255000	15929.000000
369.260000	15300.000000
369.265000	15522.000000
369.270000	14716.000000
369.275000	15362.000000
369.280000	14259.000000
369.285000	14462.000000
369.290000	14951.000000
369.295000	13431.000000
369.300000	13998.000000
369.305000	13051.000000
369.310000	13958.000000
369.315000	13277.000000
369.320000	13066.000000
369.325000	13686.000000
369.330000	12630.000000
369.335000	12997.000000
369.340000	12764.000000
369.345000	12738.000000
369.350000	13067.000000
369.355000	12440.000000
369.360000	12648.000000
369.365000	12750.000000
369.370000	12300.000000
369.375000	12283.000000
369.380000	12415.000000
369.385000	12606.000000
369.390000	12669.000000
369.395000	12755.000000
369.400000	12067.000000
369.405000	11673.000000
369.410000	12094.000000
369.415000	11228.000000
369.420000	11773.000000
369.425000	11654.000000
369.430000	11581.000000
369.435000	10798.000000
369.440000	11610.000000
369.445000	11470.000000
369.450000	11172.000000
369.455000	11340.000000
369.460000	11035.000000
369.465000	10995.000000
369.470000	10843.000000
369.475000	10639.000000
369.480000	11211.000000
369.485000	10549.000000
369.490000	10616.000000
369.495000	10233.000000
369.500000	10382.000000
369.505000	10785.000000
369.510000	10578.000000
369.515000	10050.000000
369.520000	10716.000000
369.525000	10307.000000
369.530000	10021.000000
369.535000	11034.000000
369.540000	10127.000000
369.545000	10160.000000
369.550000	9906.000000
369.555000	9266.000000
369.560000	10097.000000
369.565000	9513.000000
369.570000	9648.000000
369.575000	10166.000000
369.580000	9591.000000
369.585000	9772.000000
369.590000	9528.000000
369.595000	9830.000000
369.600000	9553.000000
369.605000	9215.000000
369.610000	9490.000000
369.615000	9307.000000
369.620000	8984.000000
369.625000	9244.000000
369.630000	9171.000000
369.635000	9188.000000
369.640000	9072.000000
369.645000	8878.000000
369.650000	9091.000000
369.655000	8919.000000
369.660000	8746.000000
369.665000	9008.000000
369.670000	8805.000000
369.675000	9535.000000
369.680000	8388.000000
369.685000	8757.000000
369.690000	8836.000000
369.695000	8485.000000
369.700000	8902.000000
369.705000	8380.000000
369.710000	8624.000000
369.715000	8435.000000
369.720000	8695.000000
369.725000	8679.000000
369.730000	8645.000000
369.735000	8342.000000
369.740000	7911.000000
369.745000	8326.000000
369.750000	8470.000000
369.755000	8114.000000
369.760000	8146.000000
369.765000	7872.000000
369.770000	9140.000000
369.775000	8063.000000
369.780000	7305.000000
369.785000	8355.000000
369.790000	7488.000000
369.795000	8271.000000
369.800000	7753.000000
369.805000	7848.000000
369.810000	7346.000000
369.815000	7645.000000
369.820000	7849.000000
369.825000	7885.000000
369.830000	7108.000000
369.835000	7306.000000
369.840000	7593.000000
369.845000	7435.000000
369.850000	7177.000000
369.855000	8097.000000
369.860000	7207.000000
369.865000	7500.000000
369.870000	7452.000000
369.875000	7358.000000
369.880000	7702.000000
369.885000	7438.000000
369.890000	7331.000000
369.895000	7338.000000
369.900000	7390.000000
369.905000	7610.000000
369.910000	7490.000000
369.915000	7712.000000
369.920000	6890.000000
369.925000	7372.000000
369.930000	6579.000000
369.935000	7239.000000
369.940000	6921.000000
369.945000	6838.000000
369.950000	6564.000000
369.955000	7060.000000
369.960000	7184.000000
369.965000	6919.000000
369.970000	6649.000000
369.975000	6854.000000
369.980000	7401.000000
369.985000	6547.000000
369.990000	6432.000000
369.995000	6730.000000
370.000000	7036.000000
370.005000	7342.000000
370.010000	6664.000000
370.015000	6284.000000
370.020000	6383.000000
370.025000	6649.000000
370.030000	7229.000000
370.035000	6606.000000
370.040000	6798.000000
370.045000	6457.000000
370.050000	6794.000000
370.055000	6365.000000
370.060000	6688.000000
370.065000	7089.000000
370.070000	6846.000000
370.075000	6520.000000
370.080000	6589.000000
370.085000	6612.000000
370.090000	6419.000000
370.095000	6806.000000
370.100000	5982.000000
370.105000	6462.000000
370.110000	6108.000000
370.115000	6062.000000
370.120000	6020.000000
370.125000	6573.000000
370.130000	6254.000000
370.135000	6110.000000
370.140000	6444.000000
370.145000	5659.000000
370.150000	6076.000000
370.155000	6254.000000
370.160000	6034.000000
370.165000	6397.000000
370.170000	5825.000000
370.175000	5839.000000
370.180000	5747.000000
370.185000	6325.000000
370.190000	6183.000000
370.195000	6303.000000
370.200000	5818.000000
370.205000	6283.000000
370.210000	5666.000000
370.215000	5575.000000
370.220000	5833.000000
370.225000	5797.000000
370.230000	5868.000000
370.235000	6138.000000
370.240000	5825.000000
370.245000	6447.000000
370.250000	5506.000000
370.255000	6156.000000
370.260000	5697.000000
370.265000	5782.000000
370.270000	5712.000000
370.275000	5740.000000
370.280000	5810.000000
370.285000	5633.000000
370.290000	5785.000000
370.295000	5313.000000
370.300000	5636.000000
370.305000	5965.000000
370.310000	5356.000000
370.315000	5648.000000
370.320000	6095.000000
370.325000	5418.000000
370.330000	5058.000000
370.335000	5797.000000
370.340000	5454.000000
370.345000	5081.000000
370.350000	5328.000000
370.355000	5059.000000
370.360000	5402.000000
370.365000	5664.000000
370.370000	5262.000000
370.375000	5237.000000
370.380000	5977.000000
370.385000	5613.000000
370.390000	5642.000000
370.395000	5265.000000
370.400000	5058.000000
370.405000	5291.000000
370.410000	5270.000000
370.415000	5400.000000
370.420000	5324.000000
370.425000	5465.000000
370.430000	5294.000000
370.435000	5107.000000
370.440000	5443.000000
370.445000	5465.000000
370.450000	5346.000000
370.455000	5457.000000
370.460000	5276.000000
370.465000	5154.000000
370.470000	4851.000000
370.475000	5134.000000
370.480000	5276.000000
370.485000	5156.000000
370.490000	5283.000000
370.495000	5347.000000
370.500000	5026.000000
370.505000	5206.000000
370.510000	4950.000000
370.515000	4710.000000
370.520000	4923.000000
370.525000	4982.000000
370.530000	4946.000000
370.535000	5235.000000
370.540000	4791.000000
370.545000	5176.000000
370.550000	4299.000000
370.555000	4861.000000
370.560000	4847.000000
370.565000	5056.000000
370.570000	5098.000000
370.575000	4932.000000
370.580000	4801.000000
370.585000	5589.000000
370.590000	4915.000000
370.595000	5020.000000
370.600000	4822.000000
370.605000	4930.000000
370.610000	4786.000000
370.615000	4826.000000
370.620000	4797.000000
370.625000	4926.000000
370.630000	5320.000000
370.635000	4605.000000
370.640000	5314.000000
370.645000	4850.000000
370.650000	5521.000000
370.655000	5972.000000
370.660000	6424.000000
370.665000	6389.000000
370.670000	6425.000000
370.675000	5963.000000
370.680000	5454.000000
370.685000	5334.000000
370.690000	5353.000000
370.695000	5203.000000
370.700000	4773.000000
370.705000	4456.000000
370.710000	4987.000000
370.715000	4761.000000
370.720000	4380.000000
370.725000	4679.000000
370.730000	5083.000000
370.735000	4778.000000
370.740000	4844.000000
370.745000	4620.000000
370.750000	4661.000000
370.755000	4986.000000
370.760000	5121.000000
370.765000	4684.000000
370.770000	4745.000000
370.775000	4508.000000
370.780000	4743.000000
370.785000	4368.000000
370.790000	4612.000000
370.795000	4643.000000
370.800000	4688.000000
370.805000	4308.000000
370.810000	5229.000000
370.815000	4860.000000
370.820000	4243.000000
370.825000	4317.000000
370.830000	4589.000000
370.835000	4452.000000
370.840000	4442.000000
370.845000	4286.000000
370.850000	4313.000000
370.855000	4135.000000
370.860000	4028.000000
370.865000	4510.000000
370.870000	4270.000000
370.875000	3986.000000
370.880000	4461.000000
370.885000	4291.000000
370.890000	4300.000000
370.895000	4211.000000
370.900000	3848.000000
370.905000	4063.000000
370.910000	4061.000000
370.915000	4016.000000
370.920000	4272.000000
370.925000	4188.000000
370.930000	4378.000000
370.935000	4247.000000
370.940000	3829.000000
370.945000	4281.000000
370.950000	4305.000000
370.955000	4171.000000
370.960000	4200.000000
370.965000	4153.000000
370.970000	3740.000000
370.975000	4275.000000
370.980000	3988.000000
370.985000	4134.000000
370.990000	4466.000000
370.995000	4314.000000
371.000000	4185.000000
371.005000	4298.000000
371.010000	4174.000000
371.015000	4075.000000
371.020000	4228.000000
371.025000	4144.000000
371.030000	4050.000000
371.035000	3709.000000
371.040000	4214.000000
371.045000	3834.000000
371.050000	4082.000000
371.055000	4070.000000
371.060000	3661.000000
371.065000	4202.000000
371.070000	4057.000000
371.075000	4289.000000
371.080000	4310.000000
371.085000	4182.000000
371.090000	3733.000000
371.095000	3977.000000
371.100000	3732.000000
371.105000	4152.000000
371.110000	3773.000000
371.115000	4159.000000
371.120000	3878.000000
371.125000	3809.000000
371.130000	3811.000000
371.135000	4158.000000
371.140000	4325.000000
371.145000	3645.000000
371.150000	3798.000000
371.155000	3915.000000
371.160000	3690.000000
371.165000	3865.000000
371.170000	3997.000000
371.175000	3808.000000
371.180000	4004.000000
371.185000	3905.000000
371.190000	4101.000000
371.195000	3823.000000
371.200000	4265.000000
371.205000	3991.000000
371.210000	3696.000000
371.215000	3546.000000
371.220000	3910.000000
371.225000	3779.000000
371.230000	3763.000000
371.235000	4115.000000
371.240000	4236.000000
371.245000	4102.000000
371.250000	3832.000000
371.255000	4376.000000
371.260000	3621.000000
371.265000	4077.000000
371.270000	3832.000000
371.275000	3673.000000
371.280000	3741.000000
371.285000	3770.000000
371.290000	3931.000000
371.295000	3805.000000
371.300000	3808.000000
371.305000	3981.000000
371.310000	3719.000000
371.315000	3836.000000
371.320000	3588.000000
371.325000	3715.000000
371.330000	3565.000000
371.335000	3904.000000
371.340000	3667.000000
371.345000	3665.000000
371.350000	3907.000000
371.355000	3959.000000
371.360000	3836.000000
371.365000	3800.000000
371.370000	3683.000000
371.375000	3510.000000
371.380000	4531.000000
371.385000	4055.000000
371.390000	4132.000000
371.395000	4300.000000
371.400000	4253.000000
371.405000	3813.000000
371.410000	4046.000000
371.415000	4012.000000
371.420000	3683.000000
371.425000	4038.000000
371.430000	3696.000000
371.435000	3733.000000
371.440000	3735.000000
371.445000	3838.000000
371.450000	3795.000000
371.455000	3539.000000
371.460000	3836.000000
371.465000	3952.000000
371.470000	3804.000000
371.475000	3760.000000
371.480000	3538.000000
371.485000	3830.000000
371.490000	3785.000000
371.495000	3765.000000
371.500000	3790.000000
371.505000	3510.000000
371.510000	4188.000000
371.515000	3752.000000
371.520000	3486.000000
371.525000	3952.000000
371.530000	3561.000000
371.535000	4090.000000
371.540000	3777.000000
371.545000	3830.000000
371.550000	4110.000000
371.555000	3803.000000
371.560000	3963.000000
371.565000	3834.000000
371.570000	4234.000000
371.575000	3325.000000
371.580000	3868.000000
371.585000	4084.000000
371.590000	3968.000000
371.595000	3690.000000
371.600000	3768.000000
371.605000	3745.000000
371.610000	4146.000000
371.615000	4096.000000
371.620000	4212.000000
371.625000	4004.000000
371.630000	4530.000000
371.635000	4333.000000
371.640000	3974.000000
371.645000	4604.000000
371.650000	4267.000000
371.655000	4424.000000
371.660000	4515.000000
371.665000	4438.000000
371.670000	4409.000000
371.675000	4939.000000
371.680000	4968.000000
371.685000	4648.000000
371.690000	5487.000000
371.695000	4787.000000
371.700000	4944.000000
371.705000	5635.000000
371.710000	5216.000000
371.715000	5218.000000
371.720000	5315.000000
371.725000	5982.000000
371.730000	6169.000000
371.735000	6230.000000
371.740000	6387.000000
371.745000	6142.000000
371.750000	5958.000000
371.755000	6706.000000
371.760000	6803.000000
371.765000	7640.000000
371.770000	7790.000000
371.775000	8705.000000
371.780000	9515.000000
371.785000	11002.000000
371.790000	13211.000000
371.795000	15274.000000
371.800000	18228.000000
371.805000	23795.000000
371.810000	32821.000000
371.815000	43285.000000
371.820000	53986.000000
371.825000	81254.000000
371.830000	143743.000000
371.835000	237134.000000
371.840000	311602.000000
371.845000	253464.000000
371.850000	176231.000000
371.855000	113868.000000
371.860000	64872.000000
371.865000	39329.000000
371.870000	24847.000000
371.875000	19362.000000
371.880000	15210.000000
371.885000	13160.000000
371.890000	10937.000000
371.895000	10561.000000
371.900000	10133.000000
371.905000	9463.000000
371.910000	9641.000000
371.915000	9391.000000
371.920000	9785.000000
371.925000	9183.000000
371.930000	9076.000000
371.935000	9611.000000
371.940000	9829.000000
371.945000	9732.000000
371.950000	10638.000000
371.955000	10487.000000
371.960000	10204.000000
371.965000	10861.000000
371.970000	10934.000000
371.975000	11119.000000
371.980000	11377.000000
371.985000	11078.000000
371.990000	11401.000000
371.995000	12422.000000
372.000000	12141.000000
372.005000	11814.000000
372.010000	11755.000000
372.015000	12089.000000
372.020000	11925.000000
372.025000	12663.000000
372.030000	12344.000000
372.035000	12599.000000
372.040000	12579.000000
372.045000	12419.000000
372.050000	12200.000000
372.055000	12380.000000
372.060000	11941.000000
372.065000	11966.000000
372.070000	11608.000000
372.075000	12087.000000
372.080000	11706.000000
372.085000	11998.000000
372.090000	11502.000000
372.095000	10844.000000
372.100000	11218.000000
372.105000	11702.000000
372.110000	11679.000000
372.115000	10856.000000
372.120000	10205.000000
372.125000	10288.000000
372.130000	9993.000000
372.135000	10421.000000
372.140000	10047.000000
372.145000	9463.000000
372.150000	9795.000000
372.155000	9194.000000
372.160000	9136.000000
372.165000	9624.000000
372.170000	9489.000000
372.175000	9364.000000
372.180000	8516.000000
372.185000	8728.000000
372.190000	8069.000000
372.195000	8296.000000
372.200000	7901.000000
372.205000	8520.000000
372.210000	7843.000000
372.215000	7845.000000
372.220000	7926.000000
372.225000	7538.000000
372.230000	7731.000000
372.235000	7052.000000
372.240000	7261.000000
372.245000	7085.000000
372.250000	6989.000000
372.255000	6950.000000
372.260000	6602.000000
372.265000	6417.000000
372.270000	6280.000000
372.275000	6401.000000
372.280000	5961.000000
372.285000	6282.000000
372.290000	6068.000000
372.295000	5937.000000
372.300000	6063.000000
