Sample ID:		H1088 Mg coat 20um slit 20mW power
Start Time:		Thu Jul 09 2020 11:17:00 PM
Averaging Time:		1.000s

360.000000	0.000000
360.005000	6.000000
360.010000	10.000000
360.015000	0.000000
360.020000	8.000000
360.025000	17.000000
360.030000	3.000000
360.035000	1.000000
360.040000	17.000000
360.045000	13.000000
360.050000	24.000000
360.055000	1.000000
360.060000	23.000000
360.065000	18.000000
360.070000	36.000000
360.075000	14.000000
360.080000	9.000000
360.085000	12.000000
360.090000	6.000000
360.095000	5.000000
360.100000	23.000000
360.105000	27.000000
360.110000	19.000000
360.115000	9.000000
360.120000	0.000000
360.125000	2.000000
360.130000	12.000000
360.135000	16.000000
360.140000	5.000000
360.145000	0.000000
360.150000	4.000000
360.155000	5.000000
360.160000	14.000000
360.165000	3.000000
360.170000	27.000000
360.175000	19.000000
360.180000	3.000000
360.185000	17.000000
360.190000	18.000000
360.195000	33.000000
360.200000	15.000000
360.205000	5.000000
360.210000	44.000000
360.215000	7.000000
360.220000	5.000000
360.225000	7.000000
360.230000	54.000000
360.235000	4.000000
360.240000	2.000000
360.245000	33.000000
360.250000	21.000000
360.255000	2.000000
360.260000	34.000000
360.265000	19.000000
360.270000	10.000000
360.275000	6.000000
360.280000	8.000000
360.285000	41.000000
360.290000	20.000000
360.295000	58.000000
360.300000	9.000000
360.305000	8.000000
360.310000	13.000000
360.315000	14.000000
360.320000	33.000000
360.325000	3.000000
360.330000	12.000000
360.335000	12.000000
360.340000	13.000000
360.345000	2.000000
360.350000	6.000000
360.355000	6.000000
360.360000	16.000000
360.365000	20.000000
360.370000	4.000000
360.375000	8.000000
360.380000	16.000000
360.385000	2.000000
360.390000	10.000000
360.395000	16.000000
360.400000	6.000000
360.405000	23.000000
360.410000	40.000000
360.415000	20.000000
360.420000	51.000000
360.425000	3.000000
360.430000	3.000000
360.435000	10.000000
360.440000	24.000000
360.445000	22.000000
360.450000	30.000000
360.455000	8.000000
360.460000	8.000000
360.465000	2.000000
360.470000	2.000000
360.475000	19.000000
360.480000	11.000000
360.485000	24.000000
360.490000	3.000000
360.495000	4.000000
360.500000	19.000000
360.505000	6.000000
360.510000	21.000000
360.515000	6.000000
360.520000	29.000000
360.525000	6.000000
360.530000	12.000000
360.535000	18.000000
360.540000	32.000000
360.545000	6.000000
360.550000	6.000000
360.555000	20.000000
360.560000	12.000000
360.565000	35.000000
360.570000	36.000000
360.575000	4.000000
360.580000	5.000000
360.585000	14.000000
360.590000	12.000000
360.595000	60.000000
360.600000	3.000000
360.605000	5.000000
360.610000	2.000000
360.615000	14.000000
360.620000	30.000000
360.625000	22.000000
360.630000	24.000000
360.635000	22.000000
360.640000	10.000000
360.645000	21.000000
360.650000	35.000000
360.655000	5.000000
360.660000	42.000000
360.665000	13.000000
360.670000	30.000000
360.675000	8.000000
360.680000	12.000000
360.685000	5.000000
360.690000	2.000000
360.695000	2.000000
360.700000	2.000000
360.705000	4.000000
360.710000	39.000000
360.715000	21.000000
360.720000	8.000000
360.725000	28.000000
360.730000	8.000000
360.735000	28.000000
360.740000	55.000000
360.745000	39.000000
360.750000	31.000000
360.755000	43.000000
360.760000	20.000000
360.765000	20.000000
360.770000	18.000000
360.775000	2.000000
360.780000	35.000000
360.785000	11.000000
360.790000	8.000000
360.795000	11.000000
360.800000	50.000000
360.805000	13.000000
360.810000	3.000000
360.815000	5.000000
360.820000	5.000000
360.825000	48.000000
360.830000	12.000000
360.835000	23.000000
360.840000	9.000000
360.845000	17.000000
360.850000	31.000000
360.855000	46.000000
360.860000	19.000000
360.865000	33.000000
360.870000	30.000000
360.875000	9.000000
360.880000	14.000000
360.885000	21.000000
360.890000	10.000000
360.895000	7.000000
360.900000	32.000000
360.905000	16.000000
360.910000	39.000000
360.915000	41.000000
360.920000	52.000000
360.925000	52.000000
360.930000	20.000000
360.935000	25.000000
360.940000	26.000000
360.945000	30.000000
360.950000	29.000000
360.955000	12.000000
360.960000	92.000000
360.965000	40.000000
360.970000	14.000000
360.975000	20.000000
360.980000	27.000000
360.985000	27.000000
360.990000	25.000000
360.995000	21.000000
361.000000	16.000000
361.005000	27.000000
361.010000	43.000000
361.015000	16.000000
361.020000	30.000000
361.025000	12.000000
361.030000	22.000000
361.035000	32.000000
361.040000	17.000000
361.045000	39.000000
361.050000	25.000000
361.055000	30.000000
361.060000	9.000000
361.065000	5.000000
361.070000	47.000000
361.075000	15.000000
361.080000	10.000000
361.085000	49.000000
361.090000	18.000000
361.095000	25.000000
361.100000	75.000000
361.105000	19.000000
361.110000	42.000000
361.115000	26.000000
361.120000	52.000000
361.125000	8.000000
361.130000	32.000000
361.135000	35.000000
361.140000	16.000000
361.145000	41.000000
361.150000	15.000000
361.155000	14.000000
361.160000	21.000000
361.165000	24.000000
361.170000	20.000000
361.175000	20.000000
361.180000	28.000000
361.185000	35.000000
361.190000	82.000000
361.195000	38.000000
361.200000	31.000000
361.205000	34.000000
361.210000	29.000000
361.215000	24.000000
361.220000	40.000000
361.225000	26.000000
361.230000	34.000000
361.235000	33.000000
361.240000	46.000000
361.245000	63.000000
361.250000	22.000000
361.255000	98.000000
361.260000	15.000000
361.265000	25.000000
361.270000	23.000000
361.275000	31.000000
361.280000	37.000000
361.285000	36.000000
361.290000	45.000000
361.295000	29.000000
361.300000	34.000000
361.305000	36.000000
361.310000	24.000000
361.315000	102.000000
361.320000	52.000000
361.325000	24.000000
361.330000	29.000000
361.335000	59.000000
361.340000	50.000000
361.345000	51.000000
361.350000	22.000000
361.355000	43.000000
361.360000	39.000000
361.365000	54.000000
361.370000	25.000000
361.375000	39.000000
361.380000	50.000000
361.385000	51.000000
361.390000	43.000000
361.395000	20.000000
361.400000	51.000000
361.405000	35.000000
361.410000	69.000000
361.415000	67.000000
361.420000	43.000000
361.425000	42.000000
361.430000	125.000000
361.435000	39.000000
361.440000	32.000000
361.445000	56.000000
361.450000	68.000000
361.455000	25.000000
361.460000	43.000000
361.465000	59.000000
361.470000	58.000000
361.475000	63.000000
361.480000	86.000000
361.485000	35.000000
361.490000	47.000000
361.495000	63.000000
361.500000	53.000000
361.505000	95.000000
361.510000	86.000000
361.515000	55.000000
361.520000	53.000000
361.525000	103.000000
361.530000	96.000000
361.535000	27.000000
361.540000	46.000000
361.545000	56.000000
361.550000	59.000000
361.555000	70.000000
361.560000	124.000000
361.565000	54.000000
361.570000	63.000000
361.575000	91.000000
361.580000	92.000000
361.585000	51.000000
361.590000	71.000000
361.595000	48.000000
361.600000	74.000000
361.605000	61.000000
361.610000	57.000000
361.615000	101.000000
361.620000	93.000000
361.625000	112.000000
361.630000	101.000000
361.635000	98.000000
361.640000	66.000000
361.645000	66.000000
361.650000	88.000000
361.655000	112.000000
361.660000	72.000000
361.665000	162.000000
361.670000	78.000000
361.675000	66.000000
361.680000	46.000000
361.685000	73.000000
361.690000	125.000000
361.695000	55.000000
361.700000	89.000000
361.705000	62.000000
361.710000	75.000000
361.715000	53.000000
361.720000	75.000000
361.725000	85.000000
361.730000	103.000000
361.735000	85.000000
361.740000	103.000000
361.745000	73.000000
361.750000	138.000000
361.755000	61.000000
361.760000	109.000000
361.765000	116.000000
361.770000	91.000000
361.775000	80.000000
361.780000	127.000000
361.785000	147.000000
361.790000	117.000000
361.795000	66.000000
361.800000	107.000000
361.805000	97.000000
361.810000	112.000000
361.815000	44.000000
361.820000	88.000000
361.825000	92.000000
361.830000	93.000000
361.835000	85.000000
361.840000	96.000000
361.845000	120.000000
361.850000	147.000000
361.855000	86.000000
361.860000	143.000000
361.865000	59.000000
361.870000	169.000000
361.875000	140.000000
361.880000	119.000000
361.885000	62.000000
361.890000	175.000000
361.895000	80.000000
361.900000	158.000000
361.905000	91.000000
361.910000	109.000000
361.915000	84.000000
361.920000	163.000000
361.925000	116.000000
361.930000	159.000000
361.935000	109.000000
361.940000	96.000000
361.945000	67.000000
361.950000	139.000000
361.955000	81.000000
361.960000	149.000000
361.965000	88.000000
361.970000	53.000000
361.975000	221.000000
361.980000	151.000000
361.985000	181.000000
361.990000	108.000000
361.995000	126.000000
362.000000	168.000000
362.005000	111.000000
362.010000	126.000000
362.015000	163.000000
362.020000	140.000000
362.025000	185.000000
362.030000	82.000000
362.035000	174.000000
362.040000	155.000000
362.045000	106.000000
362.050000	120.000000
362.055000	180.000000
362.060000	213.000000
362.065000	236.000000
362.070000	115.000000
362.075000	221.000000
362.080000	169.000000
362.085000	223.000000
362.090000	123.000000
362.095000	176.000000
362.100000	167.000000
362.105000	170.000000
362.110000	207.000000
362.115000	145.000000
362.120000	280.000000
362.125000	153.000000
362.130000	150.000000
362.135000	220.000000
362.140000	130.000000
362.145000	198.000000
362.150000	161.000000
362.155000	204.000000
362.160000	233.000000
362.165000	148.000000
362.170000	198.000000
362.175000	182.000000
362.180000	180.000000
362.185000	140.000000
362.190000	227.000000
362.195000	189.000000
362.200000	332.000000
362.205000	277.000000
362.210000	273.000000
362.215000	156.000000
362.220000	314.000000
362.225000	191.000000
362.230000	187.000000
362.235000	311.000000
362.240000	253.000000
362.245000	160.000000
362.250000	247.000000
362.255000	244.000000
362.260000	214.000000
362.265000	282.000000
362.270000	237.000000
362.275000	216.000000
362.280000	271.000000
362.285000	208.000000
362.290000	214.000000
362.295000	179.000000
362.300000	265.000000
362.305000	197.000000
362.310000	237.000000
362.315000	234.000000
362.320000	295.000000
362.325000	168.000000
362.330000	219.000000
362.335000	253.000000
362.340000	284.000000
362.345000	264.000000
362.350000	360.000000
362.355000	274.000000
362.360000	373.000000
362.365000	376.000000
362.370000	319.000000
362.375000	336.000000
362.380000	297.000000
362.385000	325.000000
362.390000	298.000000
362.395000	315.000000
362.400000	280.000000
362.405000	209.000000
362.410000	388.000000
362.415000	278.000000
362.420000	376.000000
362.425000	412.000000
362.430000	308.000000
362.435000	315.000000
362.440000	248.000000
362.445000	438.000000
362.450000	304.000000
362.455000	391.000000
362.460000	235.000000
362.465000	274.000000
362.470000	385.000000
362.475000	275.000000
362.480000	329.000000
362.485000	371.000000
362.490000	231.000000
362.495000	348.000000
362.500000	459.000000
362.505000	397.000000
362.510000	400.000000
362.515000	278.000000
362.520000	408.000000
362.525000	404.000000
362.530000	474.000000
362.535000	349.000000
362.540000	547.000000
362.545000	523.000000
362.550000	437.000000
362.555000	420.000000
362.560000	420.000000
362.565000	375.000000
362.570000	430.000000
362.575000	434.000000
362.580000	413.000000
362.585000	504.000000
362.590000	414.000000
362.595000	463.000000
362.600000	478.000000
362.605000	329.000000
362.610000	421.000000
362.615000	479.000000
362.620000	477.000000
362.625000	440.000000
362.630000	497.000000
362.635000	461.000000
362.640000	444.000000
362.645000	478.000000
362.650000	491.000000
362.655000	411.000000
362.660000	441.000000
362.665000	512.000000
362.670000	539.000000
362.675000	512.000000
362.680000	495.000000
362.685000	525.000000
362.690000	517.000000
362.695000	756.000000
362.700000	483.000000
362.705000	635.000000
362.710000	656.000000
362.715000	519.000000
362.720000	487.000000
362.725000	737.000000
362.730000	623.000000
362.735000	604.000000
362.740000	506.000000
362.745000	559.000000
362.750000	636.000000
362.755000	596.000000
362.760000	657.000000
362.765000	492.000000
362.770000	671.000000
362.775000	786.000000
362.780000	720.000000
362.785000	521.000000
362.790000	704.000000
362.795000	733.000000
362.800000	660.000000
362.805000	745.000000
362.810000	645.000000
362.815000	782.000000
362.820000	659.000000
362.825000	747.000000
362.830000	725.000000
362.835000	726.000000
362.840000	923.000000
362.845000	838.000000
362.850000	791.000000
362.855000	637.000000
362.860000	708.000000
362.865000	750.000000
362.870000	860.000000
362.875000	860.000000
362.880000	759.000000
362.885000	821.000000
362.890000	950.000000
362.895000	725.000000
362.900000	830.000000
362.905000	807.000000
362.910000	978.000000
362.915000	920.000000
362.920000	1051.000000
362.925000	775.000000
362.930000	799.000000
362.935000	1174.000000
362.940000	970.000000
362.945000	1083.000000
362.950000	982.000000
362.955000	937.000000
362.960000	1064.000000
362.965000	1021.000000
362.970000	979.000000
362.975000	1011.000000
362.980000	976.000000
362.985000	1098.000000
362.990000	850.000000
362.995000	1121.000000
363.000000	1247.000000
363.005000	915.000000
363.010000	1165.000000
363.015000	974.000000
363.020000	1127.000000
363.025000	1246.000000
363.030000	1156.000000
363.035000	1214.000000
363.040000	1331.000000
363.045000	1065.000000
363.050000	1367.000000
363.055000	1285.000000
363.060000	1364.000000
363.065000	1365.000000
363.070000	1167.000000
363.075000	1177.000000
363.080000	1383.000000
363.085000	1245.000000
363.090000	1524.000000
363.095000	1104.000000
363.100000	1286.000000
363.105000	1484.000000
363.110000	1521.000000
363.115000	1541.000000
363.120000	1514.000000
363.125000	1631.000000
363.130000	1292.000000
363.135000	1594.000000
363.140000	1652.000000
363.145000	1790.000000
363.150000	1635.000000
363.155000	1698.000000
363.160000	1803.000000
363.165000	1592.000000
363.170000	1845.000000
363.175000	1636.000000
363.180000	1774.000000
363.185000	1891.000000
363.190000	1703.000000
363.195000	1764.000000
363.200000	1877.000000
363.205000	1999.000000
363.210000	1853.000000
363.215000	1867.000000
363.220000	1839.000000
363.225000	2009.000000
363.230000	2005.000000
363.235000	1863.000000
363.240000	1949.000000
363.245000	2141.000000
363.250000	2157.000000
363.255000	1995.000000
363.260000	2184.000000
363.265000	2134.000000
363.270000	2471.000000
363.275000	2425.000000
363.280000	2239.000000
363.285000	2782.000000
363.290000	2214.000000
363.295000	2550.000000
363.300000	2404.000000
363.305000	2390.000000
363.310000	2341.000000
363.315000	2356.000000
363.320000	2341.000000
363.325000	2648.000000
363.330000	2628.000000
363.335000	2624.000000
363.340000	2545.000000
363.345000	2353.000000
363.350000	2765.000000
363.355000	2842.000000
363.360000	2917.000000
363.365000	2861.000000
363.370000	2995.000000
363.375000	2486.000000
363.380000	3067.000000
363.385000	2871.000000
363.390000	3368.000000
363.395000	3017.000000
363.400000	3035.000000
363.405000	2898.000000
363.410000	2759.000000
363.415000	3355.000000
363.420000	3276.000000
363.425000	3406.000000
363.430000	3049.000000
363.435000	3491.000000
363.440000	3559.000000
363.445000	2987.000000
363.450000	3238.000000
363.455000	3354.000000
363.460000	3717.000000
363.465000	3732.000000
363.470000	4089.000000
363.475000	3727.000000
363.480000	4009.000000
363.485000	3999.000000
363.490000	3610.000000
363.495000	3571.000000
363.500000	3880.000000
363.505000	4046.000000
363.510000	3869.000000
363.515000	4146.000000
363.520000	4025.000000
363.525000	4237.000000
363.530000	4350.000000
363.535000	4235.000000
363.540000	4584.000000
363.545000	4348.000000
363.550000	4931.000000
363.555000	4731.000000
363.560000	5133.000000
363.565000	4800.000000
363.570000	4669.000000
363.575000	4987.000000
363.580000	4963.000000
363.585000	5100.000000
363.590000	5184.000000
363.595000	5229.000000
363.600000	5340.000000
363.605000	5192.000000
363.610000	5468.000000
363.615000	4915.000000
363.620000	5101.000000
363.625000	5569.000000
363.630000	5590.000000
363.635000	5923.000000
363.640000	5545.000000
363.645000	5863.000000
363.650000	5390.000000
363.655000	5804.000000
363.660000	5988.000000
363.665000	6359.000000
363.670000	6267.000000
363.675000	6115.000000
363.680000	5989.000000
363.685000	6072.000000
363.690000	6370.000000
363.695000	6544.000000
363.700000	6842.000000
363.705000	6736.000000
363.710000	6487.000000
363.715000	6379.000000
363.720000	6993.000000
363.725000	7065.000000
363.730000	7099.000000
363.735000	7457.000000
363.740000	7658.000000
363.745000	7236.000000
363.750000	7620.000000
363.755000	8278.000000
363.760000	7835.000000
363.765000	7665.000000
363.770000	7931.000000
363.775000	7485.000000
363.780000	7906.000000
363.785000	8008.000000
363.790000	8105.000000
363.795000	7879.000000
363.800000	8575.000000
363.805000	8398.000000
363.810000	8481.000000
363.815000	8806.000000
363.820000	9019.000000
363.825000	8516.000000
363.830000	8470.000000
363.835000	8700.000000
363.840000	8980.000000
363.845000	8365.000000
363.850000	8836.000000
363.855000	8720.000000
363.860000	9494.000000
363.865000	9267.000000
363.870000	8832.000000
363.875000	9341.000000
363.880000	9516.000000
363.885000	9486.000000
363.890000	9843.000000
363.895000	9705.000000
363.900000	10191.000000
363.905000	9786.000000
363.910000	9525.000000
363.915000	10208.000000
363.920000	9619.000000
363.925000	10488.000000
363.930000	9985.000000
363.935000	10086.000000
363.940000	9927.000000
363.945000	10135.000000
363.950000	10073.000000
363.955000	10436.000000
363.960000	10627.000000
363.965000	10821.000000
363.970000	11272.000000
363.975000	10508.000000
363.980000	11583.000000
363.985000	11442.000000
363.990000	11506.000000
363.995000	11454.000000
364.000000	11481.000000
364.005000	11327.000000
364.010000	12019.000000
364.015000	12268.000000
364.020000	11007.000000
364.025000	11486.000000
364.030000	11244.000000
364.035000	12044.000000
364.040000	11828.000000
364.045000	11696.000000
364.050000	11820.000000
364.055000	12054.000000
364.060000	12073.000000
364.065000	11908.000000
364.070000	11783.000000
364.075000	11988.000000
364.080000	12545.000000
364.085000	12599.000000
364.090000	12046.000000
364.095000	12293.000000
364.100000	12768.000000
364.105000	12298.000000
364.110000	12672.000000
364.115000	12558.000000
364.120000	12541.000000
364.125000	12498.000000
364.130000	13076.000000
364.135000	13002.000000
364.140000	12458.000000
364.145000	12694.000000
364.150000	12877.000000
364.155000	14032.000000
364.160000	12900.000000
364.165000	12879.000000
364.170000	13494.000000
364.175000	13071.000000
364.180000	12671.000000
364.185000	13313.000000
364.190000	13383.000000
364.195000	13066.000000
364.200000	13403.000000
364.205000	13721.000000
364.210000	13102.000000
364.215000	13562.000000
364.220000	13219.000000
364.225000	13780.000000
364.230000	13287.000000
364.235000	13195.000000
364.240000	13957.000000
364.245000	13448.000000
364.250000	13677.000000
364.255000	13606.000000
364.260000	13563.000000
364.265000	13840.000000
364.270000	13748.000000
364.275000	13615.000000
364.280000	12945.000000
364.285000	13631.000000
364.290000	13270.000000
364.295000	13669.000000
364.300000	13909.000000
364.305000	13782.000000
364.310000	13329.000000
364.315000	13525.000000
364.320000	13444.000000
364.325000	13434.000000
364.330000	13471.000000
364.335000	13304.000000
364.340000	13199.000000
364.345000	13490.000000
364.350000	13524.000000
364.355000	13668.000000
364.360000	14008.000000
364.365000	14069.000000
364.370000	13553.000000
364.375000	13877.000000
364.380000	13310.000000
364.385000	13586.000000
364.390000	13879.000000
364.395000	12833.000000
364.400000	13321.000000
364.405000	12515.000000
364.410000	13008.000000
364.415000	12964.000000
364.420000	13324.000000
364.425000	12645.000000
364.430000	13690.000000
364.435000	12195.000000
364.440000	13085.000000
364.445000	12287.000000
364.450000	12403.000000
364.455000	12074.000000
364.460000	12449.000000
364.465000	12621.000000
364.470000	13076.000000
364.475000	12803.000000
364.480000	12426.000000
364.485000	12008.000000
364.490000	12546.000000
364.495000	12505.000000
364.500000	12400.000000
364.505000	11954.000000
364.510000	11835.000000
364.515000	12043.000000
364.520000	11558.000000
364.525000	12766.000000
364.530000	11574.000000
364.535000	11068.000000
364.540000	11209.000000
364.545000	11589.000000
364.550000	11977.000000
364.555000	11837.000000
364.560000	11764.000000
364.565000	10899.000000
364.570000	11795.000000
364.575000	11045.000000
364.580000	11195.000000
364.585000	10724.000000
364.590000	12103.000000
364.595000	11033.000000
364.600000	10913.000000
364.605000	11466.000000
364.610000	11489.000000
364.615000	10823.000000
364.620000	11154.000000
364.625000	10694.000000
364.630000	11033.000000
364.635000	10425.000000
364.640000	11136.000000
364.645000	10210.000000
364.650000	10626.000000
364.655000	10566.000000
364.660000	10066.000000
364.665000	10149.000000
364.670000	10243.000000
364.675000	9825.000000
364.680000	10409.000000
364.685000	9913.000000
364.690000	10131.000000
364.695000	9952.000000
364.700000	9706.000000
364.705000	9418.000000
364.710000	9196.000000
364.715000	9590.000000
364.720000	8967.000000
364.725000	9321.000000
364.730000	9813.000000
364.735000	9533.000000
364.740000	9114.000000
364.745000	9187.000000
364.750000	9207.000000
364.755000	8588.000000
364.760000	8560.000000
364.765000	8564.000000
364.770000	8500.000000
364.775000	8993.000000
364.780000	8203.000000
364.785000	7888.000000
364.790000	8718.000000
364.795000	8446.000000
364.800000	8449.000000
364.805000	8680.000000
364.810000	8703.000000
364.815000	7949.000000
364.820000	7465.000000
364.825000	8094.000000
364.830000	7929.000000
364.835000	7678.000000
364.840000	7843.000000
364.845000	7308.000000
364.850000	7531.000000
364.855000	7695.000000
364.860000	7411.000000
364.865000	7253.000000
364.870000	7464.000000
364.875000	7335.000000
364.880000	7658.000000
364.885000	7352.000000
364.890000	6957.000000
364.895000	7108.000000
364.900000	7186.000000
364.905000	7579.000000
364.910000	6325.000000
364.915000	6846.000000
364.920000	7059.000000
364.925000	6813.000000
364.930000	7010.000000
364.935000	6706.000000
364.940000	6444.000000
364.945000	6387.000000
364.950000	6508.000000
364.955000	6257.000000
364.960000	6129.000000
364.965000	6535.000000
364.970000	6740.000000
364.975000	6080.000000
364.980000	5890.000000
364.985000	6409.000000
364.990000	5800.000000
364.995000	5996.000000
365.000000	5456.000000
365.005000	6017.000000
365.010000	5581.000000
365.015000	5589.000000
365.020000	5710.000000
365.025000	5681.000000
365.030000	5167.000000
365.035000	5591.000000
365.040000	5326.000000
365.045000	5268.000000
365.050000	5062.000000
365.055000	5500.000000
365.060000	5337.000000
365.065000	5083.000000
365.070000	5422.000000
365.075000	4885.000000
365.080000	4906.000000
365.085000	4834.000000
365.090000	4838.000000
365.095000	4275.000000
365.100000	5074.000000
365.105000	4775.000000
365.110000	4518.000000
365.115000	4438.000000
365.120000	4481.000000
365.125000	4346.000000
365.130000	4532.000000
365.135000	4734.000000
365.140000	4468.000000
365.145000	4163.000000
365.150000	4498.000000
365.155000	4074.000000
365.160000	4060.000000
365.165000	4034.000000
365.170000	4307.000000
365.175000	3724.000000
365.180000	3629.000000
365.185000	4203.000000
365.190000	4129.000000
365.195000	3918.000000
365.200000	3938.000000
365.205000	3863.000000
365.210000	3874.000000
365.215000	3806.000000
365.220000	3849.000000
365.225000	3914.000000
365.230000	3812.000000
365.235000	3246.000000
365.240000	3469.000000
365.245000	3480.000000
365.250000	3612.000000
365.255000	3401.000000
365.260000	3144.000000
365.265000	3081.000000
365.270000	3142.000000
365.275000	3218.000000
365.280000	3141.000000
365.285000	3206.000000
365.290000	2984.000000
365.295000	3128.000000
365.300000	3121.000000
365.305000	2834.000000
365.310000	3109.000000
365.315000	2824.000000
365.320000	2953.000000
365.325000	2850.000000
365.330000	3375.000000
365.335000	2696.000000
365.340000	2911.000000
365.345000	2909.000000
365.350000	2317.000000
365.355000	2759.000000
365.360000	2631.000000
365.365000	2816.000000
365.370000	2734.000000
365.375000	2792.000000
365.380000	2403.000000
365.385000	2481.000000
365.390000	2500.000000
365.395000	2587.000000
365.400000	2246.000000
365.405000	2306.000000
365.410000	2743.000000
365.415000	2327.000000
365.420000	2319.000000
365.425000	2233.000000
365.430000	2224.000000
365.435000	2479.000000
365.440000	2077.000000
365.445000	2149.000000
365.450000	2084.000000
365.455000	2134.000000
365.460000	2025.000000
365.465000	2174.000000
365.470000	1924.000000
365.475000	2112.000000
365.480000	1972.000000
365.485000	2126.000000
365.490000	2054.000000
365.495000	1757.000000
365.500000	1824.000000
365.505000	1826.000000
365.510000	1786.000000
365.515000	2074.000000
365.520000	1960.000000
365.525000	1779.000000
365.530000	1590.000000
365.535000	1833.000000
365.540000	1774.000000
365.545000	1935.000000
365.550000	2003.000000
365.555000	1615.000000
365.560000	1692.000000
365.565000	1809.000000
365.570000	1600.000000
365.575000	1594.000000
365.580000	1919.000000
365.585000	1664.000000
365.590000	1568.000000
365.595000	1774.000000
365.600000	1534.000000
365.605000	1589.000000
365.610000	1567.000000
365.615000	1756.000000
365.620000	1269.000000
365.625000	1518.000000
365.630000	1643.000000
365.635000	1485.000000
365.640000	1402.000000
365.645000	1420.000000
365.650000	1380.000000
365.655000	1203.000000
365.660000	1326.000000
365.665000	1239.000000
365.670000	1493.000000
365.675000	1282.000000
365.680000	1183.000000
365.685000	1135.000000
365.690000	1264.000000
365.695000	1229.000000
365.700000	1220.000000
365.705000	1432.000000
365.710000	1178.000000
365.715000	1187.000000
365.720000	1236.000000
365.725000	1180.000000
365.730000	1164.000000
365.735000	1230.000000
365.740000	1305.000000
365.745000	983.000000
365.750000	1270.000000
365.755000	1152.000000
365.760000	1213.000000
365.765000	1104.000000
365.770000	967.000000
365.775000	918.000000
365.780000	1037.000000
365.785000	1128.000000
365.790000	986.000000
365.795000	1071.000000
365.800000	1099.000000
365.805000	1030.000000
365.810000	947.000000
365.815000	958.000000
365.820000	789.000000
365.825000	933.000000
365.830000	1044.000000
365.835000	999.000000
365.840000	1167.000000
365.845000	981.000000
365.850000	853.000000
365.855000	997.000000
365.860000	904.000000
365.865000	986.000000
365.870000	739.000000
365.875000	970.000000
365.880000	921.000000
365.885000	960.000000
365.890000	667.000000
365.895000	713.000000
365.900000	878.000000
365.905000	705.000000
365.910000	885.000000
365.915000	890.000000
365.920000	646.000000
365.925000	876.000000
365.930000	902.000000
365.935000	847.000000
365.940000	721.000000
365.945000	680.000000
365.950000	681.000000
365.955000	673.000000
365.960000	785.000000
365.965000	817.000000
365.970000	666.000000
365.975000	807.000000
365.980000	670.000000
365.985000	806.000000
365.990000	608.000000
365.995000	733.000000
366.000000	837.000000
366.005000	624.000000
366.010000	792.000000
366.015000	675.000000
366.020000	793.000000
366.025000	741.000000
366.030000	594.000000
366.035000	626.000000
366.040000	527.000000
366.045000	586.000000
366.050000	660.000000
366.055000	694.000000
366.060000	606.000000
366.065000	607.000000
366.070000	639.000000
366.075000	614.000000
366.080000	739.000000
366.085000	683.000000
366.090000	629.000000
366.095000	708.000000
366.100000	869.000000
366.105000	558.000000
366.110000	544.000000
366.115000	693.000000
366.120000	718.000000
366.125000	644.000000
366.130000	655.000000
366.135000	618.000000
366.140000	664.000000
366.145000	664.000000
366.150000	700.000000
366.155000	810.000000
366.160000	528.000000
366.165000	818.000000
366.170000	849.000000
366.175000	609.000000
366.180000	602.000000
366.185000	722.000000
366.190000	787.000000
366.195000	911.000000
366.200000	725.000000
366.205000	712.000000
366.210000	598.000000
366.215000	673.000000
366.220000	684.000000
366.225000	686.000000
366.230000	609.000000
366.235000	841.000000
366.240000	719.000000
366.245000	893.000000
366.250000	874.000000
366.255000	908.000000
366.260000	786.000000
366.265000	830.000000
366.270000	942.000000
366.275000	869.000000
366.280000	897.000000
366.285000	873.000000
366.290000	784.000000
366.295000	1064.000000
366.300000	1048.000000
366.305000	969.000000
366.310000	986.000000
366.315000	1095.000000
366.320000	1239.000000
366.325000	1263.000000
366.330000	1323.000000
366.335000	1357.000000
366.340000	1468.000000
366.345000	1285.000000
366.350000	1505.000000
366.355000	1537.000000
366.360000	1602.000000
366.365000	1680.000000
366.370000	1620.000000
366.375000	1524.000000
366.380000	1572.000000
366.385000	1540.000000
366.390000	1234.000000
366.395000	1460.000000
366.400000	1576.000000
366.405000	1468.000000
366.410000	1626.000000
366.415000	1342.000000
366.420000	1359.000000
366.425000	1429.000000
366.430000	1578.000000
366.435000	1840.000000
366.440000	1556.000000
366.445000	1288.000000
366.450000	1516.000000
366.455000	1817.000000
366.460000	1567.000000
366.465000	1898.000000
366.470000	1932.000000
366.475000	1695.000000
366.480000	1745.000000
366.485000	1642.000000
366.490000	1709.000000
366.495000	1882.000000
366.500000	2049.000000
366.505000	1818.000000
366.510000	1698.000000
366.515000	1917.000000
366.520000	1996.000000
366.525000	2060.000000
366.530000	1857.000000
366.535000	2239.000000
366.540000	2192.000000
366.545000	2461.000000
366.550000	2581.000000
366.555000	2777.000000
366.560000	2546.000000
366.565000	2796.000000
366.570000	2882.000000
366.575000	3112.000000
366.580000	3087.000000
366.585000	3303.000000
366.590000	3880.000000
366.595000	3746.000000
366.600000	4021.000000
366.605000	4814.000000
366.610000	4910.000000
366.615000	4436.000000
366.620000	4145.000000
366.625000	3897.000000
366.630000	4130.000000
366.635000	4273.000000
366.640000	4420.000000
366.645000	4751.000000
366.650000	4496.000000
366.655000	4418.000000
366.660000	4946.000000
366.665000	5281.000000
366.670000	5230.000000
366.675000	5570.000000
366.680000	5531.000000
366.685000	6069.000000
366.690000	5558.000000
366.695000	6152.000000
366.700000	6189.000000
366.705000	6911.000000
366.710000	7196.000000
366.715000	6962.000000
366.720000	7486.000000
366.725000	8006.000000
366.730000	7732.000000
366.735000	8050.000000
366.740000	8105.000000
366.745000	8400.000000
366.750000	8603.000000
366.755000	9278.000000
366.760000	8985.000000
366.765000	9505.000000
366.770000	9394.000000
366.775000	9691.000000
366.780000	10243.000000
366.785000	10469.000000
366.790000	10546.000000
366.795000	11084.000000
366.800000	11638.000000
366.805000	11902.000000
366.810000	12039.000000
366.815000	12279.000000
366.820000	12350.000000
366.825000	13504.000000
366.830000	12759.000000
366.835000	13849.000000
366.840000	14011.000000
366.845000	15118.000000
366.850000	14307.000000
366.855000	14919.000000
366.860000	14788.000000
366.865000	15163.000000
366.870000	14668.000000
366.875000	15070.000000
366.880000	15419.000000
366.885000	15457.000000
366.890000	16420.000000
366.895000	16296.000000
366.900000	16634.000000
366.905000	17596.000000
366.910000	17562.000000
366.915000	17942.000000
366.920000	19061.000000
366.925000	18892.000000
366.930000	19987.000000
366.935000	20252.000000
366.940000	21656.000000
366.945000	21447.000000
366.950000	21135.000000
366.955000	22270.000000
366.960000	21417.000000
366.965000	22951.000000
366.970000	22045.000000
366.975000	22366.000000
366.980000	22944.000000
366.985000	24705.000000
366.990000	24311.000000
366.995000	23730.000000
367.000000	24416.000000
367.005000	26377.000000
367.010000	25723.000000
367.015000	27424.000000
367.020000	27136.000000
367.025000	27750.000000
367.030000	28048.000000
367.035000	28381.000000
367.040000	28498.000000
367.045000	30003.000000
367.050000	31541.000000
367.055000	32217.000000
367.060000	31640.000000
367.065000	31887.000000
367.070000	33146.000000
367.075000	33494.000000
367.080000	34419.000000
367.085000	35724.000000
367.090000	36651.000000
367.095000	38519.000000
367.100000	38976.000000
367.105000	40353.000000
367.110000	41668.000000
367.115000	42185.000000
367.120000	43108.000000
367.125000	45151.000000
367.130000	45348.000000
367.135000	47529.000000
367.140000	49387.000000
367.145000	51105.000000
367.150000	52304.000000
367.155000	52461.000000
367.160000	53516.000000
367.165000	57395.000000
367.170000	59443.000000
367.175000	58881.000000
367.180000	63143.000000
367.185000	64912.000000
367.190000	64589.000000
367.195000	68429.000000
367.200000	69869.000000
367.205000	73704.000000
367.210000	74045.000000
367.215000	77256.000000
367.220000	79416.000000
367.225000	84145.000000
367.230000	85901.000000
367.235000	89350.000000
367.240000	92969.000000
367.245000	94462.000000
367.250000	98018.000000
367.255000	100030.000000
367.260000	104991.000000
367.265000	109032.000000
367.270000	111686.000000
367.275000	117468.000000
367.280000	118729.000000
367.285000	123800.000000
367.290000	126840.000000
367.295000	131547.000000
367.300000	139038.000000
367.305000	140620.000000
367.310000	143658.000000
367.315000	150075.000000
367.320000	153461.000000
367.325000	156957.000000
367.330000	163799.000000
367.335000	163352.000000
367.340000	172513.000000
367.345000	173811.000000
367.350000	179753.000000
367.355000	184863.000000
367.360000	187439.000000
367.365000	194438.000000
367.370000	194113.000000
367.375000	201982.000000
367.380000	202383.000000
367.385000	206965.000000
367.390000	207933.000000
367.395000	210810.000000
367.400000	214299.000000
367.405000	216416.000000
367.410000	215657.000000
367.415000	218385.000000
367.420000	220099.000000
367.425000	223627.000000
367.430000	226713.000000
367.435000	227462.000000
367.440000	230767.000000
367.445000	232222.000000
367.450000	232883.000000
367.455000	239457.000000
367.460000	242622.000000
367.465000	241958.000000
367.470000	237298.000000
367.475000	233902.000000
367.480000	227797.000000
367.485000	226595.000000
367.490000	223301.000000
367.495000	221232.000000
367.500000	220236.000000
367.505000	219091.000000
367.510000	217478.000000
367.515000	215506.000000
367.520000	215321.000000
367.525000	212812.000000
367.530000	208652.000000
367.535000	206500.000000
367.540000	206408.000000
367.545000	203740.000000
367.550000	198963.000000
367.555000	197104.000000
367.560000	191762.000000
367.565000	187986.000000
367.570000	188528.000000
367.575000	185306.000000
367.580000	181401.000000
367.585000	176975.000000
367.590000	176744.000000
367.595000	173790.000000
367.600000	173034.000000
367.605000	166340.000000
367.610000	164704.000000
367.615000	165751.000000
367.620000	159470.000000
367.625000	160909.000000
367.630000	156119.000000
367.635000	152571.000000
367.640000	153327.000000
367.645000	149959.000000
367.650000	146207.000000
367.655000	147706.000000
367.660000	143714.000000
367.665000	139542.000000
367.670000	137052.000000
367.675000	134953.000000
367.680000	132431.000000
367.685000	131381.000000
367.690000	126911.000000
367.695000	126900.000000
367.700000	123235.000000
367.705000	122026.000000
367.710000	118840.000000
367.715000	120035.000000
367.720000	117284.000000
367.725000	115985.000000
367.730000	113541.000000
367.735000	110375.000000
367.740000	110179.000000
367.745000	108876.000000
367.750000	106872.000000
367.755000	106316.000000
367.760000	104941.000000
367.765000	101011.000000
367.770000	100094.000000
367.775000	99499.000000
367.780000	98180.000000
367.785000	95612.000000
367.790000	94267.000000
367.795000	96686.000000
367.800000	95909.000000
367.805000	95576.000000
367.810000	91999.000000
367.815000	92804.000000
367.820000	91666.000000
367.825000	92486.000000
367.830000	90444.000000
367.835000	91547.000000
367.840000	89674.000000
367.845000	88210.000000
367.850000	84723.000000
367.855000	86240.000000
367.860000	83827.000000
367.865000	83680.000000
367.870000	82146.000000
367.875000	81910.000000
367.880000	81162.000000
367.885000	80038.000000
367.890000	77690.000000
367.895000	77779.000000
367.900000	78486.000000
367.905000	75266.000000
367.910000	78357.000000
367.915000	77001.000000
367.920000	75422.000000
367.925000	74939.000000
367.930000	74704.000000
367.935000	75312.000000
367.940000	73595.000000
367.945000	72673.000000
367.950000	72618.000000
367.955000	71843.000000
367.960000	72902.000000
367.965000	72530.000000
367.970000	71365.000000
367.975000	74617.000000
367.980000	71490.000000
367.985000	71733.000000
367.990000	71395.000000
367.995000	71248.000000
368.000000	71336.000000
368.005000	71360.000000
368.010000	73167.000000
368.015000	74310.000000
368.020000	72525.000000
368.025000	75821.000000
368.030000	79546.000000
368.035000	83292.000000
368.040000	87591.000000
368.045000	81920.000000
368.050000	77734.000000
368.055000	74555.000000
368.060000	73931.000000
368.065000	76043.000000
368.070000	75045.000000
368.075000	77891.000000
368.080000	81385.000000
368.085000	81021.000000
368.090000	77996.000000
368.095000	74119.000000
368.100000	73957.000000
368.105000	74721.000000
368.110000	77435.000000
368.115000	79372.000000
368.120000	73926.000000
368.125000	70780.000000
368.130000	71754.000000
368.135000	73536.000000
368.140000	72928.000000
368.145000	73603.000000
368.150000	72813.000000
368.155000	77570.000000
368.160000	78299.000000
368.165000	74972.000000
368.170000	75906.000000
368.175000	75428.000000
368.180000	76845.000000
368.185000	79352.000000
368.190000	78088.000000
368.195000	81653.000000
368.200000	82502.000000
368.205000	87568.000000
368.210000	90439.000000
368.215000	92461.000000
368.220000	101391.000000
368.225000	108463.000000
368.230000	114452.000000
368.235000	122735.000000
368.240000	136238.000000
368.245000	148455.000000
368.250000	158887.000000
368.255000	166661.000000
368.260000	167712.000000
368.265000	163247.000000
368.270000	154016.000000
368.275000	142791.000000
368.280000	127280.000000
368.285000	111452.000000
368.290000	102812.000000
368.295000	95975.000000
368.300000	94038.000000
368.305000	94108.000000
368.310000	90925.000000
368.315000	81804.000000
368.320000	71305.000000
368.325000	66335.000000
368.330000	62753.000000
368.335000	59731.000000
368.340000	56852.000000
368.345000	54254.000000
368.350000	54065.000000
368.355000	53045.000000
368.360000	51512.000000
368.365000	51287.000000
368.370000	50166.000000
368.375000	49219.000000
368.380000	47422.000000
368.385000	46602.000000
368.390000	43847.000000
368.395000	46079.000000
368.400000	43707.000000
368.405000	44926.000000
368.410000	43926.000000
368.415000	43915.000000
368.420000	42363.000000
368.425000	42113.000000
368.430000	41784.000000
368.435000	40980.000000
368.440000	40694.000000
368.445000	39724.000000
368.450000	39882.000000
368.455000	40095.000000
368.460000	39357.000000
368.465000	40277.000000
368.470000	37393.000000
368.475000	38452.000000
368.480000	38116.000000
368.485000	38838.000000
368.490000	36819.000000
368.495000	36994.000000
368.500000	37423.000000
368.505000	37050.000000
368.510000	36769.000000
368.515000	36789.000000
368.520000	37141.000000
368.525000	35920.000000
368.530000	36504.000000
368.535000	36410.000000
368.540000	37187.000000
368.545000	36572.000000
368.550000	37250.000000
368.555000	38716.000000
368.560000	38013.000000
368.565000	40238.000000
368.570000	42483.000000
368.575000	42723.000000
368.580000	47659.000000
368.585000	52375.000000
368.590000	57981.000000
368.595000	67847.000000
368.600000	80707.000000
368.605000	98558.000000
368.610000	108496.000000
368.615000	117411.000000
368.620000	132089.000000
368.625000	145316.000000
368.630000	173563.000000
368.635000	243781.000000
368.640000	269112.000000
368.645000	193665.000000
368.650000	127504.000000
368.655000	89541.000000
368.660000	68880.000000
368.665000	53033.000000
368.670000	47882.000000
368.675000	42506.000000
368.680000	39677.000000
368.685000	37329.000000
368.690000	36012.000000
368.695000	33032.000000
368.700000	33254.000000
368.705000	32125.000000
368.710000	31851.000000
368.715000	30698.000000
368.720000	29184.000000
368.725000	29098.000000
368.730000	27292.000000
368.735000	27347.000000
368.740000	27234.000000
368.745000	26384.000000
368.750000	25465.000000
368.755000	26282.000000
368.760000	24756.000000
368.765000	25030.000000
368.770000	24091.000000
368.775000	23133.000000
368.780000	23514.000000
368.785000	23856.000000
368.790000	22682.000000
368.795000	22756.000000
368.800000	22669.000000
368.805000	22857.000000
368.810000	21943.000000
368.815000	21640.000000
368.820000	21320.000000
368.825000	21150.000000
368.830000	21376.000000
368.835000	20491.000000
368.840000	20234.000000
368.845000	20300.000000
368.850000	20095.000000
368.855000	20021.000000
368.860000	20226.000000
368.865000	20039.000000
368.870000	20280.000000
368.875000	19106.000000
368.880000	19370.000000
368.885000	19275.000000
368.890000	18168.000000
368.895000	19505.000000
368.900000	18053.000000
368.905000	17574.000000
368.910000	17952.000000
368.915000	18011.000000
368.920000	18126.000000
368.925000	18430.000000
368.930000	17906.000000
368.935000	17810.000000
368.940000	17159.000000
368.945000	17148.000000
368.950000	17135.000000
368.955000	16195.000000
368.960000	16725.000000
368.965000	16608.000000
368.970000	16186.000000
368.975000	16055.000000
368.980000	16969.000000
368.985000	16648.000000
368.990000	16397.000000
368.995000	16025.000000
369.000000	16116.000000
369.005000	15832.000000
369.010000	15032.000000
369.015000	16392.000000
369.020000	15233.000000
369.025000	15820.000000
369.030000	15988.000000
369.035000	15875.000000
369.040000	15576.000000
369.045000	14698.000000
369.050000	15270.000000
369.055000	14042.000000
369.060000	14840.000000
369.065000	14237.000000
369.070000	13831.000000
369.075000	14629.000000
369.080000	13540.000000
369.085000	14238.000000
369.090000	14055.000000
369.095000	14483.000000
369.100000	13390.000000
369.105000	14205.000000
369.110000	13608.000000
369.115000	13945.000000
369.120000	13575.000000
369.125000	13977.000000
369.130000	13072.000000
369.135000	13198.000000
369.140000	12921.000000
369.145000	12909.000000
369.150000	13478.000000
369.155000	13619.000000
369.160000	12591.000000
369.165000	12702.000000
369.170000	12897.000000
369.175000	12694.000000
369.180000	12904.000000
369.185000	12700.000000
369.190000	13084.000000
369.195000	11976.000000
369.200000	12153.000000
369.205000	11640.000000
369.210000	12196.000000
369.215000	12816.000000
369.220000	12084.000000
369.225000	12131.000000
369.230000	11706.000000
369.235000	11897.000000
369.240000	12063.000000
369.245000	11276.000000
369.250000	12095.000000
369.255000	12225.000000
369.260000	11440.000000
369.265000	10998.000000
369.270000	11291.000000
369.275000	11535.000000
369.280000	11705.000000
369.285000	11084.000000
369.290000	11543.000000
369.295000	11152.000000
369.300000	11442.000000
369.305000	11272.000000
369.310000	10676.000000
369.315000	11365.000000
369.320000	10351.000000
369.325000	10245.000000
369.330000	10039.000000
369.335000	10236.000000
369.340000	10002.000000
369.345000	10476.000000
369.350000	10611.000000
369.355000	10800.000000
369.360000	10059.000000
369.365000	10008.000000
369.370000	10241.000000
369.375000	9985.000000
369.380000	10402.000000
369.385000	9639.000000
369.390000	10321.000000
369.395000	10253.000000
369.400000	9612.000000
369.405000	9921.000000
369.410000	10251.000000
369.415000	9461.000000
369.420000	9473.000000
369.425000	9497.000000
369.430000	9428.000000
369.435000	9904.000000
369.440000	9768.000000
369.445000	9554.000000
369.450000	8976.000000
369.455000	9192.000000
369.460000	9065.000000
369.465000	8995.000000
369.470000	9043.000000
369.475000	8915.000000
369.480000	9670.000000
369.485000	8683.000000
369.490000	9217.000000
369.495000	8758.000000
369.500000	9239.000000
369.505000	9257.000000
369.510000	8877.000000
369.515000	8754.000000
369.520000	9079.000000
369.525000	8651.000000
369.530000	9045.000000
369.535000	8736.000000
369.540000	8685.000000
369.545000	9093.000000
369.550000	8386.000000
369.555000	8508.000000
369.560000	8881.000000
369.565000	8397.000000
369.570000	8602.000000
369.575000	8464.000000
369.580000	8807.000000
369.585000	9060.000000
369.590000	8858.000000
369.595000	8435.000000
369.600000	8200.000000
369.605000	8119.000000
369.610000	8375.000000
369.615000	8257.000000
369.620000	7992.000000
369.625000	8174.000000
369.630000	8211.000000
369.635000	8439.000000
369.640000	8073.000000
369.645000	7457.000000
369.650000	7947.000000
369.655000	7421.000000
369.660000	7882.000000
369.665000	7806.000000
369.670000	7615.000000
369.675000	8042.000000
369.680000	7815.000000
369.685000	8073.000000
369.690000	7480.000000
369.695000	8040.000000
369.700000	7455.000000
369.705000	7586.000000
369.710000	7324.000000
369.715000	7864.000000
369.720000	7898.000000
369.725000	7634.000000
369.730000	6845.000000
369.735000	7272.000000
369.740000	6980.000000
369.745000	7263.000000
369.750000	7142.000000
369.755000	6986.000000
369.760000	7052.000000
369.765000	7153.000000
369.770000	6979.000000
369.775000	7002.000000
369.780000	7150.000000
369.785000	7057.000000
369.790000	6859.000000
369.795000	7541.000000
369.800000	6957.000000
369.805000	6924.000000
369.810000	6912.000000
369.815000	6817.000000
369.820000	7324.000000
369.825000	7499.000000
369.830000	7588.000000
369.835000	7160.000000
369.840000	7181.000000
369.845000	6974.000000
369.850000	6666.000000
369.855000	7027.000000
369.860000	6194.000000
369.865000	6735.000000
369.870000	7036.000000
369.875000	6847.000000
369.880000	6833.000000
369.885000	6716.000000
369.890000	6522.000000
369.895000	6670.000000
369.900000	6224.000000
369.905000	6829.000000
369.910000	6740.000000
369.915000	6312.000000
369.920000	6313.000000
369.925000	6308.000000
369.930000	6376.000000
369.935000	6139.000000
369.940000	6680.000000
369.945000	6426.000000
369.950000	6294.000000
369.955000	6536.000000
369.960000	6147.000000
369.965000	6127.000000
369.970000	6925.000000
369.975000	6479.000000
369.980000	6411.000000
369.985000	6382.000000
369.990000	5944.000000
369.995000	6129.000000
370.000000	6086.000000
