Sample ID:		H1088 Mg coat 100um slit 20mW power
Start Time:		Thu Jul 09 2020 5:06:14 PM
Averaging Time:		1.000s

344.000000	9.000000
344.020000	22.000000
344.040000	29.000000
344.060000	17.000000
344.080000	1.000000
344.100000	9.000000
344.120000	14.000000
344.140000	4.000000
344.160000	18.000000
344.180000	17.000000
344.200000	4.000000
344.220000	19.000000
344.240000	2.000000
344.260000	1.000000
344.280000	28.000000
344.300000	44.000000
344.320000	1.000000
344.340000	3.000000
344.360000	9.000000
344.380000	25.000000
344.400000	39.000000
344.420000	7.000000
344.440000	5.000000
344.460000	7.000000
344.480000	18.000000
344.500000	2.000000
344.520000	28.000000
344.540000	2.000000
344.560000	8.000000
344.580000	6.000000
344.600000	46.000000
344.620000	2.000000
344.640000	23.000000
344.660000	19.000000
344.680000	4.000000
344.700000	2.000000
344.720000	11.000000
344.740000	4.000000
344.760000	48.000000
344.780000	2.000000
344.800000	4.000000
344.820000	15.000000
344.840000	13.000000
344.860000	4.000000
344.880000	11.000000
344.900000	6.000000
344.920000	6.000000
344.940000	8.000000
344.960000	18.000000
344.980000	0.000000
345.000000	11.000000
345.020000	6.000000
345.040000	10.000000
345.060000	19.000000
345.080000	9.000000
345.100000	3.000000
345.120000	8.000000
345.140000	53.000000
345.160000	14.000000
345.180000	8.000000
345.200000	18.000000
345.220000	33.000000
345.240000	3.000000
345.260000	13.000000
345.280000	17.000000
345.300000	15.000000
345.320000	17.000000
345.340000	21.000000
345.360000	9.000000
345.380000	3.000000
345.400000	15.000000
345.420000	0.000000
345.440000	35.000000
345.460000	18.000000
345.480000	11.000000
345.500000	8.000000
345.520000	0.000000
345.540000	7.000000
345.560000	5.000000
345.580000	28.000000
345.600000	28.000000
345.620000	8.000000
345.640000	39.000000
345.660000	21.000000
345.680000	0.000000
345.700000	19.000000
345.720000	5.000000
345.740000	26.000000
345.760000	2.000000
345.780000	13.000000
345.800000	13.000000
345.820000	15.000000
345.840000	1.000000
345.860000	2.000000
345.880000	20.000000
345.900000	10.000000
345.920000	36.000000
345.940000	17.000000
345.960000	9.000000
345.980000	15.000000
346.000000	18.000000
346.020000	39.000000
346.040000	6.000000
346.060000	5.000000
346.080000	12.000000
346.100000	22.000000
346.120000	9.000000
346.140000	6.000000
346.160000	2.000000
346.180000	31.000000
346.200000	0.000000
346.220000	16.000000
346.240000	1.000000
346.260000	6.000000
346.280000	0.000000
346.300000	8.000000
346.320000	5.000000
346.340000	4.000000
346.360000	40.000000
346.380000	12.000000
346.400000	6.000000
346.420000	11.000000
346.440000	19.000000
346.460000	24.000000
346.480000	21.000000
346.500000	2.000000
346.520000	5.000000
346.540000	16.000000
346.560000	10.000000
346.580000	21.000000
346.600000	6.000000
346.620000	31.000000
346.640000	35.000000
346.660000	42.000000
346.680000	24.000000
346.700000	52.000000
346.720000	36.000000
346.740000	19.000000
346.760000	11.000000
346.780000	38.000000
346.800000	8.000000
346.820000	25.000000
346.840000	44.000000
346.860000	40.000000
346.880000	35.000000
346.900000	5.000000
346.920000	20.000000
346.940000	5.000000
346.960000	20.000000
346.980000	16.000000
347.000000	15.000000
347.020000	46.000000
347.040000	8.000000
347.060000	12.000000
347.080000	10.000000
347.100000	4.000000
347.120000	7.000000
347.140000	14.000000
347.160000	17.000000
347.180000	32.000000
347.200000	1.000000
347.220000	6.000000
347.240000	9.000000
347.260000	6.000000
347.280000	12.000000
347.300000	28.000000
347.320000	17.000000
347.340000	37.000000
347.360000	37.000000
347.380000	3.000000
347.400000	21.000000
347.420000	1.000000
347.440000	32.000000
347.460000	20.000000
347.480000	22.000000
347.500000	5.000000
347.520000	9.000000
347.540000	2.000000
347.560000	16.000000
347.580000	7.000000
347.600000	12.000000
347.620000	13.000000
347.640000	39.000000
347.660000	21.000000
347.680000	55.000000
347.700000	11.000000
347.720000	8.000000
347.740000	14.000000
347.760000	13.000000
347.780000	27.000000
347.800000	38.000000
347.820000	10.000000
347.840000	8.000000
347.860000	4.000000
347.880000	42.000000
347.900000	0.000000
347.920000	29.000000
347.940000	19.000000
347.960000	11.000000
347.980000	3.000000
348.000000	20.000000
348.020000	47.000000
348.040000	3.000000
348.060000	6.000000
348.080000	5.000000
348.100000	4.000000
348.120000	12.000000
348.140000	16.000000
348.160000	9.000000
348.180000	6.000000
348.200000	14.000000
348.220000	62.000000
348.240000	2.000000
348.260000	10.000000
348.280000	31.000000
348.300000	17.000000
348.320000	11.000000
348.340000	39.000000
348.360000	103.000000
348.380000	17.000000
348.400000	7.000000
348.420000	5.000000
348.440000	11.000000
348.460000	22.000000
348.480000	6.000000
348.500000	16.000000
348.520000	16.000000
348.540000	20.000000
348.560000	11.000000
348.580000	13.000000
348.600000	16.000000
348.620000	3.000000
348.640000	6.000000
348.660000	27.000000
348.680000	22.000000
348.700000	25.000000
348.720000	2.000000
348.740000	4.000000
348.760000	27.000000
348.780000	7.000000
348.800000	14.000000
348.820000	13.000000
348.840000	25.000000
348.860000	5.000000
348.880000	25.000000
348.900000	18.000000
348.920000	22.000000
348.940000	21.000000
348.960000	31.000000
348.980000	26.000000
349.000000	6.000000
349.020000	5.000000
349.040000	10.000000
349.060000	10.000000
349.080000	15.000000
349.100000	0.000000
349.120000	34.000000
349.140000	19.000000
349.160000	36.000000
349.180000	9.000000
349.200000	19.000000
349.220000	60.000000
349.240000	0.000000
349.260000	5.000000
349.280000	33.000000
349.300000	2.000000
349.320000	13.000000
349.340000	9.000000
349.360000	6.000000
349.380000	3.000000
349.400000	26.000000
349.420000	5.000000
349.440000	8.000000
349.460000	33.000000
349.480000	19.000000
349.500000	32.000000
349.520000	1.000000
349.540000	21.000000
349.560000	19.000000
349.580000	4.000000
349.600000	39.000000
349.620000	3.000000
349.640000	18.000000
349.660000	52.000000
349.680000	13.000000
349.700000	19.000000
349.720000	6.000000
349.740000	11.000000
349.760000	9.000000
349.780000	14.000000
349.800000	6.000000
349.820000	21.000000
349.840000	8.000000
349.860000	1.000000
349.880000	6.000000
349.900000	28.000000
349.920000	25.000000
349.940000	14.000000
349.960000	7.000000
349.980000	42.000000
350.000000	11.000000
350.020000	35.000000
350.040000	11.000000
350.060000	65.000000
350.080000	48.000000
350.100000	17.000000
350.120000	13.000000
350.140000	20.000000
350.160000	18.000000
350.180000	9.000000
350.200000	7.000000
350.220000	10.000000
350.240000	18.000000
350.260000	15.000000
350.280000	22.000000
350.300000	12.000000
350.320000	61.000000
350.340000	11.000000
350.360000	27.000000
350.380000	45.000000
350.400000	19.000000
350.420000	13.000000
350.440000	18.000000
350.460000	29.000000
350.480000	21.000000
350.500000	6.000000
350.520000	25.000000
350.540000	2.000000
350.560000	6.000000
350.580000	26.000000
350.600000	19.000000
350.620000	3.000000
350.640000	24.000000
350.660000	37.000000
350.680000	8.000000
350.700000	22.000000
350.720000	23.000000
350.740000	71.000000
350.760000	9.000000
350.780000	22.000000
350.800000	58.000000
350.820000	128.000000
350.840000	21.000000
350.860000	25.000000
350.880000	14.000000
350.900000	19.000000
350.920000	36.000000
350.940000	19.000000
350.960000	29.000000
350.980000	47.000000
351.000000	16.000000
351.020000	15.000000
351.040000	11.000000
351.060000	22.000000
351.080000	24.000000
351.100000	13.000000
351.120000	21.000000
351.140000	15.000000
351.160000	13.000000
351.180000	15.000000
351.200000	11.000000
351.220000	48.000000
351.240000	25.000000
351.260000	12.000000
351.280000	49.000000
351.300000	10.000000
351.320000	29.000000
351.340000	13.000000
351.360000	13.000000
351.380000	10.000000
351.400000	19.000000
351.420000	9.000000
351.440000	20.000000
351.460000	2.000000
351.480000	6.000000
351.500000	21.000000
351.520000	14.000000
351.540000	34.000000
351.560000	23.000000
351.580000	4.000000
351.600000	0.000000
351.620000	23.000000
351.640000	34.000000
351.660000	24.000000
351.680000	16.000000
351.700000	5.000000
351.720000	3.000000
351.740000	33.000000
351.760000	14.000000
351.780000	9.000000
351.800000	10.000000
351.820000	15.000000
351.840000	23.000000
351.860000	21.000000
351.880000	7.000000
351.900000	11.000000
351.920000	10.000000
351.940000	11.000000
351.960000	33.000000
351.980000	18.000000
352.000000	2.000000
352.020000	100.000000
352.040000	15.000000
352.060000	19.000000
352.080000	18.000000
352.100000	23.000000
352.120000	18.000000
352.140000	2.000000
352.160000	19.000000
352.180000	19.000000
352.200000	14.000000
352.220000	7.000000
352.240000	63.000000
352.260000	14.000000
352.280000	2.000000
352.300000	86.000000
352.320000	73.000000
352.340000	16.000000
352.360000	18.000000
352.380000	23.000000
352.400000	14.000000
352.420000	25.000000
352.440000	16.000000
352.460000	6.000000
352.480000	62.000000
352.500000	16.000000
352.520000	35.000000
352.540000	18.000000
352.560000	29.000000
352.580000	21.000000
352.600000	16.000000
352.620000	11.000000
352.640000	20.000000
352.660000	15.000000
352.680000	37.000000
352.700000	12.000000
352.720000	40.000000
352.740000	26.000000
352.760000	13.000000
352.780000	1.000000
352.800000	11.000000
352.820000	28.000000
352.840000	9.000000
352.860000	20.000000
352.880000	45.000000
352.900000	8.000000
352.920000	2.000000
352.940000	20.000000
352.960000	12.000000
352.980000	35.000000
353.000000	5.000000
353.020000	32.000000
353.040000	3.000000
353.060000	14.000000
353.080000	19.000000
353.100000	15.000000
353.120000	26.000000
353.140000	56.000000
353.160000	30.000000
353.180000	21.000000
353.200000	24.000000
353.220000	6.000000
353.240000	3.000000
353.260000	12.000000
353.280000	3.000000
353.300000	59.000000
353.320000	25.000000
353.340000	65.000000
353.360000	12.000000
353.380000	15.000000
353.400000	14.000000
353.420000	23.000000
353.440000	44.000000
353.460000	16.000000
353.480000	6.000000
353.500000	47.000000
353.520000	13.000000
353.540000	55.000000
353.560000	15.000000
353.580000	18.000000
353.600000	4.000000
353.620000	20.000000
353.640000	23.000000
353.660000	5.000000
353.680000	22.000000
353.700000	1.000000
353.720000	29.000000
353.740000	31.000000
353.760000	30.000000
353.780000	14.000000
353.800000	37.000000
353.820000	24.000000
353.840000	5.000000
353.860000	23.000000
353.880000	64.000000
353.900000	5.000000
353.920000	33.000000
353.940000	6.000000
353.960000	40.000000
353.980000	35.000000
354.000000	18.000000
354.020000	24.000000
354.040000	24.000000
354.060000	4.000000
354.080000	10.000000
354.100000	15.000000
354.120000	36.000000
354.140000	33.000000
354.160000	38.000000
354.180000	23.000000
354.200000	21.000000
354.220000	30.000000
354.240000	16.000000
354.260000	40.000000
354.280000	4.000000
354.300000	34.000000
354.320000	16.000000
354.340000	34.000000
354.360000	24.000000
354.380000	10.000000
354.400000	7.000000
354.420000	8.000000
354.440000	40.000000
354.460000	19.000000
354.480000	66.000000
354.500000	8.000000
354.520000	19.000000
354.540000	15.000000
354.560000	35.000000
354.580000	4.000000
354.600000	4.000000
354.620000	19.000000
354.640000	39.000000
354.660000	35.000000
354.680000	3.000000
354.700000	7.000000
354.720000	18.000000
354.740000	39.000000
354.760000	23.000000
354.780000	24.000000
354.800000	11.000000
354.820000	6.000000
354.840000	35.000000
354.860000	32.000000
354.880000	32.000000
354.900000	12.000000
354.920000	6.000000
354.940000	77.000000
354.960000	19.000000
354.980000	7.000000
355.000000	14.000000
355.020000	18.000000
355.040000	16.000000
355.060000	66.000000
355.080000	13.000000
355.100000	28.000000
355.120000	19.000000
355.140000	22.000000
355.160000	41.000000
355.180000	5.000000
355.200000	33.000000
355.220000	23.000000
355.240000	41.000000
355.260000	17.000000
355.280000	12.000000
355.300000	34.000000
355.320000	8.000000
355.340000	8.000000
355.360000	3.000000
355.380000	22.000000
355.400000	3.000000
355.420000	30.000000
355.440000	24.000000
355.460000	51.000000
355.480000	42.000000
355.500000	24.000000
355.520000	5.000000
355.540000	18.000000
355.560000	11.000000
355.580000	10.000000
355.600000	43.000000
355.620000	19.000000
355.640000	21.000000
355.660000	74.000000
355.680000	49.000000
355.700000	8.000000
355.720000	22.000000
355.740000	11.000000
355.760000	24.000000
355.780000	11.000000
355.800000	18.000000
355.820000	40.000000
355.840000	18.000000
355.860000	33.000000
355.880000	13.000000
355.900000	5.000000
355.920000	18.000000
355.940000	28.000000
355.960000	12.000000
355.980000	18.000000
356.000000	11.000000
356.020000	18.000000
356.040000	24.000000
356.060000	20.000000
356.080000	28.000000
356.100000	25.000000
356.120000	11.000000
356.140000	1.000000
356.160000	33.000000
356.180000	100.000000
356.200000	47.000000
356.220000	8.000000
356.240000	16.000000
356.260000	19.000000
356.280000	28.000000
356.300000	28.000000
356.320000	28.000000
356.340000	6.000000
356.360000	45.000000
356.380000	20.000000
356.400000	3.000000
356.420000	35.000000
356.440000	3.000000
356.460000	39.000000
356.480000	1.000000
356.500000	28.000000
356.520000	29.000000
356.540000	39.000000
356.560000	30.000000
356.580000	38.000000
356.600000	15.000000
356.620000	38.000000
356.640000	25.000000
356.660000	15.000000
356.680000	10.000000
356.700000	41.000000
356.720000	13.000000
356.740000	34.000000
356.760000	41.000000
356.780000	21.000000
356.800000	45.000000
356.820000	33.000000
356.840000	66.000000
356.860000	21.000000
356.880000	15.000000
356.900000	30.000000
356.920000	37.000000
356.940000	34.000000
356.960000	6.000000
356.980000	17.000000
357.000000	21.000000
357.020000	17.000000
357.040000	13.000000
357.060000	30.000000
357.080000	16.000000
357.100000	25.000000
357.120000	14.000000
357.140000	34.000000
357.160000	45.000000
357.180000	79.000000
357.200000	48.000000
357.220000	36.000000
357.240000	74.000000
357.260000	33.000000
357.280000	28.000000
357.300000	62.000000
357.320000	32.000000
357.340000	14.000000
357.360000	13.000000
357.380000	38.000000
357.400000	111.000000
357.420000	47.000000
357.440000	40.000000
357.460000	69.000000
357.480000	36.000000
357.500000	15.000000
357.520000	50.000000
357.540000	62.000000
357.560000	23.000000
357.580000	39.000000
357.600000	19.000000
357.620000	39.000000
357.640000	55.000000
357.660000	53.000000
357.680000	42.000000
357.700000	64.000000
357.720000	26.000000
357.740000	77.000000
357.760000	75.000000
357.780000	11.000000
357.800000	69.000000
357.820000	118.000000
357.840000	25.000000
357.860000	33.000000
357.880000	8.000000
357.900000	25.000000
357.920000	23.000000
357.940000	56.000000
357.960000	46.000000
357.980000	37.000000
358.000000	66.000000
358.020000	70.000000
358.040000	63.000000
358.060000	32.000000
358.080000	42.000000
358.100000	51.000000
358.120000	57.000000
358.140000	66.000000
358.160000	58.000000
358.180000	27.000000
358.200000	56.000000
358.220000	60.000000
358.240000	38.000000
358.260000	28.000000
358.280000	16.000000
358.300000	99.000000
358.320000	99.000000
358.340000	34.000000
358.360000	61.000000
358.380000	32.000000
358.400000	26.000000
358.420000	65.000000
358.440000	101.000000
358.460000	44.000000
358.480000	83.000000
358.500000	48.000000
358.520000	68.000000
358.540000	77.000000
358.560000	57.000000
358.580000	52.000000
358.600000	31.000000
358.620000	100.000000
358.640000	79.000000
358.660000	46.000000
358.680000	56.000000
358.700000	95.000000
358.720000	27.000000
358.740000	64.000000
358.760000	45.000000
358.780000	83.000000
358.800000	90.000000
358.820000	116.000000
358.840000	54.000000
358.860000	65.000000
358.880000	66.000000
358.900000	70.000000
358.920000	29.000000
358.940000	38.000000
358.960000	33.000000
358.980000	64.000000
359.000000	54.000000
359.020000	116.000000
359.040000	87.000000
359.060000	60.000000
359.080000	133.000000
359.100000	131.000000
359.120000	179.000000
359.140000	58.000000
359.160000	93.000000
359.180000	103.000000
359.200000	77.000000
359.220000	113.000000
359.240000	147.000000
359.260000	107.000000
359.280000	133.000000
359.300000	104.000000
359.320000	63.000000
359.340000	135.000000
359.360000	92.000000
359.380000	59.000000
359.400000	30.000000
359.420000	96.000000
359.440000	125.000000
359.460000	48.000000
359.480000	123.000000
359.500000	144.000000
359.520000	147.000000
359.540000	130.000000
359.560000	127.000000
359.580000	101.000000
359.600000	100.000000
359.620000	148.000000
359.640000	165.000000
359.660000	171.000000
359.680000	146.000000
359.700000	195.000000
359.720000	189.000000
359.740000	131.000000
359.760000	219.000000
359.780000	132.000000
359.800000	147.000000
359.820000	146.000000
359.840000	124.000000
359.860000	174.000000
359.880000	174.000000
359.900000	138.000000
359.920000	185.000000
359.940000	210.000000
359.960000	154.000000
359.980000	146.000000
360.000000	178.000000
360.020000	215.000000
360.040000	221.000000
360.060000	234.000000
360.080000	261.000000
360.100000	143.000000
360.120000	205.000000
360.140000	167.000000
360.160000	233.000000
360.180000	284.000000
360.200000	297.000000
360.220000	142.000000
360.240000	304.000000
360.260000	271.000000
360.280000	292.000000
360.300000	159.000000
360.320000	375.000000
360.340000	447.000000
360.360000	357.000000
360.380000	355.000000
360.400000	342.000000
360.420000	440.000000
360.440000	361.000000
360.460000	353.000000
360.480000	411.000000
360.500000	331.000000
360.520000	414.000000
360.540000	261.000000
360.560000	436.000000
360.580000	382.000000
360.600000	592.000000
360.620000	362.000000
360.640000	426.000000
360.660000	656.000000
360.680000	583.000000
360.700000	461.000000
360.720000	558.000000
360.740000	557.000000
360.760000	615.000000
360.780000	577.000000
360.800000	501.000000
360.820000	576.000000
360.840000	607.000000
360.860000	464.000000
360.880000	601.000000
360.900000	581.000000
360.920000	668.000000
360.940000	847.000000
360.960000	602.000000
360.980000	729.000000
361.000000	744.000000
361.020000	806.000000
361.040000	788.000000
361.060000	1070.000000
361.080000	665.000000
361.100000	991.000000
361.120000	790.000000
361.140000	806.000000
361.160000	1004.000000
361.180000	1133.000000
361.200000	946.000000
361.220000	979.000000
361.240000	1330.000000
361.260000	1226.000000
361.280000	1236.000000
361.300000	1318.000000
361.320000	1174.000000
361.340000	1253.000000
361.360000	1193.000000
361.380000	1211.000000
361.400000	1295.000000
361.420000	1450.000000
361.440000	1547.000000
361.460000	1605.000000
361.480000	1604.000000
361.500000	1722.000000
361.520000	1711.000000
361.540000	1812.000000
361.560000	1911.000000
361.580000	2071.000000
361.600000	2100.000000
361.620000	2134.000000
361.640000	1967.000000
361.660000	2177.000000
361.680000	2157.000000
361.700000	2734.000000
361.720000	2478.000000
361.740000	2679.000000
361.760000	2800.000000
361.780000	2819.000000
361.800000	3020.000000
361.820000	2716.000000
361.840000	2931.000000
361.860000	3093.000000
361.880000	3516.000000
361.900000	3387.000000
361.920000	3703.000000
361.940000	4284.000000
361.960000	4141.000000
361.980000	4607.000000
362.000000	5031.000000
362.020000	5047.000000
362.040000	5321.000000
362.060000	5630.000000
362.080000	5993.000000
362.100000	5873.000000
362.120000	6069.000000
362.140000	6791.000000
362.160000	6176.000000
362.180000	5987.000000
362.200000	6987.000000
362.220000	6299.000000
362.240000	7189.000000
362.260000	7199.000000
362.280000	7490.000000
362.300000	7474.000000
362.320000	8171.000000
362.340000	7971.000000
362.360000	7920.000000
362.380000	8785.000000
362.400000	8696.000000
362.420000	8955.000000
362.440000	9902.000000
362.460000	10038.000000
362.480000	10640.000000
362.500000	10900.000000
362.520000	11534.000000
362.540000	12105.000000
362.560000	11802.000000
362.580000	13068.000000
362.600000	13037.000000
362.620000	13932.000000
362.640000	13625.000000
362.660000	15728.000000
362.680000	15173.000000
362.700000	16092.000000
362.720000	17639.000000
362.740000	17542.000000
362.760000	17209.000000
362.780000	18751.000000
362.800000	19343.000000
362.820000	20526.000000
362.840000	21446.000000
362.860000	21982.000000
362.880000	22332.000000
362.900000	23663.000000
362.920000	24174.000000
362.940000	25980.000000
362.960000	26605.000000
362.980000	26479.000000
363.000000	28682.000000
363.020000	29807.000000
363.040000	30405.000000
363.060000	31371.000000
363.080000	33305.000000
363.100000	34341.000000
363.120000	35648.000000
363.140000	37995.000000
363.160000	39744.000000
363.180000	40906.000000
363.200000	41981.000000
363.220000	45076.000000
363.240000	46565.000000
363.260000	47429.000000
363.280000	52108.000000
363.300000	54155.000000
363.320000	55824.000000
363.340000	58286.000000
363.360000	60533.000000
363.380000	65137.000000
363.400000	67723.000000
363.420000	70652.000000
363.440000	73295.000000
363.460000	78798.000000
363.480000	82354.000000
363.500000	85728.000000
363.520000	91974.000000
363.540000	96863.000000
363.560000	101438.000000
363.580000	107410.000000
363.600000	110900.000000
363.620000	118041.000000
363.640000	125007.000000
363.660000	130415.000000
363.680000	137256.000000
363.700000	147857.000000
363.720000	153681.000000
363.740000	161728.000000
363.760000	170537.000000
363.780000	179326.000000
363.800000	186364.000000
363.820000	197576.000000
363.840000	210669.000000
363.860000	219795.000000
363.880000	231548.000000
363.900000	243722.000000
363.920000	258860.000000
363.940000	271150.000000
363.960000	290386.000000
363.980000	300229.000000
364.000000	319138.000000
364.020000	334373.000000
364.040000	357138.000000
364.060000	369151.000000
364.080000	387625.000000
364.100000	412211.000000
364.120000	426673.000000
364.140000	452525.000000
364.160000	469138.000000
364.180000	491054.000000
364.200000	511814.000000
364.220000	541961.000000
364.240000	561181.000000
364.260000	584526.000000
364.280000	606806.000000
364.300000	630499.000000
364.320000	657290.000000
364.340000	687944.000000
364.360000	702048.000000
364.380000	730667.000000
364.400000	752843.000000
364.420000	773952.000000
364.440000	795102.000000
364.460000	817030.000000
364.480000	841706.000000
364.500000	861768.000000
364.520000	879489.000000
364.540000	899381.000000
364.560000	916843.000000
364.580000	942927.000000
364.600000	955319.000000
364.620000	965241.000000
364.640000	979021.000000
364.660000	987698.000000
364.680000	1001262.000000
364.700000	1005488.000000
364.720000	1016524.000000
364.740000	1021252.000000
364.760000	1024317.000000
364.780000	1024624.000000
364.800000	1025163.000000
364.820000	1029772.000000
364.840000	1021392.000000
364.860000	1016468.000000
364.880000	1008445.000000
364.900000	999919.000000
364.920000	990632.000000
364.940000	981927.000000
364.960000	975655.000000
364.980000	962076.000000
365.000000	945126.000000
365.020000	927508.000000
365.040000	912825.000000
365.060000	893748.000000
365.080000	877338.000000
365.100000	862467.000000
365.120000	838145.000000
365.140000	817556.000000
365.160000	802159.000000
365.180000	778632.000000
365.200000	765188.000000
365.220000	737941.000000
365.240000	716454.000000
365.260000	692501.000000
365.280000	675062.000000
365.300000	648397.000000
365.320000	632879.000000
365.340000	609917.000000
365.360000	590842.000000
365.380000	574814.000000
365.400000	554425.000000
365.420000	534986.000000
365.440000	516595.000000
365.460000	495806.000000
365.480000	478258.000000
365.500000	463290.000000
365.520000	446881.000000
365.540000	427491.000000
365.560000	410115.000000
365.580000	395776.000000
365.600000	380532.000000
365.620000	364706.000000
365.640000	347617.000000
365.660000	334419.000000
365.680000	320490.000000
365.700000	307817.000000
365.720000	292525.000000
365.740000	282654.000000
365.760000	269561.000000
365.780000	256053.000000
365.800000	247103.000000
365.820000	236145.000000
365.840000	223963.000000
365.860000	215261.000000
365.880000	204302.000000
365.900000	197709.000000
365.920000	186867.000000
365.940000	177910.000000
365.960000	171452.000000
365.980000	165342.000000
366.000000	154340.000000
366.020000	150928.000000
366.040000	143923.000000
366.060000	138672.000000
366.080000	130808.000000
366.100000	126151.000000
366.120000	120733.000000
366.140000	116280.000000
366.160000	112118.000000
366.180000	107335.000000
366.200000	100718.000000
366.220000	96448.000000
366.240000	90421.000000
366.260000	90181.000000
366.280000	85312.000000
366.300000	82852.000000
366.320000	78697.000000
366.340000	75315.000000
366.360000	74345.000000
366.380000	68887.000000
366.400000	67880.000000
366.420000	64528.000000
366.440000	63579.000000
366.460000	62337.000000
366.480000	59439.000000
366.500000	57817.000000
366.520000	57027.000000
366.540000	55171.000000
366.560000	54411.000000
366.580000	53565.000000
366.600000	54634.000000
366.620000	53270.000000
366.640000	53809.000000
366.660000	53918.000000
366.680000	53928.000000
366.700000	56948.000000
366.720000	58757.000000
366.740000	62468.000000
366.760000	66281.000000
366.780000	74500.000000
366.800000	85870.000000
366.820000	104990.000000
366.840000	123007.000000
366.860000	140461.000000
366.880000	147785.000000
366.900000	150761.000000
366.920000	148699.000000
366.940000	152347.000000
366.960000	157424.000000
366.980000	172231.000000
367.000000	192720.000000
