Sample ID:		H1088 Mg coat 20um slit 20mW power
Start Time:		Thu Jul 09 2020 10:38:44 PM
Averaging Time:		1.000s

360.000000	13.000000
360.005000	10.000000
360.010000	9.000000
360.015000	6.000000
360.020000	9.000000
360.025000	6.000000
360.030000	7.000000
360.035000	14.000000
360.040000	14.000000
360.045000	11.000000
360.050000	7.000000
360.055000	13.000000
360.060000	20.000000
360.065000	5.000000
360.070000	40.000000
360.075000	18.000000
360.080000	13.000000
360.085000	14.000000
360.090000	20.000000
360.095000	9.000000
360.100000	18.000000
360.105000	5.000000
360.110000	20.000000
360.115000	1.000000
360.120000	25.000000
360.125000	4.000000
360.130000	16.000000
360.135000	9.000000
360.140000	6.000000
360.145000	30.000000
360.150000	60.000000
360.155000	29.000000
360.160000	2.000000
360.165000	38.000000
360.170000	1.000000
360.175000	16.000000
360.180000	6.000000
360.185000	19.000000
360.190000	5.000000
360.195000	12.000000
360.200000	30.000000
360.205000	4.000000
360.210000	40.000000
360.215000	6.000000
360.220000	7.000000
360.225000	31.000000
360.230000	14.000000
360.235000	32.000000
360.240000	21.000000
360.245000	1.000000
360.250000	40.000000
360.255000	5.000000
360.260000	0.000000
360.265000	21.000000
360.270000	2.000000
360.275000	14.000000
360.280000	13.000000
360.285000	1.000000
360.290000	39.000000
360.295000	9.000000
360.300000	17.000000
360.305000	33.000000
360.310000	4.000000
360.315000	12.000000
360.320000	1.000000
360.325000	14.000000
360.330000	15.000000
360.335000	45.000000
360.340000	18.000000
360.345000	21.000000
360.350000	19.000000
360.355000	15.000000
360.360000	6.000000
360.365000	4.000000
360.370000	3.000000
360.375000	27.000000
360.380000	8.000000
360.385000	5.000000
360.390000	21.000000
360.395000	12.000000
360.400000	14.000000
360.405000	17.000000
360.410000	11.000000
360.415000	40.000000
360.420000	38.000000
360.425000	11.000000
360.430000	6.000000
360.435000	31.000000
360.440000	1.000000
360.445000	19.000000
360.450000	14.000000
360.455000	28.000000
360.460000	17.000000
360.465000	14.000000
360.470000	20.000000
360.475000	23.000000
360.480000	16.000000
360.485000	11.000000
360.490000	47.000000
360.495000	15.000000
360.500000	15.000000
360.505000	54.000000
360.510000	16.000000
360.515000	33.000000
360.520000	9.000000
360.525000	3.000000
360.530000	70.000000
360.535000	3.000000
360.540000	8.000000
360.545000	4.000000
360.550000	3.000000
360.555000	13.000000
360.560000	18.000000
360.565000	4.000000
360.570000	11.000000
360.575000	32.000000
360.580000	18.000000
360.585000	11.000000
360.590000	60.000000
360.595000	9.000000
360.600000	20.000000
360.605000	9.000000
360.610000	22.000000
360.615000	26.000000
360.620000	17.000000
360.625000	4.000000
360.630000	10.000000
360.635000	12.000000
360.640000	8.000000
360.645000	6.000000
360.650000	9.000000
360.655000	14.000000
360.660000	21.000000
360.665000	45.000000
360.670000	20.000000
360.675000	2.000000
360.680000	18.000000
360.685000	3.000000
360.690000	6.000000
360.695000	51.000000
360.700000	27.000000
360.705000	36.000000
360.710000	11.000000
360.715000	5.000000
360.720000	16.000000
360.725000	37.000000
360.730000	16.000000
360.735000	0.000000
360.740000	25.000000
360.745000	13.000000
360.750000	33.000000
360.755000	42.000000
360.760000	30.000000
360.765000	4.000000
360.770000	18.000000
360.775000	15.000000
360.780000	3.000000
360.785000	7.000000
360.790000	44.000000
360.795000	7.000000
360.800000	9.000000
360.805000	22.000000
360.810000	21.000000
360.815000	58.000000
360.820000	13.000000
360.825000	32.000000
360.830000	21.000000
360.835000	17.000000
360.840000	21.000000
360.845000	10.000000
360.850000	29.000000
360.855000	12.000000
360.860000	52.000000
360.865000	13.000000
360.870000	16.000000
360.875000	12.000000
360.880000	22.000000
360.885000	20.000000
360.890000	23.000000
360.895000	7.000000
360.900000	11.000000
360.905000	7.000000
360.910000	13.000000
360.915000	40.000000
360.920000	8.000000
360.925000	36.000000
360.930000	28.000000
360.935000	21.000000
360.940000	46.000000
360.945000	44.000000
360.950000	10.000000
360.955000	52.000000
360.960000	43.000000
360.965000	31.000000
360.970000	39.000000
360.975000	56.000000
360.980000	8.000000
360.985000	74.000000
360.990000	21.000000
360.995000	8.000000
361.000000	26.000000
361.005000	5.000000
361.010000	32.000000
361.015000	7.000000
361.020000	32.000000
361.025000	23.000000
361.030000	5.000000
361.035000	16.000000
361.040000	50.000000
361.045000	39.000000
361.050000	2.000000
361.055000	51.000000
361.060000	36.000000
361.065000	20.000000
361.070000	29.000000
361.075000	23.000000
361.080000	39.000000
361.085000	37.000000
361.090000	11.000000
361.095000	11.000000
361.100000	11.000000
361.105000	15.000000
361.110000	46.000000
361.115000	34.000000
361.120000	15.000000
361.125000	18.000000
361.130000	19.000000
361.135000	66.000000
361.140000	60.000000
361.145000	23.000000
361.150000	53.000000
361.155000	40.000000
361.160000	32.000000
361.165000	45.000000
361.170000	45.000000
361.175000	36.000000
361.180000	16.000000
361.185000	36.000000
361.190000	12.000000
361.195000	63.000000
361.200000	35.000000
361.205000	105.000000
361.210000	3.000000
361.215000	67.000000
361.220000	45.000000
361.225000	39.000000
361.230000	22.000000
361.235000	26.000000
361.240000	52.000000
361.245000	24.000000
361.250000	36.000000
361.255000	28.000000
361.260000	19.000000
361.265000	27.000000
361.270000	30.000000
361.275000	89.000000
361.280000	114.000000
361.285000	33.000000
361.290000	64.000000
361.295000	54.000000
361.300000	41.000000
361.305000	31.000000
361.310000	37.000000
361.315000	77.000000
361.320000	40.000000
361.325000	51.000000
361.330000	12.000000
361.335000	30.000000
361.340000	74.000000
361.345000	82.000000
361.350000	34.000000
361.355000	55.000000
361.360000	69.000000
361.365000	42.000000
361.370000	37.000000
361.375000	55.000000
361.380000	31.000000
361.385000	23.000000
361.390000	55.000000
361.395000	32.000000
361.400000	27.000000
361.405000	54.000000
361.410000	40.000000
361.415000	35.000000
361.420000	62.000000
361.425000	47.000000
361.430000	30.000000
361.435000	61.000000
361.440000	53.000000
361.445000	68.000000
361.450000	14.000000
361.455000	22.000000
361.460000	26.000000
361.465000	57.000000
361.470000	34.000000
361.475000	51.000000
361.480000	37.000000
361.485000	67.000000
361.490000	53.000000
361.495000	52.000000
361.500000	101.000000
361.505000	39.000000
361.510000	46.000000
361.515000	58.000000
361.520000	96.000000
361.525000	35.000000
361.530000	123.000000
361.535000	88.000000
361.540000	68.000000
361.545000	61.000000
361.550000	42.000000
361.555000	54.000000
361.560000	64.000000
361.565000	69.000000
361.570000	81.000000
361.575000	76.000000
361.580000	82.000000
361.585000	74.000000
361.590000	68.000000
361.595000	94.000000
361.600000	133.000000
361.605000	100.000000
361.610000	124.000000
361.615000	57.000000
361.620000	145.000000
361.625000	71.000000
361.630000	103.000000
361.635000	62.000000
361.640000	61.000000
361.645000	186.000000
361.650000	67.000000
361.655000	66.000000
361.660000	44.000000
361.665000	154.000000
361.670000	125.000000
361.675000	110.000000
361.680000	108.000000
361.685000	130.000000
361.690000	65.000000
361.695000	40.000000
361.700000	105.000000
361.705000	66.000000
361.710000	42.000000
361.715000	130.000000
361.720000	109.000000
361.725000	17.000000
361.730000	136.000000
361.735000	56.000000
361.740000	102.000000
361.745000	113.000000
361.750000	145.000000
361.755000	62.000000
361.760000	73.000000
361.765000	78.000000
361.770000	116.000000
361.775000	65.000000
361.780000	141.000000
361.785000	60.000000
361.790000	148.000000
361.795000	122.000000
361.800000	99.000000
361.805000	115.000000
361.810000	113.000000
361.815000	111.000000
361.820000	81.000000
361.825000	96.000000
361.830000	68.000000
361.835000	99.000000
361.840000	70.000000
361.845000	119.000000
361.850000	78.000000
361.855000	125.000000
361.860000	120.000000
361.865000	174.000000
361.870000	43.000000
361.875000	131.000000
361.880000	99.000000
361.885000	102.000000
361.890000	80.000000
361.895000	95.000000
361.900000	175.000000
361.905000	73.000000
361.910000	136.000000
361.915000	195.000000
361.920000	128.000000
361.925000	117.000000
361.930000	185.000000
361.935000	107.000000
361.940000	128.000000
361.945000	131.000000
361.950000	110.000000
361.955000	132.000000
361.960000	99.000000
361.965000	109.000000
361.970000	91.000000
361.975000	69.000000
361.980000	108.000000
361.985000	102.000000
361.990000	76.000000
361.995000	191.000000
362.000000	147.000000
362.005000	94.000000
362.010000	160.000000
362.015000	108.000000
362.020000	112.000000
362.025000	134.000000
362.030000	107.000000
362.035000	98.000000
362.040000	143.000000
362.045000	119.000000
362.050000	96.000000
362.055000	181.000000
362.060000	210.000000
362.065000	149.000000
362.070000	147.000000
362.075000	149.000000
362.080000	98.000000
362.085000	139.000000
362.090000	152.000000
362.095000	125.000000
362.100000	169.000000
362.105000	124.000000
362.110000	200.000000
362.115000	151.000000
362.120000	134.000000
362.125000	155.000000
362.130000	195.000000
362.135000	137.000000
362.140000	206.000000
362.145000	151.000000
362.150000	162.000000
362.155000	206.000000
362.160000	157.000000
362.165000	168.000000
362.170000	191.000000
362.175000	108.000000
362.180000	164.000000
362.185000	201.000000
362.190000	237.000000
362.195000	190.000000
362.200000	167.000000
362.205000	215.000000
362.210000	214.000000
362.215000	202.000000
362.220000	157.000000
362.225000	277.000000
362.230000	173.000000
362.235000	234.000000
362.240000	196.000000
362.245000	175.000000
362.250000	124.000000
362.255000	279.000000
362.260000	224.000000
362.265000	185.000000
362.270000	273.000000
362.275000	287.000000
362.280000	190.000000
362.285000	276.000000
362.290000	194.000000
362.295000	177.000000
362.300000	192.000000
362.305000	108.000000
362.310000	148.000000
362.315000	226.000000
362.320000	165.000000
362.325000	133.000000
362.330000	271.000000
362.335000	221.000000
362.340000	167.000000
362.345000	253.000000
362.350000	304.000000
362.355000	282.000000
362.360000	252.000000
362.365000	200.000000
362.370000	296.000000
362.375000	344.000000
362.380000	268.000000
362.385000	257.000000
362.390000	241.000000
362.395000	252.000000
362.400000	192.000000
362.405000	165.000000
362.410000	287.000000
362.415000	241.000000
362.420000	216.000000
362.425000	311.000000
362.430000	265.000000
362.435000	237.000000
362.440000	281.000000
362.445000	283.000000
362.450000	269.000000
362.455000	335.000000
362.460000	190.000000
362.465000	266.000000
362.470000	304.000000
362.475000	276.000000
362.480000	349.000000
362.485000	317.000000
362.490000	497.000000
362.495000	309.000000
362.500000	484.000000
362.505000	288.000000
362.510000	353.000000
362.515000	465.000000
362.520000	296.000000
362.525000	348.000000
362.530000	219.000000
362.535000	278.000000
362.540000	321.000000
362.545000	393.000000
362.550000	446.000000
362.555000	348.000000
362.560000	497.000000
362.565000	449.000000
362.570000	419.000000
362.575000	378.000000
362.580000	379.000000
362.585000	410.000000
362.590000	302.000000
362.595000	380.000000
362.600000	330.000000
362.605000	333.000000
362.610000	520.000000
362.615000	381.000000
362.620000	391.000000
362.625000	422.000000
362.630000	295.000000
362.635000	465.000000
362.640000	417.000000
362.645000	358.000000
362.650000	493.000000
362.655000	365.000000
362.660000	395.000000
362.665000	438.000000
362.670000	325.000000
362.675000	414.000000
362.680000	444.000000
362.685000	420.000000
362.690000	414.000000
362.695000	497.000000
362.700000	424.000000
362.705000	437.000000
362.710000	438.000000
362.715000	526.000000
362.720000	529.000000
362.725000	494.000000
362.730000	472.000000
362.735000	436.000000
362.740000	548.000000
362.745000	563.000000
362.750000	594.000000
362.755000	374.000000
362.760000	654.000000
362.765000	444.000000
362.770000	647.000000
362.775000	523.000000
362.780000	672.000000
362.785000	457.000000
362.790000	535.000000
362.795000	621.000000
362.800000	581.000000
362.805000	526.000000
362.810000	834.000000
362.815000	764.000000
362.820000	754.000000
362.825000	640.000000
362.830000	591.000000
362.835000	690.000000
362.840000	711.000000
362.845000	793.000000
362.850000	665.000000
362.855000	742.000000
362.860000	591.000000
362.865000	603.000000
362.870000	644.000000
362.875000	554.000000
362.880000	827.000000
362.885000	683.000000
362.890000	672.000000
362.895000	641.000000
362.900000	811.000000
362.905000	768.000000
362.910000	909.000000
362.915000	748.000000
362.920000	729.000000
362.925000	737.000000
362.930000	735.000000
362.935000	748.000000
362.940000	869.000000
362.945000	867.000000
362.950000	802.000000
362.955000	686.000000
362.960000	902.000000
362.965000	924.000000
362.970000	831.000000
362.975000	793.000000
362.980000	822.000000
362.985000	863.000000
362.990000	928.000000
362.995000	992.000000
363.000000	719.000000
363.005000	910.000000
363.010000	981.000000
363.015000	871.000000
363.020000	1067.000000
363.025000	916.000000
363.030000	910.000000
363.035000	1095.000000
363.040000	968.000000
363.045000	893.000000
363.050000	1017.000000
363.055000	1066.000000
363.060000	1006.000000
363.065000	1164.000000
363.070000	1104.000000
363.075000	1211.000000
363.080000	1268.000000
363.085000	996.000000
363.090000	1249.000000
363.095000	1126.000000
363.100000	1143.000000
363.105000	1181.000000
363.110000	1306.000000
363.115000	1149.000000
363.120000	1173.000000
363.125000	1322.000000
363.130000	1275.000000
363.135000	1264.000000
363.140000	1351.000000
363.145000	1303.000000
363.150000	1539.000000
363.155000	1466.000000
363.160000	1557.000000
363.165000	1532.000000
363.170000	1335.000000
363.175000	1303.000000
363.180000	1361.000000
363.185000	1367.000000
363.190000	1560.000000
363.195000	1547.000000
363.200000	1651.000000
363.205000	1676.000000
363.210000	1711.000000
363.215000	1549.000000
363.220000	1561.000000
363.225000	1901.000000
363.230000	1598.000000
363.235000	1608.000000
363.240000	1863.000000
363.245000	1770.000000
363.250000	1600.000000
363.255000	1664.000000
363.260000	1748.000000
363.265000	1940.000000
363.270000	1983.000000
363.275000	1843.000000
363.280000	1777.000000
363.285000	2096.000000
363.290000	2140.000000
363.295000	1801.000000
363.300000	2086.000000
363.305000	2118.000000
363.310000	1895.000000
363.315000	2181.000000
363.320000	2048.000000
363.325000	2194.000000
363.330000	2115.000000
363.335000	2193.000000
363.340000	2241.000000
363.345000	2590.000000
363.350000	2648.000000
363.355000	2447.000000
363.360000	2573.000000
363.365000	2447.000000
363.370000	2623.000000
363.375000	2686.000000
363.380000	2408.000000
363.385000	2482.000000
363.390000	2291.000000
363.395000	3171.000000
363.400000	2832.000000
363.405000	2808.000000
363.410000	2874.000000
363.415000	2277.000000
363.420000	2764.000000
363.425000	2952.000000
363.430000	2912.000000
363.435000	3063.000000
363.440000	3056.000000
363.445000	2973.000000
363.450000	2953.000000
363.455000	2923.000000
363.460000	2881.000000
363.465000	3354.000000
363.470000	3163.000000
363.475000	3141.000000
363.480000	3554.000000
363.485000	3404.000000
363.490000	3353.000000
363.495000	3566.000000
363.500000	3517.000000
363.505000	3219.000000
363.510000	3406.000000
363.515000	3703.000000
363.520000	3745.000000
363.525000	3551.000000
363.530000	3674.000000
363.535000	3803.000000
363.540000	3985.000000
363.545000	3205.000000
363.550000	4375.000000
363.555000	3949.000000
363.560000	4128.000000
363.565000	4077.000000
363.570000	4118.000000
363.575000	4111.000000
363.580000	4246.000000
363.585000	4299.000000
363.590000	4314.000000
363.595000	4411.000000
363.600000	4365.000000
363.605000	4591.000000
363.610000	4288.000000
363.615000	4765.000000
363.620000	4607.000000
363.625000	4893.000000
363.630000	4635.000000
363.635000	4845.000000
363.640000	5205.000000
363.645000	5077.000000
363.650000	5142.000000
363.655000	5181.000000
363.660000	5347.000000
363.665000	5219.000000
363.670000	5441.000000
363.675000	5347.000000
363.680000	5390.000000
363.685000	5807.000000
363.690000	5409.000000
363.695000	5631.000000
363.700000	5595.000000
363.705000	5757.000000
363.710000	5931.000000
363.715000	6012.000000
363.720000	6089.000000
363.725000	6071.000000
363.730000	6587.000000
363.735000	6278.000000
363.740000	6296.000000
363.745000	6342.000000
363.750000	6617.000000
363.755000	6410.000000
363.760000	6447.000000
363.765000	6615.000000
363.770000	6600.000000
363.775000	6655.000000
363.780000	6714.000000
363.785000	6972.000000
363.790000	6842.000000
363.795000	7045.000000
363.800000	7047.000000
363.805000	7586.000000
363.810000	7310.000000
363.815000	8346.000000
363.820000	7566.000000
363.825000	7781.000000
363.830000	7634.000000
363.835000	7526.000000
363.840000	8595.000000
363.845000	7879.000000
363.850000	8203.000000
363.855000	7658.000000
363.860000	7980.000000
363.865000	8000.000000
363.870000	8540.000000
363.875000	8636.000000
363.880000	8704.000000
363.885000	8431.000000
363.890000	8979.000000
363.895000	8633.000000
363.900000	9298.000000
363.905000	8424.000000
363.910000	9576.000000
363.915000	9559.000000
363.920000	9025.000000
363.925000	9136.000000
363.930000	9470.000000
363.935000	9756.000000
363.940000	9332.000000
363.945000	9318.000000
363.950000	10030.000000
363.955000	9876.000000
363.960000	9325.000000
363.965000	9914.000000
363.970000	9806.000000
363.975000	9748.000000
363.980000	10270.000000
363.985000	9601.000000
363.990000	9896.000000
363.995000	10341.000000
364.000000	10859.000000
364.005000	10379.000000
364.010000	10393.000000
364.015000	10198.000000
364.020000	10577.000000
364.025000	10693.000000
364.030000	10464.000000
364.035000	11271.000000
364.040000	11089.000000
364.045000	12051.000000
364.050000	11262.000000
364.055000	11773.000000
364.060000	10872.000000
364.065000	11196.000000
364.070000	11041.000000
364.075000	11619.000000
364.080000	11568.000000
364.085000	11839.000000
364.090000	11839.000000
364.095000	11181.000000
364.100000	12065.000000
364.105000	11962.000000
364.110000	11708.000000
364.115000	12295.000000
364.120000	12629.000000
364.125000	12403.000000
364.130000	12376.000000
364.135000	12201.000000
364.140000	12499.000000
364.145000	12395.000000
364.150000	12035.000000
364.155000	12254.000000
364.160000	12166.000000
364.165000	12448.000000
364.170000	12665.000000
364.175000	13054.000000
364.180000	13303.000000
364.185000	12515.000000
364.190000	12857.000000
364.195000	12450.000000
364.200000	12784.000000
364.205000	12527.000000
364.210000	13266.000000
364.215000	12960.000000
364.220000	13223.000000
364.225000	13625.000000
364.230000	13056.000000
364.235000	13043.000000
364.240000	13171.000000
364.245000	13154.000000
364.250000	13300.000000
364.255000	13618.000000
364.260000	13717.000000
364.265000	13333.000000
364.270000	13805.000000
364.275000	13137.000000
364.280000	13835.000000
364.285000	12772.000000
364.290000	13994.000000
364.295000	13723.000000
364.300000	13315.000000
364.305000	13703.000000
364.310000	13740.000000
364.315000	13546.000000
364.320000	13483.000000
364.325000	13471.000000
364.330000	14245.000000
364.335000	13405.000000
364.340000	12970.000000
364.345000	13978.000000
364.350000	13409.000000
364.355000	12751.000000
364.360000	13314.000000
364.365000	13735.000000
364.370000	13170.000000
364.375000	12798.000000
364.380000	13225.000000
364.385000	13803.000000
364.390000	13739.000000
364.395000	13368.000000
364.400000	13351.000000
364.405000	14549.000000
364.410000	13744.000000
364.415000	13085.000000
364.420000	12793.000000
364.425000	13509.000000
364.430000	12710.000000
364.435000	13019.000000
364.440000	13366.000000
364.445000	13202.000000
364.450000	12974.000000
364.455000	13183.000000
364.460000	13349.000000
364.465000	13130.000000
364.470000	12592.000000
364.475000	12983.000000
364.480000	13441.000000
364.485000	12813.000000
364.490000	13395.000000
364.495000	13225.000000
364.500000	12868.000000
364.505000	12777.000000
364.510000	12442.000000
364.515000	12394.000000
364.520000	13008.000000
364.525000	12841.000000
364.530000	12635.000000
364.535000	12106.000000
364.540000	12009.000000
364.545000	12019.000000
364.550000	12974.000000
364.555000	12576.000000
364.560000	12458.000000
364.565000	11777.000000
364.570000	12452.000000
364.575000	12292.000000
364.580000	11656.000000
364.585000	12225.000000
364.590000	11761.000000
364.595000	11952.000000
364.600000	11971.000000
364.605000	12065.000000
364.610000	11539.000000
364.615000	11821.000000
364.620000	11174.000000
364.625000	11957.000000
364.630000	11228.000000
364.635000	12331.000000
364.640000	11637.000000
364.645000	11708.000000
364.650000	11092.000000
364.655000	11516.000000
364.660000	11318.000000
364.665000	11043.000000
364.670000	10639.000000
364.675000	10904.000000
364.680000	10412.000000
364.685000	10672.000000
364.690000	10585.000000
364.695000	10678.000000
364.700000	10808.000000
364.705000	10457.000000
364.710000	10404.000000
364.715000	10367.000000
364.720000	11061.000000
364.725000	9903.000000
364.730000	10507.000000
364.735000	9928.000000
364.740000	10094.000000
364.745000	10049.000000
364.750000	9520.000000
364.755000	9988.000000
364.760000	9709.000000
364.765000	10041.000000
364.770000	9846.000000
364.775000	9873.000000
364.780000	9910.000000
364.785000	9737.000000
364.790000	9301.000000
364.795000	8749.000000
364.800000	8989.000000
364.805000	9432.000000
364.810000	9479.000000
364.815000	8846.000000
364.820000	9269.000000
364.825000	8757.000000
364.830000	8886.000000
364.835000	9245.000000
364.840000	8143.000000
364.845000	8790.000000
364.850000	8551.000000
364.855000	8288.000000
364.860000	8080.000000
364.865000	8057.000000
364.870000	8189.000000
364.875000	7918.000000
364.880000	7574.000000
364.885000	8202.000000
364.890000	8399.000000
364.895000	7534.000000
364.900000	7948.000000
364.905000	7674.000000
364.910000	7807.000000
364.915000	7786.000000
364.920000	7776.000000
364.925000	7281.000000
364.930000	7353.000000
364.935000	7313.000000
364.940000	7060.000000
364.945000	7213.000000
364.950000	6948.000000
364.955000	7383.000000
364.960000	7163.000000
364.965000	6942.000000
364.970000	7367.000000
364.975000	7056.000000
364.980000	6624.000000
364.985000	6432.000000
364.990000	6210.000000
364.995000	6397.000000
365.000000	6280.000000
365.005000	6481.000000
365.010000	6469.000000
365.015000	6516.000000
365.020000	6170.000000
365.025000	6169.000000
365.030000	6169.000000
365.035000	6144.000000
365.040000	6074.000000
365.045000	6154.000000
365.050000	6156.000000
365.055000	6059.000000
365.060000	5638.000000
365.065000	5883.000000
365.070000	5488.000000
365.075000	5928.000000
365.080000	5633.000000
365.085000	5667.000000
365.090000	5087.000000
365.095000	5594.000000
365.100000	5514.000000
365.105000	5357.000000
365.110000	5446.000000
365.115000	5183.000000
365.120000	5407.000000
365.125000	4726.000000
365.130000	4984.000000
365.135000	5118.000000
365.140000	4851.000000
365.145000	5295.000000
365.150000	4761.000000
365.155000	4974.000000
365.160000	4584.000000
365.165000	4682.000000
365.170000	4385.000000
365.175000	4300.000000
365.180000	4474.000000
365.185000	4457.000000
365.190000	4396.000000
365.195000	4613.000000
365.200000	4232.000000
365.205000	4340.000000
365.210000	4606.000000
365.215000	4238.000000
365.220000	3947.000000
365.225000	4464.000000
365.230000	3793.000000
365.235000	4262.000000
365.240000	4236.000000
365.245000	3676.000000
365.250000	3912.000000
365.255000	4196.000000
365.260000	3636.000000
365.265000	3863.000000
365.270000	3631.000000
365.275000	3666.000000
365.280000	3587.000000
365.285000	3743.000000
365.290000	3445.000000
365.295000	3818.000000
365.300000	3851.000000
365.305000	3943.000000
365.310000	3500.000000
365.315000	3327.000000
365.320000	3213.000000
365.325000	3290.000000
365.330000	3109.000000
365.335000	3260.000000
365.340000	2967.000000
365.345000	2992.000000
365.350000	3146.000000
365.355000	3116.000000
365.360000	3472.000000
365.365000	3133.000000
365.370000	2773.000000
365.375000	3056.000000
365.380000	3143.000000
365.385000	2661.000000
365.390000	3009.000000
365.395000	2801.000000
365.400000	2737.000000
365.405000	2650.000000
365.410000	2829.000000
365.415000	2452.000000
365.420000	2644.000000
365.425000	2975.000000
365.430000	2977.000000
365.435000	2822.000000
365.440000	2643.000000
365.445000	2528.000000
365.450000	2650.000000
365.455000	2390.000000
365.460000	2295.000000
365.465000	2268.000000
365.470000	2232.000000
365.475000	2511.000000
365.480000	2162.000000
365.485000	2143.000000
365.490000	2227.000000
365.495000	2178.000000
365.500000	2113.000000
365.505000	2170.000000
365.510000	2291.000000
365.515000	2134.000000
365.520000	2312.000000
365.525000	2104.000000
365.530000	2108.000000
365.535000	2048.000000
365.540000	1836.000000
365.545000	2121.000000
365.550000	1838.000000
365.555000	2121.000000
365.560000	1982.000000
365.565000	1957.000000
365.570000	1775.000000
365.575000	1806.000000
365.580000	1952.000000
365.585000	1620.000000
365.590000	1835.000000
365.595000	1664.000000
365.600000	1593.000000
365.605000	1891.000000
365.610000	1722.000000
365.615000	1711.000000
365.620000	1687.000000
365.625000	1664.000000
365.630000	1764.000000
365.635000	1651.000000
365.640000	1870.000000
365.645000	1674.000000
365.650000	1516.000000
365.655000	1525.000000
365.660000	1631.000000
365.665000	1623.000000
365.670000	1664.000000
365.675000	1407.000000
365.680000	1518.000000
365.685000	1781.000000
365.690000	1455.000000
365.695000	1531.000000
365.700000	1525.000000
365.705000	1404.000000
365.710000	1237.000000
365.715000	1470.000000
365.720000	1480.000000
365.725000	1224.000000
365.730000	1576.000000
365.735000	1648.000000
365.740000	1215.000000
365.745000	1359.000000
365.750000	1202.000000
365.755000	1296.000000
365.760000	1288.000000
365.765000	1188.000000
365.770000	1147.000000
365.775000	1143.000000
365.780000	1402.000000
365.785000	1061.000000
365.790000	1097.000000
365.795000	1239.000000
365.800000	1183.000000
365.805000	1264.000000
365.810000	1057.000000
365.815000	1046.000000
365.820000	1271.000000
365.825000	959.000000
365.830000	1010.000000
365.835000	1173.000000
365.840000	973.000000
365.845000	1067.000000
365.850000	1107.000000
365.855000	776.000000
365.860000	1022.000000
365.865000	970.000000
365.870000	1060.000000
365.875000	1019.000000
365.880000	911.000000
365.885000	958.000000
365.890000	874.000000
365.895000	876.000000
365.900000	907.000000
365.905000	968.000000
365.910000	951.000000
365.915000	941.000000
365.920000	918.000000
365.925000	1013.000000
365.930000	1014.000000
365.935000	991.000000
365.940000	789.000000
365.945000	785.000000
365.950000	885.000000
365.955000	863.000000
365.960000	930.000000
365.965000	1016.000000
365.970000	875.000000
365.975000	794.000000
365.980000	771.000000
365.985000	894.000000
365.990000	857.000000
365.995000	708.000000
366.000000	816.000000
366.005000	776.000000
366.010000	636.000000
366.015000	739.000000
366.020000	776.000000
366.025000	957.000000
366.030000	665.000000
366.035000	783.000000
366.040000	586.000000
366.045000	769.000000
366.050000	626.000000
366.055000	936.000000
366.060000	614.000000
366.065000	616.000000
366.070000	806.000000
366.075000	694.000000
366.080000	634.000000
366.085000	761.000000
366.090000	733.000000
366.095000	681.000000
366.100000	845.000000
366.105000	665.000000
366.110000	802.000000
366.115000	680.000000
366.120000	545.000000
366.125000	766.000000
366.130000	658.000000
366.135000	732.000000
366.140000	532.000000
366.145000	789.000000
366.150000	604.000000
366.155000	767.000000
366.160000	695.000000
366.165000	660.000000
366.170000	655.000000
366.175000	696.000000
366.180000	674.000000
366.185000	710.000000
366.190000	782.000000
366.195000	667.000000
366.200000	722.000000
366.205000	690.000000
366.210000	684.000000
366.215000	485.000000
366.220000	524.000000
366.225000	749.000000
366.230000	510.000000
366.235000	743.000000
366.240000	644.000000
366.245000	706.000000
366.250000	578.000000
366.255000	616.000000
366.260000	830.000000
366.265000	668.000000
366.270000	694.000000
366.275000	659.000000
366.280000	686.000000
366.285000	576.000000
366.290000	864.000000
366.295000	861.000000
366.300000	931.000000
366.305000	868.000000
366.310000	770.000000
366.315000	828.000000
366.320000	835.000000
366.325000	745.000000
366.330000	759.000000
366.335000	1053.000000
366.340000	930.000000
366.345000	983.000000
366.350000	905.000000
366.355000	1218.000000
366.360000	1092.000000
366.365000	1126.000000
366.370000	1026.000000
366.375000	1211.000000
366.380000	1290.000000
366.385000	1348.000000
366.390000	1261.000000
366.395000	1365.000000
366.400000	1476.000000
366.405000	1509.000000
366.410000	1807.000000
366.415000	1665.000000
366.420000	1527.000000
366.425000	1720.000000
366.430000	2033.000000
366.435000	1424.000000
366.440000	1480.000000
366.445000	1603.000000
366.450000	1787.000000
366.455000	1506.000000
366.460000	1375.000000
366.465000	1507.000000
366.470000	1531.000000
366.475000	1380.000000
366.480000	1393.000000
366.485000	1531.000000
366.490000	1608.000000
366.495000	1297.000000
366.500000	1570.000000
366.505000	1649.000000
366.510000	1479.000000
366.515000	1660.000000
366.520000	1795.000000
366.525000	1854.000000
366.530000	1494.000000
366.535000	1633.000000
366.540000	1622.000000
366.545000	1685.000000
366.550000	1642.000000
366.555000	1642.000000
366.560000	1803.000000
366.565000	1625.000000
366.570000	1917.000000
366.575000	1861.000000
366.580000	1950.000000
366.585000	2116.000000
366.590000	2194.000000
366.595000	2261.000000
366.600000	2176.000000
366.605000	2610.000000
366.610000	2568.000000
366.615000	2801.000000
366.620000	2775.000000
366.625000	3202.000000
366.630000	2944.000000
366.635000	3429.000000
366.640000	3761.000000
366.645000	3987.000000
366.650000	3763.000000
366.655000	4281.000000
366.660000	4474.000000
366.665000	4910.000000
366.670000	4634.000000
366.675000	4038.000000
366.680000	4462.000000
366.685000	4330.000000
366.690000	4331.000000
366.695000	4165.000000
366.700000	4635.000000
366.705000	4988.000000
366.710000	4801.000000
366.715000	4978.000000
366.720000	4972.000000
366.725000	5026.000000
366.730000	5248.000000
366.735000	5312.000000
366.740000	6193.000000
366.745000	6019.000000
366.750000	6260.000000
366.755000	6634.000000
366.760000	6879.000000
366.765000	7084.000000
366.770000	7136.000000
366.775000	7780.000000
366.780000	7612.000000
366.785000	7767.000000
366.790000	8099.000000
366.795000	8613.000000
366.800000	8989.000000
366.805000	8952.000000
366.810000	9000.000000
366.815000	8817.000000
366.820000	9734.000000
366.825000	9962.000000
366.830000	10071.000000
366.835000	9338.000000
366.840000	11122.000000
366.845000	11161.000000
366.850000	10613.000000
366.855000	11568.000000
366.860000	11542.000000
366.865000	12024.000000
366.870000	12510.000000
366.875000	12339.000000
366.880000	12711.000000
366.885000	13321.000000
366.890000	14190.000000
366.895000	13903.000000
366.900000	13680.000000
366.905000	14686.000000
366.910000	14632.000000
366.915000	15034.000000
366.920000	14776.000000
366.925000	15571.000000
366.930000	15733.000000
366.935000	15720.000000
366.940000	16415.000000
366.945000	16657.000000
366.950000	16219.000000
366.955000	17195.000000
366.960000	17348.000000
366.965000	18292.000000
366.970000	18026.000000
366.975000	18280.000000
366.980000	19899.000000
366.985000	19376.000000
366.990000	19632.000000
366.995000	20969.000000
367.000000	20513.000000
367.005000	21782.000000
367.010000	21601.000000
367.015000	21735.000000
367.020000	22461.000000
367.025000	22246.000000
367.030000	22631.000000
367.035000	23129.000000
367.040000	23578.000000
367.045000	25001.000000
367.050000	24465.000000
367.055000	24593.000000
367.060000	26416.000000
367.065000	26056.000000
367.070000	27073.000000
367.075000	26982.000000
367.080000	26358.000000
367.085000	27737.000000
367.090000	29193.000000
367.095000	29448.000000
367.100000	29663.000000
367.105000	30559.000000
367.110000	31496.000000
367.115000	31023.000000
367.120000	32230.000000
367.125000	33231.000000
367.130000	34322.000000
367.135000	34264.000000
367.140000	35372.000000
367.145000	36400.000000
367.150000	37642.000000
367.155000	38101.000000
367.160000	39154.000000
367.165000	40510.000000
367.170000	41273.000000
367.175000	43563.000000
367.180000	42764.000000
367.185000	46693.000000
367.190000	46470.000000
367.195000	47798.000000
367.200000	49005.000000
367.205000	51507.000000
367.210000	51538.000000
367.215000	53852.000000
367.220000	55248.000000
367.225000	56703.000000
367.230000	58056.000000
367.235000	60760.000000
367.240000	62471.000000
367.245000	65040.000000
367.250000	67179.000000
367.255000	67475.000000
367.260000	72081.000000
367.265000	71918.000000
367.270000	74257.000000
367.275000	78319.000000
367.280000	78217.000000
367.285000	81037.000000
367.290000	86654.000000
367.295000	89912.000000
367.300000	90596.000000
367.305000	96047.000000
367.310000	99691.000000
367.315000	100822.000000
367.320000	104807.000000
367.325000	111301.000000
367.330000	110902.000000
367.335000	116274.000000
367.340000	118925.000000
367.345000	122962.000000
367.350000	127401.000000
367.355000	133463.000000
367.360000	134501.000000
367.365000	139826.000000
367.370000	143769.000000
367.375000	148564.000000
367.380000	153027.000000
367.385000	158467.000000
367.390000	163817.000000
367.395000	166219.000000
367.400000	169918.000000
367.405000	176385.000000
367.410000	180088.000000
367.415000	181101.000000
367.420000	186312.000000
367.425000	191594.000000
367.430000	192170.000000
367.435000	196640.000000
367.440000	199915.000000
367.445000	201174.000000
367.450000	208140.000000
367.455000	210244.000000
367.460000	209990.000000
367.465000	213252.000000
367.470000	214728.000000
367.475000	218276.000000
367.480000	217465.000000
367.485000	222177.000000
367.490000	220789.000000
367.495000	228218.000000
367.500000	227737.000000
367.505000	227225.000000
367.510000	230397.000000
367.515000	235219.000000
367.520000	238659.000000
367.525000	240149.000000
367.530000	236074.000000
367.535000	231442.000000
367.540000	226849.000000
367.545000	225720.000000
367.550000	221975.000000
367.555000	219851.000000
367.560000	218419.000000
367.565000	216437.000000
367.570000	214831.000000
367.575000	213102.000000
367.580000	211069.000000
367.585000	209329.000000
367.590000	205275.000000
367.595000	202897.000000
367.600000	198583.000000
367.605000	195430.000000
367.610000	193322.000000
367.615000	193150.000000
367.620000	191238.000000
367.625000	187910.000000
367.630000	180295.000000
367.635000	178328.000000
367.640000	174530.000000
367.645000	173896.000000
367.650000	172669.000000
367.655000	168996.000000
367.660000	166580.000000
367.665000	162006.000000
367.670000	162904.000000
367.675000	158729.000000
367.680000	157590.000000
367.685000	155456.000000
367.690000	154425.000000
367.695000	151458.000000
367.700000	150961.000000
367.705000	147699.000000
367.710000	144573.000000
367.715000	143639.000000
367.720000	137894.000000
367.725000	139863.000000
367.730000	134969.000000
367.735000	133510.000000
367.740000	133467.000000
367.745000	130615.000000
367.750000	127967.000000
367.755000	122708.000000
367.760000	123901.000000
367.765000	123372.000000
367.770000	119701.000000
367.775000	117746.000000
367.780000	115281.000000
367.785000	115153.000000
367.790000	112220.000000
367.795000	110759.000000
367.800000	108501.000000
367.805000	107088.000000
367.810000	107850.000000
367.815000	104408.000000
367.820000	101851.000000
367.825000	100784.000000
367.830000	101657.000000
367.835000	99493.000000
367.840000	97641.000000
367.845000	98362.000000
367.850000	95798.000000
367.855000	96271.000000
367.860000	95007.000000
367.865000	92945.000000
367.870000	93403.000000
367.875000	92140.000000
367.880000	91330.000000
367.885000	90500.000000
367.890000	90113.000000
367.895000	91254.000000
367.900000	90301.000000
367.905000	88618.000000
367.910000	86373.000000
367.915000	85451.000000
367.920000	84850.000000
367.925000	83934.000000
367.930000	81949.000000
367.935000	81264.000000
367.940000	82226.000000
367.945000	82004.000000
367.950000	80207.000000
367.955000	79191.000000
367.960000	76694.000000
367.965000	77699.000000
367.970000	77829.000000
367.975000	76960.000000
367.980000	76586.000000
367.985000	74756.000000
367.990000	73848.000000
367.995000	74830.000000
368.000000	72480.000000
368.005000	71611.000000
368.010000	72580.000000
368.015000	71485.000000
368.020000	71494.000000
368.025000	72063.000000
368.030000	72579.000000
368.035000	70839.000000
368.040000	72107.000000
368.045000	71935.000000
368.050000	71060.000000
368.055000	72828.000000
368.060000	72688.000000
368.065000	73138.000000
368.070000	73701.000000
368.075000	74383.000000
368.080000	74241.000000
368.085000	76882.000000
368.090000	81395.000000
368.095000	83282.000000
368.100000	85922.000000
368.105000	81902.000000
368.110000	75986.000000
368.115000	74993.000000
368.120000	73945.000000
368.125000	75011.000000
368.130000	75157.000000
368.135000	79131.000000
368.140000	80222.000000
368.145000	80611.000000
368.150000	78849.000000
368.155000	76127.000000
368.160000	73278.000000
368.165000	77557.000000
368.170000	77035.000000
368.175000	77861.000000
368.180000	74600.000000
368.185000	72757.000000
368.190000	70505.000000
368.195000	72559.000000
368.200000	73019.000000
368.205000	73485.000000
368.210000	77157.000000
368.215000	75965.000000
368.220000	76583.000000
368.225000	75597.000000
368.230000	75240.000000
368.235000	75404.000000
368.240000	76848.000000
368.245000	75798.000000
368.250000	80282.000000
368.255000	80546.000000
368.260000	81827.000000
368.265000	87066.000000
368.270000	92761.000000
368.275000	93307.000000
368.280000	100043.000000
368.285000	106690.000000
368.290000	116262.000000
368.295000	125378.000000
368.300000	140083.000000
368.305000	150854.000000
368.310000	161500.000000
368.315000	166654.000000
368.320000	164596.000000
368.325000	157486.000000
368.330000	151574.000000
368.335000	137222.000000
368.340000	121710.000000
368.345000	111970.000000
368.350000	100700.000000
368.355000	96073.000000
368.360000	93376.000000
368.365000	91791.000000
368.370000	89028.000000
368.375000	80265.000000
368.380000	71797.000000
368.385000	67783.000000
368.390000	62693.000000
368.395000	60014.000000
368.400000	55779.000000
368.405000	54572.000000
368.410000	53698.000000
368.415000	51834.000000
368.420000	50169.000000
368.425000	49600.000000
368.430000	47560.000000
368.435000	47046.000000
368.440000	48116.000000
368.445000	46660.000000
368.450000	45712.000000
368.455000	45424.000000
368.460000	45227.000000
368.465000	43750.000000
368.470000	44196.000000
368.475000	42155.000000
368.480000	42824.000000
368.485000	43120.000000
368.490000	41818.000000
368.495000	40854.000000
368.500000	41174.000000
368.505000	39443.000000
368.510000	38495.000000
368.515000	39270.000000
368.520000	38723.000000
368.525000	38462.000000
368.530000	38799.000000
368.535000	37646.000000
368.540000	37604.000000
368.545000	37162.000000
368.550000	37361.000000
368.555000	37037.000000
368.560000	36814.000000
368.565000	36746.000000
368.570000	36778.000000
368.575000	36514.000000
368.580000	35936.000000
368.585000	35954.000000
368.590000	36549.000000
368.595000	36467.000000
368.600000	37608.000000
368.605000	36418.000000
368.610000	37754.000000
368.615000	37767.000000
368.620000	40049.000000
368.625000	40225.000000
368.630000	41810.000000
368.635000	43672.000000
368.640000	47235.000000
368.645000	52743.000000
368.650000	58719.000000
368.655000	66904.000000
368.660000	81184.000000
368.665000	96508.000000
368.670000	111198.000000
368.675000	118628.000000
368.680000	130027.000000
368.685000	144940.000000
368.690000	183388.000000
368.695000	239093.000000
368.700000	266727.000000
368.705000	199732.000000
368.710000	117201.000000
368.715000	89644.000000
368.720000	67978.000000
368.725000	55551.000000
368.730000	48483.000000
368.735000	43130.000000
368.740000	39874.000000
368.745000	38401.000000
368.750000	35674.000000
368.755000	34450.000000
368.760000	33581.000000
368.765000	32732.000000
368.770000	31247.000000
368.775000	31327.000000
368.780000	30476.000000
368.785000	28681.000000
368.790000	28185.000000
368.795000	27791.000000
368.800000	25641.000000
368.805000	26515.000000
368.810000	25690.000000
368.815000	24432.000000
368.820000	25998.000000
368.825000	25216.000000
368.830000	25411.000000
368.835000	23414.000000
368.840000	23212.000000
368.845000	22979.000000
368.850000	23338.000000
368.855000	23216.000000
368.860000	21842.000000
368.865000	21933.000000
368.870000	21509.000000
368.875000	22218.000000
368.880000	22071.000000
368.885000	20743.000000
368.890000	20280.000000
368.895000	21638.000000
368.900000	20973.000000
368.905000	19984.000000
368.910000	20346.000000
368.915000	20007.000000
368.920000	19943.000000
368.925000	19622.000000
368.930000	19507.000000
368.935000	19080.000000
368.940000	19734.000000
368.945000	19579.000000
368.950000	18020.000000
368.955000	19211.000000
368.960000	18817.000000
368.965000	18431.000000
368.970000	17986.000000
368.975000	18118.000000
368.980000	18048.000000
368.985000	16934.000000
368.990000	17604.000000
368.995000	18102.000000
369.000000	17038.000000
369.005000	17403.000000
369.010000	16858.000000
369.015000	17908.000000
369.020000	17655.000000
369.025000	16909.000000
369.030000	16816.000000
369.035000	16062.000000
369.040000	15876.000000
369.045000	16288.000000
369.050000	15641.000000
369.055000	16809.000000
369.060000	15977.000000
369.065000	16030.000000
369.070000	15612.000000
369.075000	16566.000000
369.080000	16465.000000
369.085000	15556.000000
369.090000	15257.000000
369.095000	15329.000000
369.100000	15079.000000
369.105000	14934.000000
369.110000	14714.000000
369.115000	14834.000000
369.120000	14198.000000
369.125000	15261.000000
369.130000	14922.000000
369.135000	14596.000000
369.140000	14456.000000
369.145000	14128.000000
369.150000	13542.000000
369.155000	13709.000000
369.160000	13954.000000
369.165000	14275.000000
369.170000	14716.000000
369.175000	14170.000000
369.180000	13395.000000
369.185000	13534.000000
369.190000	13866.000000
369.195000	13249.000000
369.200000	13298.000000
369.205000	13607.000000
369.210000	13103.000000
369.215000	12403.000000
369.220000	12767.000000
369.225000	12593.000000
369.230000	12066.000000
369.235000	12324.000000
369.240000	12599.000000
369.245000	12613.000000
369.250000	12211.000000
369.255000	12087.000000
369.260000	12399.000000
369.265000	12305.000000
369.270000	11575.000000
369.275000	12373.000000
369.280000	11853.000000
369.285000	12227.000000
369.290000	11990.000000
369.295000	11858.000000
369.300000	11210.000000
369.305000	11583.000000
369.310000	11854.000000
369.315000	11936.000000
369.320000	11045.000000
369.325000	10830.000000
369.330000	10943.000000
369.335000	11594.000000
369.340000	11548.000000
369.345000	11209.000000
369.350000	11608.000000
369.355000	10513.000000
369.360000	11647.000000
369.365000	10867.000000
369.370000	10532.000000
369.375000	10475.000000
369.380000	10802.000000
369.385000	10410.000000
369.390000	10510.000000
369.395000	10484.000000
369.400000	10842.000000
369.405000	10084.000000
369.410000	10369.000000
369.415000	10387.000000
369.420000	10122.000000
369.425000	9855.000000
369.430000	10823.000000
369.435000	10189.000000
369.440000	10453.000000
369.445000	10303.000000
369.450000	10073.000000
369.455000	9567.000000
369.460000	10397.000000
369.465000	9993.000000
369.470000	10596.000000
369.475000	9418.000000
369.480000	9965.000000
369.485000	9465.000000
369.490000	9455.000000
369.495000	9797.000000
369.500000	9442.000000
369.505000	9591.000000
369.510000	9418.000000
369.515000	9727.000000
369.520000	9933.000000
369.525000	9592.000000
369.530000	9064.000000
369.535000	9561.000000
369.540000	9181.000000
369.545000	9114.000000
369.550000	9134.000000
369.555000	8837.000000
369.560000	9211.000000
369.565000	9623.000000
369.570000	8980.000000
369.575000	8782.000000
369.580000	8734.000000
369.585000	9072.000000
369.590000	8949.000000
369.595000	8848.000000
369.600000	8098.000000
369.605000	7974.000000
369.610000	8273.000000
369.615000	8550.000000
369.620000	9148.000000
369.625000	8400.000000
369.630000	8526.000000
369.635000	8792.000000
369.640000	8344.000000
369.645000	8790.000000
369.650000	8281.000000
369.655000	8325.000000
369.660000	8421.000000
369.665000	8099.000000
369.670000	8545.000000
369.675000	8540.000000
369.680000	8075.000000
369.685000	8355.000000
369.690000	8189.000000
369.695000	8532.000000
369.700000	7805.000000
369.705000	8254.000000
369.710000	8200.000000
369.715000	7740.000000
369.720000	7794.000000
369.725000	8212.000000
369.730000	7712.000000
369.735000	7802.000000
369.740000	7809.000000
369.745000	7591.000000
369.750000	7557.000000
369.755000	7961.000000
369.760000	7533.000000
369.765000	7641.000000
369.770000	7204.000000
369.775000	7462.000000
369.780000	7702.000000
369.785000	7825.000000
369.790000	7287.000000
369.795000	7736.000000
369.800000	7343.000000
369.805000	7519.000000
369.810000	7492.000000
369.815000	7046.000000
369.820000	7177.000000
369.825000	7699.000000
369.830000	7232.000000
369.835000	7624.000000
369.840000	7269.000000
369.845000	7569.000000
369.850000	6980.000000
369.855000	7173.000000
369.860000	7104.000000
369.865000	6975.000000
369.870000	7121.000000
369.875000	7029.000000
369.880000	6807.000000
369.885000	7182.000000
369.890000	6729.000000
369.895000	6959.000000
369.900000	6786.000000
369.905000	6596.000000
369.910000	6701.000000
369.915000	6806.000000
369.920000	6790.000000
369.925000	6683.000000
369.930000	6782.000000
369.935000	6823.000000
369.940000	6777.000000
369.945000	6450.000000
369.950000	6484.000000
369.955000	6674.000000
369.960000	6406.000000
369.965000	6293.000000
369.970000	6448.000000
369.975000	6627.000000
369.980000	6455.000000
369.985000	6575.000000
369.990000	6515.000000
369.995000	6420.000000
370.000000	6066.000000
