Sample ID:		H1088 Mg coat 20um slit 20mW power
Start Time:		Thu Jul 09 2020 4:40:39 PM
Averaging Time:		1.000s

366.500000	483.000000
366.505000	601.000000
366.510000	356.000000
366.515000	470.000000
366.520000	428.000000
366.525000	509.000000
366.530000	569.000000
366.535000	451.000000
366.540000	539.000000
366.545000	501.000000
366.550000	540.000000
366.555000	402.000000
366.560000	352.000000
366.565000	458.000000
366.570000	403.000000
366.575000	353.000000
366.580000	434.000000
366.585000	447.000000
366.590000	534.000000
366.595000	496.000000
366.600000	400.000000
366.605000	316.000000
366.610000	455.000000
366.615000	442.000000
366.620000	498.000000
366.625000	436.000000
366.630000	516.000000
366.635000	546.000000
366.640000	352.000000
366.645000	493.000000
366.650000	372.000000
366.655000	428.000000
366.660000	535.000000
366.665000	390.000000
366.670000	602.000000
366.675000	469.000000
366.680000	416.000000
366.685000	419.000000
366.690000	355.000000
366.695000	391.000000
366.700000	372.000000
366.705000	403.000000
366.710000	437.000000
366.715000	344.000000
366.720000	395.000000
366.725000	451.000000
366.730000	421.000000
366.735000	371.000000
366.740000	357.000000
366.745000	417.000000
366.750000	402.000000
366.755000	419.000000
366.760000	404.000000
366.765000	506.000000
366.770000	363.000000
366.775000	444.000000
366.780000	410.000000
366.785000	524.000000
366.790000	521.000000
366.795000	352.000000
366.800000	297.000000
366.805000	513.000000
366.810000	501.000000
366.815000	375.000000
366.820000	433.000000
366.825000	362.000000
366.830000	420.000000
366.835000	572.000000
366.840000	489.000000
366.845000	557.000000
366.850000	500.000000
366.855000	449.000000
366.860000	400.000000
366.865000	492.000000
366.870000	481.000000
366.875000	580.000000
366.880000	482.000000
366.885000	521.000000
366.890000	662.000000
366.895000	528.000000
366.900000	711.000000
366.905000	735.000000
366.910000	582.000000
366.915000	680.000000
366.920000	779.000000
366.925000	753.000000
366.930000	784.000000
366.935000	984.000000
366.940000	892.000000
366.945000	965.000000
366.950000	1017.000000
366.955000	1233.000000
366.960000	1001.000000
366.965000	1235.000000
366.970000	1012.000000
366.975000	1369.000000
366.980000	1126.000000
366.985000	1467.000000
366.990000	1194.000000
366.995000	1204.000000
367.000000	1399.000000
367.005000	1181.000000
367.010000	1336.000000
367.015000	1059.000000
367.020000	1103.000000
367.025000	1071.000000
367.030000	1124.000000
367.035000	1185.000000
367.040000	1244.000000
367.045000	1479.000000
367.050000	1413.000000
367.055000	1360.000000
367.060000	1277.000000
367.065000	1127.000000
367.070000	1419.000000
367.075000	1500.000000
367.080000	1224.000000
367.085000	1383.000000
367.090000	1384.000000
367.095000	1548.000000
367.100000	1552.000000
367.105000	1418.000000
367.110000	1859.000000
367.115000	1741.000000
367.120000	1812.000000
367.125000	1817.000000
367.130000	1957.000000
367.135000	2300.000000
367.140000	2270.000000
367.145000	2557.000000
367.150000	2729.000000
367.155000	2505.000000
367.160000	2727.000000
367.165000	2740.000000
367.170000	2905.000000
367.175000	3158.000000
367.180000	3413.000000
367.185000	3394.000000
367.190000	3571.000000
367.195000	4022.000000
367.200000	4105.000000
367.205000	5344.000000
367.210000	5840.000000
367.215000	6046.000000
367.220000	6267.000000
367.225000	5951.000000
367.230000	6088.000000
367.235000	5067.000000
367.240000	4967.000000
367.245000	5470.000000
367.250000	5802.000000
367.255000	5522.000000
367.260000	5764.000000
367.265000	5689.000000
367.270000	5881.000000
367.275000	5864.000000
367.280000	6546.000000
367.285000	6700.000000
367.290000	6323.000000
367.295000	7106.000000
367.300000	7247.000000
367.305000	7471.000000
367.310000	7352.000000
367.315000	8629.000000
367.320000	9093.000000
367.325000	8963.000000
367.330000	8604.000000
367.335000	9316.000000
367.340000	9795.000000
367.345000	9942.000000
367.350000	9852.000000
367.355000	10316.000000
367.360000	10360.000000
367.365000	11032.000000
367.370000	11293.000000
367.375000	11035.000000
367.380000	11007.000000
367.385000	11520.000000
367.390000	12057.000000
367.395000	12502.000000
367.400000	12286.000000
367.405000	13004.000000
367.410000	13494.000000
367.415000	13511.000000
367.420000	13688.000000
367.425000	13705.000000
367.430000	14659.000000
367.435000	14958.000000
367.440000	15166.000000
367.445000	14852.000000
367.450000	15437.000000
367.455000	16250.000000
367.460000	16308.000000
367.465000	16055.000000
367.470000	16568.000000
367.475000	16787.000000
367.480000	17545.000000
367.485000	16508.000000
367.490000	17158.000000
367.495000	16461.000000
367.500000	17006.000000
367.505000	17177.000000
367.510000	17681.000000
367.515000	17809.000000
367.520000	18222.000000
367.525000	19040.000000
367.530000	18177.000000
367.535000	19391.000000
367.540000	19343.000000
367.545000	20461.000000
367.550000	21562.000000
367.555000	22269.000000
367.560000	22078.000000
367.565000	21497.000000
367.570000	21499.000000
367.575000	21189.000000
367.580000	21406.000000
367.585000	21167.000000
367.590000	21730.000000
367.595000	21587.000000
367.600000	21585.000000
367.605000	22454.000000
367.610000	22294.000000
367.615000	23169.000000
367.620000	23187.000000
367.625000	23046.000000
367.630000	23943.000000
367.635000	25034.000000
367.640000	24108.000000
367.645000	24658.000000
367.650000	24148.000000
367.655000	25285.000000
367.660000	25312.000000
367.665000	25269.000000
367.670000	25568.000000
367.675000	26043.000000
367.680000	26547.000000
367.685000	26737.000000
367.690000	27430.000000
367.695000	27551.000000
367.700000	27438.000000
367.705000	28572.000000
367.710000	27640.000000
367.715000	29389.000000
367.720000	28907.000000
367.725000	30377.000000
367.730000	30455.000000
367.735000	31417.000000
367.740000	32238.000000
367.745000	33208.000000
367.750000	33835.000000
367.755000	33241.000000
367.760000	34496.000000
367.765000	34764.000000
367.770000	35338.000000
367.775000	35698.000000
367.780000	35633.000000
367.785000	38711.000000
367.790000	39384.000000
367.795000	39795.000000
367.800000	40264.000000
367.805000	40669.000000
367.810000	42081.000000
367.815000	43247.000000
367.820000	44440.000000
367.825000	44730.000000
367.830000	47251.000000
367.835000	46790.000000
367.840000	49268.000000
367.845000	48289.000000
367.850000	49753.000000
367.855000	51730.000000
367.860000	51992.000000
367.865000	54202.000000
367.870000	55005.000000
367.875000	55759.000000
367.880000	58323.000000
367.885000	59782.000000
367.890000	59607.000000
367.895000	61433.000000
367.900000	64053.000000
367.905000	64539.000000
367.910000	67536.000000
367.915000	66300.000000
367.920000	68852.000000
367.925000	70956.000000
367.930000	72067.000000
367.935000	71933.000000
367.940000	74150.000000
367.945000	75871.000000
367.950000	76665.000000
367.955000	76190.000000
367.960000	77543.000000
367.965000	79419.000000
367.970000	79790.000000
367.975000	80259.000000
367.980000	82669.000000
367.985000	84718.000000
367.990000	83340.000000
367.995000	82115.000000
368.000000	84407.000000
368.005000	85172.000000
368.010000	85693.000000
368.015000	84568.000000
368.020000	83296.000000
368.025000	85340.000000
368.030000	84546.000000
368.035000	83520.000000
368.040000	86593.000000
368.045000	86352.000000
368.050000	86053.000000
368.055000	86345.000000
368.060000	85839.000000
368.065000	88137.000000
368.070000	90417.000000
368.075000	92228.000000
368.080000	93527.000000
368.085000	89074.000000
368.090000	84744.000000
368.095000	82814.000000
368.100000	79706.000000
368.105000	78932.000000
368.110000	78995.000000
368.115000	77520.000000
368.120000	76654.000000
368.125000	78085.000000
368.130000	76261.000000
368.135000	75058.000000
368.140000	74772.000000
368.145000	73750.000000
368.150000	73353.000000
368.155000	72636.000000
368.160000	71301.000000
368.165000	70126.000000
368.170000	69377.000000
368.175000	68591.000000
368.180000	68245.000000
368.185000	67741.000000
368.190000	68235.000000
368.195000	64947.000000
368.200000	64719.000000
368.205000	64020.000000
368.210000	62473.000000
368.215000	63105.000000
368.220000	63363.000000
368.225000	62149.000000
368.230000	62957.000000
368.235000	61706.000000
368.240000	62089.000000
368.245000	61363.000000
368.250000	62714.000000
368.255000	59756.000000
368.260000	59349.000000
368.265000	57198.000000
368.270000	57720.000000
368.275000	56750.000000
368.280000	56196.000000
368.285000	57161.000000
368.290000	56928.000000
368.295000	54148.000000
368.300000	55631.000000
368.305000	53138.000000
368.310000	53028.000000
368.315000	52569.000000
368.320000	52779.000000
368.325000	51392.000000
368.330000	51059.000000
368.335000	52204.000000
368.340000	49805.000000
368.345000	49075.000000
368.350000	47794.000000
368.355000	48544.000000
368.360000	48205.000000
368.365000	48052.000000
368.370000	47731.000000
368.375000	47045.000000
368.380000	45686.000000
368.385000	45904.000000
368.390000	44974.000000
368.395000	45397.000000
368.400000	46150.000000
368.405000	46222.000000
368.410000	44251.000000
368.415000	44165.000000
368.420000	44825.000000
368.425000	43731.000000
368.430000	44936.000000
368.435000	44370.000000
368.440000	44078.000000
368.445000	44004.000000
368.450000	44475.000000
368.455000	43087.000000
368.460000	42652.000000
368.465000	41791.000000
368.470000	39911.000000
368.475000	41401.000000
368.480000	39789.000000
368.485000	41212.000000
368.490000	39750.000000
368.495000	39597.000000
368.500000	39758.000000
368.505000	38557.000000
368.510000	39809.000000
368.515000	39487.000000
368.520000	38189.000000
368.525000	38750.000000
368.530000	38621.000000
368.535000	38443.000000
368.540000	38399.000000
368.545000	38377.000000
368.550000	38092.000000
368.555000	37345.000000
368.560000	36482.000000
368.565000	37194.000000
368.570000	36999.000000
368.575000	36876.000000
368.580000	36404.000000
368.585000	35907.000000
368.590000	37605.000000
368.595000	36180.000000
368.600000	37210.000000
368.605000	37451.000000
368.610000	36671.000000
368.615000	38571.000000
368.620000	39051.000000
368.625000	39099.000000
368.630000	38658.000000
368.635000	39632.000000
368.640000	41460.000000
368.645000	43571.000000
368.650000	45798.000000
368.655000	49685.000000
368.660000	47261.000000
368.665000	43051.000000
368.670000	40918.000000
368.675000	40958.000000
368.680000	42741.000000
368.685000	42946.000000
368.690000	45639.000000
368.695000	46986.000000
368.700000	48205.000000
368.705000	46886.000000
368.710000	42711.000000
368.715000	40603.000000
368.720000	42663.000000
368.725000	42363.000000
368.730000	42684.000000
368.735000	41426.000000
368.740000	39671.000000
368.745000	40294.000000
368.750000	39069.000000
368.755000	41331.000000
368.760000	40288.000000
368.765000	43051.000000
368.770000	43876.000000
368.775000	43521.000000
368.780000	43533.000000
368.785000	40943.000000
368.790000	43051.000000
368.795000	43115.000000
368.800000	42998.000000
368.805000	43757.000000
368.810000	45894.000000
368.815000	46095.000000
368.820000	48816.000000
368.825000	50151.000000
368.830000	54347.000000
368.835000	54678.000000
368.840000	59345.000000
368.845000	63792.000000
368.850000	69826.000000
368.855000	77406.000000
368.860000	83028.000000
368.865000	90457.000000
368.870000	96314.000000
368.875000	95997.000000
368.880000	97600.000000
368.885000	94335.000000
368.890000	86181.000000
368.895000	80991.000000
368.900000	71815.000000
368.905000	65244.000000
368.910000	60724.000000
368.915000	58153.000000
368.920000	55590.000000
368.925000	53322.000000
368.930000	51094.000000
368.935000	43579.000000
368.940000	39500.000000
368.945000	35384.000000
368.950000	34290.000000
368.955000	31799.000000
368.960000	30710.000000
368.965000	29613.000000
368.970000	29699.000000
368.975000	28310.000000
368.980000	27216.000000
368.985000	28241.000000
368.990000	26890.000000
368.995000	26861.000000
369.000000	26144.000000
369.005000	27296.000000
369.010000	24898.000000
369.015000	24895.000000
369.020000	24517.000000
369.025000	24922.000000
369.030000	24745.000000
369.035000	23440.000000
369.040000	22660.000000
369.045000	23144.000000
369.050000	22635.000000
369.055000	21714.000000
369.060000	22815.000000
369.065000	21711.000000
369.070000	22564.000000
369.075000	21850.000000
369.080000	20992.000000
369.085000	21423.000000
369.090000	20914.000000
369.095000	21347.000000
369.100000	20059.000000
369.105000	20823.000000
369.110000	20152.000000
369.115000	21155.000000
369.120000	21022.000000
369.125000	20973.000000
369.130000	19898.000000
369.135000	20440.000000
369.140000	20968.000000
369.145000	20669.000000
369.150000	21212.000000
369.155000	20935.000000
369.160000	20556.000000
369.165000	20285.000000
369.170000	21336.000000
369.175000	21347.000000
369.180000	22765.000000
369.185000	23217.000000
369.190000	23739.000000
369.195000	26178.000000
369.200000	27813.000000
369.205000	31558.000000
369.210000	34467.000000
369.215000	44040.000000
369.220000	47863.000000
369.225000	57448.000000
369.230000	65958.000000
369.235000	75589.000000
369.240000	81812.000000
369.245000	93385.000000
369.250000	120587.000000
369.255000	150091.000000
369.260000	198643.000000
369.265000	167587.000000
369.270000	106604.000000
369.275000	67492.000000
369.280000	49778.000000
369.285000	38732.000000
369.290000	29984.000000
369.295000	26313.000000
369.300000	23939.000000
369.305000	21544.000000
369.310000	20291.000000
369.315000	18931.000000
369.320000	19292.000000
369.325000	17191.000000
369.330000	18042.000000
369.335000	17540.000000
369.340000	16791.000000
369.345000	16097.000000
369.350000	15409.000000
369.355000	15690.000000
369.360000	15496.000000
369.365000	14980.000000
369.370000	15126.000000
369.375000	13971.000000
369.380000	14372.000000
369.385000	13663.000000
369.390000	13868.000000
369.395000	14429.000000
369.400000	13593.000000
369.405000	12964.000000
369.410000	13171.000000
369.415000	13101.000000
369.420000	13096.000000
369.425000	12855.000000
369.430000	12671.000000
369.435000	12014.000000
369.440000	12381.000000
369.445000	11933.000000
369.450000	12248.000000
369.455000	11429.000000
369.460000	11712.000000
369.465000	12506.000000
369.470000	11255.000000
369.475000	11256.000000
369.480000	11225.000000
369.485000	11092.000000
369.490000	11010.000000
369.495000	11241.000000
369.500000	10971.000000
369.505000	10899.000000
369.510000	10641.000000
369.515000	10575.000000
369.520000	9897.000000
369.525000	9634.000000
369.530000	10402.000000
369.535000	10133.000000
369.540000	10504.000000
369.545000	10358.000000
369.550000	9817.000000
369.555000	10235.000000
369.560000	10034.000000
369.565000	10242.000000
369.570000	9533.000000
369.575000	9679.000000
369.580000	9630.000000
369.585000	9478.000000
369.590000	10087.000000
369.595000	9207.000000
369.600000	9091.000000
369.605000	9221.000000
369.610000	9209.000000
369.615000	8726.000000
369.620000	9421.000000
369.625000	8822.000000
369.630000	8770.000000
369.635000	9131.000000
369.640000	8211.000000
369.645000	8663.000000
369.650000	8754.000000
369.655000	9273.000000
369.660000	8376.000000
369.665000	9143.000000
369.670000	8070.000000
369.675000	8321.000000
369.680000	8534.000000
369.685000	8739.000000
369.690000	8496.000000
369.695000	8799.000000
369.700000	8201.000000
369.705000	7937.000000
369.710000	7665.000000
369.715000	7950.000000
369.720000	7938.000000
369.725000	7787.000000
369.730000	8366.000000
369.735000	8374.000000
369.740000	7877.000000
369.745000	7891.000000
369.750000	7526.000000
369.755000	7465.000000
369.760000	7405.000000
369.765000	7352.000000
369.770000	7674.000000
369.775000	7752.000000
369.780000	7953.000000
369.785000	7491.000000
369.790000	7430.000000
369.795000	7522.000000
369.800000	7377.000000
369.805000	7367.000000
369.810000	7135.000000
369.815000	7450.000000
369.820000	6716.000000
369.825000	7329.000000
369.830000	7086.000000
369.835000	7186.000000
369.840000	6838.000000
369.845000	6757.000000
369.850000	6845.000000
369.855000	6830.000000
369.860000	6776.000000
369.865000	6705.000000
369.870000	6692.000000
369.875000	6570.000000
369.880000	7412.000000
369.885000	6242.000000
369.890000	6453.000000
369.895000	6856.000000
369.900000	6706.000000
369.905000	6684.000000
369.910000	6891.000000
369.915000	6324.000000
369.920000	6904.000000
369.925000	6149.000000
369.930000	6448.000000
369.935000	6355.000000
369.940000	6356.000000
369.945000	6191.000000
369.950000	6575.000000
369.955000	5993.000000
369.960000	6063.000000
369.965000	6022.000000
369.970000	6079.000000
369.975000	6091.000000
369.980000	6275.000000
369.985000	5781.000000
369.990000	6067.000000
369.995000	5761.000000
370.000000	6122.000000
370.005000	5923.000000
370.010000	5675.000000
370.015000	5651.000000
370.020000	6083.000000
370.025000	5595.000000
370.030000	6008.000000
370.035000	5970.000000
370.040000	6086.000000
370.045000	5818.000000
370.050000	5822.000000
370.055000	5397.000000
370.060000	5744.000000
370.065000	5535.000000
370.070000	5611.000000
370.075000	5777.000000
370.080000	5389.000000
370.085000	5620.000000
370.090000	5506.000000
370.095000	5903.000000
370.100000	5570.000000
370.105000	5660.000000
370.110000	5204.000000
370.115000	5174.000000
370.120000	5673.000000
370.125000	5279.000000
370.130000	5615.000000
370.135000	5349.000000
370.140000	5522.000000
370.145000	5392.000000
370.150000	5391.000000
370.155000	5433.000000
370.160000	5628.000000
370.165000	5647.000000
370.170000	5186.000000
370.175000	5271.000000
370.180000	4857.000000
370.185000	5514.000000
370.190000	5023.000000
370.195000	5165.000000
370.200000	5178.000000
370.205000	5167.000000
370.210000	4944.000000
370.215000	4633.000000
370.220000	5037.000000
370.225000	5307.000000
370.230000	5204.000000
370.235000	4977.000000
370.240000	5031.000000
370.245000	4880.000000
370.250000	5118.000000
370.255000	5095.000000
370.260000	5076.000000
370.265000	4704.000000
370.270000	4878.000000
370.275000	4978.000000
370.280000	4845.000000
370.285000	4572.000000
370.290000	5275.000000
370.295000	4717.000000
370.300000	5099.000000
370.305000	4858.000000
370.310000	4720.000000
370.315000	4636.000000
370.320000	4903.000000
370.325000	4189.000000
370.330000	4691.000000
370.335000	4539.000000
370.340000	4707.000000
370.345000	4717.000000
370.350000	4736.000000
370.355000	4453.000000
370.360000	4663.000000
370.365000	4809.000000
370.370000	4567.000000
370.375000	4609.000000
370.380000	4427.000000
370.385000	4434.000000
370.390000	4823.000000
370.395000	4891.000000
370.400000	4840.000000
370.405000	4678.000000
370.410000	4612.000000
370.415000	4637.000000
370.420000	4488.000000
370.425000	4403.000000
370.430000	4485.000000
370.435000	4229.000000
370.440000	4257.000000
370.445000	4529.000000
370.450000	4126.000000
370.455000	3957.000000
370.460000	4557.000000
370.465000	4552.000000
370.470000	4501.000000
370.475000	4659.000000
370.480000	4194.000000
370.485000	4289.000000
370.490000	4152.000000
370.495000	4499.000000
370.500000	3766.000000
370.505000	3866.000000
370.510000	4634.000000
370.515000	4132.000000
370.520000	4165.000000
370.525000	3965.000000
370.530000	4141.000000
370.535000	4000.000000
370.540000	4082.000000
370.545000	4207.000000
370.550000	4021.000000
370.555000	3966.000000
370.560000	4378.000000
370.565000	3994.000000
370.570000	4102.000000
370.575000	4100.000000
370.580000	3997.000000
370.585000	4139.000000
370.590000	4055.000000
370.595000	4196.000000
370.600000	4243.000000
370.605000	3900.000000
370.610000	4189.000000
370.615000	3841.000000
370.620000	4114.000000
370.625000	3844.000000
370.630000	3960.000000
370.635000	3663.000000
370.640000	3928.000000
370.645000	3652.000000
370.650000	4006.000000
370.655000	3649.000000
370.660000	4007.000000
370.665000	3988.000000
370.670000	3860.000000
370.675000	3679.000000
370.680000	3804.000000
370.685000	4015.000000
370.690000	4184.000000
370.695000	3755.000000
370.700000	3843.000000
370.705000	3533.000000
370.710000	3477.000000
370.715000	3780.000000
370.720000	3841.000000
370.725000	3564.000000
370.730000	3628.000000
370.735000	3891.000000
370.740000	3736.000000
370.745000	3884.000000
370.750000	4203.000000
370.755000	4151.000000
370.760000	3876.000000
370.765000	4106.000000
370.770000	3868.000000
370.775000	3523.000000
370.780000	3254.000000
370.785000	3867.000000
370.790000	3613.000000
370.795000	3895.000000
370.800000	3509.000000
370.805000	3522.000000
370.810000	3291.000000
370.815000	3264.000000
370.820000	3603.000000
370.825000	3753.000000
370.830000	3227.000000
370.835000	3152.000000
370.840000	3312.000000
370.845000	3659.000000
370.850000	3172.000000
370.855000	3432.000000
370.860000	3598.000000
370.865000	3332.000000
370.870000	3155.000000
370.875000	3576.000000
370.880000	3605.000000
370.885000	3580.000000
370.890000	3348.000000
370.895000	3331.000000
370.900000	3160.000000
370.905000	3225.000000
370.910000	3089.000000
370.915000	3327.000000
370.920000	3177.000000
370.925000	3392.000000
370.930000	3466.000000
370.935000	3460.000000
370.940000	3253.000000
370.945000	3324.000000
370.950000	3194.000000
370.955000	3308.000000
370.960000	3036.000000
370.965000	3126.000000
370.970000	3123.000000
370.975000	3170.000000
370.980000	3360.000000
370.985000	3333.000000
370.990000	3074.000000
370.995000	3238.000000
371.000000	3219.000000
371.005000	3100.000000
371.010000	3036.000000
371.015000	2867.000000
371.020000	3346.000000
371.025000	3358.000000
371.030000	3151.000000
371.035000	3386.000000
371.040000	3345.000000
371.045000	3265.000000
371.050000	3021.000000
371.055000	3122.000000
371.060000	2928.000000
371.065000	3151.000000
371.070000	3041.000000
371.075000	3062.000000
371.080000	3015.000000
371.085000	2855.000000
371.090000	3138.000000
371.095000	3192.000000
371.100000	3132.000000
371.105000	3420.000000
371.110000	3374.000000
371.115000	2913.000000
371.120000	2985.000000
371.125000	2903.000000
371.130000	2791.000000
371.135000	3384.000000
371.140000	3102.000000
371.145000	3295.000000
371.150000	2779.000000
371.155000	3049.000000
371.160000	3216.000000
371.165000	3065.000000
371.170000	2896.000000
371.175000	3134.000000
371.180000	3171.000000
371.185000	2914.000000
371.190000	2735.000000
371.195000	2658.000000
371.200000	2839.000000
371.205000	2826.000000
371.210000	3024.000000
371.215000	3313.000000
371.220000	3081.000000
371.225000	2671.000000
371.230000	3000.000000
371.235000	3062.000000
371.240000	2732.000000
371.245000	2708.000000
371.250000	2873.000000
371.255000	2587.000000
371.260000	3098.000000
371.265000	3002.000000
371.270000	2814.000000
371.275000	2734.000000
371.280000	3136.000000
371.285000	2779.000000
371.290000	3119.000000
371.295000	2695.000000
371.300000	2843.000000
371.305000	2548.000000
371.310000	3043.000000
371.315000	2727.000000
371.320000	2851.000000
371.325000	3044.000000
371.330000	2874.000000
371.335000	3088.000000
371.340000	2678.000000
371.345000	2788.000000
371.350000	3023.000000
371.355000	2778.000000
371.360000	2765.000000
371.365000	2749.000000
371.370000	2892.000000
371.375000	3208.000000
371.380000	2788.000000
371.385000	2847.000000
371.390000	2664.000000
371.395000	3073.000000
371.400000	2931.000000
371.405000	2746.000000
371.410000	3305.000000
371.415000	2964.000000
371.420000	2818.000000
371.425000	2989.000000
371.430000	2719.000000
371.435000	3164.000000
371.440000	2812.000000
371.445000	2775.000000
371.450000	2861.000000
371.455000	3009.000000
371.460000	3256.000000
371.465000	3013.000000
371.470000	2805.000000
371.475000	2857.000000
371.480000	3165.000000
371.485000	2900.000000
371.490000	3193.000000
371.495000	2825.000000
371.500000	2967.000000
371.505000	2865.000000
371.510000	2689.000000
371.515000	3178.000000
371.520000	2935.000000
371.525000	2934.000000
371.530000	2885.000000
371.535000	3323.000000
371.540000	3066.000000
371.545000	2862.000000
371.550000	2857.000000
371.555000	2892.000000
371.560000	3116.000000
371.565000	2921.000000
371.570000	2849.000000
371.575000	2942.000000
371.580000	3039.000000
371.585000	3031.000000
371.590000	2724.000000
371.595000	3000.000000
371.600000	2868.000000
371.605000	2792.000000
371.610000	2911.000000
371.615000	3202.000000
371.620000	3128.000000
371.625000	2962.000000
371.630000	2722.000000
371.635000	2956.000000
371.640000	3160.000000
371.645000	3012.000000
371.650000	2879.000000
371.655000	3183.000000
371.660000	3157.000000
371.665000	3142.000000
371.670000	2876.000000
371.675000	3080.000000
371.680000	3156.000000
371.685000	2986.000000
371.690000	2924.000000
371.695000	3432.000000
371.700000	3314.000000
371.705000	3107.000000
371.710000	3331.000000
371.715000	3340.000000
371.720000	3048.000000
371.725000	3149.000000
371.730000	3177.000000
371.735000	3140.000000
371.740000	3003.000000
371.745000	2993.000000
371.750000	3229.000000
371.755000	3356.000000
371.760000	3468.000000
371.765000	3601.000000
371.770000	3342.000000
371.775000	3459.000000
371.780000	3609.000000
371.785000	3469.000000
371.790000	3400.000000
371.795000	3569.000000
371.800000	3333.000000
371.805000	3887.000000
371.810000	3852.000000
371.815000	3764.000000
371.820000	4085.000000
371.825000	3961.000000
371.830000	3840.000000
371.835000	4103.000000
371.840000	4427.000000
371.845000	4308.000000
371.850000	4568.000000
371.855000	4891.000000
371.860000	4637.000000
371.865000	5206.000000
371.870000	5247.000000
371.875000	6057.000000
371.880000	6585.000000
371.885000	7935.000000
371.890000	9005.000000
371.895000	10410.000000
371.900000	11716.000000
371.905000	14283.000000
371.910000	16915.000000
371.915000	19679.000000
371.920000	25098.000000
371.925000	31719.000000
371.930000	42261.000000
371.935000	40622.000000
371.940000	26827.000000
371.945000	17198.000000
371.950000	11537.000000
371.955000	8354.000000
371.960000	6732.000000
371.965000	6026.000000
371.970000	5125.000000
371.975000	5070.000000
371.980000	5025.000000
371.985000	4650.000000
371.990000	4630.000000
371.995000	4402.000000
372.000000	4232.000000
372.005000	4331.000000
372.010000	4518.000000
372.015000	4422.000000
372.020000	4351.000000
372.025000	4226.000000
372.030000	4265.000000
372.035000	4481.000000
372.040000	4468.000000
372.045000	4707.000000
372.050000	4446.000000
372.055000	4551.000000
372.060000	4276.000000
372.065000	4117.000000
372.070000	4327.000000
372.075000	4577.000000
372.080000	4611.000000
372.085000	4273.000000
372.090000	4708.000000
372.095000	4718.000000
372.100000	4792.000000
372.105000	4375.000000
372.110000	4380.000000
372.115000	4451.000000
372.120000	4578.000000
372.125000	4373.000000
372.130000	3974.000000
372.135000	4129.000000
372.140000	4215.000000
372.145000	4190.000000
372.150000	4531.000000
372.155000	3818.000000
372.160000	4181.000000
372.165000	4371.000000
372.170000	4511.000000
372.175000	4261.000000
372.180000	4139.000000
372.185000	4209.000000
372.190000	4319.000000
372.195000	4141.000000
372.200000	4033.000000
372.205000	4400.000000
372.210000	4297.000000
372.215000	3949.000000
372.220000	3800.000000
372.225000	4070.000000
372.230000	3824.000000
372.235000	4440.000000
372.240000	3813.000000
372.245000	3686.000000
372.250000	3621.000000
372.255000	3840.000000
372.260000	4279.000000
372.265000	3460.000000
372.270000	3682.000000
372.275000	3648.000000
372.280000	3951.000000
372.285000	3271.000000
372.290000	3616.000000
372.295000	3462.000000
372.300000	3612.000000
