Sample ID:		H1088 Mg coat 20um slit 20mW power
Start Time:		Thu Jul 09 2020 7:27:24 PM
Averaging Time:		1.000s

360.000000	20.000000
360.005000	0.000000
360.010000	42.000000
360.015000	0.000000
360.020000	23.000000
360.025000	0.000000
360.030000	28.000000
360.035000	15.000000
360.040000	6.000000
360.045000	2.000000
360.050000	12.000000
360.055000	13.000000
360.060000	10.000000
360.065000	9.000000
360.070000	58.000000
360.075000	14.000000
360.080000	8.000000
360.085000	17.000000
360.090000	21.000000
360.095000	12.000000
360.100000	29.000000
360.105000	13.000000
360.110000	4.000000
360.115000	21.000000
360.120000	9.000000
360.125000	5.000000
360.130000	5.000000
360.135000	57.000000
360.140000	9.000000
360.145000	0.000000
360.150000	3.000000
360.155000	14.000000
360.160000	27.000000
360.165000	37.000000
360.170000	6.000000
360.175000	39.000000
360.180000	5.000000
360.185000	10.000000
360.190000	20.000000
360.195000	34.000000
360.200000	10.000000
360.205000	12.000000
360.210000	13.000000
360.215000	9.000000
360.220000	9.000000
360.225000	20.000000
360.230000	49.000000
360.235000	40.000000
360.240000	1.000000
360.245000	5.000000
360.250000	11.000000
360.255000	83.000000
360.260000	14.000000
360.265000	2.000000
360.270000	4.000000
360.275000	17.000000
360.280000	6.000000
360.285000	0.000000
360.290000	16.000000
360.295000	15.000000
360.300000	7.000000
360.305000	5.000000
360.310000	13.000000
360.315000	39.000000
360.320000	2.000000
360.325000	42.000000
360.330000	3.000000
360.335000	18.000000
360.340000	4.000000
360.345000	6.000000
360.350000	9.000000
360.355000	40.000000
360.360000	3.000000
360.365000	3.000000
360.370000	3.000000
360.375000	29.000000
360.380000	1.000000
360.385000	3.000000
360.390000	6.000000
360.395000	36.000000
360.400000	0.000000
360.405000	86.000000
360.410000	34.000000
360.415000	3.000000
360.420000	21.000000
360.425000	25.000000
360.430000	8.000000
360.435000	2.000000
360.440000	32.000000
360.445000	13.000000
360.450000	7.000000
360.455000	9.000000
360.460000	5.000000
360.465000	1.000000
360.470000	8.000000
360.475000	33.000000
360.480000	14.000000
360.485000	8.000000
360.490000	24.000000
360.495000	11.000000
360.500000	5.000000
360.505000	6.000000
360.510000	4.000000
360.515000	8.000000
360.520000	31.000000
360.525000	31.000000
360.530000	18.000000
360.535000	16.000000
360.540000	13.000000
360.545000	17.000000
360.550000	27.000000
360.555000	30.000000
360.560000	9.000000
360.565000	26.000000
360.570000	109.000000
360.575000	3.000000
360.580000	3.000000
360.585000	19.000000
360.590000	20.000000
360.595000	8.000000
360.600000	30.000000
360.605000	3.000000
360.610000	8.000000
360.615000	20.000000
360.620000	5.000000
360.625000	13.000000
360.630000	0.000000
360.635000	23.000000
360.640000	46.000000
360.645000	16.000000
360.650000	13.000000
360.655000	8.000000
360.660000	14.000000
360.665000	28.000000
360.670000	4.000000
360.675000	5.000000
360.680000	5.000000
360.685000	7.000000
360.690000	5.000000
360.695000	6.000000
360.700000	54.000000
360.705000	17.000000
360.710000	11.000000
360.715000	28.000000
360.720000	15.000000
360.725000	14.000000
360.730000	24.000000
360.735000	7.000000
360.740000	8.000000
360.745000	75.000000
360.750000	6.000000
360.755000	15.000000
360.760000	20.000000
360.765000	16.000000
360.770000	24.000000
360.775000	36.000000
360.780000	18.000000
360.785000	31.000000
360.790000	6.000000
360.795000	13.000000
360.800000	44.000000
360.805000	4.000000
360.810000	6.000000
360.815000	12.000000
360.820000	42.000000
360.825000	2.000000
360.830000	9.000000
360.835000	1.000000
360.840000	15.000000
360.845000	13.000000
360.850000	11.000000
360.855000	19.000000
360.860000	8.000000
360.865000	28.000000
360.870000	4.000000
360.875000	8.000000
360.880000	35.000000
360.885000	36.000000
360.890000	6.000000
360.895000	17.000000
360.900000	6.000000
360.905000	7.000000
360.910000	42.000000
360.915000	2.000000
360.920000	7.000000
360.925000	9.000000
360.930000	14.000000
360.935000	23.000000
360.940000	7.000000
360.945000	17.000000
360.950000	15.000000
360.955000	8.000000
360.960000	4.000000
360.965000	8.000000
360.970000	18.000000
360.975000	7.000000
360.980000	10.000000
360.985000	7.000000
360.990000	47.000000
360.995000	18.000000
361.000000	28.000000
361.005000	7.000000
361.010000	57.000000
361.015000	12.000000
361.020000	23.000000
361.025000	1.000000
361.030000	18.000000
361.035000	75.000000
361.040000	6.000000
361.045000	44.000000
361.050000	22.000000
361.055000	16.000000
361.060000	44.000000
361.065000	9.000000
361.070000	2.000000
361.075000	16.000000
361.080000	32.000000
361.085000	4.000000
361.090000	2.000000
361.095000	7.000000
361.100000	32.000000
361.105000	5.000000
361.110000	41.000000
361.115000	47.000000
361.120000	40.000000
361.125000	8.000000
361.130000	15.000000
361.135000	45.000000
361.140000	36.000000
361.145000	17.000000
361.150000	44.000000
361.155000	45.000000
361.160000	22.000000
361.165000	13.000000
361.170000	44.000000
361.175000	22.000000
361.180000	6.000000
361.185000	20.000000
361.190000	9.000000
361.195000	20.000000
361.200000	10.000000
361.205000	27.000000
361.210000	22.000000
361.215000	14.000000
361.220000	12.000000
361.225000	28.000000
361.230000	40.000000
361.235000	37.000000
361.240000	9.000000
361.245000	11.000000
361.250000	22.000000
361.255000	40.000000
361.260000	48.000000
361.265000	17.000000
361.270000	33.000000
361.275000	11.000000
361.280000	26.000000
361.285000	28.000000
361.290000	16.000000
361.295000	104.000000
361.300000	32.000000
361.305000	15.000000
361.310000	28.000000
361.315000	26.000000
361.320000	55.000000
361.325000	32.000000
361.330000	68.000000
361.335000	7.000000
361.340000	31.000000
361.345000	35.000000
361.350000	29.000000
361.355000	14.000000
361.360000	35.000000
361.365000	50.000000
361.370000	44.000000
361.375000	18.000000
361.380000	38.000000
361.385000	29.000000
361.390000	8.000000
361.395000	31.000000
361.400000	62.000000
361.405000	22.000000
361.410000	25.000000
361.415000	49.000000
361.420000	16.000000
361.425000	58.000000
361.430000	34.000000
361.435000	23.000000
361.440000	12.000000
361.445000	50.000000
361.450000	25.000000
361.455000	57.000000
361.460000	20.000000
361.465000	16.000000
361.470000	5.000000
361.475000	70.000000
361.480000	10.000000
361.485000	24.000000
361.490000	43.000000
361.495000	36.000000
361.500000	41.000000
361.505000	37.000000
361.510000	6.000000
361.515000	107.000000
361.520000	23.000000
361.525000	35.000000
361.530000	32.000000
361.535000	97.000000
361.540000	12.000000
361.545000	61.000000
361.550000	13.000000
361.555000	31.000000
361.560000	18.000000
361.565000	27.000000
361.570000	36.000000
361.575000	18.000000
361.580000	42.000000
361.585000	30.000000
361.590000	33.000000
361.595000	36.000000
361.600000	33.000000
361.605000	11.000000
361.610000	39.000000
361.615000	16.000000
361.620000	21.000000
361.625000	44.000000
361.630000	93.000000
361.635000	40.000000
361.640000	53.000000
361.645000	37.000000
361.650000	54.000000
361.655000	54.000000
361.660000	44.000000
361.665000	39.000000
361.670000	77.000000
361.675000	23.000000
361.680000	42.000000
361.685000	66.000000
361.690000	50.000000
361.695000	42.000000
361.700000	97.000000
361.705000	61.000000
361.710000	59.000000
361.715000	24.000000
361.720000	60.000000
361.725000	81.000000
361.730000	28.000000
361.735000	81.000000
361.740000	13.000000
361.745000	97.000000
361.750000	119.000000
361.755000	24.000000
361.760000	53.000000
361.765000	17.000000
361.770000	30.000000
361.775000	69.000000
361.780000	90.000000
361.785000	82.000000
361.790000	74.000000
361.795000	114.000000
361.800000	74.000000
361.805000	73.000000
361.810000	42.000000
361.815000	65.000000
361.820000	64.000000
361.825000	61.000000
361.830000	84.000000
361.835000	82.000000
361.840000	105.000000
361.845000	94.000000
361.850000	88.000000
361.855000	65.000000
361.860000	62.000000
361.865000	97.000000
361.870000	117.000000
361.875000	127.000000
361.880000	107.000000
361.885000	79.000000
361.890000	131.000000
361.895000	107.000000
361.900000	56.000000
361.905000	62.000000
361.910000	131.000000
361.915000	49.000000
361.920000	87.000000
361.925000	107.000000
361.930000	102.000000
361.935000	120.000000
361.940000	92.000000
361.945000	49.000000
361.950000	96.000000
361.955000	146.000000
361.960000	29.000000
361.965000	120.000000
361.970000	29.000000
361.975000	77.000000
361.980000	106.000000
361.985000	51.000000
361.990000	94.000000
361.995000	85.000000
362.000000	132.000000
362.005000	80.000000
362.010000	87.000000
362.015000	80.000000
362.020000	98.000000
362.025000	74.000000
362.030000	73.000000
362.035000	110.000000
362.040000	32.000000
362.045000	55.000000
362.050000	107.000000
362.055000	60.000000
362.060000	64.000000
362.065000	96.000000
362.070000	74.000000
362.075000	47.000000
362.080000	101.000000
362.085000	77.000000
362.090000	214.000000
362.095000	93.000000
362.100000	115.000000
362.105000	106.000000
362.110000	71.000000
362.115000	108.000000
362.120000	127.000000
362.125000	90.000000
362.130000	102.000000
362.135000	82.000000
362.140000	130.000000
362.145000	97.000000
362.150000	77.000000
362.155000	87.000000
362.160000	106.000000
362.165000	125.000000
362.170000	157.000000
362.175000	126.000000
362.180000	155.000000
362.185000	144.000000
362.190000	115.000000
362.195000	177.000000
362.200000	84.000000
362.205000	138.000000
362.210000	110.000000
362.215000	137.000000
362.220000	104.000000
362.225000	107.000000
362.230000	121.000000
362.235000	138.000000
362.240000	115.000000
362.245000	142.000000
362.250000	127.000000
362.255000	149.000000
362.260000	168.000000
362.265000	138.000000
362.270000	206.000000
362.275000	135.000000
362.280000	153.000000
362.285000	112.000000
362.290000	158.000000
362.295000	144.000000
362.300000	156.000000
362.305000	112.000000
362.310000	197.000000
362.315000	194.000000
362.320000	214.000000
362.325000	152.000000
362.330000	138.000000
362.335000	304.000000
362.340000	129.000000
362.345000	165.000000
362.350000	147.000000
362.355000	276.000000
362.360000	190.000000
362.365000	167.000000
362.370000	128.000000
362.375000	174.000000
362.380000	110.000000
362.385000	226.000000
362.390000	171.000000
362.395000	151.000000
362.400000	139.000000
362.405000	151.000000
362.410000	93.000000
362.415000	137.000000
362.420000	166.000000
362.425000	246.000000
362.430000	151.000000
362.435000	125.000000
362.440000	142.000000
362.445000	140.000000
362.450000	195.000000
362.455000	196.000000
362.460000	191.000000
362.465000	180.000000
362.470000	167.000000
362.475000	272.000000
362.480000	135.000000
362.485000	146.000000
362.490000	210.000000
362.495000	249.000000
362.500000	276.000000
362.505000	178.000000
362.510000	223.000000
362.515000	195.000000
362.520000	189.000000
362.525000	264.000000
362.530000	246.000000
362.535000	233.000000
362.540000	245.000000
362.545000	149.000000
362.550000	156.000000
362.555000	180.000000
362.560000	244.000000
362.565000	322.000000
362.570000	207.000000
362.575000	181.000000
362.580000	341.000000
362.585000	260.000000
362.590000	234.000000
362.595000	282.000000
362.600000	210.000000
362.605000	250.000000
362.610000	249.000000
362.615000	111.000000
362.620000	374.000000
362.625000	276.000000
362.630000	269.000000
362.635000	233.000000
362.640000	364.000000
362.645000	264.000000
362.650000	260.000000
362.655000	281.000000
362.660000	319.000000
362.665000	261.000000
362.670000	351.000000
362.675000	324.000000
362.680000	416.000000
362.685000	387.000000
362.690000	293.000000
362.695000	345.000000
362.700000	319.000000
362.705000	312.000000
362.710000	343.000000
362.715000	258.000000
362.720000	264.000000
362.725000	353.000000
362.730000	470.000000
362.735000	383.000000
362.740000	374.000000
362.745000	393.000000
362.750000	353.000000
362.755000	318.000000
362.760000	340.000000
362.765000	281.000000
362.770000	452.000000
362.775000	418.000000
362.780000	341.000000
362.785000	351.000000
362.790000	443.000000
362.795000	283.000000
362.800000	342.000000
362.805000	301.000000
362.810000	338.000000
362.815000	441.000000
362.820000	260.000000
362.825000	346.000000
362.830000	370.000000
362.835000	415.000000
362.840000	344.000000
362.845000	404.000000
362.850000	535.000000
362.855000	308.000000
362.860000	450.000000
362.865000	305.000000
362.870000	452.000000
362.875000	333.000000
362.880000	420.000000
362.885000	528.000000
362.890000	442.000000
362.895000	371.000000
362.900000	522.000000
362.905000	497.000000
362.910000	395.000000
362.915000	373.000000
362.920000	476.000000
362.925000	453.000000
362.930000	600.000000
362.935000	770.000000
362.940000	362.000000
362.945000	339.000000
362.950000	503.000000
362.955000	487.000000
362.960000	498.000000
362.965000	474.000000
362.970000	479.000000
362.975000	546.000000
362.980000	382.000000
362.985000	574.000000
362.990000	625.000000
362.995000	494.000000
363.000000	470.000000
363.005000	508.000000
363.010000	453.000000
363.015000	545.000000
363.020000	388.000000
363.025000	423.000000
363.030000	516.000000
363.035000	558.000000
363.040000	569.000000
363.045000	529.000000
363.050000	687.000000
363.055000	487.000000
363.060000	633.000000
363.065000	614.000000
363.070000	621.000000
363.075000	531.000000
363.080000	624.000000
363.085000	698.000000
363.090000	571.000000
363.095000	724.000000
363.100000	588.000000
363.105000	787.000000
363.110000	909.000000
363.115000	760.000000
363.120000	693.000000
363.125000	703.000000
363.130000	738.000000
363.135000	1047.000000
363.140000	848.000000
363.145000	704.000000
363.150000	679.000000
363.155000	780.000000
363.160000	824.000000
363.165000	844.000000
363.170000	579.000000
363.175000	901.000000
363.180000	827.000000
363.185000	809.000000
363.190000	986.000000
363.195000	697.000000
363.200000	919.000000
363.205000	828.000000
363.210000	827.000000
363.215000	834.000000
363.220000	957.000000
363.225000	1000.000000
363.230000	1065.000000
363.235000	1013.000000
363.240000	864.000000
363.245000	861.000000
363.250000	1165.000000
363.255000	869.000000
363.260000	943.000000
363.265000	981.000000
363.270000	1082.000000
363.275000	1125.000000
363.280000	1158.000000
363.285000	1070.000000
363.290000	951.000000
363.295000	990.000000
363.300000	1127.000000
363.305000	913.000000
363.310000	1081.000000
363.315000	1054.000000
363.320000	1156.000000
363.325000	1043.000000
363.330000	1142.000000
363.335000	1449.000000
363.340000	1180.000000
363.345000	1178.000000
363.350000	1138.000000
363.355000	1170.000000
363.360000	1283.000000
363.365000	1325.000000
363.370000	1120.000000
363.375000	1349.000000
363.380000	1504.000000
363.385000	1391.000000
363.390000	1232.000000
363.395000	1479.000000
363.400000	1413.000000
363.405000	1334.000000
363.410000	1443.000000
363.415000	1320.000000
363.420000	1381.000000
363.425000	1734.000000
363.430000	1560.000000
363.435000	1461.000000
363.440000	1697.000000
363.445000	1532.000000
363.450000	1776.000000
363.455000	1406.000000
363.460000	1696.000000
363.465000	1455.000000
363.470000	1763.000000
363.475000	1766.000000
363.480000	1547.000000
363.485000	1762.000000
363.490000	1827.000000
363.495000	1708.000000
363.500000	1695.000000
363.505000	1770.000000
363.510000	1780.000000
363.515000	1812.000000
363.520000	1722.000000
363.525000	2189.000000
363.530000	1815.000000
363.535000	1970.000000
363.540000	2344.000000
363.545000	2398.000000
363.550000	2211.000000
363.555000	2093.000000
363.560000	2346.000000
363.565000	2014.000000
363.570000	1896.000000
363.575000	2517.000000
363.580000	2411.000000
363.585000	2076.000000
363.590000	2226.000000
363.595000	2339.000000
363.600000	2286.000000
363.605000	2882.000000
363.610000	2409.000000
363.615000	2644.000000
363.620000	2528.000000
363.625000	2370.000000
363.630000	2347.000000
363.635000	2628.000000
363.640000	2521.000000
363.645000	2618.000000
363.650000	2951.000000
363.655000	2885.000000
363.660000	2991.000000
363.665000	2777.000000
363.670000	2854.000000
363.675000	2827.000000
363.680000	2968.000000
363.685000	3094.000000
363.690000	3144.000000
363.695000	3296.000000
363.700000	3107.000000
363.705000	2757.000000
363.710000	3253.000000
363.715000	3320.000000
363.720000	3496.000000
363.725000	3051.000000
363.730000	3499.000000
363.735000	3308.000000
363.740000	3543.000000
363.745000	3424.000000
363.750000	3322.000000
363.755000	3727.000000
363.760000	3421.000000
363.765000	3676.000000
363.770000	3586.000000
363.775000	3871.000000
363.780000	3956.000000
363.785000	3939.000000
363.790000	3886.000000
363.795000	3770.000000
363.800000	3590.000000
363.805000	4115.000000
363.810000	4336.000000
363.815000	4118.000000
363.820000	4367.000000
363.825000	4366.000000
363.830000	3919.000000
363.835000	3949.000000
363.840000	4427.000000
363.845000	4528.000000
363.850000	4561.000000
363.855000	4606.000000
363.860000	4348.000000
363.865000	4269.000000
363.870000	4792.000000
363.875000	5186.000000
363.880000	5023.000000
363.885000	4768.000000
363.890000	5139.000000
363.895000	4744.000000
363.900000	5156.000000
363.905000	5096.000000
363.910000	5218.000000
363.915000	5105.000000
363.920000	5151.000000
363.925000	5256.000000
363.930000	5032.000000
363.935000	5630.000000
363.940000	5599.000000
363.945000	5617.000000
363.950000	6397.000000
363.955000	6074.000000
363.960000	6035.000000
363.965000	5928.000000
363.970000	6380.000000
363.975000	6015.000000
363.980000	5811.000000
363.985000	5795.000000
363.990000	6092.000000
363.995000	6381.000000
364.000000	6792.000000
364.005000	6229.000000
364.010000	6797.000000
364.015000	6357.000000
364.020000	6879.000000
364.025000	6799.000000
364.030000	7794.000000
364.035000	6554.000000
364.040000	7422.000000
364.045000	7140.000000
364.050000	7302.000000
364.055000	7167.000000
364.060000	7548.000000
364.065000	8093.000000
364.070000	7587.000000
364.075000	7841.000000
364.080000	7787.000000
364.085000	7815.000000
364.090000	8376.000000
364.095000	8681.000000
364.100000	8242.000000
364.105000	7993.000000
364.110000	7847.000000
364.115000	8095.000000
364.120000	8571.000000
364.125000	8894.000000
364.130000	7912.000000
364.135000	8734.000000
364.140000	9327.000000
364.145000	8729.000000
364.150000	8274.000000
364.155000	8893.000000
364.160000	9234.000000
364.165000	8772.000000
364.170000	9280.000000
364.175000	9204.000000
364.180000	9666.000000
364.185000	9306.000000
364.190000	9701.000000
364.195000	9869.000000
364.200000	9080.000000
364.205000	9631.000000
364.210000	10847.000000
364.215000	10002.000000
364.220000	9593.000000
364.225000	10923.000000
364.230000	10030.000000
364.235000	10023.000000
364.240000	10611.000000
364.245000	11137.000000
364.250000	10223.000000
364.255000	10441.000000
364.260000	10067.000000
364.265000	10870.000000
364.270000	10839.000000
364.275000	11319.000000
364.280000	11367.000000
364.285000	11088.000000
364.290000	11268.000000
364.295000	11186.000000
364.300000	11020.000000
364.305000	11318.000000
364.310000	12290.000000
364.315000	11557.000000
364.320000	11286.000000
364.325000	11945.000000
364.330000	12239.000000
364.335000	12162.000000
364.340000	11840.000000
364.345000	12130.000000
364.350000	11913.000000
364.355000	12335.000000
364.360000	12279.000000
364.365000	12529.000000
364.370000	12589.000000
364.375000	12149.000000
364.380000	12483.000000
364.385000	12535.000000
364.390000	12899.000000
364.395000	12153.000000
364.400000	12993.000000
364.405000	11815.000000
364.410000	13340.000000
364.415000	13098.000000
364.420000	12696.000000
364.425000	12755.000000
364.430000	12427.000000
364.435000	12644.000000
364.440000	13046.000000
364.445000	13207.000000
364.450000	12780.000000
364.455000	13204.000000
364.460000	13317.000000
364.465000	12892.000000
364.470000	13469.000000
364.475000	13071.000000
364.480000	13218.000000
364.485000	13301.000000
364.490000	13263.000000
364.495000	14074.000000
364.500000	13945.000000
364.505000	13221.000000
364.510000	13632.000000
364.515000	13470.000000
364.520000	13779.000000
364.525000	13941.000000
364.530000	13769.000000
364.535000	13853.000000
364.540000	14170.000000
364.545000	14096.000000
364.550000	13544.000000
364.555000	13248.000000
364.560000	13498.000000
364.565000	13665.000000
364.570000	14048.000000
364.575000	14425.000000
364.580000	13546.000000
364.585000	13976.000000
364.590000	14248.000000
364.595000	14809.000000
364.600000	14314.000000
364.605000	14373.000000
364.610000	13933.000000
364.615000	13980.000000
364.620000	14007.000000
364.625000	13921.000000
364.630000	14197.000000
364.635000	13927.000000
364.640000	13470.000000
364.645000	13753.000000
364.650000	14123.000000
364.655000	13953.000000
364.660000	13449.000000
364.665000	13802.000000
364.670000	14220.000000
364.675000	14374.000000
364.680000	13864.000000
364.685000	13248.000000
364.690000	13844.000000
364.695000	14097.000000
364.700000	14314.000000
364.705000	13592.000000
364.710000	13933.000000
364.715000	13427.000000
364.720000	13514.000000
364.725000	13317.000000
364.730000	13201.000000
364.735000	13236.000000
364.740000	13513.000000
364.745000	13159.000000
364.750000	13492.000000
364.755000	13096.000000
364.760000	13629.000000
364.765000	13616.000000
364.770000	12341.000000
364.775000	13282.000000
364.780000	13173.000000
364.785000	12929.000000
364.790000	12990.000000
364.795000	13188.000000
364.800000	13203.000000
364.805000	12396.000000
364.810000	12843.000000
364.815000	12988.000000
364.820000	13039.000000
364.825000	13210.000000
364.830000	12563.000000
364.835000	12233.000000
364.840000	12402.000000
364.845000	12542.000000
364.850000	12947.000000
364.855000	12164.000000
364.860000	12609.000000
364.865000	12306.000000
364.870000	11936.000000
364.875000	12383.000000
364.880000	12340.000000
364.885000	12293.000000
364.890000	12043.000000
364.895000	11935.000000
364.900000	11500.000000
364.905000	11492.000000
364.910000	11479.000000
364.915000	11789.000000
364.920000	11390.000000
364.925000	11651.000000
364.930000	11114.000000
364.935000	11306.000000
364.940000	11043.000000
364.945000	11614.000000
364.950000	10776.000000
364.955000	11441.000000
364.960000	10884.000000
364.965000	10343.000000
364.970000	10637.000000
364.975000	10336.000000
364.980000	10691.000000
364.985000	10231.000000
364.990000	10309.000000
364.995000	10505.000000
365.000000	9796.000000
365.005000	10086.000000
365.010000	10491.000000
365.015000	9899.000000
365.020000	9554.000000
365.025000	10006.000000
365.030000	9647.000000
365.035000	9596.000000
365.040000	9623.000000
365.045000	9485.000000
365.050000	9834.000000
365.055000	9314.000000
365.060000	9787.000000
365.065000	9214.000000
365.070000	9414.000000
365.075000	9426.000000
365.080000	8546.000000
365.085000	8708.000000
365.090000	9114.000000
365.095000	9181.000000
365.100000	8579.000000
365.105000	9067.000000
365.110000	8840.000000
365.115000	8759.000000
365.120000	8870.000000
365.125000	8277.000000
365.130000	8267.000000
365.135000	7563.000000
365.140000	8449.000000
365.145000	8010.000000
365.150000	7670.000000
365.155000	7974.000000
365.160000	8024.000000
365.165000	7879.000000
365.170000	7982.000000
365.175000	7814.000000
365.180000	7229.000000
365.185000	7208.000000
365.190000	6976.000000
365.195000	6882.000000
365.200000	7381.000000
365.205000	7396.000000
365.210000	7566.000000
365.215000	7476.000000
365.220000	7088.000000
365.225000	7309.000000
365.230000	7230.000000
365.235000	6645.000000
365.240000	6981.000000
365.245000	7448.000000
365.250000	6794.000000
365.255000	6929.000000
365.260000	6710.000000
365.265000	6177.000000
365.270000	6848.000000
365.275000	6352.000000
365.280000	6220.000000
365.285000	6312.000000
365.290000	6178.000000
365.295000	6052.000000
365.300000	6344.000000
365.305000	5889.000000
365.310000	6085.000000
365.315000	5878.000000
365.320000	5660.000000
365.325000	5872.000000
365.330000	5757.000000
365.335000	5738.000000
365.340000	5508.000000
365.345000	5669.000000
365.350000	5833.000000
365.355000	5658.000000
365.360000	5631.000000
365.365000	5494.000000
365.370000	5374.000000
365.375000	5350.000000
365.380000	4935.000000
365.385000	5318.000000
365.390000	5282.000000
365.395000	5210.000000
365.400000	4655.000000
365.405000	5049.000000
365.410000	5165.000000
365.415000	4474.000000
365.420000	4642.000000
365.425000	4677.000000
365.430000	4689.000000
365.435000	4487.000000
365.440000	4930.000000
365.445000	4194.000000
365.450000	4551.000000
365.455000	4420.000000
365.460000	4274.000000
365.465000	4486.000000
365.470000	4472.000000
365.475000	4257.000000
365.480000	4475.000000
365.485000	4231.000000
365.490000	4103.000000
365.495000	4281.000000
365.500000	4015.000000
365.505000	4125.000000
365.510000	3713.000000
365.515000	3959.000000
365.520000	3943.000000
365.525000	3952.000000
365.530000	3891.000000
365.535000	3750.000000
365.540000	4237.000000
365.545000	4055.000000
365.550000	3300.000000
365.555000	3379.000000
365.560000	3806.000000
365.565000	3198.000000
365.570000	3439.000000
365.575000	3637.000000
365.580000	3579.000000
365.585000	3571.000000
365.590000	3346.000000
365.595000	3302.000000
365.600000	3710.000000
365.605000	3290.000000
365.610000	3428.000000
365.615000	3290.000000
365.620000	3267.000000
365.625000	3197.000000
365.630000	3119.000000
365.635000	3416.000000
365.640000	2818.000000
365.645000	3252.000000
365.650000	2859.000000
365.655000	3068.000000
365.660000	2780.000000
365.665000	3182.000000
365.670000	2782.000000
365.675000	2793.000000
365.680000	2407.000000
365.685000	2729.000000
365.690000	2921.000000
365.695000	2700.000000
365.700000	2634.000000
365.705000	2644.000000
365.710000	2597.000000
365.715000	2541.000000
365.720000	2315.000000
365.725000	2064.000000
365.730000	2311.000000
365.735000	2422.000000
365.740000	2205.000000
365.745000	2483.000000
365.750000	2291.000000
365.755000	2312.000000
365.760000	2191.000000
365.765000	2016.000000
365.770000	2222.000000
365.775000	2206.000000
365.780000	2216.000000
365.785000	2170.000000
365.790000	2276.000000
365.795000	2141.000000
365.800000	2225.000000
365.805000	2148.000000
365.810000	1867.000000
365.815000	2141.000000
365.820000	1744.000000
365.825000	1975.000000
365.830000	1985.000000
365.835000	1575.000000
365.840000	2166.000000
365.845000	1854.000000
365.850000	1820.000000
365.855000	1727.000000
365.860000	2003.000000
365.865000	1830.000000
365.870000	1808.000000
365.875000	1462.000000
365.880000	1692.000000
365.885000	1660.000000
365.890000	1645.000000
365.895000	1753.000000
365.900000	1581.000000
365.905000	1636.000000
365.910000	1610.000000
365.915000	1569.000000
365.920000	1500.000000
365.925000	1521.000000
365.930000	1392.000000
365.935000	1677.000000
365.940000	1315.000000
365.945000	1466.000000
365.950000	1612.000000
365.955000	1382.000000
365.960000	1335.000000
365.965000	1345.000000
365.970000	1429.000000
365.975000	1490.000000
365.980000	1339.000000
365.985000	1355.000000
365.990000	1415.000000
365.995000	1282.000000
366.000000	1446.000000
366.005000	1306.000000
366.010000	1364.000000
366.015000	1171.000000
366.020000	1164.000000
366.025000	1105.000000
366.030000	1146.000000
366.035000	1224.000000
366.040000	1203.000000
366.045000	1254.000000
366.050000	1192.000000
366.055000	1181.000000
366.060000	1212.000000
366.065000	1139.000000
366.070000	1115.000000
366.075000	1003.000000
366.080000	1248.000000
366.085000	1057.000000
366.090000	1024.000000
366.095000	1005.000000
366.100000	1138.000000
366.105000	1101.000000
366.110000	1157.000000
366.115000	1278.000000
366.120000	1125.000000
366.125000	1005.000000
366.130000	1074.000000
366.135000	1010.000000
366.140000	735.000000
366.145000	1023.000000
366.150000	1180.000000
366.155000	793.000000
366.160000	939.000000
366.165000	825.000000
366.170000	969.000000
366.175000	870.000000
366.180000	879.000000
366.185000	890.000000
366.190000	710.000000
366.195000	872.000000
366.200000	973.000000
366.205000	946.000000
366.210000	901.000000
366.215000	950.000000
366.220000	976.000000
366.225000	924.000000
366.230000	877.000000
366.235000	775.000000
366.240000	825.000000
366.245000	896.000000
366.250000	1052.000000
366.255000	876.000000
366.260000	828.000000
366.265000	800.000000
366.270000	883.000000
366.275000	804.000000
366.280000	650.000000
366.285000	818.000000
366.290000	718.000000
366.295000	835.000000
366.300000	571.000000
366.305000	675.000000
366.310000	754.000000
366.315000	765.000000
366.320000	783.000000
366.325000	603.000000
366.330000	787.000000
366.335000	678.000000
366.340000	827.000000
366.345000	644.000000
366.350000	755.000000
366.355000	771.000000
366.360000	670.000000
366.365000	866.000000
366.370000	752.000000
366.375000	726.000000
366.380000	563.000000
366.385000	713.000000
366.390000	814.000000
366.395000	722.000000
366.400000	759.000000
366.405000	844.000000
366.410000	632.000000
366.415000	687.000000
366.420000	567.000000
366.425000	596.000000
366.430000	858.000000
366.435000	661.000000
366.440000	701.000000
366.445000	781.000000
366.450000	692.000000
366.455000	577.000000
366.460000	643.000000
366.465000	673.000000
366.470000	723.000000
366.475000	812.000000
366.480000	853.000000
366.485000	549.000000
366.490000	544.000000
366.495000	703.000000
366.500000	673.000000
366.505000	754.000000
366.510000	728.000000
366.515000	764.000000
366.520000	792.000000
366.525000	853.000000
366.530000	622.000000
366.535000	706.000000
366.540000	777.000000
366.545000	745.000000
366.550000	657.000000
366.555000	875.000000
366.560000	684.000000
366.565000	632.000000
366.570000	752.000000
366.575000	848.000000
366.580000	968.000000
366.585000	989.000000
366.590000	990.000000
366.595000	1026.000000
366.600000	934.000000
366.605000	979.000000
366.610000	878.000000
366.615000	1236.000000
366.620000	940.000000
366.625000	1127.000000
366.630000	1071.000000
366.635000	1337.000000
366.640000	1460.000000
366.645000	1418.000000
366.650000	1266.000000
366.655000	1469.000000
366.660000	1473.000000
366.665000	1512.000000
366.670000	1621.000000
366.675000	1830.000000
366.680000	1824.000000
366.685000	1752.000000
366.690000	1794.000000
366.695000	1598.000000
366.700000	1789.000000
366.705000	1731.000000
366.710000	1662.000000
366.715000	1506.000000
366.720000	1807.000000
366.725000	1797.000000
366.730000	1782.000000
366.735000	1816.000000
366.740000	1612.000000
366.745000	1577.000000
366.750000	1864.000000
366.755000	1916.000000
366.760000	1805.000000
366.765000	1802.000000
366.770000	1666.000000
366.775000	1627.000000
366.780000	2038.000000
366.785000	1712.000000
366.790000	1851.000000
366.795000	2080.000000
366.800000	2056.000000
366.805000	2101.000000
366.810000	2205.000000
366.815000	2040.000000
366.820000	1948.000000
366.825000	2250.000000
366.830000	2072.000000
366.835000	2231.000000
366.840000	2171.000000
366.845000	2380.000000
366.850000	2700.000000
366.855000	3042.000000
366.860000	2934.000000
366.865000	2900.000000
366.870000	3020.000000
366.875000	3066.000000
366.880000	3548.000000
366.885000	3612.000000
366.890000	3940.000000
366.895000	4254.000000
366.900000	3993.000000
366.905000	4652.000000
366.910000	5088.000000
366.915000	5224.000000
366.920000	5314.000000
366.925000	6160.000000
366.930000	5921.000000
366.935000	5513.000000
366.940000	5132.000000
366.945000	5530.000000
366.950000	5437.000000
366.955000	5408.000000
366.960000	5330.000000
366.965000	6030.000000
366.970000	5888.000000
366.975000	5910.000000
366.980000	6593.000000
366.985000	6927.000000
366.990000	6641.000000
366.995000	6873.000000
367.000000	7536.000000
367.005000	8141.000000
367.010000	7372.000000
367.015000	7967.000000
367.020000	8612.000000
367.025000	8912.000000
367.030000	9298.000000
367.035000	9925.000000
367.040000	9305.000000
367.045000	9723.000000
367.050000	10714.000000
367.055000	10335.000000
367.060000	11203.000000
367.065000	11438.000000
367.070000	12034.000000
367.075000	11715.000000
367.080000	12361.000000
367.085000	12967.000000
367.090000	13091.000000
367.095000	12978.000000
367.100000	13449.000000
367.105000	13105.000000
367.110000	14000.000000
367.115000	14277.000000
367.120000	14509.000000
367.125000	14961.000000
367.130000	15643.000000
367.135000	15288.000000
367.140000	15611.000000
367.145000	15730.000000
367.150000	17043.000000
367.155000	17181.000000
367.160000	17561.000000
367.165000	18519.000000
367.170000	18999.000000
367.175000	18880.000000
367.180000	18610.000000
367.185000	18568.000000
367.190000	18825.000000
367.195000	19013.000000
367.200000	19713.000000
367.205000	18792.000000
367.210000	19368.000000
367.215000	19810.000000
367.220000	21125.000000
367.225000	20826.000000
367.230000	20968.000000
367.235000	21721.000000
367.240000	22329.000000
367.245000	23366.000000
367.250000	24288.000000
367.255000	24722.000000
367.260000	26376.000000
367.265000	25795.000000
367.270000	25821.000000
367.275000	25888.000000
367.280000	26059.000000
367.285000	26680.000000
367.290000	25698.000000
367.295000	27222.000000
367.300000	27084.000000
367.305000	27650.000000
367.310000	28026.000000
367.315000	27817.000000
367.320000	29692.000000
367.325000	30364.000000
367.330000	30535.000000
367.335000	30285.000000
367.340000	31274.000000
367.345000	31338.000000
367.350000	32166.000000
367.355000	32614.000000
367.360000	33554.000000
367.365000	34606.000000
367.370000	35945.000000
367.375000	34002.000000
367.380000	35535.000000
367.385000	35957.000000
367.390000	37289.000000
367.395000	37576.000000
367.400000	39335.000000
367.405000	39722.000000
367.410000	41300.000000
367.415000	42207.000000
367.420000	43405.000000
367.425000	43593.000000
367.430000	44054.000000
367.435000	46532.000000
367.440000	47713.000000
367.445000	49024.000000
367.450000	49615.000000
367.455000	51274.000000
367.460000	53329.000000
367.465000	53799.000000
367.470000	54833.000000
367.475000	58009.000000
367.480000	58095.000000
367.485000	59536.000000
367.490000	63409.000000
367.495000	62158.000000
367.500000	65602.000000
367.505000	67052.000000
367.510000	68535.000000
367.515000	71667.000000
367.520000	71148.000000
367.525000	73503.000000
367.530000	76464.000000
367.535000	78990.000000
367.540000	82255.000000
367.545000	85521.000000
367.550000	87247.000000
367.555000	90508.000000
367.560000	93983.000000
367.565000	96460.000000
367.570000	100178.000000
367.575000	100651.000000
367.580000	104898.000000
367.585000	108920.000000
367.590000	110632.000000
367.595000	113642.000000
367.600000	117534.000000
367.605000	122294.000000
367.610000	124946.000000
367.615000	130975.000000
367.620000	131975.000000
367.625000	135390.000000
367.630000	141583.000000
367.635000	144905.000000
367.640000	148832.000000
367.645000	152426.000000
367.650000	155811.000000
367.655000	157037.000000
367.660000	163352.000000
367.665000	166875.000000
367.670000	170376.000000
367.675000	173496.000000
367.680000	178030.000000
367.685000	179763.000000
367.690000	183143.000000
367.695000	187341.000000
367.700000	186002.000000
367.705000	190463.000000
367.710000	191696.000000
367.715000	193758.000000
367.720000	194103.000000
367.725000	196798.000000
367.730000	200262.000000
367.735000	199413.000000
367.740000	202421.000000
367.745000	204754.000000
367.750000	203599.000000
367.755000	204202.000000
367.760000	206251.000000
367.765000	205861.000000
367.770000	212050.000000
367.775000	213507.000000
367.780000	217879.000000
367.785000	218158.000000
367.790000	211329.000000
367.795000	205462.000000
367.800000	202897.000000
367.805000	199667.000000
367.810000	199339.000000
367.815000	197525.000000
367.820000	197117.000000
367.825000	192612.000000
367.830000	190910.000000
367.835000	191025.000000
367.840000	189089.000000
367.845000	185330.000000
367.850000	183327.000000
367.855000	180264.000000
367.860000	178845.000000
367.865000	178104.000000
367.870000	175264.000000
367.875000	172164.000000
367.880000	172554.000000
367.885000	168099.000000
367.890000	165020.000000
367.895000	162742.000000
367.900000	160286.000000
367.905000	156010.000000
367.910000	155958.000000
367.915000	152792.000000
367.920000	151555.000000
367.925000	149720.000000
367.930000	146973.000000
367.935000	146370.000000
367.940000	144849.000000
367.945000	143930.000000
367.950000	143400.000000
367.955000	138225.000000
367.960000	137242.000000
367.965000	132981.000000
367.970000	134619.000000
367.975000	129699.000000
367.980000	130261.000000
367.985000	125823.000000
367.990000	125745.000000
367.995000	124701.000000
368.000000	121287.000000
368.005000	120557.000000
368.010000	117441.000000
368.015000	115893.000000
368.020000	115007.000000
368.025000	112815.000000
368.030000	112030.000000
368.035000	112053.000000
368.040000	107341.000000
368.045000	106665.000000
368.050000	105109.000000
368.055000	102329.000000
368.060000	102593.000000
368.065000	100516.000000
368.070000	98930.000000
368.075000	99097.000000
368.080000	97437.000000
368.085000	95313.000000
368.090000	93885.000000
368.095000	91721.000000
368.100000	92786.000000
368.105000	90898.000000
368.110000	91321.000000
368.115000	88528.000000
368.120000	88987.000000
368.125000	88574.000000
368.130000	90029.000000
368.135000	90161.000000
368.140000	88165.000000
368.145000	86514.000000
368.150000	86441.000000
368.155000	87433.000000
368.160000	85661.000000
368.165000	85095.000000
368.170000	83274.000000
368.175000	80668.000000
368.180000	80011.000000
368.185000	79331.000000
368.190000	80333.000000
368.195000	79068.000000
368.200000	79081.000000
368.205000	78027.000000
368.210000	78107.000000
368.215000	76430.000000
368.220000	75418.000000
368.225000	75188.000000
368.230000	73482.000000
368.235000	74663.000000
368.240000	72832.000000
368.245000	73478.000000
368.250000	74012.000000
368.255000	70174.000000
368.260000	71460.000000
368.265000	70526.000000
368.270000	70181.000000
368.275000	68654.000000
368.280000	70146.000000
368.285000	69151.000000
368.290000	69628.000000
368.295000	69148.000000
368.300000	70215.000000
368.305000	69891.000000
368.310000	69527.000000
368.315000	70342.000000
368.320000	71851.000000
368.325000	72360.000000
368.330000	72449.000000
368.335000	75170.000000
368.340000	75600.000000
368.345000	78922.000000
368.350000	85921.000000
368.355000	87620.000000
368.360000	83946.000000
368.365000	77573.000000
368.370000	73824.000000
368.375000	73956.000000
368.380000	74311.000000
368.385000	74041.000000
368.390000	80537.000000
368.395000	80287.000000
368.400000	79661.000000
368.405000	78552.000000
368.410000	74208.000000
368.415000	74476.000000
368.420000	75152.000000
368.425000	76956.000000
368.430000	74201.000000
368.435000	73521.000000
368.440000	70610.000000
368.445000	71200.000000
368.450000	70610.000000
368.455000	72250.000000
368.460000	73304.000000
368.465000	75956.000000
368.470000	75965.000000
368.475000	76641.000000
368.480000	74414.000000
368.485000	76993.000000
368.490000	74939.000000
368.495000	75615.000000
368.500000	76690.000000
368.505000	78381.000000
368.510000	78805.000000
368.515000	84113.000000
368.520000	85185.000000
368.525000	90254.000000
368.530000	92708.000000
368.535000	98799.000000
368.540000	105711.000000
368.545000	113716.000000
368.550000	120986.000000
368.555000	133546.000000
368.560000	146151.000000
368.565000	154767.000000
368.570000	165337.000000
368.575000	167446.000000
368.580000	166628.000000
368.585000	159995.000000
368.590000	147129.000000
368.595000	134344.000000
368.600000	121985.000000
368.605000	108464.000000
368.610000	99929.000000
368.615000	97178.000000
368.620000	95372.000000
368.625000	92908.000000
368.630000	88835.000000
368.635000	77815.000000
368.640000	69289.000000
368.645000	63929.000000
368.650000	60177.000000
368.655000	57437.000000
368.660000	53431.000000
368.665000	53220.000000
368.670000	52175.000000
368.675000	51139.000000
368.680000	49667.000000
368.685000	48361.000000
368.690000	48418.000000
368.695000	47483.000000
368.700000	46741.000000
368.705000	45929.000000
368.710000	46092.000000
368.715000	46373.000000
368.720000	44137.000000
368.725000	44127.000000
368.730000	42793.000000
368.735000	42707.000000
368.740000	42872.000000
368.745000	41425.000000
368.750000	42902.000000
368.755000	41299.000000
368.760000	39338.000000
368.765000	40320.000000
368.770000	39777.000000
368.775000	37918.000000
368.780000	38756.000000
368.785000	38611.000000
368.790000	38291.000000
368.795000	36704.000000
368.800000	37825.000000
368.805000	35900.000000
368.810000	35753.000000
368.815000	36690.000000
368.820000	36713.000000
368.825000	36254.000000
368.830000	35184.000000
368.835000	36695.000000
368.840000	35901.000000
368.845000	36133.000000
368.850000	35790.000000
368.855000	37211.000000
368.860000	36712.000000
368.865000	37301.000000
368.870000	37616.000000
368.875000	38992.000000
368.880000	39398.000000
368.885000	41257.000000
368.890000	41828.000000
368.895000	44808.000000
368.900000	47520.000000
368.905000	54583.000000
368.910000	65200.000000
368.915000	70696.000000
368.920000	83914.000000
368.925000	99246.000000
368.930000	116716.000000
368.935000	124286.000000
368.940000	139032.000000
368.945000	155669.000000
368.950000	188858.000000
368.955000	257575.000000
368.960000	290622.000000
368.965000	208657.000000
368.970000	135631.000000
368.975000	95750.000000
368.980000	72551.000000
368.985000	58386.000000
368.990000	48687.000000
368.995000	44041.000000
369.000000	40035.000000
369.005000	38245.000000
369.010000	35846.000000
369.015000	33634.000000
369.020000	31874.000000
369.025000	32875.000000
369.030000	31062.000000
369.035000	29865.000000
369.040000	30215.000000
369.045000	28527.000000
369.050000	28644.000000
369.055000	28333.000000
369.060000	27035.000000
369.065000	25550.000000
369.070000	25751.000000
369.075000	25123.000000
369.080000	24908.000000
369.085000	24929.000000
369.090000	24349.000000
369.095000	23779.000000
369.100000	22742.000000
369.105000	23912.000000
369.110000	22626.000000
369.115000	21936.000000
369.120000	22226.000000
369.125000	21669.000000
369.130000	20695.000000
369.135000	21292.000000
369.140000	21826.000000
369.145000	19857.000000
369.150000	21021.000000
369.155000	21515.000000
369.160000	21371.000000
369.165000	20211.000000
369.170000	20417.000000
369.175000	20238.000000
369.180000	19162.000000
369.185000	19461.000000
369.190000	19057.000000
369.195000	19162.000000
369.200000	18902.000000
369.205000	18413.000000
369.210000	18138.000000
369.215000	18555.000000
369.220000	17832.000000
369.225000	19093.000000
369.230000	18104.000000
369.235000	17983.000000
369.240000	17431.000000
369.245000	18214.000000
369.250000	17323.000000
369.255000	17023.000000
369.260000	17695.000000
369.265000	16845.000000
369.270000	16741.000000
369.275000	16345.000000
369.280000	16281.000000
369.285000	17322.000000
369.290000	15931.000000
369.295000	16460.000000
369.300000	16415.000000
369.305000	16281.000000
369.310000	15727.000000
369.315000	15694.000000
369.320000	15706.000000
369.325000	15462.000000
369.330000	15548.000000
369.335000	15927.000000
369.340000	15351.000000
369.345000	15804.000000
369.350000	15966.000000
369.355000	15486.000000
369.360000	14795.000000
369.365000	14887.000000
369.370000	15510.000000
369.375000	15015.000000
369.380000	14315.000000
369.385000	14954.000000
369.390000	14324.000000
369.395000	13868.000000
369.400000	14078.000000
369.405000	13568.000000
369.410000	13685.000000
369.415000	13704.000000
369.420000	13941.000000
369.425000	13485.000000
369.430000	13938.000000
369.435000	14022.000000
369.440000	12873.000000
369.445000	13679.000000
369.450000	13032.000000
369.455000	13490.000000
369.460000	13590.000000
369.465000	13232.000000
369.470000	12854.000000
369.475000	13302.000000
369.480000	12665.000000
369.485000	12551.000000
369.490000	12492.000000
369.495000	12330.000000
369.500000	13495.000000
369.505000	12188.000000
369.510000	11751.000000
369.515000	12375.000000
369.520000	12074.000000
369.525000	12056.000000
369.530000	12781.000000
369.535000	11710.000000
369.540000	11816.000000
369.545000	11948.000000
369.550000	11768.000000
369.555000	11672.000000
369.560000	11909.000000
369.565000	11395.000000
369.570000	11036.000000
369.575000	11324.000000
369.580000	11367.000000
369.585000	11250.000000
369.590000	11484.000000
369.595000	11505.000000
369.600000	11268.000000
369.605000	11202.000000
369.610000	10961.000000
369.615000	10873.000000
369.620000	11196.000000
369.625000	10845.000000
369.630000	10324.000000
369.635000	10656.000000
369.640000	10905.000000
369.645000	10111.000000
369.650000	10648.000000
369.655000	10259.000000
369.660000	10491.000000
369.665000	10659.000000
369.670000	10015.000000
369.675000	10842.000000
369.680000	10426.000000
369.685000	9856.000000
369.690000	10059.000000
369.695000	10044.000000
369.700000	9975.000000
369.705000	9616.000000
369.710000	9500.000000
369.715000	9557.000000
369.720000	9455.000000
369.725000	9609.000000
369.730000	9938.000000
369.735000	9744.000000
369.740000	9937.000000
369.745000	9495.000000
369.750000	9323.000000
369.755000	9583.000000
369.760000	9425.000000
369.765000	9289.000000
369.770000	9299.000000
369.775000	9528.000000
369.780000	9437.000000
369.785000	8750.000000
369.790000	9175.000000
369.795000	8881.000000
369.800000	9475.000000
369.805000	8599.000000
369.810000	9469.000000
369.815000	8959.000000
369.820000	9062.000000
369.825000	8823.000000
369.830000	8742.000000
369.835000	9136.000000
369.840000	9291.000000
369.845000	9042.000000
369.850000	8648.000000
369.855000	9213.000000
369.860000	8461.000000
369.865000	8065.000000
369.870000	8845.000000
369.875000	8929.000000
369.880000	8314.000000
369.885000	8840.000000
369.890000	8240.000000
369.895000	8755.000000
369.900000	8123.000000
369.905000	8802.000000
369.910000	8340.000000
369.915000	8354.000000
369.920000	8375.000000
369.925000	8451.000000
369.930000	8793.000000
369.935000	8469.000000
369.940000	8331.000000
369.945000	7987.000000
369.950000	8462.000000
369.955000	8152.000000
369.960000	8476.000000
369.965000	8073.000000
369.970000	8166.000000
369.975000	8363.000000
369.980000	7896.000000
369.985000	8062.000000
369.990000	8040.000000
369.995000	7771.000000
370.000000	8334.000000
