Sample ID:		H1088 Mg coat 20um slit 20mW power
Start Time:		Thu Jul 09 2020 8:05:40 PM
Averaging Time:		1.000s

360.000000	41.000000
360.005000	41.000000
360.010000	40.000000
360.015000	5.000000
360.020000	24.000000
360.025000	10.000000
360.030000	24.000000
360.035000	14.000000
360.040000	10.000000
360.045000	15.000000
360.050000	68.000000
360.055000	17.000000
360.060000	18.000000
360.065000	11.000000
360.070000	16.000000
360.075000	4.000000
360.080000	7.000000
360.085000	31.000000
360.090000	11.000000
360.095000	53.000000
360.100000	28.000000
360.105000	36.000000
360.110000	16.000000
360.115000	5.000000
360.120000	11.000000
360.125000	5.000000
360.130000	9.000000
360.135000	12.000000
360.140000	3.000000
360.145000	5.000000
360.150000	15.000000
360.155000	5.000000
360.160000	11.000000
360.165000	10.000000
360.170000	0.000000
360.175000	6.000000
360.180000	4.000000
360.185000	39.000000
360.190000	8.000000
360.195000	15.000000
360.200000	11.000000
360.205000	22.000000
360.210000	3.000000
360.215000	8.000000
360.220000	0.000000
360.225000	4.000000
360.230000	28.000000
360.235000	27.000000
360.240000	4.000000
360.245000	2.000000
360.250000	33.000000
360.255000	11.000000
360.260000	31.000000
360.265000	6.000000
360.270000	12.000000
360.275000	17.000000
360.280000	15.000000
360.285000	11.000000
360.290000	12.000000
360.295000	35.000000
360.300000	9.000000
360.305000	4.000000
360.310000	9.000000
360.315000	6.000000
360.320000	10.000000
360.325000	3.000000
360.330000	36.000000
360.335000	22.000000
360.340000	18.000000
360.345000	13.000000
360.350000	10.000000
360.355000	1.000000
360.360000	18.000000
360.365000	3.000000
360.370000	48.000000
360.375000	12.000000
360.380000	36.000000
360.385000	43.000000
360.390000	9.000000
360.395000	14.000000
360.400000	1.000000
360.405000	17.000000
360.410000	15.000000
360.415000	9.000000
360.420000	22.000000
360.425000	26.000000
360.430000	38.000000
360.435000	21.000000
360.440000	19.000000
360.445000	8.000000
360.450000	1.000000
360.455000	43.000000
360.460000	4.000000
360.465000	1.000000
360.470000	14.000000
360.475000	2.000000
360.480000	0.000000
360.485000	8.000000
360.490000	5.000000
360.495000	4.000000
360.500000	3.000000
360.505000	12.000000
360.510000	13.000000
360.515000	36.000000
360.520000	1.000000
360.525000	7.000000
360.530000	27.000000
360.535000	15.000000
360.540000	4.000000
360.545000	6.000000
360.550000	25.000000
360.555000	2.000000
360.560000	26.000000
360.565000	43.000000
360.570000	3.000000
360.575000	64.000000
360.580000	16.000000
360.585000	16.000000
360.590000	16.000000
360.595000	20.000000
360.600000	12.000000
360.605000	11.000000
360.610000	28.000000
360.615000	12.000000
360.620000	27.000000
360.625000	59.000000
360.630000	11.000000
360.635000	16.000000
360.640000	9.000000
360.645000	5.000000
360.650000	14.000000
360.655000	22.000000
360.660000	2.000000
360.665000	16.000000
360.670000	20.000000
360.675000	15.000000
360.680000	16.000000
360.685000	19.000000
360.690000	17.000000
360.695000	17.000000
360.700000	10.000000
360.705000	1.000000
360.710000	11.000000
360.715000	9.000000
360.720000	7.000000
360.725000	18.000000
360.730000	21.000000
360.735000	3.000000
360.740000	59.000000
360.745000	23.000000
360.750000	4.000000
360.755000	40.000000
360.760000	3.000000
360.765000	19.000000
360.770000	20.000000
360.775000	8.000000
360.780000	8.000000
360.785000	20.000000
360.790000	55.000000
360.795000	12.000000
360.800000	48.000000
360.805000	21.000000
360.810000	10.000000
360.815000	4.000000
360.820000	51.000000
360.825000	7.000000
360.830000	34.000000
360.835000	23.000000
360.840000	3.000000
360.845000	22.000000
360.850000	30.000000
360.855000	29.000000
360.860000	4.000000
360.865000	3.000000
360.870000	78.000000
360.875000	10.000000
360.880000	29.000000
360.885000	24.000000
360.890000	4.000000
360.895000	30.000000
360.900000	11.000000
360.905000	2.000000
360.910000	3.000000
360.915000	15.000000
360.920000	18.000000
360.925000	22.000000
360.930000	12.000000
360.935000	27.000000
360.940000	31.000000
360.945000	26.000000
360.950000	41.000000
360.955000	29.000000
360.960000	44.000000
360.965000	32.000000
360.970000	24.000000
360.975000	66.000000
360.980000	7.000000
360.985000	22.000000
360.990000	5.000000
360.995000	25.000000
361.000000	35.000000
361.005000	17.000000
361.010000	30.000000
361.015000	31.000000
361.020000	11.000000
361.025000	25.000000
361.030000	7.000000
361.035000	22.000000
361.040000	2.000000
361.045000	5.000000
361.050000	31.000000
361.055000	15.000000
361.060000	19.000000
361.065000	27.000000
361.070000	23.000000
361.075000	16.000000
361.080000	36.000000
361.085000	4.000000
361.090000	25.000000
361.095000	6.000000
361.100000	23.000000
361.105000	11.000000
361.110000	46.000000
361.115000	1.000000
361.120000	8.000000
361.125000	28.000000
361.130000	49.000000
361.135000	21.000000
361.140000	6.000000
361.145000	46.000000
361.150000	20.000000
361.155000	25.000000
361.160000	3.000000
361.165000	14.000000
361.170000	36.000000
361.175000	56.000000
361.180000	72.000000
361.185000	12.000000
361.190000	4.000000
361.195000	32.000000
361.200000	23.000000
361.205000	18.000000
361.210000	29.000000
361.215000	16.000000
361.220000	29.000000
361.225000	23.000000
361.230000	34.000000
361.235000	27.000000
361.240000	15.000000
361.245000	8.000000
361.250000	16.000000
361.255000	50.000000
361.260000	21.000000
361.265000	57.000000
361.270000	10.000000
361.275000	12.000000
361.280000	51.000000
361.285000	24.000000
361.290000	32.000000
361.295000	42.000000
361.300000	12.000000
361.305000	37.000000
361.310000	29.000000
361.315000	93.000000
361.320000	14.000000
361.325000	38.000000
361.330000	11.000000
361.335000	32.000000
361.340000	60.000000
361.345000	27.000000
361.350000	40.000000
361.355000	24.000000
361.360000	27.000000
361.365000	30.000000
361.370000	63.000000
361.375000	42.000000
361.380000	24.000000
361.385000	36.000000
361.390000	11.000000
361.395000	50.000000
361.400000	19.000000
361.405000	30.000000
361.410000	12.000000
361.415000	27.000000
361.420000	32.000000
361.425000	13.000000
361.430000	25.000000
361.435000	36.000000
361.440000	36.000000
361.445000	56.000000
361.450000	32.000000
361.455000	71.000000
361.460000	14.000000
361.465000	23.000000
361.470000	17.000000
361.475000	40.000000
361.480000	15.000000
361.485000	33.000000
361.490000	28.000000
361.495000	43.000000
361.500000	63.000000
361.505000	20.000000
361.510000	14.000000
361.515000	45.000000
361.520000	21.000000
361.525000	32.000000
361.530000	26.000000
361.535000	38.000000
361.540000	85.000000
361.545000	76.000000
361.550000	19.000000
361.555000	41.000000
361.560000	12.000000
361.565000	67.000000
361.570000	57.000000
361.575000	10.000000
361.580000	59.000000
361.585000	84.000000
361.590000	21.000000
361.595000	14.000000
361.600000	58.000000
361.605000	16.000000
361.610000	60.000000
361.615000	15.000000
361.620000	39.000000
361.625000	37.000000
361.630000	27.000000
361.635000	43.000000
361.640000	70.000000
361.645000	55.000000
361.650000	117.000000
361.655000	73.000000
361.660000	83.000000
361.665000	41.000000
361.670000	45.000000
361.675000	51.000000
361.680000	131.000000
361.685000	68.000000
361.690000	57.000000
361.695000	59.000000
361.700000	51.000000
361.705000	59.000000
361.710000	72.000000
361.715000	33.000000
361.720000	28.000000
361.725000	23.000000
361.730000	21.000000
361.735000	73.000000
361.740000	48.000000
361.745000	77.000000
361.750000	33.000000
361.755000	124.000000
361.760000	77.000000
361.765000	70.000000
361.770000	35.000000
361.775000	43.000000
361.780000	78.000000
361.785000	77.000000
361.790000	29.000000
361.795000	111.000000
361.800000	84.000000
361.805000	59.000000
361.810000	129.000000
361.815000	89.000000
361.820000	74.000000
361.825000	68.000000
361.830000	99.000000
361.835000	122.000000
361.840000	38.000000
361.845000	81.000000
361.850000	64.000000
361.855000	155.000000
361.860000	99.000000
361.865000	72.000000
361.870000	83.000000
361.875000	79.000000
361.880000	95.000000
361.885000	117.000000
361.890000	62.000000
361.895000	71.000000
361.900000	79.000000
361.905000	93.000000
361.910000	135.000000
361.915000	103.000000
361.920000	71.000000
361.925000	105.000000
361.930000	96.000000
361.935000	50.000000
361.940000	126.000000
361.945000	80.000000
361.950000	58.000000
361.955000	98.000000
361.960000	73.000000
361.965000	128.000000
361.970000	74.000000
361.975000	62.000000
361.980000	86.000000
361.985000	47.000000
361.990000	33.000000
361.995000	63.000000
362.000000	104.000000
362.005000	100.000000
362.010000	79.000000
362.015000	105.000000
362.020000	103.000000
362.025000	65.000000
362.030000	53.000000
362.035000	43.000000
362.040000	148.000000
362.045000	118.000000
362.050000	85.000000
362.055000	79.000000
362.060000	73.000000
362.065000	102.000000
362.070000	154.000000
362.075000	145.000000
362.080000	138.000000
362.085000	110.000000
362.090000	77.000000
362.095000	126.000000
362.100000	94.000000
362.105000	48.000000
362.110000	110.000000
362.115000	97.000000
362.120000	105.000000
362.125000	60.000000
362.130000	129.000000
362.135000	88.000000
362.140000	122.000000
362.145000	74.000000
362.150000	122.000000
362.155000	111.000000
362.160000	149.000000
362.165000	213.000000
362.170000	72.000000
362.175000	94.000000
362.180000	193.000000
362.185000	51.000000
362.190000	78.000000
362.195000	76.000000
362.200000	65.000000
362.205000	146.000000
362.210000	126.000000
362.215000	137.000000
362.220000	131.000000
362.225000	164.000000
362.230000	107.000000
362.235000	141.000000
362.240000	193.000000
362.245000	84.000000
362.250000	84.000000
362.255000	153.000000
362.260000	136.000000
362.265000	169.000000
362.270000	163.000000
362.275000	76.000000
362.280000	86.000000
362.285000	104.000000
362.290000	164.000000
362.295000	156.000000
362.300000	199.000000
362.305000	155.000000
362.310000	226.000000
362.315000	203.000000
362.320000	195.000000
362.325000	191.000000
362.330000	75.000000
362.335000	144.000000
362.340000	213.000000
362.345000	103.000000
362.350000	117.000000
362.355000	238.000000
362.360000	245.000000
362.365000	181.000000
362.370000	153.000000
362.375000	156.000000
362.380000	163.000000
362.385000	143.000000
362.390000	174.000000
362.395000	144.000000
362.400000	220.000000
362.405000	202.000000
362.410000	142.000000
362.415000	144.000000
362.420000	183.000000
362.425000	103.000000
362.430000	222.000000
362.435000	194.000000
362.440000	196.000000
362.445000	153.000000
362.450000	263.000000
362.455000	131.000000
362.460000	154.000000
362.465000	214.000000
362.470000	243.000000
362.475000	162.000000
362.480000	271.000000
362.485000	113.000000
362.490000	250.000000
362.495000	231.000000
362.500000	352.000000
362.505000	237.000000
362.510000	216.000000
362.515000	264.000000
362.520000	214.000000
362.525000	243.000000
362.530000	299.000000
362.535000	194.000000
362.540000	328.000000
362.545000	270.000000
362.550000	234.000000
362.555000	211.000000
362.560000	292.000000
362.565000	257.000000
362.570000	253.000000
362.575000	254.000000
362.580000	315.000000
362.585000	300.000000
362.590000	207.000000
362.595000	237.000000
362.600000	229.000000
362.605000	256.000000
362.610000	267.000000
362.615000	266.000000
362.620000	352.000000
362.625000	171.000000
362.630000	261.000000
362.635000	265.000000
362.640000	215.000000
362.645000	343.000000
362.650000	245.000000
362.655000	158.000000
362.660000	282.000000
362.665000	265.000000
362.670000	279.000000
362.675000	287.000000
362.680000	352.000000
362.685000	342.000000
362.690000	405.000000
362.695000	222.000000
362.700000	281.000000
362.705000	252.000000
362.710000	352.000000
362.715000	430.000000
362.720000	387.000000
362.725000	290.000000
362.730000	407.000000
362.735000	362.000000
362.740000	386.000000
362.745000	443.000000
362.750000	345.000000
362.755000	316.000000
362.760000	396.000000
362.765000	406.000000
362.770000	371.000000
362.775000	287.000000
362.780000	365.000000
362.785000	422.000000
362.790000	386.000000
362.795000	302.000000
362.800000	350.000000
362.805000	392.000000
362.810000	413.000000
362.815000	465.000000
362.820000	286.000000
362.825000	383.000000
362.830000	506.000000
362.835000	368.000000
362.840000	428.000000
362.845000	383.000000
362.850000	398.000000
362.855000	467.000000
362.860000	428.000000
362.865000	452.000000
362.870000	352.000000
362.875000	472.000000
362.880000	380.000000
362.885000	451.000000
362.890000	458.000000
362.895000	475.000000
362.900000	471.000000
362.905000	494.000000
362.910000	401.000000
362.915000	560.000000
362.920000	338.000000
362.925000	433.000000
362.930000	534.000000
362.935000	498.000000
362.940000	430.000000
362.945000	584.000000
362.950000	550.000000
362.955000	636.000000
362.960000	623.000000
362.965000	511.000000
362.970000	504.000000
362.975000	635.000000
362.980000	554.000000
362.985000	557.000000
362.990000	583.000000
362.995000	552.000000
363.000000	584.000000
363.005000	552.000000
363.010000	480.000000
363.015000	703.000000
363.020000	594.000000
363.025000	611.000000
363.030000	516.000000
363.035000	459.000000
363.040000	541.000000
363.045000	669.000000
363.050000	648.000000
363.055000	617.000000
363.060000	529.000000
363.065000	551.000000
363.070000	669.000000
363.075000	731.000000
363.080000	824.000000
363.085000	691.000000
363.090000	650.000000
363.095000	908.000000
363.100000	851.000000
363.105000	564.000000
363.110000	778.000000
363.115000	613.000000
363.120000	823.000000
363.125000	747.000000
363.130000	878.000000
363.135000	750.000000
363.140000	665.000000
363.145000	781.000000
363.150000	704.000000
363.155000	784.000000
363.160000	847.000000
363.165000	993.000000
363.170000	776.000000
363.175000	927.000000
363.180000	761.000000
363.185000	813.000000
363.190000	885.000000
363.195000	910.000000
363.200000	861.000000
363.205000	1000.000000
363.210000	852.000000
363.215000	768.000000
363.220000	1098.000000
363.225000	846.000000
363.230000	1018.000000
363.235000	1195.000000
363.240000	1018.000000
363.245000	818.000000
363.250000	1133.000000
363.255000	1012.000000
363.260000	930.000000
363.265000	1200.000000
363.270000	1175.000000
363.275000	1024.000000
363.280000	1054.000000
363.285000	1310.000000
363.290000	1179.000000
363.295000	1280.000000
363.300000	1118.000000
363.305000	1261.000000
363.310000	1142.000000
363.315000	1251.000000
363.320000	1262.000000
363.325000	1143.000000
363.330000	1178.000000
363.335000	1432.000000
363.340000	1179.000000
363.345000	1241.000000
363.350000	1101.000000
363.355000	1121.000000
363.360000	1251.000000
363.365000	1529.000000
363.370000	1324.000000
363.375000	1519.000000
363.380000	1445.000000
363.385000	1456.000000
363.390000	1635.000000
363.395000	1589.000000
363.400000	1542.000000
363.405000	1387.000000
363.410000	1635.000000
363.415000	1831.000000
363.420000	1690.000000
363.425000	1388.000000
363.430000	1513.000000
363.435000	1807.000000
363.440000	1837.000000
363.445000	1450.000000
363.450000	1711.000000
363.455000	1872.000000
363.460000	1724.000000
363.465000	1802.000000
363.470000	1697.000000
363.475000	1862.000000
363.480000	2244.000000
363.485000	1831.000000
363.490000	1990.000000
363.495000	1999.000000
363.500000	1821.000000
363.505000	2193.000000
363.510000	2071.000000
363.515000	2234.000000
363.520000	2066.000000
363.525000	2227.000000
363.530000	2147.000000
363.535000	2118.000000
363.540000	2112.000000
363.545000	2127.000000
363.550000	2105.000000
363.555000	2331.000000
363.560000	2085.000000
363.565000	2363.000000
363.570000	2164.000000
363.575000	2438.000000
363.580000	1975.000000
363.585000	2583.000000
363.590000	2628.000000
363.595000	2706.000000
363.600000	2651.000000
363.605000	2488.000000
363.610000	2421.000000
363.615000	2448.000000
363.620000	2482.000000
363.625000	2512.000000
363.630000	2513.000000
363.635000	2754.000000
363.640000	2820.000000
363.645000	2825.000000
363.650000	2854.000000
363.655000	3140.000000
363.660000	3459.000000
363.665000	3244.000000
363.670000	3050.000000
363.675000	2979.000000
363.680000	3185.000000
363.685000	3052.000000
363.690000	3085.000000
363.695000	3318.000000
363.700000	3047.000000
363.705000	3149.000000
363.710000	3293.000000
363.715000	3053.000000
363.720000	3484.000000
363.725000	3249.000000
363.730000	3522.000000
363.735000	3470.000000
363.740000	3512.000000
363.745000	3972.000000
363.750000	3867.000000
363.755000	3933.000000
363.760000	3950.000000
363.765000	4151.000000
363.770000	3918.000000
363.775000	4274.000000
363.780000	3919.000000
363.785000	4601.000000
363.790000	4426.000000
363.795000	4118.000000
363.800000	4384.000000
363.805000	4371.000000
363.810000	4140.000000
363.815000	4908.000000
363.820000	4691.000000
363.825000	4339.000000
363.830000	4416.000000
363.835000	4587.000000
363.840000	4871.000000
363.845000	4682.000000
363.850000	4875.000000
363.855000	4632.000000
363.860000	5185.000000
363.865000	4982.000000
363.870000	4906.000000
363.875000	4970.000000
363.880000	5102.000000
363.885000	4868.000000
363.890000	5364.000000
363.895000	5082.000000
363.900000	5649.000000
363.905000	5541.000000
363.910000	5739.000000
363.915000	5768.000000
363.920000	5830.000000
363.925000	6484.000000
363.930000	5629.000000
363.935000	6196.000000
363.940000	5930.000000
363.945000	6383.000000
363.950000	6352.000000
363.955000	6330.000000
363.960000	6430.000000
363.965000	6704.000000
363.970000	6861.000000
363.975000	6686.000000
363.980000	6547.000000
363.985000	6647.000000
363.990000	7154.000000
363.995000	6965.000000
364.000000	7186.000000
364.005000	6773.000000
364.010000	7227.000000
364.015000	7201.000000
364.020000	7737.000000
364.025000	7198.000000
364.030000	8001.000000
364.035000	7477.000000
364.040000	7532.000000
364.045000	7955.000000
364.050000	8120.000000
364.055000	7966.000000
364.060000	7768.000000
364.065000	7960.000000
364.070000	7829.000000
364.075000	8162.000000
364.080000	8657.000000
364.085000	8770.000000
364.090000	8241.000000
364.095000	8784.000000
364.100000	7871.000000
364.105000	8863.000000
364.110000	9028.000000
364.115000	9067.000000
364.120000	8359.000000
364.125000	8687.000000
364.130000	9249.000000
364.135000	9626.000000
364.140000	9375.000000
364.145000	9368.000000
364.150000	9604.000000
364.155000	9409.000000
364.160000	10125.000000
364.165000	9759.000000
364.170000	9736.000000
364.175000	9957.000000
364.180000	10514.000000
364.185000	10047.000000
364.190000	10222.000000
364.195000	9747.000000
364.200000	10051.000000
364.205000	10707.000000
364.210000	10663.000000
364.215000	10427.000000
364.220000	11043.000000
364.225000	10550.000000
364.230000	10855.000000
364.235000	10194.000000
364.240000	11186.000000
364.245000	11669.000000
364.250000	11235.000000
364.255000	11077.000000
364.260000	11221.000000
364.265000	11255.000000
364.270000	10910.000000
364.275000	11382.000000
364.280000	11202.000000
364.285000	12244.000000
364.290000	11515.000000
364.295000	11533.000000
364.300000	11313.000000
364.305000	12407.000000
364.310000	11955.000000
364.315000	11921.000000
364.320000	12145.000000
364.325000	12013.000000
364.330000	12433.000000
364.335000	12628.000000
364.340000	12157.000000
364.345000	12453.000000
364.350000	12364.000000
364.355000	12425.000000
364.360000	12522.000000
364.365000	11800.000000
364.370000	12887.000000
364.375000	12438.000000
364.380000	13085.000000
364.385000	12388.000000
364.390000	13055.000000
364.395000	12878.000000
364.400000	13381.000000
364.405000	13149.000000
364.410000	12783.000000
364.415000	13069.000000
364.420000	13196.000000
364.425000	13172.000000
364.430000	12990.000000
364.435000	13173.000000
364.440000	13411.000000
364.445000	13284.000000
364.450000	13369.000000
364.455000	13248.000000
364.460000	13854.000000
364.465000	13758.000000
364.470000	13860.000000
364.475000	13504.000000
364.480000	13457.000000
364.485000	13706.000000
364.490000	13326.000000
364.495000	13519.000000
364.500000	13806.000000
364.505000	13182.000000
364.510000	13493.000000
364.515000	13358.000000
364.520000	13555.000000
364.525000	14302.000000
364.530000	14332.000000
364.535000	14063.000000
364.540000	13431.000000
364.545000	13809.000000
364.550000	13557.000000
364.555000	14202.000000
364.560000	13762.000000
364.565000	14079.000000
364.570000	14143.000000
364.575000	14896.000000
364.580000	13918.000000
364.585000	14034.000000
364.590000	14563.000000
364.595000	13502.000000
364.600000	13717.000000
364.605000	13769.000000
364.610000	14007.000000
364.615000	13094.000000
364.620000	14105.000000
364.625000	13945.000000
364.630000	12802.000000
364.635000	13900.000000
364.640000	13905.000000
364.645000	13792.000000
364.650000	13708.000000
364.655000	13001.000000
364.660000	14658.000000
364.665000	13785.000000
364.670000	13679.000000
364.675000	12872.000000
364.680000	13711.000000
364.685000	13530.000000
364.690000	12734.000000
364.695000	12649.000000
364.700000	13241.000000
364.705000	13775.000000
364.710000	13202.000000
364.715000	13627.000000
364.720000	12561.000000
364.725000	12994.000000
364.730000	13280.000000
364.735000	13113.000000
364.740000	13196.000000
364.745000	12898.000000
364.750000	13221.000000
364.755000	12852.000000
364.760000	13339.000000
364.765000	12637.000000
364.770000	12106.000000
364.775000	12576.000000
364.780000	12630.000000
364.785000	12991.000000
364.790000	12953.000000
364.795000	12797.000000
364.800000	12452.000000
364.805000	12730.000000
364.810000	11515.000000
364.815000	12199.000000
364.820000	12748.000000
364.825000	11536.000000
364.830000	11525.000000
364.835000	11703.000000
364.840000	10959.000000
364.845000	11841.000000
364.850000	11963.000000
364.855000	12564.000000
364.860000	11181.000000
364.865000	11926.000000
364.870000	11825.000000
364.875000	11429.000000
364.880000	11630.000000
364.885000	11789.000000
364.890000	11330.000000
364.895000	11476.000000
364.900000	11660.000000
364.905000	11261.000000
364.910000	11070.000000
364.915000	11656.000000
364.920000	11030.000000
364.925000	10750.000000
364.930000	10581.000000
364.935000	10672.000000
364.940000	10585.000000
364.945000	10971.000000
364.950000	9891.000000
364.955000	10744.000000
364.960000	9939.000000
364.965000	9947.000000
364.970000	10086.000000
364.975000	10567.000000
364.980000	10483.000000
364.985000	9444.000000
364.990000	9755.000000
364.995000	9279.000000
365.000000	9733.000000
365.005000	9720.000000
365.010000	9724.000000
365.015000	9186.000000
365.020000	9458.000000
365.025000	9551.000000
365.030000	9500.000000
365.035000	9001.000000
365.040000	9475.000000
365.045000	9536.000000
365.050000	8604.000000
365.055000	8673.000000
365.060000	8531.000000
365.065000	8682.000000
365.070000	8202.000000
365.075000	8423.000000
365.080000	8288.000000
365.085000	8828.000000
365.090000	8452.000000
365.095000	8023.000000
365.100000	8386.000000
365.105000	7976.000000
365.110000	8006.000000
365.115000	8106.000000
365.120000	8170.000000
365.125000	7925.000000
365.130000	8264.000000
365.135000	7745.000000
365.140000	7487.000000
365.145000	7640.000000
365.150000	7821.000000
365.155000	7791.000000
365.160000	7094.000000
365.165000	7438.000000
365.170000	7327.000000
365.175000	7385.000000
365.180000	7093.000000
365.185000	7119.000000
365.190000	7013.000000
365.195000	7003.000000
365.200000	6959.000000
365.205000	6602.000000
365.210000	6972.000000
365.215000	7365.000000
365.220000	6906.000000
365.225000	6540.000000
365.230000	6587.000000
365.235000	6252.000000
365.240000	6112.000000
365.245000	6286.000000
365.250000	6442.000000
365.255000	6410.000000
365.260000	6213.000000
365.265000	6269.000000
365.270000	5993.000000
365.275000	6249.000000
365.280000	6006.000000
365.285000	6388.000000
365.290000	5600.000000
365.295000	6042.000000
365.300000	5719.000000
365.305000	5959.000000
365.310000	5547.000000
365.315000	5851.000000
365.320000	5218.000000
365.325000	5563.000000
365.330000	5649.000000
365.335000	5340.000000
365.340000	5662.000000
365.345000	5412.000000
365.350000	5506.000000
365.355000	5661.000000
365.360000	4482.000000
365.365000	4711.000000
365.370000	4977.000000
365.375000	4655.000000
365.380000	4632.000000
365.385000	4847.000000
365.390000	4855.000000
365.395000	4883.000000
365.400000	4544.000000
365.405000	4651.000000
365.410000	4492.000000
365.415000	4481.000000
365.420000	4814.000000
365.425000	4330.000000
365.430000	4606.000000
365.435000	4300.000000
365.440000	4360.000000
365.445000	4617.000000
365.450000	4345.000000
365.455000	4027.000000
365.460000	4266.000000
365.465000	4149.000000
365.470000	3880.000000
365.475000	3920.000000
365.480000	4024.000000
365.485000	3957.000000
365.490000	3966.000000
365.495000	3805.000000
365.500000	3942.000000
365.505000	3797.000000
365.510000	3446.000000
365.515000	4148.000000
365.520000	3711.000000
365.525000	3821.000000
365.530000	3473.000000
365.535000	3355.000000
365.540000	3175.000000
365.545000	3201.000000
365.550000	3206.000000
365.555000	3364.000000
365.560000	3336.000000
365.565000	3789.000000
365.570000	3064.000000
365.575000	3589.000000
365.580000	2872.000000
365.585000	3082.000000
365.590000	3179.000000
365.595000	3276.000000
365.600000	3153.000000
365.605000	2885.000000
365.610000	2961.000000
365.615000	2937.000000
365.620000	2999.000000
365.625000	2727.000000
365.630000	2925.000000
365.635000	3054.000000
365.640000	2588.000000
365.645000	2866.000000
365.650000	2689.000000
365.655000	2854.000000
365.660000	2403.000000
365.665000	2354.000000
365.670000	2316.000000
365.675000	2598.000000
365.680000	2496.000000
365.685000	2674.000000
365.690000	2278.000000
365.695000	2287.000000
365.700000	2106.000000
365.705000	2572.000000
365.710000	2192.000000
365.715000	2096.000000
365.720000	2312.000000
365.725000	2154.000000
365.730000	2577.000000
365.735000	2154.000000
365.740000	2490.000000
365.745000	1956.000000
365.750000	2306.000000
365.755000	2250.000000
365.760000	2021.000000
365.765000	2100.000000
365.770000	2033.000000
365.775000	2206.000000
365.780000	2015.000000
365.785000	1986.000000
365.790000	2395.000000
365.795000	1991.000000
365.800000	1904.000000
365.805000	2016.000000
365.810000	1911.000000
365.815000	1824.000000
365.820000	1896.000000
365.825000	1973.000000
365.830000	1771.000000
365.835000	1436.000000
365.840000	1811.000000
365.845000	1763.000000
365.850000	1672.000000
365.855000	1791.000000
365.860000	1806.000000
365.865000	1624.000000
365.870000	1553.000000
365.875000	1794.000000
365.880000	1757.000000
365.885000	1689.000000
365.890000	1642.000000
365.895000	1441.000000
365.900000	1505.000000
365.905000	1404.000000
365.910000	1453.000000
365.915000	1513.000000
365.920000	1399.000000
365.925000	1331.000000
365.930000	1226.000000
365.935000	1389.000000
365.940000	1804.000000
365.945000	1323.000000
365.950000	1281.000000
365.955000	1585.000000
365.960000	1276.000000
365.965000	1336.000000
365.970000	1210.000000
365.975000	1415.000000
365.980000	1202.000000
365.985000	1323.000000
365.990000	1206.000000
365.995000	1306.000000
366.000000	1295.000000
366.005000	1431.000000
366.010000	1147.000000
366.015000	1182.000000
366.020000	1199.000000
366.025000	935.000000
366.030000	1197.000000
366.035000	932.000000
366.040000	1189.000000
366.045000	1116.000000
366.050000	1048.000000
366.055000	1082.000000
366.060000	1216.000000
366.065000	1182.000000
366.070000	1114.000000
366.075000	978.000000
366.080000	1106.000000
366.085000	944.000000
366.090000	1096.000000
366.095000	999.000000
366.100000	1223.000000
366.105000	1073.000000
366.110000	1075.000000
366.115000	1039.000000
366.120000	1077.000000
366.125000	967.000000
366.130000	845.000000
366.135000	965.000000
366.140000	915.000000
366.145000	895.000000
366.150000	927.000000
366.155000	846.000000
366.160000	903.000000
366.165000	798.000000
366.170000	897.000000
366.175000	845.000000
366.180000	928.000000
366.185000	842.000000
366.190000	959.000000
366.195000	787.000000
366.200000	781.000000
366.205000	689.000000
366.210000	757.000000
366.215000	781.000000
366.220000	849.000000
366.225000	1068.000000
366.230000	777.000000
366.235000	888.000000
366.240000	683.000000
366.245000	739.000000
366.250000	725.000000
366.255000	730.000000
366.260000	719.000000
366.265000	713.000000
366.270000	700.000000
366.275000	749.000000
366.280000	805.000000
366.285000	649.000000
366.290000	782.000000
366.295000	742.000000
366.300000	901.000000
366.305000	766.000000
366.310000	695.000000
366.315000	711.000000
366.320000	906.000000
366.325000	732.000000
366.330000	735.000000
366.335000	785.000000
366.340000	642.000000
366.345000	758.000000
366.350000	621.000000
366.355000	821.000000
366.360000	745.000000
366.365000	648.000000
366.370000	678.000000
366.375000	535.000000
366.380000	722.000000
366.385000	801.000000
366.390000	830.000000
366.395000	622.000000
366.400000	678.000000
366.405000	597.000000
366.410000	787.000000
366.415000	662.000000
366.420000	697.000000
366.425000	686.000000
366.430000	659.000000
366.435000	740.000000
366.440000	610.000000
366.445000	669.000000
366.450000	675.000000
366.455000	664.000000
366.460000	684.000000
366.465000	685.000000
366.470000	727.000000
366.475000	795.000000
366.480000	715.000000
366.485000	700.000000
366.490000	609.000000
366.495000	697.000000
366.500000	892.000000
366.505000	591.000000
366.510000	789.000000
366.515000	789.000000
366.520000	888.000000
366.525000	828.000000
366.530000	708.000000
366.535000	781.000000
366.540000	899.000000
366.545000	722.000000
366.550000	756.000000
366.555000	880.000000
366.560000	913.000000
366.565000	1023.000000
366.570000	945.000000
366.575000	1177.000000
366.580000	1033.000000
366.585000	1131.000000
366.590000	1344.000000
366.595000	1147.000000
366.600000	1129.000000
366.605000	1251.000000
366.610000	1268.000000
366.615000	1285.000000
366.620000	1588.000000
366.625000	1466.000000
366.630000	1564.000000
366.635000	1479.000000
366.640000	1719.000000
366.645000	1935.000000
366.650000	1401.000000
366.655000	1750.000000
366.660000	1627.000000
366.665000	1669.000000
366.670000	1866.000000
366.675000	1702.000000
366.680000	1630.000000
366.685000	1589.000000
366.690000	1534.000000
366.695000	1513.000000
366.700000	1470.000000
366.705000	1641.000000
366.710000	1623.000000
366.715000	1686.000000
366.720000	1668.000000
366.725000	1688.000000
366.730000	1532.000000
366.735000	1673.000000
366.740000	1752.000000
366.745000	1692.000000
366.750000	2069.000000
366.755000	1589.000000
366.760000	1702.000000
366.765000	1954.000000
366.770000	1977.000000
366.775000	1956.000000
366.780000	1688.000000
366.785000	1945.000000
366.790000	2179.000000
366.795000	1955.000000
366.800000	2597.000000
366.805000	2365.000000
366.810000	2188.000000
366.815000	2216.000000
366.820000	2367.000000
366.825000	2362.000000
366.830000	2936.000000
366.835000	2820.000000
366.840000	2907.000000
366.845000	3301.000000
366.850000	3734.000000
366.855000	3291.000000
366.860000	3826.000000
366.865000	3902.000000
366.870000	4493.000000
366.875000	4392.000000
366.880000	4514.000000
366.885000	5320.000000
366.890000	5597.000000
366.895000	5774.000000
366.900000	5622.000000
366.905000	4996.000000
366.910000	4731.000000
366.915000	4964.000000
366.920000	5264.000000
366.925000	4868.000000
366.930000	5223.000000
366.935000	5536.000000
366.940000	5467.000000
366.945000	5974.000000
366.950000	6212.000000
366.955000	6655.000000
366.960000	6759.000000
366.965000	7228.000000
366.970000	7033.000000
366.975000	7276.000000
366.980000	7814.000000
366.985000	7860.000000
366.990000	8018.000000
366.995000	8695.000000
367.000000	9008.000000
367.005000	8849.000000
367.010000	8977.000000
367.015000	9529.000000
367.020000	9795.000000
367.025000	10050.000000
367.030000	9921.000000
367.035000	10943.000000
367.040000	11648.000000
367.045000	11437.000000
367.050000	11513.000000
367.055000	11823.000000
367.060000	12187.000000
367.065000	12069.000000
367.070000	13197.000000
367.075000	13268.000000
367.080000	13333.000000
367.085000	13846.000000
367.090000	14286.000000
367.095000	14195.000000
367.100000	14453.000000
367.105000	14995.000000
367.110000	15511.000000
367.115000	16336.000000
367.120000	15630.000000
367.125000	16713.000000
367.130000	17214.000000
367.135000	17223.000000
367.140000	17133.000000
367.145000	17409.000000
367.150000	17136.000000
367.155000	17913.000000
367.160000	17340.000000
367.165000	17980.000000
367.170000	18630.000000
367.175000	19355.000000
367.180000	18757.000000
367.185000	19059.000000
367.190000	20360.000000
367.195000	19532.000000
367.200000	20583.000000
367.205000	21263.000000
367.210000	22482.000000
367.215000	22956.000000
367.220000	24128.000000
367.225000	23793.000000
367.230000	24562.000000
367.235000	24296.000000
367.240000	23906.000000
367.245000	24267.000000
367.250000	25080.000000
367.255000	25286.000000
367.260000	26120.000000
367.265000	25352.000000
367.270000	26907.000000
367.275000	26230.000000
367.280000	27611.000000
367.285000	27357.000000
367.290000	28180.000000
367.295000	29211.000000
367.300000	28951.000000
367.305000	29148.000000
367.310000	29636.000000
367.315000	31433.000000
367.320000	30969.000000
367.325000	32688.000000
367.330000	32121.000000
367.335000	33470.000000
367.340000	34195.000000
367.345000	34680.000000
367.350000	34713.000000
367.355000	36185.000000
367.360000	36384.000000
367.365000	36934.000000
367.370000	38420.000000
367.375000	40200.000000
367.380000	40608.000000
367.385000	41451.000000
367.390000	42952.000000
367.395000	42984.000000
367.400000	44875.000000
367.405000	44911.000000
367.410000	47080.000000
367.415000	47211.000000
367.420000	48885.000000
367.425000	51262.000000
367.430000	51634.000000
367.435000	53064.000000
367.440000	54628.000000
367.445000	55458.000000
367.450000	57646.000000
367.455000	58352.000000
367.460000	61557.000000
367.465000	62178.000000
367.470000	63976.000000
367.475000	67138.000000
367.480000	68473.000000
367.485000	71654.000000
367.490000	74529.000000
367.495000	75892.000000
367.500000	79094.000000
367.505000	80123.000000
367.510000	82205.000000
367.515000	84454.000000
367.520000	86717.000000
367.525000	90530.000000
367.530000	94585.000000
367.535000	99491.000000
367.540000	98905.000000
367.545000	103101.000000
367.550000	107138.000000
367.555000	108323.000000
367.560000	112044.000000
367.565000	116588.000000
367.570000	121702.000000
367.575000	126131.000000
367.580000	128544.000000
367.585000	132589.000000
367.590000	136647.000000
367.595000	139548.000000
367.600000	143067.000000
367.605000	147762.000000
367.610000	152349.000000
367.615000	155211.000000
367.620000	158187.000000
367.625000	164533.000000
367.630000	167472.000000
367.635000	171404.000000
367.640000	173400.000000
367.645000	176669.000000
367.650000	179879.000000
367.655000	184411.000000
367.660000	186908.000000
367.665000	190305.000000
367.670000	193602.000000
367.675000	195601.000000
367.680000	198183.000000
367.685000	197608.000000
367.690000	200011.000000
367.695000	201030.000000
367.700000	200908.000000
367.705000	201093.000000
367.710000	205657.000000
367.715000	209346.000000
367.720000	206922.000000
367.725000	209701.000000
367.730000	209904.000000
367.735000	212788.000000
367.740000	218782.000000
367.745000	220524.000000
367.750000	223971.000000
367.755000	218399.000000
367.760000	214180.000000
367.765000	207335.000000
367.770000	207346.000000
367.775000	203903.000000
367.780000	200717.000000
367.785000	200388.000000
367.790000	200530.000000
367.795000	198074.000000
367.800000	196412.000000
367.805000	194694.000000
367.810000	191650.000000
367.815000	191461.000000
367.820000	189843.000000
367.825000	184791.000000
367.830000	183501.000000
367.835000	180319.000000
367.840000	178376.000000
367.845000	177072.000000
367.850000	172179.000000
367.855000	170568.000000
367.860000	165995.000000
367.865000	167340.000000
367.870000	164859.000000
367.875000	160454.000000
367.880000	160088.000000
367.885000	156792.000000
367.890000	152498.000000
367.895000	150877.000000
367.900000	151721.000000
367.905000	150296.000000
367.910000	145800.000000
367.915000	146328.000000
367.920000	142978.000000
367.925000	140314.000000
367.930000	138511.000000
367.935000	135904.000000
367.940000	137291.000000
367.945000	133694.000000
367.950000	130909.000000
367.955000	126689.000000
367.960000	128282.000000
367.965000	125387.000000
367.970000	124085.000000
367.975000	122226.000000
367.980000	120273.000000
367.985000	117172.000000
367.990000	116880.000000
367.995000	113979.000000
368.000000	112384.000000
368.005000	111877.000000
368.010000	110579.000000
368.015000	107971.000000
368.020000	107648.000000
368.025000	104368.000000
368.030000	104169.000000
368.035000	100248.000000
368.040000	100451.000000
368.045000	98193.000000
368.050000	96394.000000
368.055000	96395.000000
368.060000	94568.000000
368.065000	93504.000000
368.070000	95370.000000
368.075000	92967.000000
368.080000	92726.000000
368.085000	90363.000000
368.090000	90480.000000
368.095000	90181.000000
368.100000	87109.000000
368.105000	88481.000000
368.110000	88213.000000
368.115000	88658.000000
368.120000	88147.000000
368.125000	87140.000000
368.130000	83967.000000
368.135000	84122.000000
368.140000	84270.000000
368.145000	83598.000000
368.150000	81677.000000
368.155000	80800.000000
368.160000	78964.000000
368.165000	78445.000000
368.170000	78336.000000
368.175000	76842.000000
368.180000	77181.000000
368.185000	77606.000000
368.190000	76034.000000
368.195000	75081.000000
368.200000	72540.000000
368.205000	73872.000000
368.210000	74519.000000
368.215000	73200.000000
368.220000	72666.000000
368.225000	72537.000000
368.230000	70782.000000
368.235000	70765.000000
368.240000	69842.000000
368.245000	70943.000000
368.250000	70448.000000
368.255000	71797.000000
368.260000	70247.000000
368.265000	69053.000000
368.270000	69176.000000
368.275000	71053.000000
368.280000	69671.000000
368.285000	71072.000000
368.290000	71718.000000
368.295000	71409.000000
368.300000	72522.000000
368.305000	73412.000000
368.310000	75613.000000
368.315000	79380.000000
368.320000	87030.000000
368.325000	87095.000000
368.330000	81088.000000
368.335000	74631.000000
368.340000	72157.000000
368.345000	73310.000000
368.350000	73794.000000
368.355000	79060.000000
368.360000	79518.000000
368.365000	81272.000000
368.370000	78126.000000
368.375000	75853.000000
368.380000	72888.000000
368.385000	73200.000000
368.390000	77864.000000
368.395000	78088.000000
368.400000	74786.000000
368.405000	71773.000000
368.410000	71168.000000
368.415000	71435.000000
368.420000	71975.000000
368.425000	72468.000000
368.430000	73043.000000
368.435000	77227.000000
368.440000	78371.000000
368.445000	75504.000000
368.450000	74181.000000
368.455000	73432.000000
368.460000	76242.000000
368.465000	76564.000000
368.470000	76685.000000
368.475000	79406.000000
368.480000	80233.000000
368.485000	83550.000000
368.490000	86268.000000
368.495000	92739.000000
368.500000	95648.000000
368.505000	100119.000000
368.510000	109129.000000
368.515000	117789.000000
368.520000	125693.000000
368.525000	139789.000000
368.530000	150114.000000
368.535000	162775.000000
368.540000	166784.000000
368.545000	166378.000000
368.550000	159381.000000
368.555000	148684.000000
368.560000	135886.000000
368.565000	125036.000000
368.570000	111828.000000
368.575000	101236.000000
368.580000	97554.000000
368.585000	95855.000000
368.590000	93784.000000
368.595000	87565.000000
368.600000	79317.000000
368.605000	70987.000000
368.610000	65177.000000
368.615000	61934.000000
368.620000	58411.000000
368.625000	56018.000000
368.630000	53978.000000
368.635000	52653.000000
368.640000	50918.000000
368.645000	51996.000000
368.650000	48975.000000
368.655000	48757.000000
368.660000	46305.000000
368.665000	47228.000000
368.670000	45851.000000
368.675000	47080.000000
368.680000	44625.000000
368.685000	45580.000000
368.690000	43393.000000
368.695000	44566.000000
368.700000	43648.000000
368.705000	41295.000000
368.710000	42817.000000
368.715000	40093.000000
368.720000	41011.000000
368.725000	40129.000000
368.730000	38905.000000
368.735000	39931.000000
368.740000	39265.000000
368.745000	38035.000000
368.750000	37877.000000
368.755000	38117.000000
368.760000	38611.000000
368.765000	37235.000000
368.770000	36999.000000
368.775000	37835.000000
368.780000	36632.000000
368.785000	36633.000000
368.790000	36926.000000
368.795000	35311.000000
368.800000	36877.000000
368.805000	36029.000000
368.810000	36490.000000
368.815000	36093.000000
368.820000	36358.000000
368.825000	35871.000000
368.830000	36190.000000
368.835000	37425.000000
368.840000	38387.000000
368.845000	37285.000000
368.850000	40054.000000
368.855000	42236.000000
368.860000	43803.000000
368.865000	46107.000000
368.870000	52051.000000
368.875000	57703.000000
368.880000	63985.000000
368.885000	76501.000000
368.890000	91554.000000
368.895000	108660.000000
368.900000	117118.000000
368.905000	130154.000000
368.910000	145896.000000
368.915000	182399.000000
368.920000	244073.000000
368.925000	289815.000000
368.930000	221968.000000
368.935000	148377.000000
368.940000	95409.000000
368.945000	72576.000000
368.950000	58088.000000
368.955000	49977.000000
368.960000	45426.000000
368.965000	41604.000000
368.970000	37821.000000
368.975000	34740.000000
368.980000	33271.000000
368.985000	33009.000000
368.990000	31462.000000
368.995000	31108.000000
369.000000	29961.000000
369.005000	29797.000000
369.010000	28711.000000
369.015000	27191.000000
369.020000	26632.000000
369.025000	27903.000000
369.030000	25694.000000
369.035000	25471.000000
369.040000	25820.000000
369.045000	24519.000000
369.050000	24947.000000
369.055000	24047.000000
369.060000	23616.000000
369.065000	23059.000000
369.070000	22666.000000
369.075000	22933.000000
369.080000	23493.000000
369.085000	21945.000000
369.090000	21474.000000
369.095000	21473.000000
369.100000	21333.000000
369.105000	21302.000000
369.110000	21098.000000
369.115000	20803.000000
369.120000	20855.000000
369.125000	20525.000000
369.130000	19775.000000
369.135000	20956.000000
369.140000	20701.000000
369.145000	19679.000000
369.150000	20122.000000
369.155000	19732.000000
369.160000	19997.000000
369.165000	18740.000000
369.170000	18374.000000
369.175000	18457.000000
369.180000	18437.000000
369.185000	19196.000000
369.190000	18207.000000
369.195000	18229.000000
369.200000	19140.000000
369.205000	17273.000000
369.210000	16819.000000
369.215000	17822.000000
369.220000	17137.000000
369.225000	16600.000000
369.230000	16835.000000
369.235000	16770.000000
369.240000	16979.000000
369.245000	17242.000000
369.250000	16777.000000
369.255000	17123.000000
369.260000	16169.000000
369.265000	16577.000000
369.270000	16447.000000
369.275000	15583.000000
369.280000	16258.000000
369.285000	15618.000000
369.290000	16877.000000
369.295000	16950.000000
369.300000	15821.000000
369.305000	15374.000000
369.310000	15510.000000
369.315000	14775.000000
369.320000	15676.000000
369.325000	14865.000000
369.330000	14516.000000
369.335000	14880.000000
369.340000	14781.000000
369.345000	14610.000000
369.350000	14292.000000
369.355000	14748.000000
369.360000	15230.000000
369.365000	14129.000000
369.370000	13897.000000
369.375000	13680.000000
369.380000	13853.000000
369.385000	14284.000000
369.390000	13646.000000
369.395000	13454.000000
369.400000	13679.000000
369.405000	13874.000000
369.410000	13093.000000
369.415000	13470.000000
369.420000	13480.000000
369.425000	12968.000000
369.430000	13288.000000
369.435000	12796.000000
369.440000	12872.000000
369.445000	13046.000000
369.450000	12565.000000
369.455000	13140.000000
369.460000	12822.000000
369.465000	12560.000000
369.470000	12626.000000
369.475000	12476.000000
369.480000	12437.000000
369.485000	12841.000000
369.490000	12552.000000
369.495000	12420.000000
369.500000	11782.000000
369.505000	11575.000000
369.510000	12292.000000
369.515000	11840.000000
369.520000	11693.000000
369.525000	11912.000000
369.530000	11736.000000
369.535000	11383.000000
369.540000	11378.000000
369.545000	11195.000000
369.550000	11003.000000
369.555000	11039.000000
369.560000	10580.000000
369.565000	11155.000000
369.570000	11769.000000
369.575000	11168.000000
369.580000	11263.000000
369.585000	11203.000000
369.590000	11031.000000
369.595000	10297.000000
369.600000	10930.000000
369.605000	10792.000000
369.610000	10890.000000
369.615000	10791.000000
369.620000	10210.000000
369.625000	10709.000000
369.630000	10508.000000
369.635000	10535.000000
369.640000	9979.000000
369.645000	10185.000000
369.650000	9765.000000
369.655000	9657.000000
369.660000	9791.000000
369.665000	9610.000000
369.670000	10244.000000
369.675000	10340.000000
369.680000	9799.000000
369.685000	9907.000000
369.690000	9499.000000
369.695000	10225.000000
369.700000	10100.000000
369.705000	9725.000000
369.710000	9505.000000
369.715000	10285.000000
369.720000	9403.000000
369.725000	9006.000000
369.730000	9538.000000
369.735000	8938.000000
369.740000	9886.000000
369.745000	8917.000000
369.750000	8981.000000
369.755000	9327.000000
369.760000	9663.000000
369.765000	9493.000000
369.770000	9343.000000
369.775000	9124.000000
369.780000	8733.000000
369.785000	9532.000000
369.790000	8971.000000
369.795000	9266.000000
369.800000	9079.000000
369.805000	8595.000000
369.810000	8857.000000
369.815000	9229.000000
369.820000	8434.000000
369.825000	8715.000000
369.830000	8838.000000
369.835000	8977.000000
369.840000	8617.000000
369.845000	8554.000000
369.850000	8558.000000
369.855000	8879.000000
369.860000	8729.000000
369.865000	8479.000000
369.870000	9011.000000
369.875000	8449.000000
369.880000	8746.000000
369.885000	8272.000000
369.890000	7573.000000
369.895000	8415.000000
369.900000	8251.000000
369.905000	8218.000000
369.910000	7989.000000
369.915000	8300.000000
369.920000	7936.000000
369.925000	7600.000000
369.930000	8307.000000
369.935000	8167.000000
369.940000	8700.000000
369.945000	8150.000000
369.950000	8130.000000
369.955000	7751.000000
369.960000	8664.000000
369.965000	8163.000000
369.970000	7636.000000
369.975000	7987.000000
369.980000	7779.000000
369.985000	7719.000000
369.990000	7738.000000
369.995000	7460.000000
370.000000	7332.000000
