Sample ID:		H1088 Mg coated 20um slit 20mW power
Start Time:		Thu Jul 09 2020 3:38:23 PM
Averaging Time:		1.000s

366.500000	198.000000
366.505000	121.000000
366.510000	114.000000
366.515000	115.000000
366.520000	122.000000
366.525000	109.000000
366.530000	103.000000
366.535000	153.000000
366.540000	81.000000
366.545000	133.000000
366.550000	206.000000
366.555000	140.000000
366.560000	170.000000
366.565000	117.000000
366.570000	117.000000
366.575000	154.000000
366.580000	154.000000
366.585000	92.000000
366.590000	158.000000
366.595000	169.000000
366.600000	136.000000
366.605000	209.000000
366.610000	96.000000
366.615000	208.000000
366.620000	108.000000
366.625000	135.000000
366.630000	126.000000
366.635000	113.000000
366.640000	150.000000
366.645000	126.000000
366.650000	143.000000
366.655000	133.000000
366.660000	117.000000
366.665000	103.000000
366.670000	112.000000
366.675000	161.000000
366.680000	63.000000
366.685000	196.000000
366.690000	85.000000
366.695000	165.000000
366.700000	65.000000
366.705000	147.000000
366.710000	162.000000
366.715000	65.000000
366.720000	139.000000
366.725000	137.000000
366.730000	85.000000
366.735000	120.000000
366.740000	187.000000
366.745000	116.000000
366.750000	141.000000
366.755000	86.000000
366.760000	168.000000
366.765000	137.000000
366.770000	107.000000
366.775000	182.000000
366.780000	153.000000
366.785000	72.000000
366.790000	133.000000
366.795000	148.000000
366.800000	94.000000
366.805000	190.000000
366.810000	89.000000
366.815000	112.000000
366.820000	137.000000
366.825000	164.000000
366.830000	147.000000
366.835000	128.000000
366.840000	145.000000
366.845000	116.000000
366.850000	130.000000
366.855000	81.000000
366.860000	160.000000
366.865000	115.000000
366.870000	191.000000
366.875000	176.000000
366.880000	191.000000
366.885000	159.000000
366.890000	216.000000
366.895000	242.000000
366.900000	180.000000
366.905000	276.000000
366.910000	156.000000
366.915000	206.000000
366.920000	230.000000
366.925000	291.000000
366.930000	203.000000
366.935000	303.000000
366.940000	221.000000
366.945000	348.000000
366.950000	458.000000
366.955000	346.000000
366.960000	247.000000
366.965000	261.000000
366.970000	339.000000
366.975000	253.000000
366.980000	261.000000
366.985000	467.000000
366.990000	273.000000
366.995000	468.000000
367.000000	424.000000
367.005000	280.000000
367.010000	358.000000
367.015000	331.000000
367.020000	383.000000
367.025000	398.000000
367.030000	294.000000
367.035000	331.000000
367.040000	390.000000
367.045000	359.000000
367.050000	346.000000
367.055000	379.000000
367.060000	418.000000
367.065000	404.000000
367.070000	384.000000
367.075000	399.000000
367.080000	449.000000
367.085000	477.000000
367.090000	471.000000
367.095000	423.000000
367.100000	595.000000
367.105000	487.000000
367.110000	616.000000
367.115000	611.000000
367.120000	567.000000
367.125000	547.000000
367.130000	568.000000
367.135000	657.000000
367.140000	724.000000
367.145000	758.000000
367.150000	616.000000
367.155000	721.000000
367.160000	807.000000
367.165000	875.000000
367.170000	934.000000
367.175000	980.000000
367.180000	1016.000000
367.185000	1302.000000
367.190000	1291.000000
367.195000	1365.000000
367.200000	1272.000000
367.205000	1135.000000
367.210000	1204.000000
367.215000	1133.000000
367.220000	1143.000000
367.225000	1218.000000
367.230000	1246.000000
367.235000	1365.000000
367.240000	1346.000000
367.245000	1444.000000
367.250000	1425.000000
367.255000	1621.000000
367.260000	1727.000000
367.265000	1651.000000
367.270000	1922.000000
367.275000	2060.000000
367.280000	1779.000000
367.285000	1906.000000
367.290000	2119.000000
367.295000	2174.000000
367.300000	2215.000000
367.305000	2411.000000
367.310000	2362.000000
367.315000	2338.000000
367.320000	2516.000000
367.325000	2675.000000
367.330000	2914.000000
367.335000	2679.000000
367.340000	2885.000000
367.345000	2801.000000
367.350000	3302.000000
367.355000	3179.000000
367.360000	3514.000000
367.365000	3243.000000
367.370000	3326.000000
367.375000	3110.000000
367.380000	3333.000000
367.385000	3880.000000
367.390000	3976.000000
367.395000	3870.000000
367.400000	3921.000000
367.405000	4464.000000
367.410000	3907.000000
367.415000	4080.000000
367.420000	4391.000000
367.425000	4690.000000
367.430000	4839.000000
367.435000	4740.000000
367.440000	4584.000000
367.445000	4584.000000
367.450000	5029.000000
367.455000	5186.000000
367.460000	4488.000000
367.465000	5061.000000
367.470000	4607.000000
367.475000	5441.000000
367.480000	5370.000000
367.485000	5594.000000
367.490000	4953.000000
367.495000	5535.000000
367.500000	5560.000000
367.505000	5842.000000
367.510000	6057.000000
367.515000	6237.000000
367.520000	7067.000000
367.525000	6591.000000
367.530000	7055.000000
367.535000	6753.000000
367.540000	7155.000000
367.545000	6988.000000
367.550000	7043.000000
367.555000	6945.000000
367.560000	7284.000000
367.565000	7206.000000
367.570000	6875.000000
367.575000	7334.000000
367.580000	7150.000000
367.585000	7504.000000
367.590000	7579.000000
367.595000	7760.000000
367.600000	7940.000000
367.605000	8203.000000
367.610000	7583.000000
367.615000	8239.000000
367.620000	8398.000000
367.625000	8216.000000
367.630000	7846.000000
367.635000	8284.000000
367.640000	8447.000000
367.645000	9008.000000
367.650000	8704.000000
367.655000	8970.000000
367.660000	9326.000000
367.665000	8611.000000
367.670000	9126.000000
367.675000	9024.000000
367.680000	9408.000000
367.685000	9723.000000
367.690000	9423.000000
367.695000	10087.000000
367.700000	10074.000000
367.705000	10095.000000
367.710000	10305.000000
367.715000	11357.000000
367.720000	11452.000000
367.725000	10992.000000
367.730000	11207.000000
367.735000	11236.000000
367.740000	12012.000000
367.745000	11985.000000
367.750000	11691.000000
367.755000	11920.000000
367.760000	12570.000000
367.765000	12537.000000
367.770000	12335.000000
367.775000	12448.000000
367.780000	12673.000000
367.785000	12605.000000
367.790000	13013.000000
367.795000	13155.000000
367.800000	13037.000000
367.805000	13397.000000
367.810000	14177.000000
367.815000	14328.000000
367.820000	14610.000000
367.825000	14622.000000
367.830000	14808.000000
367.835000	15218.000000
367.840000	15757.000000
367.845000	16386.000000
367.850000	15372.000000
367.855000	15714.000000
367.860000	16324.000000
367.865000	16359.000000
367.870000	16361.000000
367.875000	17040.000000
367.880000	17093.000000
367.885000	17701.000000
367.890000	17789.000000
367.895000	17330.000000
367.900000	18161.000000
367.905000	18639.000000
367.910000	19042.000000
367.915000	18293.000000
367.920000	18723.000000
367.925000	19496.000000
367.930000	19979.000000
367.935000	19363.000000
367.940000	20360.000000
367.945000	19410.000000
367.950000	20360.000000
367.955000	19547.000000
367.960000	19920.000000
367.965000	19866.000000
367.970000	19378.000000
367.975000	20266.000000
367.980000	20910.000000
367.985000	20233.000000
367.990000	19445.000000
367.995000	20648.000000
368.000000	21016.000000
368.005000	19858.000000
368.010000	19880.000000
368.015000	20778.000000
368.020000	20303.000000
368.025000	21562.000000
368.030000	20729.000000
368.035000	21199.000000
368.040000	21559.000000
368.045000	21883.000000
368.050000	22453.000000
368.055000	22741.000000
368.060000	21547.000000
368.065000	19822.000000
368.070000	19297.000000
368.075000	18589.000000
368.080000	19025.000000
368.085000	18231.000000
368.090000	17816.000000
368.095000	17812.000000
368.100000	18747.000000
368.105000	18243.000000
368.110000	17813.000000
368.115000	17462.000000
368.120000	17542.000000
368.125000	16963.000000
368.130000	17081.000000
368.135000	16939.000000
368.140000	16842.000000
368.145000	16483.000000
368.150000	16387.000000
368.155000	15929.000000
368.160000	16955.000000
368.165000	16106.000000
368.170000	15534.000000
368.175000	16369.000000
368.180000	16274.000000
368.185000	15814.000000
368.190000	15623.000000
368.195000	16334.000000
368.200000	15979.000000
368.205000	15985.000000
368.210000	15038.000000
368.215000	15631.000000
368.220000	15238.000000
368.225000	15119.000000
368.230000	15698.000000
368.235000	15495.000000
368.240000	14995.000000
368.245000	15312.000000
368.250000	14910.000000
368.255000	14785.000000
368.260000	14502.000000
368.265000	14484.000000
368.270000	14512.000000
368.275000	15223.000000
368.280000	15043.000000
368.285000	14013.000000
368.290000	14257.000000
368.295000	14449.000000
368.300000	14473.000000
368.305000	13851.000000
368.310000	13586.000000
368.315000	13493.000000
368.320000	13039.000000
368.325000	13301.000000
368.330000	13791.000000
368.335000	13118.000000
368.340000	13394.000000
368.345000	13134.000000
368.350000	12494.000000
368.355000	12530.000000
368.360000	12378.000000
368.365000	13013.000000
368.370000	12857.000000
368.375000	12062.000000
368.380000	12235.000000
368.385000	12188.000000
368.390000	12772.000000
368.395000	11688.000000
368.400000	12167.000000
368.405000	12004.000000
368.410000	12441.000000
368.415000	11297.000000
368.420000	11696.000000
368.425000	12156.000000
368.430000	11313.000000
368.435000	11949.000000
368.440000	10913.000000
368.445000	11149.000000
368.450000	11062.000000
368.455000	11710.000000
368.460000	11214.000000
368.465000	11244.000000
368.470000	10792.000000
368.475000	10810.000000
368.480000	10995.000000
368.485000	10663.000000
368.490000	10692.000000
368.495000	10797.000000
368.500000	10480.000000
368.505000	11037.000000
368.510000	10321.000000
368.515000	9846.000000
368.520000	10711.000000
368.525000	9701.000000
368.530000	9846.000000
368.535000	10735.000000
368.540000	9735.000000
368.545000	9792.000000
368.550000	10399.000000
368.555000	9837.000000
368.560000	10285.000000
368.565000	9730.000000
368.570000	10088.000000
368.575000	10206.000000
368.580000	10554.000000
368.585000	9890.000000
368.590000	11152.000000
368.595000	10371.000000
368.600000	10266.000000
368.605000	10427.000000
368.610000	10951.000000
368.615000	10722.000000
368.620000	11767.000000
368.625000	12352.000000
368.630000	12065.000000
368.635000	11122.000000
368.640000	11266.000000
368.645000	10727.000000
368.650000	10824.000000
368.655000	11403.000000
368.660000	11105.000000
368.665000	11647.000000
368.670000	11931.000000
368.675000	11295.000000
368.680000	11394.000000
368.685000	11776.000000
368.690000	10676.000000
368.695000	10291.000000
368.700000	10875.000000
368.705000	10453.000000
368.710000	10518.000000
368.715000	10411.000000
368.720000	10315.000000
368.725000	11025.000000
368.730000	11007.000000
368.735000	11362.000000
368.740000	10816.000000
368.745000	11269.000000
368.750000	11518.000000
368.755000	11002.000000
368.760000	10652.000000
368.765000	10664.000000
368.770000	11104.000000
368.775000	11171.000000
368.780000	10856.000000
368.785000	11565.000000
368.790000	12572.000000
368.795000	12704.000000
368.800000	13343.000000
368.805000	13774.000000
368.810000	15315.000000
368.815000	15939.000000
368.820000	17300.000000
368.825000	18598.000000
368.830000	20463.000000
368.835000	22844.000000
368.840000	23955.000000
368.845000	23685.000000
368.850000	24624.000000
368.855000	24372.000000
368.860000	23634.000000
368.865000	21888.000000
368.870000	18914.000000
368.875000	17864.000000
368.880000	15540.000000
368.885000	15143.000000
368.890000	14887.000000
368.895000	13728.000000
368.900000	12689.000000
368.905000	12044.000000
368.910000	10361.000000
368.915000	9902.000000
368.920000	8898.000000
368.925000	8781.000000
368.930000	8357.000000
368.935000	7906.000000
368.940000	8046.000000
368.945000	8054.000000
368.950000	7596.000000
368.955000	7681.000000
368.960000	7785.000000
368.965000	7265.000000
368.970000	6913.000000
368.975000	6574.000000
368.980000	6666.000000
368.985000	6872.000000
368.990000	6971.000000
368.995000	6781.000000
369.000000	6926.000000
369.005000	6253.000000
369.010000	6333.000000
369.015000	6672.000000
369.020000	6867.000000
369.025000	6197.000000
369.030000	6286.000000
369.035000	6436.000000
369.040000	5702.000000
369.045000	5801.000000
369.050000	6228.000000
369.055000	6285.000000
369.060000	6031.000000
369.065000	5684.000000
369.070000	5942.000000
369.075000	6173.000000
369.080000	5682.000000
369.085000	5565.000000
369.090000	5730.000000
369.095000	5998.000000
369.100000	5402.000000
369.105000	6020.000000
369.110000	5597.000000
369.115000	6054.000000
369.120000	5595.000000
369.125000	6377.000000
369.130000	5387.000000
369.135000	6217.000000
369.140000	6446.000000
369.145000	6168.000000
369.150000	6229.000000
369.155000	6240.000000
369.160000	6763.000000
369.165000	7133.000000
369.170000	8250.000000
369.175000	9242.000000
369.180000	10248.000000
369.185000	12348.000000
369.190000	13959.000000
369.195000	15658.000000
369.200000	17842.000000
369.205000	21188.000000
369.210000	21826.000000
369.215000	25438.000000
369.220000	31688.000000
369.225000	40808.000000
369.230000	42738.000000
369.235000	36269.000000
369.240000	24590.000000
369.245000	17835.000000
369.250000	13307.000000
369.255000	9939.000000
369.260000	7943.000000
369.265000	6380.000000
369.270000	5830.000000
369.275000	5577.000000
369.280000	5354.000000
369.285000	4981.000000
369.290000	4980.000000
369.295000	4550.000000
369.300000	4299.000000
369.305000	4915.000000
369.310000	4542.000000
369.315000	4565.000000
369.320000	4432.000000
369.325000	4469.000000
369.330000	4233.000000
369.335000	3669.000000
369.340000	3754.000000
369.345000	4078.000000
369.350000	3931.000000
369.355000	3907.000000
369.360000	3693.000000
369.365000	3775.000000
369.370000	3830.000000
369.375000	4087.000000
369.380000	3699.000000
369.385000	3519.000000
369.390000	3544.000000
369.395000	3495.000000
369.400000	3254.000000
369.405000	3558.000000
369.410000	3048.000000
369.415000	3614.000000
369.420000	3277.000000
369.425000	3161.000000
369.430000	3212.000000
369.435000	3069.000000
369.440000	3179.000000
369.445000	3263.000000
369.450000	3564.000000
369.455000	3320.000000
369.460000	3144.000000
369.465000	3288.000000
369.470000	3228.000000
369.475000	3067.000000
369.480000	3167.000000
369.485000	3366.000000
369.490000	3121.000000
369.495000	2881.000000
369.500000	3093.000000
369.505000	3093.000000
369.510000	2966.000000
369.515000	2935.000000
369.520000	2712.000000
369.525000	3169.000000
369.530000	3222.000000
369.535000	2930.000000
369.540000	2950.000000
369.545000	2919.000000
369.550000	2881.000000
369.555000	2726.000000
369.560000	2671.000000
369.565000	2901.000000
369.570000	2746.000000
369.575000	2509.000000
369.580000	2751.000000
369.585000	2621.000000
369.590000	2904.000000
369.595000	2844.000000
369.600000	2644.000000
369.605000	2661.000000
369.610000	2744.000000
369.615000	2776.000000
369.620000	2764.000000
369.625000	2680.000000
369.630000	2496.000000
369.635000	2770.000000
369.640000	2427.000000
369.645000	2555.000000
369.650000	2571.000000
369.655000	2400.000000
369.660000	2598.000000
369.665000	2392.000000
369.670000	2486.000000
369.675000	2317.000000
369.680000	2354.000000
369.685000	2315.000000
369.690000	2514.000000
369.695000	2404.000000
369.700000	2291.000000
369.705000	2499.000000
369.710000	2373.000000
369.715000	2298.000000
369.720000	2387.000000
369.725000	2208.000000
369.730000	2379.000000
369.735000	2250.000000
369.740000	2326.000000
369.745000	2004.000000
369.750000	2465.000000
369.755000	2012.000000
369.760000	2012.000000
369.765000	2112.000000
369.770000	2269.000000
369.775000	1901.000000
369.780000	2395.000000
369.785000	2077.000000
369.790000	2164.000000
369.795000	2198.000000
369.800000	2303.000000
369.805000	2199.000000
369.810000	2052.000000
369.815000	2102.000000
369.820000	2192.000000
369.825000	2182.000000
369.830000	2122.000000
369.835000	2059.000000
369.840000	2000.000000
369.845000	2431.000000
369.850000	2224.000000
369.855000	1972.000000
369.860000	1965.000000
369.865000	2196.000000
369.870000	1961.000000
369.875000	1810.000000
369.880000	2039.000000
369.885000	2123.000000
369.890000	1904.000000
369.895000	2014.000000
369.900000	1837.000000
369.905000	2120.000000
369.910000	1877.000000
369.915000	2017.000000
369.920000	1954.000000
369.925000	1841.000000
369.930000	1823.000000
369.935000	1729.000000
369.940000	1731.000000
369.945000	2063.000000
369.950000	1835.000000
369.955000	1935.000000
369.960000	2151.000000
369.965000	1765.000000
369.970000	1903.000000
369.975000	1869.000000
369.980000	1956.000000
369.985000	1878.000000
369.990000	1951.000000
369.995000	1895.000000
370.000000	1856.000000
370.005000	1682.000000
370.010000	1855.000000
370.015000	1962.000000
370.020000	1731.000000
370.025000	1838.000000
370.030000	1901.000000
370.035000	1961.000000
370.040000	1862.000000
370.045000	1682.000000
370.050000	1602.000000
370.055000	1859.000000
370.060000	1643.000000
370.065000	1778.000000
370.070000	1768.000000
370.075000	1966.000000
370.080000	1625.000000
370.085000	1661.000000
370.090000	1672.000000
370.095000	1870.000000
370.100000	1815.000000
370.105000	1748.000000
370.110000	1701.000000
370.115000	1730.000000
370.120000	1608.000000
370.125000	1551.000000
370.130000	1744.000000
370.135000	1772.000000
370.140000	1667.000000
370.145000	1702.000000
370.150000	1792.000000
370.155000	1883.000000
370.160000	1704.000000
370.165000	1812.000000
370.170000	1423.000000
370.175000	1581.000000
370.180000	1468.000000
370.185000	1686.000000
370.190000	1621.000000
370.195000	1595.000000
370.200000	1558.000000
370.205000	1508.000000
370.210000	1485.000000
370.215000	1604.000000
370.220000	1533.000000
370.225000	1570.000000
370.230000	1798.000000
370.235000	1521.000000
370.240000	1543.000000
370.245000	1799.000000
370.250000	1340.000000
370.255000	1342.000000
370.260000	1594.000000
370.265000	1654.000000
370.270000	1776.000000
370.275000	1682.000000
370.280000	1431.000000
370.285000	1384.000000
370.290000	1567.000000
370.295000	1388.000000
370.300000	1421.000000
370.305000	1478.000000
370.310000	1442.000000
370.315000	1444.000000
370.320000	1341.000000
370.325000	1484.000000
370.330000	1349.000000
370.335000	1566.000000
370.340000	1309.000000
370.345000	1583.000000
370.350000	1544.000000
370.355000	1407.000000
370.360000	1220.000000
370.365000	1574.000000
370.370000	1516.000000
370.375000	1379.000000
370.380000	1450.000000
370.385000	1464.000000
370.390000	1249.000000
370.395000	1315.000000
370.400000	1314.000000
370.405000	1464.000000
370.410000	1359.000000
370.415000	1495.000000
370.420000	1526.000000
370.425000	1255.000000
370.430000	1171.000000
370.435000	1182.000000
370.440000	1419.000000
370.445000	1464.000000
370.450000	1400.000000
370.455000	1256.000000
370.460000	1527.000000
370.465000	1360.000000
370.470000	1293.000000
370.475000	1263.000000
370.480000	1218.000000
370.485000	1366.000000
370.490000	1457.000000
370.495000	1312.000000
370.500000	1288.000000
370.505000	1396.000000
370.510000	1597.000000
370.515000	1358.000000
370.520000	1332.000000
370.525000	1241.000000
370.530000	1288.000000
370.535000	1091.000000
370.540000	1280.000000
370.545000	1476.000000
370.550000	1265.000000
370.555000	1293.000000
370.560000	1213.000000
370.565000	1306.000000
370.570000	1401.000000
370.575000	1157.000000
370.580000	1314.000000
370.585000	1013.000000
370.590000	1194.000000
370.595000	1189.000000
370.600000	1188.000000
370.605000	1312.000000
370.610000	1471.000000
370.615000	1200.000000
370.620000	1192.000000
370.625000	1155.000000
370.630000	1183.000000
370.635000	1271.000000
370.640000	1213.000000
370.645000	1386.000000
370.650000	1265.000000
370.655000	1088.000000
370.660000	1297.000000
370.665000	1309.000000
370.670000	1390.000000
370.675000	1231.000000
370.680000	1322.000000
370.685000	1157.000000
370.690000	1348.000000
370.695000	1052.000000
370.700000	1148.000000
370.705000	1205.000000
370.710000	1111.000000
370.715000	1390.000000
370.720000	1172.000000
370.725000	1307.000000
370.730000	1159.000000
370.735000	1103.000000
370.740000	1190.000000
370.745000	1183.000000
370.750000	1511.000000
370.755000	1259.000000
370.760000	1181.000000
370.765000	1256.000000
370.770000	1183.000000
370.775000	1384.000000
370.780000	1249.000000
370.785000	1196.000000
370.790000	1209.000000
370.795000	1317.000000
370.800000	1142.000000
370.805000	1300.000000
370.810000	1258.000000
370.815000	1165.000000
370.820000	1170.000000
370.825000	1147.000000
370.830000	1229.000000
370.835000	1183.000000
370.840000	1281.000000
370.845000	1171.000000
370.850000	1066.000000
370.855000	1283.000000
370.860000	1030.000000
370.865000	1065.000000
370.870000	1320.000000
370.875000	1245.000000
370.880000	1090.000000
370.885000	974.000000
370.890000	1107.000000
370.895000	989.000000
370.900000	947.000000
370.905000	1190.000000
370.910000	941.000000
370.915000	1086.000000
370.920000	1139.000000
370.925000	1017.000000
370.930000	1223.000000
370.935000	948.000000
370.940000	1081.000000
370.945000	1010.000000
370.950000	963.000000
370.955000	951.000000
370.960000	1097.000000
370.965000	1145.000000
370.970000	1095.000000
370.975000	906.000000
370.980000	1067.000000
370.985000	947.000000
370.990000	1122.000000
370.995000	1129.000000
371.000000	954.000000
371.005000	943.000000
371.010000	1114.000000
371.015000	1021.000000
371.020000	1240.000000
371.025000	866.000000
371.030000	1130.000000
371.035000	977.000000
371.040000	1005.000000
371.045000	1310.000000
371.050000	934.000000
371.055000	1109.000000
371.060000	1024.000000
371.065000	944.000000
371.070000	992.000000
371.075000	1075.000000
371.080000	1167.000000
371.085000	935.000000
371.090000	858.000000
371.095000	1112.000000
371.100000	1179.000000
371.105000	824.000000
371.110000	987.000000
371.115000	1015.000000
371.120000	823.000000
371.125000	1060.000000
371.130000	811.000000
371.135000	811.000000
371.140000	998.000000
371.145000	1089.000000
371.150000	966.000000
371.155000	1112.000000
371.160000	891.000000
371.165000	904.000000
371.170000	861.000000
371.175000	963.000000
371.180000	997.000000
371.185000	933.000000
371.190000	1099.000000
371.195000	1019.000000
371.200000	962.000000
371.205000	914.000000
371.210000	1030.000000
371.215000	875.000000
371.220000	911.000000
371.225000	833.000000
371.230000	763.000000
371.235000	997.000000
371.240000	1085.000000
371.245000	1064.000000
371.250000	902.000000
371.255000	996.000000
371.260000	978.000000
371.265000	869.000000
371.270000	958.000000
371.275000	963.000000
371.280000	813.000000
371.285000	876.000000
371.290000	893.000000
371.295000	833.000000
371.300000	799.000000
371.305000	815.000000
371.310000	1001.000000
371.315000	989.000000
371.320000	988.000000
371.325000	959.000000
371.330000	952.000000
371.335000	958.000000
371.340000	986.000000
371.345000	844.000000
371.350000	749.000000
371.355000	983.000000
371.360000	1107.000000
371.365000	932.000000
371.370000	959.000000
371.375000	1043.000000
371.380000	1031.000000
371.385000	703.000000
371.390000	970.000000
371.395000	842.000000
371.400000	955.000000
371.405000	983.000000
371.410000	868.000000
371.415000	935.000000
371.420000	939.000000
371.425000	966.000000
371.430000	865.000000
371.435000	1031.000000
371.440000	1022.000000
371.445000	984.000000
371.450000	926.000000
371.455000	1044.000000
371.460000	1095.000000
371.465000	857.000000
371.470000	1123.000000
371.475000	973.000000
371.480000	998.000000
371.485000	1009.000000
371.490000	965.000000
371.495000	841.000000
371.500000	968.000000
371.505000	802.000000
371.510000	1072.000000
371.515000	911.000000
371.520000	996.000000
371.525000	871.000000
371.530000	1040.000000
371.535000	726.000000
371.540000	1088.000000
371.545000	737.000000
371.550000	1049.000000
371.555000	862.000000
371.560000	978.000000
371.565000	973.000000
371.570000	769.000000
371.575000	963.000000
371.580000	961.000000
371.585000	952.000000
371.590000	942.000000
371.595000	1082.000000
371.600000	962.000000
371.605000	928.000000
371.610000	885.000000
371.615000	958.000000
371.620000	967.000000
371.625000	938.000000
371.630000	834.000000
371.635000	1005.000000
371.640000	898.000000
371.645000	904.000000
371.650000	803.000000
371.655000	903.000000
371.660000	967.000000
371.665000	911.000000
371.670000	861.000000
371.675000	1127.000000
371.680000	881.000000
371.685000	851.000000
371.690000	1022.000000
371.695000	920.000000
371.700000	1062.000000
371.705000	1182.000000
371.710000	814.000000
371.715000	881.000000
371.720000	961.000000
371.725000	1110.000000
371.730000	1043.000000
371.735000	1078.000000
371.740000	877.000000
371.745000	845.000000
371.750000	973.000000
371.755000	970.000000
371.760000	1225.000000
371.765000	1268.000000
371.770000	1051.000000
371.775000	969.000000
371.780000	1077.000000
371.785000	1036.000000
371.790000	1068.000000
371.795000	1216.000000
371.800000	1249.000000
371.805000	1033.000000
371.810000	1269.000000
371.815000	1113.000000
371.820000	1353.000000
371.825000	1249.000000
371.830000	1291.000000
371.835000	1507.000000
371.840000	1524.000000
371.845000	1354.000000
371.850000	1647.000000
371.855000	1965.000000
371.860000	2500.000000
371.865000	2212.000000
371.870000	2889.000000
371.875000	3595.000000
371.880000	3808.000000
371.885000	4460.000000
371.890000	5287.000000
371.895000	6579.000000
371.900000	8117.000000
371.905000	10471.000000
371.910000	10686.000000
371.915000	7780.000000
371.920000	4891.000000
371.925000	3732.000000
371.930000	3159.000000
371.935000	2145.000000
371.940000	1667.000000
371.945000	1445.000000
371.950000	1213.000000
371.955000	1528.000000
371.960000	1426.000000
371.965000	1187.000000
371.970000	1194.000000
371.975000	1332.000000
371.980000	1124.000000
371.985000	1266.000000
371.990000	1350.000000
371.995000	1241.000000
372.000000	1351.000000
372.005000	1149.000000
372.010000	1242.000000
372.015000	1394.000000
372.020000	1280.000000
372.025000	1253.000000
372.030000	1272.000000
372.035000	1288.000000
372.040000	1254.000000
372.045000	1308.000000
372.050000	1302.000000
372.055000	1461.000000
372.060000	1070.000000
372.065000	1496.000000
372.070000	1187.000000
372.075000	1504.000000
372.080000	1364.000000
372.085000	1118.000000
372.090000	1473.000000
372.095000	1368.000000
372.100000	1278.000000
372.105000	1333.000000
372.110000	1243.000000
372.115000	1314.000000
372.120000	1227.000000
372.125000	1115.000000
372.130000	1297.000000
372.135000	1433.000000
372.140000	1303.000000
372.145000	1198.000000
372.150000	1067.000000
372.155000	1070.000000
372.160000	1282.000000
372.165000	939.000000
372.170000	1184.000000
372.175000	1053.000000
372.180000	1365.000000
372.185000	1102.000000
372.190000	1332.000000
372.195000	1360.000000
372.200000	1010.000000
372.205000	1291.000000
372.210000	996.000000
372.215000	1029.000000
372.220000	1283.000000
372.225000	937.000000
372.230000	1062.000000
372.235000	1171.000000
372.240000	1116.000000
372.245000	1080.000000
372.250000	1043.000000
372.255000	840.000000
372.260000	990.000000
372.265000	1136.000000
372.270000	1060.000000
372.275000	986.000000
372.280000	931.000000
372.285000	910.000000
372.290000	990.000000
372.295000	949.000000
372.300000	1051.000000
