Sample ID:		H1107 20um slit 20mW power drifting spectrometer
Start Time:		Thu Jul 09 2020 1:03:58 PM
Averaging Time:		1.000s

366.500000	97.000000
366.505000	68.000000
366.510000	63.000000
366.515000	104.000000
366.520000	43.000000
366.525000	118.000000
366.530000	81.000000
366.535000	76.000000
366.540000	93.000000
366.545000	145.000000
366.550000	82.000000
366.555000	79.000000
366.560000	62.000000
366.565000	101.000000
366.570000	80.000000
366.575000	69.000000
366.580000	85.000000
366.585000	137.000000
366.590000	116.000000
366.595000	121.000000
366.600000	87.000000
366.605000	90.000000
366.610000	91.000000
366.615000	64.000000
366.620000	93.000000
366.625000	87.000000
366.630000	127.000000
366.635000	127.000000
366.640000	94.000000
366.645000	106.000000
366.650000	47.000000
366.655000	126.000000
366.660000	79.000000
366.665000	111.000000
366.670000	145.000000
366.675000	143.000000
366.680000	132.000000
366.685000	112.000000
366.690000	95.000000
366.695000	100.000000
366.700000	108.000000
366.705000	154.000000
366.710000	146.000000
366.715000	141.000000
366.720000	114.000000
366.725000	169.000000
366.730000	200.000000
366.735000	122.000000
366.740000	148.000000
366.745000	108.000000
366.750000	186.000000
366.755000	147.000000
366.760000	165.000000
366.765000	256.000000
366.770000	173.000000
366.775000	221.000000
366.780000	169.000000
366.785000	161.000000
366.790000	258.000000
366.795000	279.000000
366.800000	238.000000
366.805000	179.000000
366.810000	167.000000
366.815000	290.000000
366.820000	249.000000
366.825000	253.000000
366.830000	262.000000
366.835000	212.000000
366.840000	311.000000
366.845000	382.000000
366.850000	328.000000
366.855000	268.000000
366.860000	390.000000
366.865000	464.000000
366.870000	473.000000
366.875000	522.000000
366.880000	500.000000
366.885000	555.000000
366.890000	501.000000
366.895000	651.000000
366.900000	685.000000
366.905000	695.000000
366.910000	1032.000000
366.915000	1000.000000
366.920000	1092.000000
366.925000	1054.000000
366.930000	1256.000000
366.935000	1286.000000
366.940000	1774.000000
366.945000	1550.000000
366.950000	2028.000000
366.955000	1948.000000
366.960000	2041.000000
366.965000	1530.000000
366.970000	1759.000000
366.975000	1723.000000
366.980000	1565.000000
366.985000	1582.000000
366.990000	1760.000000
366.995000	1589.000000
367.000000	1517.000000
367.005000	1540.000000
367.010000	1626.000000
367.015000	1344.000000
367.020000	1682.000000
367.025000	1739.000000
367.030000	1443.000000
367.035000	1805.000000
367.040000	1784.000000
367.045000	1718.000000
367.050000	1833.000000
367.055000	2075.000000
367.060000	1918.000000
367.065000	1913.000000
367.070000	1791.000000
367.075000	1924.000000
367.080000	1973.000000
367.085000	1967.000000
367.090000	2097.000000
367.095000	2210.000000
367.100000	2030.000000
367.105000	2272.000000
367.110000	2269.000000
367.115000	2503.000000
367.120000	2376.000000
367.125000	2307.000000
367.130000	2218.000000
367.135000	2237.000000
367.140000	2593.000000
367.145000	2582.000000
367.150000	2959.000000
367.155000	2411.000000
367.160000	2726.000000
367.165000	3205.000000
367.170000	3238.000000
367.175000	3543.000000
367.180000	3756.000000
367.185000	4376.000000
367.190000	4129.000000
367.195000	4074.000000
367.200000	3642.000000
367.205000	3089.000000
367.210000	2524.000000
367.215000	2327.000000
367.220000	2235.000000
367.225000	1988.000000
367.230000	1781.000000
367.235000	2076.000000
367.240000	2408.000000
367.245000	2007.000000
367.250000	2309.000000
367.255000	2260.000000
367.260000	2501.000000
367.265000	2247.000000
367.270000	2469.000000
367.275000	2698.000000
367.280000	2441.000000
367.285000	2164.000000
367.290000	2808.000000
367.295000	2987.000000
367.300000	3166.000000
367.305000	3078.000000
367.310000	2903.000000
367.315000	3617.000000
367.320000	3705.000000
367.325000	3478.000000
367.330000	4111.000000
367.335000	3896.000000
367.340000	3788.000000
367.345000	3915.000000
367.350000	3827.000000
367.355000	3843.000000
367.360000	4405.000000
367.365000	3991.000000
367.370000	4325.000000
367.375000	4715.000000
367.380000	5094.000000
367.385000	5198.000000
367.390000	4645.000000
367.395000	4903.000000
367.400000	5508.000000
367.405000	5809.000000
367.410000	5501.000000
367.415000	5808.000000
367.420000	6089.000000
367.425000	6181.000000
367.430000	6331.000000
367.435000	6242.000000
367.440000	6599.000000
367.445000	6517.000000
367.450000	6249.000000
367.455000	6053.000000
367.460000	5654.000000
367.465000	6300.000000
367.470000	6222.000000
367.475000	6121.000000
367.480000	6548.000000
367.485000	6417.000000
367.490000	6566.000000
367.495000	6939.000000
367.500000	7030.000000
367.505000	7924.000000
367.510000	8197.000000
367.515000	9307.000000
367.520000	10221.000000
367.525000	9031.000000
367.530000	8710.000000
367.535000	8410.000000
367.540000	8887.000000
367.545000	9247.000000
367.550000	8574.000000
367.555000	8674.000000
367.560000	9148.000000
367.565000	9833.000000
367.570000	9794.000000
367.575000	10714.000000
367.580000	11766.000000
367.585000	10861.000000
367.590000	10525.000000
367.595000	10709.000000
367.600000	10507.000000
367.605000	9945.000000
367.610000	10316.000000
367.615000	10492.000000
367.620000	10549.000000
367.625000	11530.000000
367.630000	10067.000000
367.635000	10826.000000
367.640000	11242.000000
367.645000	11123.000000
367.650000	11343.000000
367.655000	11572.000000
367.660000	12173.000000
367.665000	12175.000000
367.670000	12305.000000
367.675000	12660.000000
367.680000	12898.000000
367.685000	13671.000000
367.690000	14321.000000
367.695000	14206.000000
367.700000	14230.000000
367.705000	14917.000000
367.710000	15561.000000
367.715000	15432.000000
367.720000	15967.000000
367.725000	16216.000000
367.730000	17216.000000
367.735000	16645.000000
367.740000	16899.000000
367.745000	17707.000000
367.750000	18328.000000
367.755000	17531.000000
367.760000	18285.000000
367.765000	18808.000000
367.770000	18596.000000
367.775000	20412.000000
367.780000	19769.000000
367.785000	21794.000000
367.790000	20619.000000
367.795000	21451.000000
367.800000	22067.000000
367.805000	22331.000000
367.810000	22934.000000
367.815000	23005.000000
367.820000	23213.000000
367.825000	24482.000000
367.830000	24414.000000
367.835000	25362.000000
367.840000	25636.000000
367.845000	26762.000000
367.850000	26273.000000
367.855000	26677.000000
367.860000	29238.000000
367.865000	27599.000000
367.870000	28859.000000
367.875000	30038.000000
367.880000	30358.000000
367.885000	29660.000000
367.890000	31655.000000
367.895000	31124.000000
367.900000	33850.000000
367.905000	33092.000000
367.910000	34137.000000
367.915000	34046.000000
367.920000	35410.000000
367.925000	36189.000000
367.930000	37346.000000
367.935000	37059.000000
367.940000	39056.000000
367.945000	39701.000000
367.950000	40554.000000
367.955000	41450.000000
367.960000	42002.000000
367.965000	43456.000000
367.970000	43656.000000
367.975000	45401.000000
367.980000	45810.000000
367.985000	47478.000000
367.990000	47821.000000
367.995000	50782.000000
368.000000	51145.000000
368.005000	53967.000000
368.010000	55993.000000
368.015000	61265.000000
368.020000	67137.000000
368.025000	73440.000000
368.030000	84525.000000
368.035000	112456.000000
368.040000	139972.000000
368.045000	127306.000000
368.050000	99950.000000
368.055000	84055.000000
368.060000	75646.000000
368.065000	70784.000000
368.070000	71350.000000
368.075000	69887.000000
368.080000	70330.000000
368.085000	72447.000000
368.090000	73804.000000
368.095000	75180.000000
368.100000	78057.000000
368.105000	78792.000000
368.110000	82361.000000
368.115000	82292.000000
368.120000	84918.000000
368.125000	87442.000000
368.130000	90417.000000
368.135000	93087.000000
368.140000	94792.000000
368.145000	96549.000000
368.150000	99483.000000
368.155000	100469.000000
368.160000	103148.000000
368.165000	106119.000000
368.170000	106120.000000
368.175000	113179.000000
368.180000	114703.000000
368.185000	115764.000000
368.190000	120503.000000
368.195000	122859.000000
368.200000	126500.000000
368.205000	130601.000000
368.210000	132575.000000
368.215000	134405.000000
368.220000	139648.000000
368.225000	143957.000000
368.230000	147553.000000
368.235000	146156.000000
368.240000	154260.000000
368.245000	153870.000000
368.250000	155727.000000
368.255000	161493.000000
368.260000	163180.000000
368.265000	168576.000000
368.270000	172156.000000
368.275000	173134.000000
368.280000	178738.000000
368.285000	182797.000000
368.290000	184407.000000
368.295000	185049.000000
368.300000	190860.000000
368.305000	199150.000000
368.310000	197657.000000
368.315000	202688.000000
368.320000	205048.000000
368.325000	208579.000000
368.330000	215038.000000
368.335000	218261.000000
368.340000	219378.000000
368.345000	220490.000000
368.350000	229620.000000
368.355000	231024.000000
368.360000	234898.000000
368.365000	237665.000000
368.370000	242072.000000
368.375000	242707.000000
368.380000	248753.000000
368.385000	251070.000000
368.390000	253170.000000
368.395000	255233.000000
368.400000	260541.000000
368.405000	265888.000000
368.410000	268198.000000
368.415000	271378.000000
368.420000	271130.000000
368.425000	276287.000000
368.430000	275336.000000
368.435000	276912.000000
368.440000	274104.000000
368.445000	268757.000000
368.450000	267493.000000
368.455000	261620.000000
368.460000	251905.000000
368.465000	237828.000000
368.470000	232322.000000
368.475000	224234.000000
368.480000	216375.000000
368.485000	205263.000000
368.490000	193768.000000
368.495000	179834.000000
368.500000	168422.000000
368.505000	158565.000000
368.510000	149845.000000
368.515000	141613.000000
368.520000	136515.000000
368.525000	128203.000000
368.530000	123749.000000
368.535000	117299.000000
368.540000	114459.000000
368.545000	110410.000000
368.550000	107028.000000
368.555000	102698.000000
368.560000	100065.000000
368.565000	95544.000000
368.570000	93548.000000
368.575000	91273.000000
368.580000	90779.000000
368.585000	86261.000000
368.590000	83531.000000
368.595000	83666.000000
368.600000	80562.000000
368.605000	82739.000000
368.610000	81990.000000
368.615000	84070.000000
368.620000	81313.000000
368.625000	76103.000000
368.630000	72219.000000
368.635000	71045.000000
368.640000	68520.000000
368.645000	69043.000000
368.650000	68482.000000
368.655000	68518.000000
368.660000	69357.000000
368.665000	66494.000000
368.670000	63531.000000
368.675000	62740.000000
368.680000	59956.000000
368.685000	60645.000000
368.690000	60590.000000
368.695000	57579.000000
368.700000	53367.000000
368.705000	52745.000000
368.710000	52184.000000
368.715000	51641.000000
368.720000	52590.000000
368.725000	58006.000000
368.730000	62458.000000
368.735000	66936.000000
368.740000	57350.000000
368.745000	51305.000000
368.750000	46961.000000
368.755000	46368.000000
368.760000	43786.000000
368.765000	44360.000000
368.770000	41382.000000
368.775000	43084.000000
368.780000	41239.000000
368.785000	42308.000000
368.790000	40886.000000
368.795000	41470.000000
368.800000	40998.000000
368.805000	40683.000000
368.810000	41894.000000
368.815000	41206.000000
368.820000	41499.000000
368.825000	42161.000000
368.830000	42987.000000
368.835000	44502.000000
368.840000	45298.000000
368.845000	46427.000000
368.850000	50603.000000
368.855000	57008.000000
368.860000	63723.000000
368.865000	69420.000000
368.870000	79762.000000
368.875000	101998.000000
368.880000	121618.000000
368.885000	108550.000000
368.890000	72639.000000
368.895000	53462.000000
368.900000	43805.000000
368.905000	39857.000000
368.910000	37270.000000
368.915000	35448.000000
368.920000	33626.000000
368.925000	32134.000000
368.930000	30927.000000
368.935000	30153.000000
368.940000	29276.000000
368.945000	29000.000000
368.950000	28303.000000
368.955000	28099.000000
368.960000	27547.000000
368.965000	27867.000000
368.970000	26580.000000
368.975000	26325.000000
368.980000	25379.000000
368.985000	25363.000000
368.990000	25131.000000
368.995000	25098.000000
369.000000	24240.000000
369.005000	24376.000000
369.010000	23533.000000
369.015000	23065.000000
369.020000	23644.000000
369.025000	22996.000000
369.030000	23221.000000
369.035000	22797.000000
369.040000	22325.000000
369.045000	23072.000000
369.050000	22236.000000
369.055000	22066.000000
369.060000	21730.000000
369.065000	20932.000000
369.070000	21605.000000
369.075000	21061.000000
369.080000	21756.000000
369.085000	21190.000000
369.090000	21944.000000
369.095000	21079.000000
369.100000	21121.000000
369.105000	20658.000000
369.110000	21240.000000
369.115000	20676.000000
369.120000	20469.000000
369.125000	20834.000000
369.130000	21011.000000
369.135000	21385.000000
369.140000	22055.000000
369.145000	22608.000000
369.150000	21787.000000
369.155000	22836.000000
369.160000	23106.000000
369.165000	23325.000000
369.170000	26446.000000
369.175000	28743.000000
369.180000	33726.000000
369.185000	38597.000000
369.190000	44155.000000
369.195000	51297.000000
369.200000	73499.000000
369.205000	92772.000000
369.210000	142667.000000
369.215000	258408.000000
369.220000	233919.000000
369.225000	176925.000000
369.230000	92204.000000
369.235000	57938.000000
369.240000	39833.000000
369.245000	34565.000000
369.250000	29304.000000
369.255000	26427.000000
369.260000	24065.000000
369.265000	22121.000000
369.270000	21374.000000
369.275000	20789.000000
369.280000	18601.000000
369.285000	18160.000000
369.290000	18250.000000
369.295000	17963.000000
369.300000	18776.000000
369.305000	17169.000000
369.310000	16359.000000
369.315000	16823.000000
369.320000	16698.000000
369.325000	16956.000000
369.330000	15952.000000
369.335000	15854.000000
369.340000	15483.000000
369.345000	15486.000000
369.350000	15261.000000
369.355000	15513.000000
369.360000	14264.000000
369.365000	15125.000000
369.370000	14063.000000
369.375000	14925.000000
369.380000	13577.000000
369.385000	14243.000000
369.390000	13715.000000
369.395000	13617.000000
369.400000	13874.000000
369.405000	13229.000000
369.410000	13422.000000
369.415000	14281.000000
369.420000	13456.000000
369.425000	13257.000000
369.430000	13409.000000
369.435000	12928.000000
369.440000	13233.000000
369.445000	13435.000000
369.450000	13000.000000
369.455000	12687.000000
369.460000	13022.000000
369.465000	12712.000000
369.470000	12773.000000
369.475000	12561.000000
369.480000	12783.000000
369.485000	12290.000000
369.490000	12407.000000
369.495000	12310.000000
369.500000	11626.000000
369.505000	11790.000000
369.510000	12269.000000
369.515000	12248.000000
369.520000	12263.000000
369.525000	11286.000000
369.530000	11975.000000
369.535000	11392.000000
369.540000	12178.000000
369.545000	11791.000000
369.550000	11218.000000
369.555000	12076.000000
369.560000	11418.000000
369.565000	11379.000000
369.570000	11905.000000
369.575000	11309.000000
369.580000	11325.000000
369.585000	11636.000000
369.590000	11019.000000
369.595000	10204.000000
369.600000	10321.000000
369.605000	11434.000000
369.610000	10911.000000
369.615000	10264.000000
369.620000	10173.000000
369.625000	10055.000000
369.630000	10748.000000
369.635000	10423.000000
369.640000	10118.000000
369.645000	10478.000000
369.650000	10618.000000
369.655000	10003.000000
369.660000	10295.000000
369.665000	10243.000000
369.670000	10117.000000
369.675000	9976.000000
369.680000	9552.000000
369.685000	10330.000000
369.690000	9675.000000
369.695000	10576.000000
369.700000	9677.000000
369.705000	9920.000000
369.710000	9553.000000
369.715000	9319.000000
369.720000	9759.000000
369.725000	10186.000000
369.730000	9696.000000
369.735000	9195.000000
369.740000	9931.000000
369.745000	9203.000000
369.750000	9253.000000
369.755000	8652.000000
369.760000	8982.000000
369.765000	9319.000000
369.770000	9235.000000
369.775000	8603.000000
369.780000	8989.000000
369.785000	8577.000000
369.790000	8648.000000
369.795000	8554.000000
369.800000	8764.000000
369.805000	8814.000000
369.810000	8950.000000
369.815000	8621.000000
369.820000	8806.000000
369.825000	8552.000000
369.830000	8836.000000
369.835000	8015.000000
369.840000	8184.000000
369.845000	8430.000000
369.850000	8707.000000
369.855000	8153.000000
369.860000	8234.000000
369.865000	8588.000000
369.870000	8681.000000
369.875000	7992.000000
369.880000	7599.000000
369.885000	7809.000000
369.890000	8179.000000
369.895000	8420.000000
369.900000	8099.000000
369.905000	8304.000000
369.910000	7850.000000
369.915000	8093.000000
369.920000	8256.000000
369.925000	8233.000000
369.930000	7613.000000
369.935000	7890.000000
369.940000	7546.000000
369.945000	7954.000000
369.950000	7787.000000
369.955000	7762.000000
369.960000	7696.000000
369.965000	7470.000000
369.970000	8110.000000
369.975000	7698.000000
369.980000	7586.000000
369.985000	7137.000000
369.990000	8092.000000
369.995000	7650.000000
370.000000	7913.000000
