Sample ID:		H1108 20um slit 20mW power Drifting Spectrometer
Start Time:		Thu Jul 09 2020 1:45:55 PM
Averaging Time:		1.000s

366.500000	174.000000
366.505000	234.000000
366.510000	191.000000
366.515000	167.000000
366.520000	113.000000
366.525000	171.000000
366.530000	135.000000
366.535000	202.000000
366.540000	113.000000
366.545000	191.000000
366.550000	174.000000
366.555000	157.000000
366.560000	131.000000
366.565000	154.000000
366.570000	270.000000
366.575000	178.000000
366.580000	195.000000
366.585000	167.000000
366.590000	179.000000
366.595000	185.000000
366.600000	107.000000
366.605000	242.000000
366.610000	172.000000
366.615000	251.000000
366.620000	236.000000
366.625000	255.000000
366.630000	259.000000
366.635000	209.000000
366.640000	191.000000
366.645000	234.000000
366.650000	252.000000
366.655000	244.000000
366.660000	210.000000
366.665000	316.000000
366.670000	226.000000
366.675000	260.000000
366.680000	300.000000
366.685000	329.000000
366.690000	250.000000
366.695000	313.000000
366.700000	241.000000
366.705000	318.000000
366.710000	241.000000
366.715000	299.000000
366.720000	256.000000
366.725000	361.000000
366.730000	256.000000
366.735000	258.000000
366.740000	319.000000
366.745000	437.000000
366.750000	408.000000
366.755000	262.000000
366.760000	404.000000
366.765000	380.000000
366.770000	318.000000
366.775000	439.000000
366.780000	341.000000
366.785000	466.000000
366.790000	360.000000
366.795000	316.000000
366.800000	463.000000
366.805000	510.000000
366.810000	505.000000
366.815000	592.000000
366.820000	550.000000
366.825000	518.000000
366.830000	584.000000
366.835000	686.000000
366.840000	841.000000
366.845000	719.000000
366.850000	981.000000
366.855000	1010.000000
366.860000	1062.000000
366.865000	1115.000000
366.870000	1246.000000
366.875000	1216.000000
366.880000	1190.000000
366.885000	1588.000000
366.890000	1533.000000
366.895000	1623.000000
366.900000	1831.000000
366.905000	2203.000000
366.910000	2624.000000
366.915000	2581.000000
366.920000	3010.000000
366.925000	3063.000000
366.930000	3869.000000
366.935000	3287.000000
366.940000	3268.000000
366.945000	2861.000000
366.950000	2616.000000
366.955000	2488.000000
366.960000	2652.000000
366.965000	2144.000000
366.970000	2051.000000
366.975000	2195.000000
366.980000	2294.000000
366.985000	1991.000000
366.990000	2014.000000
366.995000	2108.000000
367.000000	1988.000000
367.005000	2065.000000
367.010000	2203.000000
367.015000	2127.000000
367.020000	1990.000000
367.025000	2198.000000
367.030000	2349.000000
367.035000	2073.000000
367.040000	2247.000000
367.045000	2496.000000
367.050000	2518.000000
367.055000	2175.000000
367.060000	2244.000000
367.065000	2530.000000
367.070000	2671.000000
367.075000	2444.000000
367.080000	2423.000000
367.085000	2660.000000
367.090000	2651.000000
367.095000	3012.000000
367.100000	2730.000000
367.105000	2898.000000
367.110000	3024.000000
367.115000	3360.000000
367.120000	3258.000000
367.125000	3015.000000
367.130000	3247.000000
367.135000	3242.000000
367.140000	3026.000000
367.145000	3285.000000
367.150000	3957.000000
367.155000	4110.000000
367.160000	4505.000000
367.165000	4501.000000
367.170000	4477.000000
367.175000	4629.000000
367.180000	3797.000000
367.185000	3515.000000
367.190000	3445.000000
367.195000	3182.000000
367.200000	2887.000000
367.205000	2668.000000
367.210000	2755.000000
367.215000	2682.000000
367.220000	2723.000000
367.225000	2680.000000
367.230000	2898.000000
367.235000	2770.000000
367.240000	2929.000000
367.245000	3187.000000
367.250000	2936.000000
367.255000	3135.000000
367.260000	3392.000000
367.265000	3418.000000
367.270000	3366.000000
367.275000	3328.000000
367.280000	3557.000000
367.285000	3348.000000
367.290000	3894.000000
367.295000	4214.000000
367.300000	4531.000000
367.305000	4483.000000
367.310000	4708.000000
367.315000	5306.000000
367.320000	5566.000000
367.325000	5253.000000
367.330000	5445.000000
367.335000	4791.000000
367.340000	5622.000000
367.345000	5254.000000
367.350000	5086.000000
367.355000	5787.000000
367.360000	6187.000000
367.365000	6483.000000
367.370000	6655.000000
367.375000	7131.000000
367.380000	7096.000000
367.385000	7502.000000
367.390000	7658.000000
367.395000	8681.000000
367.400000	7421.000000
367.405000	8722.000000
367.410000	9087.000000
367.415000	10438.000000
367.420000	10176.000000
367.425000	10098.000000
367.430000	10256.000000
367.435000	9786.000000
367.440000	8974.000000
367.445000	8551.000000
367.450000	8184.000000
367.455000	8385.000000
367.460000	7687.000000
367.465000	8177.000000
367.470000	8034.000000
367.475000	8315.000000
367.480000	8597.000000
367.485000	9296.000000
367.490000	10158.000000
367.495000	11871.000000
367.500000	13233.000000
367.505000	14908.000000
367.510000	14209.000000
367.515000	13881.000000
367.520000	12376.000000
367.525000	12169.000000
367.530000	11036.000000
367.535000	12010.000000
367.540000	11206.000000
367.545000	12101.000000
367.550000	12099.000000
367.555000	11628.000000
367.560000	11842.000000
367.565000	12121.000000
367.570000	12695.000000
367.575000	12163.000000
367.580000	11794.000000
367.585000	12075.000000
367.590000	11571.000000
367.595000	11765.000000
367.600000	12244.000000
367.605000	12352.000000
367.610000	12521.000000
367.615000	12065.000000
367.620000	12807.000000
367.625000	12457.000000
367.630000	12763.000000
367.635000	12891.000000
367.640000	13585.000000
367.645000	13451.000000
367.650000	14148.000000
367.655000	14078.000000
367.660000	14217.000000
367.665000	14014.000000
367.670000	15270.000000
367.675000	15084.000000
367.680000	15706.000000
367.685000	16247.000000
367.690000	16284.000000
367.695000	16427.000000
367.700000	16732.000000
367.705000	17205.000000
367.710000	16962.000000
367.715000	17562.000000
367.720000	17481.000000
367.725000	18773.000000
367.730000	19627.000000
367.735000	18818.000000
367.740000	19567.000000
367.745000	20732.000000
367.750000	20996.000000
367.755000	21315.000000
367.760000	21675.000000
367.765000	21693.000000
367.770000	22709.000000
367.775000	22740.000000
367.780000	22558.000000
367.785000	23834.000000
367.790000	24126.000000
367.795000	24050.000000
367.800000	25178.000000
367.805000	25851.000000
367.810000	25245.000000
367.815000	25804.000000
367.820000	27106.000000
367.825000	27462.000000
367.830000	27920.000000
367.835000	28833.000000
367.840000	29812.000000
367.845000	30501.000000
367.850000	29981.000000
367.855000	30856.000000
367.860000	31956.000000
367.865000	32416.000000
367.870000	32967.000000
367.875000	33385.000000
367.880000	34461.000000
367.885000	35652.000000
367.890000	36107.000000
367.895000	35890.000000
367.900000	37694.000000
367.905000	39508.000000
367.910000	38897.000000
367.915000	39812.000000
367.920000	40054.000000
367.925000	42432.000000
367.930000	44326.000000
367.935000	44152.000000
367.940000	44376.000000
367.945000	46454.000000
367.950000	46367.000000
367.955000	45655.000000
367.960000	48180.000000
367.965000	49493.000000
367.970000	51409.000000
367.975000	52606.000000
367.980000	55091.000000
367.985000	56725.000000
367.990000	60707.000000
367.995000	61241.000000
368.000000	66410.000000
368.005000	70665.000000
368.010000	79737.000000
368.015000	91101.000000
368.020000	116275.000000
368.025000	168382.000000
368.030000	174208.000000
368.035000	150523.000000
368.040000	124542.000000
368.045000	110705.000000
368.050000	97055.000000
368.055000	87384.000000
368.060000	84211.000000
368.065000	81045.000000
368.070000	82682.000000
368.075000	82975.000000
368.080000	84776.000000
368.085000	85513.000000
368.090000	89067.000000
368.095000	91195.000000
368.100000	95038.000000
368.105000	97550.000000
368.110000	96593.000000
368.115000	101074.000000
368.120000	105248.000000
368.125000	106644.000000
368.130000	108910.000000
368.135000	111172.000000
368.140000	113640.000000
368.145000	117995.000000
368.150000	122588.000000
368.155000	125396.000000
368.160000	126695.000000
368.165000	133638.000000
368.170000	138810.000000
368.175000	140452.000000
368.180000	145945.000000
368.185000	151706.000000
368.190000	155131.000000
368.195000	159691.000000
368.200000	165737.000000
368.205000	169986.000000
368.210000	171559.000000
368.215000	179103.000000
368.220000	181540.000000
368.225000	187479.000000
368.230000	194280.000000
368.235000	196642.000000
368.240000	202355.000000
368.245000	206720.000000
368.250000	213537.000000
368.255000	213914.000000
368.260000	219512.000000
368.265000	223398.000000
368.270000	229746.000000
368.275000	238148.000000
368.280000	238786.000000
368.285000	246326.000000
368.290000	251811.000000
368.295000	254556.000000
368.300000	259486.000000
368.305000	264712.000000
368.310000	267874.000000
368.315000	275061.000000
368.320000	276966.000000
368.325000	278583.000000
368.330000	280764.000000
368.335000	288448.000000
368.340000	291960.000000
368.345000	293345.000000
368.350000	301850.000000
368.355000	306392.000000
368.360000	310377.000000
368.365000	312586.000000
368.370000	314910.000000
368.375000	319290.000000
368.380000	327060.000000
368.385000	329960.000000
368.390000	333681.000000
368.395000	336471.000000
368.400000	344075.000000
368.405000	348609.000000
368.410000	353637.000000
368.415000	357410.000000
368.420000	356626.000000
368.425000	358723.000000
368.430000	365535.000000
368.435000	367073.000000
368.440000	371333.000000
368.445000	365155.000000
368.450000	360733.000000
368.455000	355279.000000
368.460000	353633.000000
368.465000	343462.000000
368.470000	328673.000000
368.475000	317222.000000
368.480000	297871.000000
368.485000	275355.000000
368.490000	257067.000000
368.495000	241408.000000
368.500000	222769.000000
368.505000	207525.000000
368.510000	195994.000000
368.515000	182860.000000
368.520000	171116.000000
368.525000	164749.000000
368.530000	155902.000000
368.535000	146092.000000
368.540000	144315.000000
368.545000	137597.000000
368.550000	132702.000000
368.555000	128537.000000
368.560000	125190.000000
368.565000	119386.000000
368.570000	116133.000000
368.575000	113685.000000
368.580000	109541.000000
368.585000	105979.000000
368.590000	104512.000000
368.595000	102664.000000
368.600000	106098.000000
368.605000	106003.000000
368.610000	103123.000000
368.615000	96674.000000
368.620000	93006.000000
368.625000	90153.000000
368.630000	88874.000000
368.635000	88825.000000
368.640000	92676.000000
368.645000	91563.000000
368.650000	87451.000000
368.655000	81225.000000
368.660000	77475.000000
368.665000	76021.000000
368.670000	76617.000000
368.675000	77334.000000
368.680000	74668.000000
368.685000	70444.000000
368.690000	68251.000000
368.695000	66951.000000
368.700000	64809.000000
368.705000	64514.000000
368.710000	65314.000000
368.715000	66158.000000
368.720000	69848.000000
368.725000	68890.000000
368.730000	61879.000000
368.735000	60496.000000
368.740000	56590.000000
368.745000	55637.000000
368.750000	54200.000000
368.755000	51773.000000
368.760000	51008.000000
368.765000	49422.000000
368.770000	50398.000000
368.775000	49900.000000
368.780000	47704.000000
368.785000	47670.000000
368.790000	47296.000000
368.795000	45706.000000
368.800000	46664.000000
368.805000	46290.000000
368.810000	47030.000000
368.815000	46359.000000
368.820000	48060.000000
368.825000	47976.000000
368.830000	48943.000000
368.835000	49894.000000
368.840000	54539.000000
368.845000	60411.000000
368.850000	65919.000000
368.855000	61540.000000
368.860000	65584.000000
368.865000	70105.000000
368.870000	72730.000000
368.875000	62643.000000
368.880000	50696.000000
368.885000	44247.000000
368.890000	39645.000000
368.895000	37371.000000
368.900000	35839.000000
368.905000	33823.000000
368.910000	33631.000000
368.915000	33275.000000
368.920000	32123.000000
368.925000	32583.000000
368.930000	31596.000000
368.935000	31182.000000
368.940000	30359.000000
368.945000	30080.000000
368.950000	29107.000000
368.955000	29134.000000
368.960000	28647.000000
368.965000	27634.000000
368.970000	28296.000000
368.975000	28460.000000
368.980000	26616.000000
368.985000	26749.000000
368.990000	26980.000000
368.995000	26387.000000
369.000000	26183.000000
369.005000	26055.000000
369.010000	26652.000000
369.015000	26153.000000
369.020000	25550.000000
369.025000	25700.000000
369.030000	25032.000000
369.035000	25254.000000
369.040000	24712.000000
369.045000	25075.000000
369.050000	24109.000000
369.055000	25318.000000
369.060000	24327.000000
369.065000	24287.000000
369.070000	24586.000000
369.075000	25204.000000
369.080000	23951.000000
369.085000	23820.000000
369.090000	25196.000000
369.095000	24607.000000
369.100000	24938.000000
369.105000	24828.000000
369.110000	25401.000000
369.115000	24933.000000
369.120000	25643.000000
369.125000	26255.000000
369.130000	26340.000000
369.135000	27223.000000
369.140000	28912.000000
369.145000	29139.000000
369.150000	31521.000000
369.155000	34201.000000
369.160000	39194.000000
369.165000	44536.000000
369.170000	49990.000000
369.175000	57459.000000
369.180000	69629.000000
369.185000	84394.000000
369.190000	113779.000000
369.195000	181679.000000
369.200000	323635.000000
369.205000	357284.000000
369.210000	236824.000000
369.215000	127859.000000
369.220000	83358.000000
369.225000	58125.000000
369.230000	49859.000000
369.235000	42551.000000
369.240000	36577.000000
369.245000	32656.000000
369.250000	29059.000000
369.255000	26165.000000
369.260000	23896.000000
369.265000	21977.000000
369.270000	21334.000000
369.275000	20867.000000
369.280000	19796.000000
369.285000	20091.000000
369.290000	19313.000000
369.295000	19057.000000
369.300000	17014.000000
369.305000	17782.000000
369.310000	17817.000000
369.315000	18024.000000
369.320000	18339.000000
369.325000	16676.000000
369.330000	16539.000000
369.335000	16773.000000
369.340000	17228.000000
369.345000	15939.000000
369.350000	16732.000000
369.355000	15954.000000
369.360000	16510.000000
369.365000	16977.000000
369.370000	16692.000000
369.375000	15885.000000
369.380000	15737.000000
369.385000	15482.000000
369.390000	15494.000000
369.395000	15728.000000
369.400000	15943.000000
369.405000	15736.000000
369.410000	14614.000000
369.415000	14482.000000
369.420000	14663.000000
369.425000	14604.000000
369.430000	14302.000000
369.435000	14701.000000
369.440000	14666.000000
369.445000	14297.000000
369.450000	14415.000000
369.455000	14676.000000
369.460000	14698.000000
369.465000	13239.000000
369.470000	14101.000000
369.475000	14040.000000
369.480000	14150.000000
369.485000	13239.000000
369.490000	13464.000000
369.495000	14001.000000
369.500000	13052.000000
369.505000	13044.000000
369.510000	12874.000000
369.515000	12902.000000
369.520000	13348.000000
369.525000	13008.000000
369.530000	13175.000000
369.535000	12837.000000
369.540000	12938.000000
369.545000	12768.000000
369.550000	12390.000000
369.555000	12590.000000
369.560000	12546.000000
369.565000	12080.000000
369.570000	12652.000000
369.575000	12038.000000
369.580000	12299.000000
369.585000	12174.000000
369.590000	12166.000000
369.595000	12565.000000
369.600000	12513.000000
369.605000	12256.000000
369.610000	12318.000000
369.615000	12161.000000
369.620000	12709.000000
369.625000	12011.000000
369.630000	11518.000000
369.635000	11098.000000
369.640000	11217.000000
369.645000	11272.000000
369.650000	12281.000000
369.655000	11199.000000
369.660000	10922.000000
369.665000	11526.000000
369.670000	11774.000000
369.675000	11044.000000
369.680000	10553.000000
369.685000	10672.000000
369.690000	11329.000000
369.695000	9846.000000
369.700000	11209.000000
369.705000	10601.000000
369.710000	10965.000000
369.715000	10628.000000
369.720000	10182.000000
369.725000	10235.000000
369.730000	10607.000000
369.735000	10324.000000
369.740000	10518.000000
369.745000	10603.000000
369.750000	9992.000000
369.755000	10497.000000
369.760000	10332.000000
369.765000	9931.000000
369.770000	10243.000000
369.775000	10675.000000
369.780000	10628.000000
369.785000	10386.000000
369.790000	9815.000000
369.795000	10402.000000
369.800000	9836.000000
369.805000	10033.000000
369.810000	9180.000000
369.815000	9312.000000
369.820000	10022.000000
369.825000	10440.000000
369.830000	9166.000000
369.835000	9926.000000
369.840000	9687.000000
369.845000	10176.000000
369.850000	9062.000000
369.855000	9614.000000
369.860000	8900.000000
369.865000	9713.000000
369.870000	8916.000000
369.875000	8884.000000
369.880000	9703.000000
369.885000	9379.000000
369.890000	9479.000000
369.895000	9991.000000
369.900000	9156.000000
369.905000	8637.000000
369.910000	9386.000000
369.915000	8908.000000
369.920000	9414.000000
369.925000	8398.000000
369.930000	8718.000000
369.935000	9457.000000
369.940000	8416.000000
369.945000	8156.000000
369.950000	8853.000000
369.955000	8998.000000
369.960000	8905.000000
369.965000	8686.000000
369.970000	8464.000000
369.975000	8251.000000
369.980000	8038.000000
369.985000	8376.000000
369.990000	7831.000000
369.995000	8520.000000
370.000000	8253.000000
370.005000	7903.000000
370.010000	8308.000000
370.015000	8282.000000
370.020000	8339.000000
370.025000	8551.000000
370.030000	8050.000000
370.035000	8106.000000
370.040000	7938.000000
370.045000	8159.000000
370.050000	8250.000000
370.055000	8434.000000
370.060000	8137.000000
370.065000	8103.000000
370.070000	7936.000000
370.075000	7831.000000
370.080000	7557.000000
370.085000	8481.000000
370.090000	7381.000000
370.095000	8238.000000
370.100000	7783.000000
370.105000	7830.000000
370.110000	7685.000000
370.115000	7315.000000
370.120000	7852.000000
370.125000	7642.000000
370.130000	7917.000000
370.135000	8137.000000
370.140000	7486.000000
370.145000	7557.000000
370.150000	7411.000000
370.155000	7626.000000
370.160000	8144.000000
370.165000	7634.000000
370.170000	6775.000000
370.175000	7218.000000
370.180000	7060.000000
370.185000	7873.000000
370.190000	7453.000000
370.195000	7775.000000
370.200000	7796.000000
370.205000	7213.000000
370.210000	6987.000000
370.215000	7398.000000
370.220000	7202.000000
370.225000	7087.000000
370.230000	7111.000000
370.235000	7026.000000
370.240000	7132.000000
370.245000	7040.000000
370.250000	7318.000000
370.255000	7056.000000
370.260000	7513.000000
370.265000	7143.000000
370.270000	6994.000000
370.275000	6921.000000
370.280000	6481.000000
370.285000	7218.000000
370.290000	7064.000000
370.295000	7235.000000
370.300000	6838.000000
370.305000	7251.000000
370.310000	6597.000000
370.315000	6915.000000
370.320000	6822.000000
370.325000	7217.000000
370.330000	7021.000000
370.335000	7057.000000
370.340000	7117.000000
370.345000	7204.000000
370.350000	6421.000000
370.355000	6936.000000
370.360000	6940.000000
370.365000	6665.000000
370.370000	6689.000000
370.375000	6315.000000
370.380000	6638.000000
370.385000	6581.000000
370.390000	6646.000000
370.395000	6741.000000
370.400000	6452.000000
370.405000	6494.000000
370.410000	6447.000000
370.415000	6339.000000
370.420000	6257.000000
370.425000	6405.000000
370.430000	6764.000000
370.435000	6573.000000
370.440000	6818.000000
370.445000	6283.000000
370.450000	6001.000000
370.455000	6082.000000
370.460000	6041.000000
370.465000	6210.000000
370.470000	6115.000000
370.475000	5980.000000
370.480000	6038.000000
370.485000	6219.000000
370.490000	6130.000000
370.495000	6110.000000
370.500000	6228.000000
370.505000	6071.000000
370.510000	6183.000000
370.515000	5675.000000
370.520000	6210.000000
370.525000	5796.000000
370.530000	6066.000000
370.535000	6217.000000
370.540000	5503.000000
370.545000	5654.000000
370.550000	5669.000000
370.555000	5555.000000
370.560000	6111.000000
370.565000	6010.000000
370.570000	5874.000000
370.575000	6060.000000
370.580000	5591.000000
370.585000	6036.000000
370.590000	5958.000000
370.595000	5852.000000
370.600000	5459.000000
370.605000	5569.000000
370.610000	5830.000000
370.615000	5643.000000
370.620000	5629.000000
370.625000	6225.000000
370.630000	5670.000000
370.635000	5629.000000
370.640000	5509.000000
370.645000	6250.000000
370.650000	5214.000000
370.655000	5528.000000
370.660000	6034.000000
370.665000	5686.000000
370.670000	5856.000000
370.675000	5640.000000
370.680000	5351.000000
370.685000	5887.000000
370.690000	5742.000000
370.695000	6236.000000
370.700000	5407.000000
370.705000	5581.000000
370.710000	5636.000000
370.715000	6358.000000
370.720000	5612.000000
370.725000	5350.000000
370.730000	5337.000000
370.735000	5519.000000
370.740000	6000.000000
370.745000	5474.000000
370.750000	5589.000000
370.755000	5588.000000
370.760000	5596.000000
370.765000	5400.000000
370.770000	5515.000000
370.775000	5325.000000
370.780000	4993.000000
370.785000	5299.000000
370.790000	4897.000000
370.795000	5374.000000
370.800000	5451.000000
370.805000	5425.000000
370.810000	4878.000000
370.815000	5061.000000
370.820000	5152.000000
370.825000	5607.000000
370.830000	5092.000000
370.835000	5088.000000
370.840000	5228.000000
370.845000	5297.000000
370.850000	5129.000000
370.855000	4912.000000
370.860000	5125.000000
370.865000	4793.000000
370.870000	5061.000000
370.875000	5152.000000
370.880000	5432.000000
370.885000	5565.000000
370.890000	4896.000000
370.895000	5299.000000
370.900000	5444.000000
370.905000	4917.000000
370.910000	5177.000000
370.915000	4851.000000
370.920000	5001.000000
370.925000	4790.000000
370.930000	4846.000000
370.935000	5187.000000
370.940000	4745.000000
370.945000	4966.000000
370.950000	5531.000000
370.955000	5350.000000
370.960000	4605.000000
370.965000	5126.000000
370.970000	4710.000000
370.975000	5247.000000
370.980000	5076.000000
370.985000	5365.000000
370.990000	5162.000000
370.995000	5021.000000
371.000000	4994.000000
371.005000	5101.000000
371.010000	4606.000000
371.015000	4485.000000
371.020000	4697.000000
371.025000	4917.000000
371.030000	4966.000000
371.035000	4410.000000
371.040000	4375.000000
371.045000	4733.000000
371.050000	4671.000000
371.055000	4175.000000
371.060000	4555.000000
371.065000	4916.000000
371.070000	4439.000000
371.075000	4583.000000
371.080000	4487.000000
371.085000	4415.000000
371.090000	4810.000000
371.095000	4770.000000
371.100000	4500.000000
371.105000	4651.000000
371.110000	5010.000000
371.115000	5008.000000
371.120000	4964.000000
371.125000	5382.000000
371.130000	4504.000000
371.135000	4763.000000
371.140000	4235.000000
371.145000	4525.000000
371.150000	4385.000000
371.155000	4716.000000
371.160000	4673.000000
371.165000	4261.000000
371.170000	4837.000000
371.175000	4730.000000
371.180000	4366.000000
371.185000	4474.000000
371.190000	4703.000000
371.195000	4599.000000
371.200000	4345.000000
371.205000	4518.000000
371.210000	4670.000000
371.215000	4570.000000
371.220000	4622.000000
371.225000	4442.000000
371.230000	4424.000000
371.235000	4745.000000
371.240000	4378.000000
371.245000	5042.000000
371.250000	4347.000000
371.255000	4615.000000
371.260000	4164.000000
371.265000	4584.000000
371.270000	4363.000000
371.275000	4124.000000
371.280000	4218.000000
371.285000	4045.000000
371.290000	4576.000000
371.295000	4160.000000
371.300000	5145.000000
371.305000	4115.000000
371.310000	4353.000000
371.315000	4305.000000
371.320000	4145.000000
371.325000	4101.000000
371.330000	4561.000000
371.335000	4414.000000
371.340000	4342.000000
371.345000	4172.000000
371.350000	4455.000000
371.355000	4288.000000
371.360000	4396.000000
371.365000	4295.000000
371.370000	4220.000000
371.375000	3998.000000
371.380000	4182.000000
371.385000	4305.000000
371.390000	4237.000000
371.395000	4513.000000
371.400000	4061.000000
371.405000	4173.000000
371.410000	4441.000000
371.415000	4191.000000
371.420000	4111.000000
371.425000	4212.000000
371.430000	4393.000000
371.435000	4611.000000
371.440000	4580.000000
371.445000	4772.000000
371.450000	4512.000000
371.455000	4531.000000
371.460000	4426.000000
371.465000	3999.000000
371.470000	4382.000000
371.475000	4118.000000
371.480000	4189.000000
371.485000	4304.000000
371.490000	4263.000000
371.495000	4509.000000
371.500000	4576.000000
371.505000	4029.000000
371.510000	4119.000000
371.515000	4075.000000
371.520000	4140.000000
371.525000	4327.000000
371.530000	4052.000000
371.535000	3939.000000
371.540000	3926.000000
371.545000	3982.000000
371.550000	4206.000000
371.555000	4146.000000
371.560000	4185.000000
371.565000	4351.000000
371.570000	4279.000000
371.575000	4020.000000
371.580000	4057.000000
371.585000	3758.000000
371.590000	3615.000000
371.595000	4256.000000
371.600000	3790.000000
371.605000	4336.000000
371.610000	4093.000000
371.615000	4169.000000
371.620000	3813.000000
371.625000	3806.000000
371.630000	3944.000000
371.635000	4119.000000
371.640000	3993.000000
371.645000	4212.000000
371.650000	3988.000000
371.655000	4273.000000
371.660000	4151.000000
371.665000	3805.000000
371.670000	4259.000000
371.675000	4388.000000
371.680000	4234.000000
371.685000	4222.000000
371.690000	3902.000000
371.695000	4240.000000
371.700000	4339.000000
371.705000	4513.000000
371.710000	4474.000000
371.715000	4304.000000
371.720000	4419.000000
371.725000	4523.000000
371.730000	4502.000000
371.735000	4170.000000
371.740000	4452.000000
371.745000	4781.000000
371.750000	4788.000000
371.755000	4994.000000
371.760000	4784.000000
371.765000	4703.000000
371.770000	4590.000000
371.775000	4594.000000
371.780000	5201.000000
371.785000	4813.000000
371.790000	4837.000000
371.795000	4940.000000
371.800000	5420.000000
371.805000	4952.000000
371.810000	5287.000000
371.815000	5836.000000
371.820000	6164.000000
371.825000	5872.000000
371.830000	6958.000000
371.835000	8071.000000
371.840000	8829.000000
371.845000	11341.000000
371.850000	15348.000000
371.855000	17854.000000
371.860000	21502.000000
371.865000	25865.000000
371.870000	35030.000000
371.875000	53329.000000
371.880000	103449.000000
371.885000	171964.000000
371.890000	171907.000000
371.895000	114741.000000
371.900000	77934.000000
371.905000	61011.000000
371.910000	42566.000000
371.915000	27040.000000
371.920000	17868.000000
371.925000	11280.000000
371.930000	9626.000000
371.935000	7388.000000
371.940000	7299.000000
371.945000	6876.000000
371.950000	6626.000000
371.955000	6500.000000
371.960000	6195.000000
371.965000	6164.000000
371.970000	6192.000000
371.975000	6715.000000
371.980000	6558.000000
371.985000	6470.000000
371.990000	7188.000000
371.995000	7383.000000
372.000000	6782.000000
372.005000	6962.000000
372.010000	7240.000000
372.015000	7372.000000
372.020000	7494.000000
372.025000	7827.000000
372.030000	7826.000000
372.035000	7766.000000
372.040000	7824.000000
372.045000	7927.000000
372.050000	8260.000000
372.055000	8416.000000
372.060000	8172.000000
372.065000	7839.000000
372.070000	8209.000000
372.075000	7966.000000
372.080000	8060.000000
372.085000	7938.000000
372.090000	8055.000000
372.095000	8448.000000
372.100000	8773.000000
372.105000	8388.000000
372.110000	8673.000000
372.115000	8368.000000
372.120000	8308.000000
372.125000	8282.000000
372.130000	8458.000000
372.135000	8081.000000
372.140000	7987.000000
372.145000	8364.000000
372.150000	8372.000000
372.155000	8437.000000
372.160000	7556.000000
372.165000	7584.000000
372.170000	7318.000000
372.175000	7459.000000
372.180000	7681.000000
372.185000	7081.000000
372.190000	7020.000000
372.195000	6991.000000
372.200000	6868.000000
372.205000	6792.000000
372.210000	6410.000000
372.215000	6841.000000
372.220000	6528.000000
372.225000	6720.000000
372.230000	6456.000000
372.235000	6333.000000
372.240000	6372.000000
372.245000	5862.000000
372.250000	5871.000000
372.255000	6043.000000
372.260000	5662.000000
372.265000	5872.000000
372.270000	5610.000000
372.275000	5018.000000
372.280000	5864.000000
372.285000	5173.000000
372.290000	5119.000000
372.295000	5072.000000
372.300000	5480.000000
