Sample ID:		H1088 Mg coat 20um slit 20mW power
Start Time:		Thu Jul 09 2020 8:43:56 PM
Averaging Time:		1.000s

360.000000	5.000000
360.005000	1.000000
360.010000	34.000000
360.015000	9.000000
360.020000	27.000000
360.025000	14.000000
360.030000	13.000000
360.035000	5.000000
360.040000	21.000000
360.045000	8.000000
360.050000	2.000000
360.055000	9.000000
360.060000	22.000000
360.065000	5.000000
360.070000	11.000000
360.075000	4.000000
360.080000	3.000000
360.085000	0.000000
360.090000	4.000000
360.095000	65.000000
360.100000	7.000000
360.105000	1.000000
360.110000	0.000000
360.115000	23.000000
360.120000	4.000000
360.125000	3.000000
360.130000	2.000000
360.135000	5.000000
360.140000	15.000000
360.145000	0.000000
360.150000	2.000000
360.155000	2.000000
360.160000	1.000000
360.165000	2.000000
360.170000	20.000000
360.175000	50.000000
360.180000	5.000000
360.185000	35.000000
360.190000	12.000000
360.195000	10.000000
360.200000	4.000000
360.205000	16.000000
360.210000	3.000000
360.215000	1.000000
360.220000	15.000000
360.225000	3.000000
360.230000	13.000000
360.235000	4.000000
360.240000	12.000000
360.245000	3.000000
360.250000	10.000000
360.255000	3.000000
360.260000	1.000000
360.265000	6.000000
360.270000	6.000000
360.275000	23.000000
360.280000	0.000000
360.285000	6.000000
360.290000	5.000000
360.295000	16.000000
360.300000	43.000000
360.305000	5.000000
360.310000	0.000000
360.315000	7.000000
360.320000	16.000000
360.325000	11.000000
360.330000	5.000000
360.335000	7.000000
360.340000	28.000000
360.345000	5.000000
360.350000	4.000000
360.355000	8.000000
360.360000	34.000000
360.365000	28.000000
360.370000	0.000000
360.375000	12.000000
360.380000	11.000000
360.385000	5.000000
360.390000	0.000000
360.395000	2.000000
360.400000	13.000000
360.405000	19.000000
360.410000	10.000000
360.415000	3.000000
360.420000	18.000000
360.425000	43.000000
360.430000	4.000000
360.435000	42.000000
360.440000	0.000000
360.445000	40.000000
360.450000	10.000000
360.455000	6.000000
360.460000	10.000000
360.465000	0.000000
360.470000	30.000000
360.475000	20.000000
360.480000	17.000000
360.485000	20.000000
360.490000	13.000000
360.495000	28.000000
360.500000	3.000000
360.505000	13.000000
360.510000	36.000000
360.515000	0.000000
360.520000	17.000000
360.525000	7.000000
360.530000	28.000000
360.535000	4.000000
360.540000	17.000000
360.545000	44.000000
360.550000	1.000000
360.555000	13.000000
360.560000	16.000000
360.565000	11.000000
360.570000	20.000000
360.575000	12.000000
360.580000	5.000000
360.585000	31.000000
360.590000	11.000000
360.595000	102.000000
360.600000	41.000000
360.605000	32.000000
360.610000	25.000000
360.615000	11.000000
360.620000	6.000000
360.625000	6.000000
360.630000	2.000000
360.635000	9.000000
360.640000	10.000000
360.645000	11.000000
360.650000	34.000000
360.655000	7.000000
360.660000	9.000000
360.665000	22.000000
360.670000	57.000000
360.675000	17.000000
360.680000	16.000000
360.685000	7.000000
360.690000	11.000000
360.695000	17.000000
360.700000	19.000000
360.705000	12.000000
360.710000	33.000000
360.715000	30.000000
360.720000	13.000000
360.725000	9.000000
360.730000	25.000000
360.735000	22.000000
360.740000	14.000000
360.745000	17.000000
360.750000	17.000000
360.755000	2.000000
360.760000	11.000000
360.765000	11.000000
360.770000	6.000000
360.775000	25.000000
360.780000	12.000000
360.785000	10.000000
360.790000	23.000000
360.795000	6.000000
360.800000	58.000000
360.805000	28.000000
360.810000	5.000000
360.815000	25.000000
360.820000	9.000000
360.825000	9.000000
360.830000	4.000000
360.835000	9.000000
360.840000	9.000000
360.845000	10.000000
360.850000	8.000000
360.855000	9.000000
360.860000	27.000000
360.865000	8.000000
360.870000	60.000000
360.875000	15.000000
360.880000	17.000000
360.885000	14.000000
360.890000	3.000000
360.895000	20.000000
360.900000	22.000000
360.905000	0.000000
360.910000	16.000000
360.915000	9.000000
360.920000	40.000000
360.925000	12.000000
360.930000	6.000000
360.935000	7.000000
360.940000	17.000000
360.945000	84.000000
360.950000	32.000000
360.955000	27.000000
360.960000	14.000000
360.965000	63.000000
360.970000	48.000000
360.975000	3.000000
360.980000	91.000000
360.985000	34.000000
360.990000	15.000000
360.995000	54.000000
361.000000	10.000000
361.005000	14.000000
361.010000	30.000000
361.015000	21.000000
361.020000	10.000000
361.025000	27.000000
361.030000	34.000000
361.035000	43.000000
361.040000	30.000000
361.045000	5.000000
361.050000	64.000000
361.055000	24.000000
361.060000	12.000000
361.065000	25.000000
361.070000	19.000000
361.075000	25.000000
361.080000	8.000000
361.085000	26.000000
361.090000	13.000000
361.095000	4.000000
361.100000	11.000000
361.105000	17.000000
361.110000	14.000000
361.115000	44.000000
361.120000	39.000000
361.125000	21.000000
361.130000	15.000000
361.135000	17.000000
361.140000	29.000000
361.145000	7.000000
361.150000	52.000000
361.155000	81.000000
361.160000	47.000000
361.165000	7.000000
361.170000	26.000000
361.175000	10.000000
361.180000	14.000000
361.185000	18.000000
361.190000	14.000000
361.195000	27.000000
361.200000	36.000000
361.205000	8.000000
361.210000	10.000000
361.215000	14.000000
361.220000	32.000000
361.225000	41.000000
361.230000	31.000000
361.235000	33.000000
361.240000	41.000000
361.245000	47.000000
361.250000	68.000000
361.255000	37.000000
361.260000	13.000000
361.265000	107.000000
361.270000	88.000000
361.275000	38.000000
361.280000	35.000000
361.285000	39.000000
361.290000	57.000000
361.295000	23.000000
361.300000	37.000000
361.305000	49.000000
361.310000	25.000000
361.315000	3.000000
361.320000	33.000000
361.325000	31.000000
361.330000	35.000000
361.335000	24.000000
361.340000	61.000000
361.345000	49.000000
361.350000	32.000000
361.355000	72.000000
361.360000	38.000000
361.365000	10.000000
361.370000	72.000000
361.375000	61.000000
361.380000	51.000000
361.385000	41.000000
361.390000	19.000000
361.395000	52.000000
361.400000	31.000000
361.405000	29.000000
361.410000	59.000000
361.415000	17.000000
361.420000	67.000000
361.425000	33.000000
361.430000	54.000000
361.435000	71.000000
361.440000	24.000000
361.445000	31.000000
361.450000	45.000000
361.455000	45.000000
361.460000	35.000000
361.465000	12.000000
361.470000	56.000000
361.475000	55.000000
361.480000	23.000000
361.485000	23.000000
361.490000	41.000000
361.495000	57.000000
361.500000	32.000000
361.505000	51.000000
361.510000	57.000000
361.515000	57.000000
361.520000	34.000000
361.525000	29.000000
361.530000	43.000000
361.535000	45.000000
361.540000	74.000000
361.545000	104.000000
361.550000	57.000000
361.555000	80.000000
361.560000	27.000000
361.565000	75.000000
361.570000	28.000000
361.575000	6.000000
361.580000	48.000000
361.585000	73.000000
361.590000	41.000000
361.595000	42.000000
361.600000	27.000000
361.605000	64.000000
361.610000	21.000000
361.615000	89.000000
361.620000	31.000000
361.625000	19.000000
361.630000	58.000000
361.635000	75.000000
361.640000	94.000000
361.645000	96.000000
361.650000	44.000000
361.655000	34.000000
361.660000	46.000000
361.665000	42.000000
361.670000	62.000000
361.675000	54.000000
361.680000	45.000000
361.685000	68.000000
361.690000	75.000000
361.695000	83.000000
361.700000	66.000000
361.705000	49.000000
361.710000	61.000000
361.715000	83.000000
361.720000	95.000000
361.725000	87.000000
361.730000	120.000000
361.735000	33.000000
361.740000	68.000000
361.745000	57.000000
361.750000	98.000000
361.755000	98.000000
361.760000	72.000000
361.765000	42.000000
361.770000	37.000000
361.775000	73.000000
361.780000	24.000000
361.785000	57.000000
361.790000	62.000000
361.795000	80.000000
361.800000	77.000000
361.805000	41.000000
361.810000	70.000000
361.815000	149.000000
361.820000	98.000000
361.825000	127.000000
361.830000	75.000000
361.835000	81.000000
361.840000	57.000000
361.845000	92.000000
361.850000	111.000000
361.855000	63.000000
361.860000	132.000000
361.865000	83.000000
361.870000	77.000000
361.875000	60.000000
361.880000	56.000000
361.885000	125.000000
361.890000	57.000000
361.895000	138.000000
361.900000	56.000000
361.905000	100.000000
361.910000	79.000000
361.915000	79.000000
361.920000	50.000000
361.925000	100.000000
361.930000	83.000000
361.935000	131.000000
361.940000	93.000000
361.945000	127.000000
361.950000	110.000000
361.955000	52.000000
361.960000	104.000000
361.965000	139.000000
361.970000	67.000000
361.975000	92.000000
361.980000	134.000000
361.985000	62.000000
361.990000	60.000000
361.995000	128.000000
362.000000	121.000000
362.005000	75.000000
362.010000	115.000000
362.015000	104.000000
362.020000	118.000000
362.025000	84.000000
362.030000	81.000000
362.035000	73.000000
362.040000	123.000000
362.045000	146.000000
362.050000	66.000000
362.055000	120.000000
362.060000	102.000000
362.065000	117.000000
362.070000	143.000000
362.075000	148.000000
362.080000	76.000000
362.085000	69.000000
362.090000	86.000000
362.095000	162.000000
362.100000	115.000000
362.105000	117.000000
362.110000	100.000000
362.115000	110.000000
362.120000	137.000000
362.125000	98.000000
362.130000	124.000000
362.135000	132.000000
362.140000	145.000000
362.145000	102.000000
362.150000	86.000000
362.155000	161.000000
362.160000	70.000000
362.165000	134.000000
362.170000	178.000000
362.175000	96.000000
362.180000	152.000000
362.185000	105.000000
362.190000	141.000000
362.195000	89.000000
362.200000	104.000000
362.205000	100.000000
362.210000	103.000000
362.215000	135.000000
362.220000	174.000000
362.225000	162.000000
362.230000	132.000000
362.235000	175.000000
362.240000	147.000000
362.245000	156.000000
362.250000	79.000000
362.255000	208.000000
362.260000	108.000000
362.265000	156.000000
362.270000	224.000000
362.275000	187.000000
362.280000	128.000000
362.285000	193.000000
362.290000	184.000000
362.295000	194.000000
362.300000	192.000000
362.305000	136.000000
362.310000	135.000000
362.315000	197.000000
362.320000	106.000000
362.325000	205.000000
362.330000	175.000000
362.335000	230.000000
362.340000	237.000000
362.345000	208.000000
362.350000	231.000000
362.355000	173.000000
362.360000	121.000000
362.365000	199.000000
362.370000	222.000000
362.375000	254.000000
362.380000	121.000000
362.385000	204.000000
362.390000	135.000000
362.395000	178.000000
362.400000	162.000000
362.405000	269.000000
362.410000	134.000000
362.415000	161.000000
362.420000	281.000000
362.425000	256.000000
362.430000	271.000000
362.435000	179.000000
362.440000	208.000000
362.445000	232.000000
362.450000	134.000000
362.455000	219.000000
362.460000	179.000000
362.465000	290.000000
362.470000	177.000000
362.475000	253.000000
362.480000	187.000000
362.485000	166.000000
362.490000	117.000000
362.495000	245.000000
362.500000	268.000000
362.505000	207.000000
362.510000	321.000000
362.515000	304.000000
362.520000	257.000000
362.525000	322.000000
362.530000	236.000000
362.535000	207.000000
362.540000	382.000000
362.545000	223.000000
362.550000	168.000000
362.555000	276.000000
362.560000	310.000000
362.565000	361.000000
362.570000	271.000000
362.575000	340.000000
362.580000	213.000000
362.585000	276.000000
362.590000	262.000000
362.595000	295.000000
362.600000	194.000000
362.605000	276.000000
362.610000	247.000000
362.615000	308.000000
362.620000	372.000000
362.625000	421.000000
362.630000	255.000000
362.635000	285.000000
362.640000	296.000000
362.645000	277.000000
362.650000	265.000000
362.655000	282.000000
362.660000	242.000000
362.665000	363.000000
362.670000	315.000000
362.675000	420.000000
362.680000	252.000000
362.685000	404.000000
362.690000	382.000000
362.695000	479.000000
362.700000	352.000000
362.705000	326.000000
362.710000	339.000000
362.715000	400.000000
362.720000	426.000000
362.725000	298.000000
362.730000	270.000000
362.735000	367.000000
362.740000	332.000000
362.745000	504.000000
362.750000	342.000000
362.755000	449.000000
362.760000	414.000000
362.765000	418.000000
362.770000	371.000000
362.775000	290.000000
362.780000	378.000000
362.785000	490.000000
362.790000	404.000000
362.795000	407.000000
362.800000	442.000000
362.805000	375.000000
362.810000	457.000000
362.815000	388.000000
362.820000	404.000000
362.825000	441.000000
362.830000	498.000000
362.835000	399.000000
362.840000	390.000000
362.845000	431.000000
362.850000	350.000000
362.855000	535.000000
362.860000	547.000000
362.865000	425.000000
362.870000	568.000000
362.875000	561.000000
362.880000	411.000000
362.885000	522.000000
362.890000	604.000000
362.895000	509.000000
362.900000	517.000000
362.905000	523.000000
362.910000	527.000000
362.915000	578.000000
362.920000	593.000000
362.925000	519.000000
362.930000	618.000000
362.935000	484.000000
362.940000	544.000000
362.945000	549.000000
362.950000	668.000000
362.955000	547.000000
362.960000	518.000000
362.965000	657.000000
362.970000	552.000000
362.975000	583.000000
362.980000	554.000000
362.985000	620.000000
362.990000	506.000000
362.995000	686.000000
363.000000	708.000000
363.005000	596.000000
363.010000	634.000000
363.015000	576.000000
363.020000	824.000000
363.025000	709.000000
363.030000	584.000000
363.035000	586.000000
363.040000	705.000000
363.045000	551.000000
363.050000	837.000000
363.055000	804.000000
363.060000	759.000000
363.065000	704.000000
363.070000	641.000000
363.075000	874.000000
363.080000	797.000000
363.085000	657.000000
363.090000	867.000000
363.095000	706.000000
363.100000	779.000000
363.105000	802.000000
363.110000	727.000000
363.115000	751.000000
363.120000	743.000000
363.125000	854.000000
363.130000	800.000000
363.135000	845.000000
363.140000	1143.000000
363.145000	854.000000
363.150000	1015.000000
363.155000	902.000000
363.160000	964.000000
363.165000	1047.000000
363.170000	951.000000
363.175000	848.000000
363.180000	1069.000000
363.185000	1096.000000
363.190000	1081.000000
363.195000	987.000000
363.200000	1118.000000
363.205000	1010.000000
363.210000	960.000000
363.215000	1095.000000
363.220000	1365.000000
363.225000	979.000000
363.230000	1209.000000
363.235000	1233.000000
363.240000	1036.000000
363.245000	1057.000000
363.250000	1117.000000
363.255000	1124.000000
363.260000	1260.000000
363.265000	1079.000000
363.270000	1366.000000
363.275000	1206.000000
363.280000	1127.000000
363.285000	1306.000000
363.290000	1255.000000
363.295000	1255.000000
363.300000	1240.000000
363.305000	1525.000000
363.310000	1616.000000
363.315000	1352.000000
363.320000	1466.000000
363.325000	1570.000000
363.330000	1531.000000
363.335000	1398.000000
363.340000	1275.000000
363.345000	1673.000000
363.350000	1327.000000
363.355000	1547.000000
363.360000	1661.000000
363.365000	1469.000000
363.370000	1478.000000
363.375000	1452.000000
363.380000	1570.000000
363.385000	1540.000000
363.390000	1811.000000
363.395000	1578.000000
363.400000	1702.000000
363.405000	1594.000000
363.410000	1974.000000
363.415000	1713.000000
363.420000	1840.000000
363.425000	1774.000000
363.430000	1875.000000
363.435000	1715.000000
363.440000	1950.000000
363.445000	2041.000000
363.450000	1893.000000
363.455000	2044.000000
363.460000	2132.000000
363.465000	1926.000000
363.470000	2199.000000
363.475000	2229.000000
363.480000	2263.000000
363.485000	2189.000000
363.490000	2413.000000
363.495000	2429.000000
363.500000	2357.000000
363.505000	2196.000000
363.510000	2384.000000
363.515000	2350.000000
363.520000	2204.000000
363.525000	2456.000000
363.530000	2309.000000
363.535000	2440.000000
363.540000	2435.000000
363.545000	2429.000000
363.550000	2485.000000
363.555000	2712.000000
363.560000	2489.000000
363.565000	2368.000000
363.570000	2899.000000
363.575000	2472.000000
363.580000	2697.000000
363.585000	2784.000000
363.590000	2722.000000
363.595000	2609.000000
363.600000	2957.000000
363.605000	2605.000000
363.610000	3181.000000
363.615000	2795.000000
363.620000	3487.000000
363.625000	3172.000000
363.630000	3212.000000
363.635000	3121.000000
363.640000	2888.000000
363.645000	3343.000000
363.650000	3321.000000
363.655000	3485.000000
363.660000	3568.000000
363.665000	3781.000000
363.670000	3580.000000
363.675000	3425.000000
363.680000	3489.000000
363.685000	3375.000000
363.690000	3973.000000
363.695000	4105.000000
363.700000	3849.000000
363.705000	3511.000000
363.710000	4199.000000
363.715000	3918.000000
363.720000	3757.000000
363.725000	3654.000000
363.730000	4106.000000
363.735000	4182.000000
363.740000	3926.000000
363.745000	3976.000000
363.750000	4130.000000
363.755000	4592.000000
363.760000	4693.000000
363.765000	4785.000000
363.770000	4853.000000
363.775000	4672.000000
363.780000	4457.000000
363.785000	4603.000000
363.790000	5075.000000
363.795000	4665.000000
363.800000	5023.000000
363.805000	4948.000000
363.810000	5084.000000
363.815000	5208.000000
363.820000	5356.000000
363.825000	5387.000000
363.830000	5475.000000
363.835000	5345.000000
363.840000	5530.000000
363.845000	5857.000000
363.850000	5616.000000
363.855000	5938.000000
363.860000	5582.000000
363.865000	5681.000000
363.870000	5897.000000
363.875000	5993.000000
363.880000	6053.000000
363.885000	5746.000000
363.890000	6451.000000
363.895000	6487.000000
363.900000	6295.000000
363.905000	6414.000000
363.910000	6342.000000
363.915000	6507.000000
363.920000	6257.000000
363.925000	6419.000000
363.930000	6223.000000
363.935000	6866.000000
363.940000	7352.000000
363.945000	7134.000000
363.950000	7413.000000
363.955000	7168.000000
363.960000	7580.000000
363.965000	7146.000000
363.970000	7341.000000
363.975000	7387.000000
363.980000	7465.000000
363.985000	7574.000000
363.990000	8108.000000
363.995000	7994.000000
364.000000	8395.000000
364.005000	7510.000000
364.010000	8413.000000
364.015000	7778.000000
364.020000	7926.000000
364.025000	8356.000000
364.030000	8256.000000
364.035000	8734.000000
364.040000	8794.000000
364.045000	8667.000000
364.050000	8940.000000
364.055000	8737.000000
364.060000	9671.000000
364.065000	8997.000000
364.070000	9459.000000
364.075000	8825.000000
364.080000	9389.000000
364.085000	9265.000000
364.090000	9314.000000
364.095000	9293.000000
364.100000	9465.000000
364.105000	9105.000000
364.110000	9855.000000
364.115000	9607.000000
364.120000	9432.000000
364.125000	9977.000000
364.130000	10269.000000
364.135000	9874.000000
364.140000	10147.000000
364.145000	10253.000000
364.150000	10071.000000
364.155000	10618.000000
364.160000	10397.000000
364.165000	10685.000000
364.170000	10396.000000
364.175000	10942.000000
364.180000	10267.000000
364.185000	10998.000000
364.190000	10857.000000
364.195000	10756.000000
364.200000	11355.000000
364.205000	11822.000000
364.210000	10935.000000
364.215000	11884.000000
364.220000	11486.000000
364.225000	11783.000000
364.230000	11792.000000
364.235000	11718.000000
364.240000	11959.000000
364.245000	11910.000000
364.250000	11945.000000
364.255000	11775.000000
364.260000	11815.000000
364.265000	12165.000000
364.270000	11927.000000
364.275000	12127.000000
364.280000	13084.000000
364.285000	12637.000000
364.290000	12376.000000
364.295000	12560.000000
364.300000	12756.000000
364.305000	12482.000000
364.310000	12353.000000
364.315000	12304.000000
364.320000	12206.000000
364.325000	12691.000000
364.330000	12691.000000
364.335000	12480.000000
364.340000	12862.000000
364.345000	12898.000000
364.350000	12790.000000
364.355000	13087.000000
364.360000	13366.000000
364.365000	12935.000000
364.370000	12719.000000
364.375000	13247.000000
364.380000	12927.000000
364.385000	12475.000000
364.390000	12986.000000
364.395000	12325.000000
364.400000	13150.000000
364.405000	13815.000000
364.410000	13220.000000
364.415000	13262.000000
364.420000	14052.000000
364.425000	13188.000000
364.430000	13740.000000
364.435000	13083.000000
364.440000	13452.000000
364.445000	13542.000000
364.450000	13574.000000
364.455000	13398.000000
364.460000	13663.000000
364.465000	14342.000000
364.470000	13706.000000
364.475000	13874.000000
364.480000	13380.000000
364.485000	14037.000000
364.490000	13656.000000
364.495000	14188.000000
364.500000	14106.000000
364.505000	14217.000000
364.510000	14042.000000
364.515000	13416.000000
364.520000	13870.000000
364.525000	13665.000000
364.530000	13260.000000
364.535000	14365.000000
364.540000	13041.000000
364.545000	13450.000000
364.550000	14189.000000
364.555000	14077.000000
364.560000	13262.000000
364.565000	13772.000000
364.570000	13374.000000
364.575000	13875.000000
364.580000	13900.000000
364.585000	13896.000000
364.590000	13706.000000
364.595000	13811.000000
364.600000	13718.000000
364.605000	13253.000000
364.610000	12392.000000
364.615000	13911.000000
364.620000	13829.000000
364.625000	12687.000000
364.630000	12694.000000
364.635000	13546.000000
364.640000	14159.000000
364.645000	13439.000000
364.650000	12938.000000
364.655000	13400.000000
364.660000	13246.000000
364.665000	12929.000000
364.670000	13266.000000
364.675000	13296.000000
364.680000	13070.000000
364.685000	12992.000000
364.690000	12949.000000
364.695000	12208.000000
364.700000	12698.000000
364.705000	12324.000000
364.710000	12856.000000
364.715000	13231.000000
364.720000	12285.000000
364.725000	12702.000000
364.730000	12193.000000
364.735000	12826.000000
364.740000	13021.000000
364.745000	12501.000000
364.750000	13086.000000
364.755000	12386.000000
364.760000	12464.000000
364.765000	11868.000000
364.770000	12465.000000
364.775000	11843.000000
364.780000	11950.000000
364.785000	12147.000000
364.790000	11739.000000
364.795000	11508.000000
364.800000	10991.000000
364.805000	11513.000000
364.810000	11753.000000
364.815000	11339.000000
364.820000	10906.000000
364.825000	11469.000000
364.830000	11306.000000
364.835000	10926.000000
364.840000	11474.000000
364.845000	10978.000000
364.850000	10928.000000
364.855000	10954.000000
364.860000	11399.000000
364.865000	11062.000000
364.870000	11238.000000
364.875000	10563.000000
364.880000	10488.000000
364.885000	11102.000000
364.890000	10619.000000
364.895000	10443.000000
364.900000	10782.000000
364.905000	9703.000000
364.910000	10138.000000
364.915000	9696.000000
364.920000	9770.000000
364.925000	10564.000000
364.930000	10368.000000
364.935000	10370.000000
364.940000	10243.000000
364.945000	9408.000000
364.950000	9704.000000
364.955000	9331.000000
364.960000	9122.000000
364.965000	9601.000000
364.970000	9056.000000
364.975000	8963.000000
364.980000	8766.000000
364.985000	9004.000000
364.990000	8727.000000
364.995000	8959.000000
365.000000	9138.000000
365.005000	9183.000000
365.010000	9423.000000
365.015000	8432.000000
365.020000	8093.000000
365.025000	8302.000000
365.030000	7916.000000
365.035000	8220.000000
365.040000	8108.000000
365.045000	7670.000000
365.050000	7927.000000
365.055000	8470.000000
365.060000	7956.000000
365.065000	7918.000000
365.070000	7989.000000
365.075000	7691.000000
365.080000	7722.000000
365.085000	7782.000000
365.090000	7821.000000
365.095000	7692.000000
365.100000	7033.000000
365.105000	7442.000000
365.110000	7461.000000
365.115000	7063.000000
365.120000	7239.000000
365.125000	7610.000000
365.130000	7216.000000
365.135000	7422.000000
365.140000	6893.000000
365.145000	7044.000000
365.150000	6875.000000
365.155000	6940.000000
365.160000	6916.000000
365.165000	6667.000000
365.170000	6625.000000
365.175000	6208.000000
365.180000	6472.000000
365.185000	7021.000000
365.190000	6407.000000
365.195000	6566.000000
365.200000	6145.000000
365.205000	6318.000000
365.210000	6269.000000
365.215000	6307.000000
365.220000	5896.000000
365.225000	6081.000000
365.230000	5408.000000
365.235000	6016.000000
365.240000	5820.000000
365.245000	6276.000000
365.250000	5878.000000
365.255000	5904.000000
365.260000	5610.000000
365.265000	5572.000000
365.270000	5098.000000
365.275000	5653.000000
365.280000	5670.000000
365.285000	4867.000000
365.290000	5163.000000
365.295000	5311.000000
365.300000	5003.000000
365.305000	5059.000000
365.310000	4687.000000
365.315000	4736.000000
365.320000	4860.000000
365.325000	4914.000000
365.330000	4783.000000
365.335000	4699.000000
365.340000	5033.000000
365.345000	4755.000000
365.350000	4711.000000
365.355000	4701.000000
365.360000	4370.000000
365.365000	4390.000000
365.370000	4092.000000
365.375000	4827.000000
365.380000	4446.000000
365.385000	4355.000000
365.390000	4328.000000
365.395000	4438.000000
365.400000	4184.000000
365.405000	4089.000000
365.410000	4033.000000
365.415000	4136.000000
365.420000	4100.000000
365.425000	4045.000000
365.430000	3918.000000
365.435000	4214.000000
365.440000	3844.000000
365.445000	3744.000000
365.450000	3740.000000
365.455000	3800.000000
365.460000	3678.000000
365.465000	3824.000000
365.470000	3847.000000
365.475000	3401.000000
365.480000	3594.000000
365.485000	3180.000000
365.490000	3329.000000
365.495000	3701.000000
365.500000	3073.000000
365.505000	3541.000000
365.510000	3486.000000
365.515000	3175.000000
365.520000	3052.000000
365.525000	3160.000000
365.530000	3388.000000
365.535000	3153.000000
365.540000	3033.000000
365.545000	2937.000000
365.550000	3291.000000
365.555000	3145.000000
365.560000	3071.000000
365.565000	3054.000000
365.570000	2599.000000
365.575000	2839.000000
365.580000	2824.000000
365.585000	2700.000000
365.590000	2823.000000
365.595000	2848.000000
365.600000	2614.000000
365.605000	2626.000000
365.610000	2779.000000
365.615000	2541.000000
365.620000	2813.000000
365.625000	2800.000000
365.630000	2760.000000
365.635000	2494.000000
365.640000	2397.000000
365.645000	2245.000000
365.650000	2329.000000
365.655000	2533.000000
365.660000	2354.000000
365.665000	2401.000000
365.670000	2158.000000
365.675000	2179.000000
365.680000	2104.000000
365.685000	2265.000000
365.690000	2278.000000
365.695000	2176.000000
365.700000	2331.000000
365.705000	1854.000000
365.710000	1864.000000
365.715000	1899.000000
365.720000	2337.000000
365.725000	2281.000000
365.730000	2081.000000
365.735000	1951.000000
365.740000	1739.000000
365.745000	1845.000000
365.750000	1855.000000
365.755000	2226.000000
365.760000	1799.000000
365.765000	1658.000000
365.770000	1725.000000
365.775000	1574.000000
365.780000	1618.000000
365.785000	1732.000000
365.790000	1763.000000
365.795000	1891.000000
365.800000	1530.000000
365.805000	1724.000000
365.810000	1552.000000
365.815000	1566.000000
365.820000	1826.000000
365.825000	1735.000000
365.830000	1724.000000
365.835000	1626.000000
365.840000	1526.000000
365.845000	1611.000000
365.850000	1471.000000
365.855000	1428.000000
365.860000	1301.000000
365.865000	1495.000000
365.870000	1350.000000
365.875000	1616.000000
365.880000	1575.000000
365.885000	1317.000000
365.890000	1484.000000
365.895000	1581.000000
365.900000	1310.000000
365.905000	1393.000000
365.910000	1260.000000
365.915000	1509.000000
365.920000	1437.000000
365.925000	1157.000000
365.930000	1254.000000
365.935000	1219.000000
365.940000	1173.000000
365.945000	1139.000000
365.950000	1272.000000
365.955000	1254.000000
365.960000	1149.000000
365.965000	1534.000000
365.970000	1331.000000
365.975000	1030.000000
365.980000	1411.000000
365.985000	1216.000000
365.990000	1164.000000
365.995000	831.000000
366.000000	1184.000000
366.005000	1242.000000
366.010000	1063.000000
366.015000	1029.000000
366.020000	938.000000
366.025000	976.000000
366.030000	1049.000000
366.035000	980.000000
366.040000	977.000000
366.045000	876.000000
366.050000	865.000000
366.055000	897.000000
366.060000	1109.000000
366.065000	1196.000000
366.070000	752.000000
366.075000	1055.000000
366.080000	1064.000000
366.085000	922.000000
366.090000	872.000000
366.095000	806.000000
366.100000	1124.000000
366.105000	855.000000
366.110000	1041.000000
366.115000	969.000000
366.120000	830.000000
366.125000	741.000000
366.130000	926.000000
366.135000	990.000000
366.140000	715.000000
366.145000	866.000000
366.150000	754.000000
366.155000	771.000000
366.160000	928.000000
366.165000	862.000000
366.170000	979.000000
366.175000	844.000000
366.180000	761.000000
366.185000	900.000000
366.190000	793.000000
366.195000	782.000000
366.200000	741.000000
366.205000	756.000000
366.210000	853.000000
366.215000	775.000000
366.220000	688.000000
366.225000	733.000000
366.230000	645.000000
366.235000	650.000000
366.240000	692.000000
366.245000	704.000000
366.250000	715.000000
366.255000	809.000000
366.260000	765.000000
366.265000	738.000000
366.270000	786.000000
366.275000	673.000000
366.280000	682.000000
366.285000	718.000000
366.290000	599.000000
366.295000	571.000000
366.300000	730.000000
366.305000	566.000000
366.310000	606.000000
366.315000	756.000000
366.320000	697.000000
366.325000	476.000000
366.330000	560.000000
366.335000	731.000000
366.340000	773.000000
366.345000	701.000000
366.350000	688.000000
366.355000	701.000000
366.360000	623.000000
366.365000	668.000000
366.370000	716.000000
366.375000	625.000000
366.380000	732.000000
366.385000	880.000000
366.390000	687.000000
366.395000	788.000000
366.400000	866.000000
366.405000	700.000000
366.410000	549.000000
366.415000	676.000000
366.420000	793.000000
366.425000	701.000000
366.430000	688.000000
366.435000	804.000000
366.440000	679.000000
366.445000	778.000000
366.450000	726.000000
366.455000	735.000000
366.460000	723.000000
366.465000	850.000000
366.470000	916.000000
366.475000	813.000000
366.480000	978.000000
366.485000	1078.000000
366.490000	788.000000
366.495000	842.000000
366.500000	853.000000
366.505000	823.000000
366.510000	878.000000
366.515000	1033.000000
366.520000	1064.000000
366.525000	1015.000000
366.530000	1044.000000
366.535000	1254.000000
366.540000	980.000000
366.545000	1205.000000
366.550000	1419.000000
366.555000	1276.000000
366.560000	1250.000000
366.565000	1394.000000
366.570000	1392.000000
366.575000	1488.000000
366.580000	1357.000000
366.585000	1905.000000
366.590000	1731.000000
366.595000	1629.000000
366.600000	1626.000000
366.605000	1588.000000
366.610000	1601.000000
366.615000	1547.000000
366.620000	1379.000000
366.625000	1695.000000
366.630000	1784.000000
366.635000	1409.000000
366.640000	1844.000000
366.645000	1643.000000
366.650000	1860.000000
366.655000	1707.000000
366.660000	1791.000000
366.665000	1942.000000
366.670000	1444.000000
366.675000	1709.000000
366.680000	1898.000000
366.685000	1667.000000
366.690000	1914.000000
366.695000	1659.000000
366.700000	2001.000000
366.705000	1961.000000
366.710000	1994.000000
366.715000	1976.000000
366.720000	1844.000000
366.725000	1735.000000
366.730000	2152.000000
366.735000	1999.000000
366.740000	1918.000000
366.745000	2320.000000
366.750000	2174.000000
366.755000	2471.000000
366.760000	2240.000000
366.765000	2465.000000
366.770000	2588.000000
366.775000	2695.000000
366.780000	2686.000000
366.785000	3158.000000
366.790000	3461.000000
366.795000	3101.000000
366.800000	3428.000000
366.805000	3355.000000
366.810000	3810.000000
366.815000	3890.000000
366.820000	4848.000000
366.825000	4480.000000
366.830000	5183.000000
366.835000	5469.000000
366.840000	5436.000000
366.845000	4882.000000
366.850000	5123.000000
366.855000	4501.000000
366.860000	4447.000000
366.865000	4879.000000
366.870000	5140.000000
366.875000	4970.000000
366.880000	5422.000000
366.885000	5420.000000
366.890000	5534.000000
366.895000	5670.000000
366.900000	6370.000000
366.905000	6707.000000
366.910000	6771.000000
366.915000	7042.000000
366.920000	7085.000000
366.925000	7260.000000
366.930000	7476.000000
366.935000	7873.000000
366.940000	8023.000000
366.945000	8103.000000
366.950000	8608.000000
366.955000	9236.000000
366.960000	9150.000000
366.965000	9281.000000
366.970000	10010.000000
366.975000	10138.000000
366.980000	10255.000000
366.985000	10620.000000
366.990000	11247.000000
366.995000	11224.000000
367.000000	11690.000000
367.005000	11703.000000
367.010000	11673.000000
367.015000	12136.000000
367.020000	12679.000000
367.025000	13660.000000
367.030000	12812.000000
367.035000	13153.000000
367.040000	14103.000000
367.045000	14003.000000
367.050000	14462.000000
367.055000	14493.000000
367.060000	14969.000000
367.065000	16164.000000
367.070000	15811.000000
367.075000	16038.000000
367.080000	17416.000000
367.085000	16702.000000
367.090000	17129.000000
367.095000	16760.000000
367.100000	17738.000000
367.105000	17283.000000
367.110000	17322.000000
367.115000	18063.000000
367.120000	18107.000000
367.125000	19052.000000
367.130000	19469.000000
367.135000	19310.000000
367.140000	19876.000000
367.145000	20328.000000
367.150000	21384.000000
367.155000	21862.000000
367.160000	21932.000000
367.165000	23924.000000
367.170000	24150.000000
367.175000	23467.000000
367.180000	23906.000000
367.185000	24144.000000
367.190000	23290.000000
367.195000	24364.000000
367.200000	25070.000000
367.205000	25505.000000
367.210000	26316.000000
367.215000	25736.000000
367.220000	26687.000000
367.225000	27465.000000
367.230000	27294.000000
367.235000	27328.000000
367.240000	27958.000000
367.245000	28056.000000
367.250000	29577.000000
367.255000	29840.000000
367.260000	30388.000000
367.265000	30212.000000
367.270000	31475.000000
367.275000	32408.000000
367.280000	32562.000000
367.285000	32983.000000
367.290000	34218.000000
367.295000	35326.000000
367.300000	35172.000000
367.305000	35935.000000
367.310000	38063.000000
367.315000	38886.000000
367.320000	39920.000000
367.325000	39912.000000
367.330000	41291.000000
367.335000	42047.000000
367.340000	43618.000000
367.345000	44748.000000
367.350000	45679.000000
367.355000	47796.000000
367.360000	48747.000000
367.365000	49505.000000
367.370000	50660.000000
367.375000	52611.000000
367.380000	52394.000000
367.385000	54631.000000
367.390000	56559.000000
367.395000	57245.000000
367.400000	60223.000000
367.405000	61275.000000
367.410000	65358.000000
367.415000	64586.000000
367.420000	67569.000000
367.425000	69243.000000
367.430000	73060.000000
367.435000	72855.000000
367.440000	75658.000000
367.445000	79228.000000
367.450000	81253.000000
367.455000	84822.000000
367.460000	86619.000000
367.465000	88833.000000
367.470000	92801.000000
367.475000	95492.000000
367.480000	97859.000000
367.485000	101427.000000
367.490000	103578.000000
367.495000	107157.000000
367.500000	112115.000000
367.505000	116539.000000
367.510000	118787.000000
367.515000	121322.000000
367.520000	126144.000000
367.525000	131843.000000
367.530000	133986.000000
367.535000	138234.000000
367.540000	142651.000000
367.545000	147155.000000
367.550000	150875.000000
367.555000	153444.000000
367.560000	157749.000000
367.565000	164267.000000
367.570000	167379.000000
367.575000	172706.000000
367.580000	173090.000000
367.585000	177984.000000
367.590000	182953.000000
367.595000	184607.000000
367.600000	188620.000000
367.605000	190545.000000
367.610000	194600.000000
367.615000	198485.000000
367.620000	198075.000000
367.625000	201414.000000
367.630000	202385.000000
367.635000	207127.000000
367.640000	205892.000000
367.645000	210896.000000
367.650000	212654.000000
367.655000	213662.000000
367.660000	215724.000000
367.665000	214930.000000
367.670000	217591.000000
367.675000	213898.000000
367.680000	218480.000000
367.685000	223410.000000
367.690000	227793.000000
367.695000	226704.000000
367.700000	223239.000000
367.705000	216803.000000
367.710000	217013.000000
367.715000	210064.000000
367.720000	213372.000000
367.725000	208233.000000
367.730000	207374.000000
367.735000	206520.000000
367.740000	201509.000000
367.745000	200683.000000
367.750000	199479.000000
367.755000	195532.000000
367.760000	192678.000000
367.765000	195707.000000
367.770000	188260.000000
367.775000	184794.000000
367.780000	186583.000000
367.785000	183119.000000
367.790000	179864.000000
367.795000	173304.000000
367.800000	172288.000000
367.805000	168816.000000
367.810000	165892.000000
367.815000	164803.000000
367.820000	162544.000000
367.825000	161331.000000
367.830000	159213.000000
367.835000	154767.000000
367.840000	154864.000000
367.845000	153190.000000
367.850000	153330.000000
367.855000	149756.000000
367.860000	147332.000000
367.865000	145669.000000
367.870000	141887.000000
367.875000	141526.000000
367.880000	140102.000000
367.885000	136286.000000
367.890000	135165.000000
367.895000	133993.000000
367.900000	133620.000000
367.905000	131577.000000
367.910000	126163.000000
367.915000	123021.000000
367.920000	121152.000000
367.925000	118269.000000
367.930000	116685.000000
367.935000	117900.000000
367.940000	114381.000000
367.945000	113885.000000
367.950000	110280.000000
367.955000	110796.000000
367.960000	108545.000000
367.965000	107956.000000
367.970000	104379.000000
367.975000	104556.000000
367.980000	101473.000000
367.985000	100904.000000
367.990000	99025.000000
367.995000	98615.000000
368.000000	96661.000000
368.005000	94786.000000
368.010000	93836.000000
368.015000	94611.000000
368.020000	93868.000000
368.025000	92283.000000
368.030000	92042.000000
368.035000	90567.000000
368.040000	90649.000000
368.045000	89181.000000
368.050000	88462.000000
368.055000	87907.000000
368.060000	86882.000000
368.065000	89143.000000
368.070000	87107.000000
368.075000	85617.000000
368.080000	85012.000000
368.085000	82341.000000
368.090000	82047.000000
368.095000	80997.000000
368.100000	82037.000000
368.105000	81229.000000
368.110000	78056.000000
368.115000	78256.000000
368.120000	76499.000000
368.125000	78492.000000
368.130000	75660.000000
368.135000	76256.000000
368.140000	74623.000000
368.145000	74965.000000
368.150000	73981.000000
368.155000	72866.000000
368.160000	73011.000000
368.165000	73253.000000
368.170000	72256.000000
368.175000	73121.000000
368.180000	72331.000000
368.185000	70780.000000
368.190000	71165.000000
368.195000	70926.000000
368.200000	71069.000000
368.205000	70112.000000
368.210000	70386.000000
368.215000	71255.000000
368.220000	71574.000000
368.225000	72140.000000
368.230000	72872.000000
368.235000	72816.000000
368.240000	71925.000000
368.245000	74841.000000
368.250000	76785.000000
368.255000	78703.000000
368.260000	82428.000000
368.265000	87284.000000
368.270000	84465.000000
368.275000	77706.000000
368.280000	75190.000000
368.285000	73131.000000
368.290000	74308.000000
368.295000	75318.000000
368.300000	78153.000000
368.305000	80327.000000
368.310000	80110.000000
368.315000	79835.000000
368.320000	74332.000000
368.325000	74789.000000
368.330000	74110.000000
368.335000	76955.000000
368.340000	76378.000000
368.345000	74640.000000
368.350000	72298.000000
368.355000	73046.000000
368.360000	71875.000000
368.365000	73453.000000
368.370000	75377.000000
368.375000	74627.000000
368.380000	76636.000000
368.385000	78034.000000
368.390000	75954.000000
368.395000	74520.000000
368.400000	75884.000000
368.405000	75013.000000
368.410000	76243.000000
368.415000	77074.000000
368.420000	79991.000000
368.425000	82207.000000
368.430000	84935.000000
368.435000	89271.000000
368.440000	93474.000000
368.445000	98092.000000
368.450000	104600.000000
368.455000	114217.000000
368.460000	125778.000000
368.465000	132970.000000
368.470000	145823.000000
368.475000	156296.000000
368.480000	163812.000000
368.485000	168919.000000
368.490000	166278.000000
368.495000	157345.000000
368.500000	145732.000000
368.505000	129631.000000
368.510000	120494.000000
368.515000	106663.000000
368.520000	98927.000000
368.525000	95000.000000
368.530000	95398.000000
368.535000	92230.000000
368.540000	84430.000000
368.545000	73316.000000
368.550000	68591.000000
368.555000	65227.000000
368.560000	59316.000000
368.565000	56722.000000
368.570000	55553.000000
368.575000	52426.000000
368.580000	52132.000000
368.585000	49373.000000
368.590000	49967.000000
368.595000	49787.000000
368.600000	48471.000000
368.605000	49131.000000
368.610000	45998.000000
368.615000	45024.000000
368.620000	45757.000000
368.625000	45044.000000
368.630000	43262.000000
368.635000	43756.000000
368.640000	43897.000000
368.645000	42561.000000
368.650000	42006.000000
368.655000	41941.000000
368.660000	41253.000000
368.665000	41273.000000
368.670000	40422.000000
368.675000	39237.000000
368.680000	39784.000000
368.685000	38108.000000
368.690000	38814.000000
368.695000	38004.000000
368.700000	38251.000000
368.705000	36253.000000
368.710000	37269.000000
368.715000	37323.000000
368.720000	36168.000000
368.725000	37140.000000
368.730000	35830.000000
368.735000	36833.000000
368.740000	35040.000000
368.745000	36294.000000
368.750000	36135.000000
368.755000	36276.000000
368.760000	37735.000000
368.765000	35893.000000
368.770000	37138.000000
368.775000	37196.000000
368.780000	37051.000000
368.785000	37535.000000
368.790000	39205.000000
368.795000	41019.000000
368.800000	43608.000000
368.805000	46099.000000
368.810000	49007.000000
368.815000	54491.000000
368.820000	62810.000000
368.825000	76219.000000
368.830000	88196.000000
368.835000	102836.000000
368.840000	114101.000000
368.845000	125421.000000
368.850000	140117.000000
368.855000	159175.000000
368.860000	201188.000000
368.865000	281670.000000
368.870000	255965.000000
368.875000	177773.000000
368.880000	116060.000000
368.885000	82120.000000
368.890000	63938.000000
368.895000	54554.000000
368.900000	47563.000000
368.905000	42244.000000
368.910000	39125.000000
368.915000	37239.000000
368.920000	34609.000000
368.925000	34387.000000
368.930000	32250.000000
368.935000	30817.000000
368.940000	31100.000000
368.945000	30292.000000
368.950000	29431.000000
368.955000	28579.000000
368.960000	27269.000000
368.965000	27389.000000
368.970000	25931.000000
368.975000	26605.000000
368.980000	25922.000000
368.985000	24107.000000
368.990000	24883.000000
368.995000	24146.000000
369.000000	24819.000000
369.005000	24087.000000
369.010000	23438.000000
369.015000	23369.000000
369.020000	23489.000000
369.025000	23454.000000
369.030000	22842.000000
369.035000	21721.000000
369.040000	22131.000000
369.045000	21303.000000
369.050000	21223.000000
369.055000	21856.000000
369.060000	21380.000000
369.065000	20491.000000
369.070000	21407.000000
369.075000	19618.000000
369.080000	20618.000000
369.085000	19151.000000
369.090000	19884.000000
369.095000	19637.000000
369.100000	20094.000000
369.105000	18625.000000
369.110000	19326.000000
369.115000	18847.000000
369.120000	18526.000000
369.125000	18276.000000
369.130000	18066.000000
369.135000	17983.000000
369.140000	17820.000000
369.145000	16862.000000
369.150000	17421.000000
369.155000	18354.000000
369.160000	18033.000000
369.165000	17743.000000
369.170000	17925.000000
369.175000	17317.000000
369.180000	16798.000000
369.185000	17063.000000
369.190000	17308.000000
369.195000	16181.000000
369.200000	15776.000000
369.205000	16639.000000
369.210000	16572.000000
369.215000	16658.000000
369.220000	15473.000000
369.225000	16491.000000
369.230000	15717.000000
369.235000	15280.000000
369.240000	16092.000000
369.245000	15889.000000
369.250000	15371.000000
369.255000	15377.000000
369.260000	15218.000000
369.265000	15450.000000
369.270000	15651.000000
369.275000	14794.000000
369.280000	15263.000000
369.285000	14395.000000
369.290000	14038.000000
369.295000	13942.000000
369.300000	14502.000000
369.305000	13772.000000
369.310000	14430.000000
369.315000	14527.000000
369.320000	13747.000000
369.325000	14496.000000
369.330000	14140.000000
369.335000	13518.000000
369.340000	14058.000000
369.345000	13975.000000
369.350000	13434.000000
369.355000	13218.000000
369.360000	13633.000000
369.365000	13091.000000
369.370000	13378.000000
369.375000	12531.000000
369.380000	13358.000000
369.385000	12680.000000
369.390000	12936.000000
369.395000	12655.000000
369.400000	12581.000000
369.405000	12622.000000
369.410000	13004.000000
369.415000	12688.000000
369.420000	12345.000000
369.425000	12060.000000
369.430000	12279.000000
369.435000	11988.000000
369.440000	12407.000000
369.445000	11882.000000
369.450000	11819.000000
369.455000	12288.000000
369.460000	11631.000000
369.465000	11913.000000
369.470000	11313.000000
369.475000	11406.000000
369.480000	11489.000000
369.485000	10469.000000
369.490000	11460.000000
369.495000	10940.000000
369.500000	11292.000000
369.505000	11616.000000
369.510000	12226.000000
369.515000	11349.000000
369.520000	10599.000000
369.525000	10789.000000
369.530000	11433.000000
369.535000	10891.000000
369.540000	11296.000000
369.545000	10569.000000
369.550000	10824.000000
369.555000	10148.000000
369.560000	10286.000000
369.565000	10034.000000
369.570000	10099.000000
369.575000	10702.000000
369.580000	10449.000000
369.585000	10655.000000
369.590000	10635.000000
369.595000	10011.000000
369.600000	10131.000000
369.605000	10805.000000
369.610000	10649.000000
369.615000	9766.000000
369.620000	10363.000000
369.625000	10431.000000
369.630000	10018.000000
369.635000	9557.000000
369.640000	9471.000000
369.645000	10072.000000
369.650000	9669.000000
369.655000	9534.000000
369.660000	10071.000000
369.665000	9740.000000
369.670000	9471.000000
369.675000	9427.000000
369.680000	9679.000000
369.685000	9637.000000
369.690000	9672.000000
369.695000	9117.000000
369.700000	10353.000000
369.705000	8988.000000
369.710000	9345.000000
369.715000	9881.000000
369.720000	9141.000000
369.725000	9546.000000
369.730000	9651.000000
369.735000	8310.000000
369.740000	8920.000000
369.745000	9133.000000
369.750000	9143.000000
369.755000	8556.000000
369.760000	8674.000000
369.765000	8354.000000
369.770000	8802.000000
369.775000	8587.000000
369.780000	8821.000000
369.785000	8185.000000
369.790000	8783.000000
369.795000	8260.000000
369.800000	8460.000000
369.805000	9003.000000
369.810000	8372.000000
369.815000	8491.000000
369.820000	8293.000000
369.825000	8685.000000
369.830000	8059.000000
369.835000	8530.000000
369.840000	8533.000000
369.845000	8012.000000
369.850000	8192.000000
369.855000	8233.000000
369.860000	7891.000000
369.865000	7994.000000
369.870000	7825.000000
369.875000	8192.000000
369.880000	7887.000000
369.885000	8565.000000
369.890000	7907.000000
369.895000	8114.000000
369.900000	8113.000000
369.905000	7809.000000
369.910000	8029.000000
369.915000	7298.000000
369.920000	7835.000000
369.925000	8013.000000
369.930000	7527.000000
369.935000	7938.000000
369.940000	7520.000000
369.945000	7646.000000
369.950000	7568.000000
369.955000	7329.000000
369.960000	7587.000000
369.965000	7296.000000
369.970000	7808.000000
369.975000	7672.000000
369.980000	7389.000000
369.985000	7342.000000
369.990000	7484.000000
369.995000	7601.000000
370.000000	7275.000000
