Sample ID:		H1088 Mg coat 20um slit 20mW power
Start Time:		Thu Jul 09 2020 9:22:12 PM
Averaging Time:		1.000s

360.000000	47.000000
360.005000	5.000000
360.010000	3.000000
360.015000	3.000000
360.020000	4.000000
360.025000	6.000000
360.030000	18.000000
360.035000	15.000000
360.040000	2.000000
360.045000	4.000000
360.050000	21.000000
360.055000	13.000000
360.060000	8.000000
360.065000	8.000000
360.070000	2.000000
360.075000	13.000000
360.080000	10.000000
360.085000	36.000000
360.090000	7.000000
360.095000	11.000000
360.100000	5.000000
360.105000	9.000000
360.110000	12.000000
360.115000	2.000000
360.120000	6.000000
360.125000	15.000000
360.130000	7.000000
360.135000	8.000000
360.140000	16.000000
360.145000	3.000000
360.150000	4.000000
360.155000	23.000000
360.160000	4.000000
360.165000	9.000000
360.170000	3.000000
360.175000	15.000000
360.180000	2.000000
360.185000	0.000000
360.190000	7.000000
360.195000	1.000000
360.200000	60.000000
360.205000	58.000000
360.210000	4.000000
360.215000	60.000000
360.220000	5.000000
360.225000	12.000000
360.230000	17.000000
360.235000	35.000000
360.240000	13.000000
360.245000	17.000000
360.250000	3.000000
360.255000	6.000000
360.260000	35.000000
360.265000	11.000000
360.270000	21.000000
360.275000	15.000000
360.280000	12.000000
360.285000	6.000000
360.290000	7.000000
360.295000	61.000000
360.300000	21.000000
360.305000	0.000000
360.310000	5.000000
360.315000	4.000000
360.320000	16.000000
360.325000	9.000000
360.330000	43.000000
360.335000	48.000000
360.340000	12.000000
360.345000	10.000000
360.350000	5.000000
360.355000	22.000000
360.360000	16.000000
360.365000	3.000000
360.370000	0.000000
360.375000	18.000000
360.380000	6.000000
360.385000	6.000000
360.390000	11.000000
360.395000	13.000000
360.400000	1.000000
360.405000	8.000000
360.410000	21.000000
360.415000	5.000000
360.420000	6.000000
360.425000	52.000000
360.430000	22.000000
360.435000	13.000000
360.440000	12.000000
360.445000	7.000000
360.450000	25.000000
360.455000	5.000000
360.460000	28.000000
360.465000	62.000000
360.470000	23.000000
360.475000	18.000000
360.480000	25.000000
360.485000	3.000000
360.490000	3.000000
360.495000	13.000000
360.500000	17.000000
360.505000	14.000000
360.510000	26.000000
360.515000	17.000000
360.520000	10.000000
360.525000	15.000000
360.530000	11.000000
360.535000	8.000000
360.540000	21.000000
360.545000	19.000000
360.550000	55.000000
360.555000	11.000000
360.560000	17.000000
360.565000	20.000000
360.570000	9.000000
360.575000	15.000000
360.580000	24.000000
360.585000	2.000000
360.590000	6.000000
360.595000	15.000000
360.600000	49.000000
360.605000	10.000000
360.610000	12.000000
360.615000	5.000000
360.620000	2.000000
360.625000	29.000000
360.630000	15.000000
360.635000	71.000000
360.640000	3.000000
360.645000	15.000000
360.650000	33.000000
360.655000	3.000000
360.660000	21.000000
360.665000	26.000000
360.670000	17.000000
360.675000	6.000000
360.680000	9.000000
360.685000	6.000000
360.690000	32.000000
360.695000	48.000000
360.700000	19.000000
360.705000	5.000000
360.710000	28.000000
360.715000	21.000000
360.720000	41.000000
360.725000	15.000000
360.730000	29.000000
360.735000	17.000000
360.740000	9.000000
360.745000	12.000000
360.750000	43.000000
360.755000	36.000000
360.760000	39.000000
360.765000	16.000000
360.770000	5.000000
360.775000	20.000000
360.780000	3.000000
360.785000	27.000000
360.790000	27.000000
360.795000	19.000000
360.800000	3.000000
360.805000	22.000000
360.810000	3.000000
360.815000	22.000000
360.820000	6.000000
360.825000	25.000000
360.830000	6.000000
360.835000	12.000000
360.840000	33.000000
360.845000	15.000000
360.850000	5.000000
360.855000	30.000000
360.860000	10.000000
360.865000	45.000000
360.870000	29.000000
360.875000	28.000000
360.880000	8.000000
360.885000	42.000000
360.890000	31.000000
360.895000	47.000000
360.900000	11.000000
360.905000	27.000000
360.910000	25.000000
360.915000	27.000000
360.920000	10.000000
360.925000	19.000000
360.930000	14.000000
360.935000	19.000000
360.940000	29.000000
360.945000	20.000000
360.950000	27.000000
360.955000	1.000000
360.960000	21.000000
360.965000	32.000000
360.970000	18.000000
360.975000	45.000000
360.980000	4.000000
360.985000	31.000000
360.990000	11.000000
360.995000	22.000000
361.000000	18.000000
361.005000	16.000000
361.010000	25.000000
361.015000	49.000000
361.020000	49.000000
361.025000	13.000000
361.030000	74.000000
361.035000	12.000000
361.040000	88.000000
361.045000	26.000000
361.050000	33.000000
361.055000	16.000000
361.060000	13.000000
361.065000	20.000000
361.070000	43.000000
361.075000	32.000000
361.080000	78.000000
361.085000	22.000000
361.090000	17.000000
361.095000	54.000000
361.100000	41.000000
361.105000	18.000000
361.110000	21.000000
361.115000	22.000000
361.120000	21.000000
361.125000	27.000000
361.130000	16.000000
361.135000	66.000000
361.140000	15.000000
361.145000	26.000000
361.150000	12.000000
361.155000	19.000000
361.160000	38.000000
361.165000	50.000000
361.170000	23.000000
361.175000	30.000000
361.180000	67.000000
361.185000	39.000000
361.190000	28.000000
361.195000	25.000000
361.200000	34.000000
361.205000	19.000000
361.210000	12.000000
361.215000	30.000000
361.220000	61.000000
361.225000	21.000000
361.230000	23.000000
361.235000	26.000000
361.240000	41.000000
361.245000	24.000000
361.250000	3.000000
361.255000	13.000000
361.260000	34.000000
361.265000	13.000000
361.270000	33.000000
361.275000	55.000000
361.280000	59.000000
361.285000	29.000000
361.290000	22.000000
361.295000	41.000000
361.300000	34.000000
361.305000	49.000000
361.310000	37.000000
361.315000	38.000000
361.320000	16.000000
361.325000	50.000000
361.330000	39.000000
361.335000	28.000000
361.340000	75.000000
361.345000	42.000000
361.350000	42.000000
361.355000	47.000000
361.360000	51.000000
361.365000	40.000000
361.370000	9.000000
361.375000	21.000000
361.380000	7.000000
361.385000	55.000000
361.390000	42.000000
361.395000	37.000000
361.400000	16.000000
361.405000	79.000000
361.410000	39.000000
361.415000	29.000000
361.420000	82.000000
361.425000	46.000000
361.430000	32.000000
361.435000	27.000000
361.440000	54.000000
361.445000	56.000000
361.450000	33.000000
361.455000	30.000000
361.460000	41.000000
361.465000	20.000000
361.470000	97.000000
361.475000	83.000000
361.480000	38.000000
361.485000	46.000000
361.490000	33.000000
361.495000	67.000000
361.500000	13.000000
361.505000	48.000000
361.510000	49.000000
361.515000	84.000000
361.520000	69.000000
361.525000	46.000000
361.530000	50.000000
361.535000	43.000000
361.540000	20.000000
361.545000	33.000000
361.550000	10.000000
361.555000	114.000000
361.560000	47.000000
361.565000	48.000000
361.570000	43.000000
361.575000	34.000000
361.580000	108.000000
361.585000	57.000000
361.590000	76.000000
361.595000	116.000000
361.600000	79.000000
361.605000	76.000000
361.610000	61.000000
361.615000	105.000000
361.620000	39.000000
361.625000	109.000000
361.630000	95.000000
361.635000	66.000000
361.640000	95.000000
361.645000	80.000000
361.650000	80.000000
361.655000	74.000000
361.660000	31.000000
361.665000	130.000000
361.670000	90.000000
361.675000	48.000000
361.680000	129.000000
361.685000	100.000000
361.690000	51.000000
361.695000	61.000000
361.700000	68.000000
361.705000	55.000000
361.710000	82.000000
361.715000	23.000000
361.720000	50.000000
361.725000	66.000000
361.730000	58.000000
361.735000	93.000000
361.740000	45.000000
361.745000	88.000000
361.750000	108.000000
361.755000	57.000000
361.760000	70.000000
361.765000	74.000000
361.770000	73.000000
361.775000	86.000000
361.780000	115.000000
361.785000	101.000000
361.790000	111.000000
361.795000	77.000000
361.800000	92.000000
361.805000	105.000000
361.810000	50.000000
361.815000	108.000000
361.820000	114.000000
361.825000	92.000000
361.830000	37.000000
361.835000	53.000000
361.840000	88.000000
361.845000	82.000000
361.850000	93.000000
361.855000	49.000000
361.860000	44.000000
361.865000	88.000000
361.870000	48.000000
361.875000	136.000000
361.880000	102.000000
361.885000	79.000000
361.890000	148.000000
361.895000	122.000000
361.900000	110.000000
361.905000	129.000000
361.910000	94.000000
361.915000	98.000000
361.920000	163.000000
361.925000	151.000000
361.930000	153.000000
361.935000	146.000000
361.940000	83.000000
361.945000	109.000000
361.950000	124.000000
361.955000	153.000000
361.960000	83.000000
361.965000	75.000000
361.970000	137.000000
361.975000	88.000000
361.980000	88.000000
361.985000	161.000000
361.990000	79.000000
361.995000	102.000000
362.000000	97.000000
362.005000	112.000000
362.010000	74.000000
362.015000	107.000000
362.020000	78.000000
362.025000	116.000000
362.030000	97.000000
362.035000	104.000000
362.040000	133.000000
362.045000	213.000000
362.050000	130.000000
362.055000	79.000000
362.060000	145.000000
362.065000	216.000000
362.070000	159.000000
362.075000	155.000000
362.080000	79.000000
362.085000	78.000000
362.090000	144.000000
362.095000	176.000000
362.100000	169.000000
362.105000	164.000000
362.110000	155.000000
362.115000	114.000000
362.120000	131.000000
362.125000	125.000000
362.130000	178.000000
362.135000	182.000000
362.140000	167.000000
362.145000	181.000000
362.150000	115.000000
362.155000	130.000000
362.160000	136.000000
362.165000	230.000000
362.170000	158.000000
362.175000	106.000000
362.180000	154.000000
362.185000	157.000000
362.190000	164.000000
362.195000	157.000000
362.200000	198.000000
362.205000	167.000000
362.210000	130.000000
362.215000	269.000000
362.220000	157.000000
362.225000	120.000000
362.230000	159.000000
362.235000	210.000000
362.240000	206.000000
362.245000	191.000000
362.250000	173.000000
362.255000	211.000000
362.260000	187.000000
362.265000	173.000000
362.270000	176.000000
362.275000	235.000000
362.280000	255.000000
362.285000	122.000000
362.290000	165.000000
362.295000	231.000000
362.300000	135.000000
362.305000	206.000000
362.310000	152.000000
362.315000	164.000000
362.320000	200.000000
362.325000	140.000000
362.330000	171.000000
362.335000	135.000000
362.340000	169.000000
362.345000	253.000000
362.350000	186.000000
362.355000	208.000000
362.360000	193.000000
362.365000	247.000000
362.370000	273.000000
362.375000	242.000000
362.380000	228.000000
362.385000	185.000000
362.390000	265.000000
362.395000	230.000000
362.400000	213.000000
362.405000	151.000000
362.410000	256.000000
362.415000	226.000000
362.420000	256.000000
362.425000	218.000000
362.430000	232.000000
362.435000	199.000000
362.440000	254.000000
362.445000	253.000000
362.450000	237.000000
362.455000	205.000000
362.460000	219.000000
362.465000	257.000000
362.470000	292.000000
362.475000	331.000000
362.480000	229.000000
362.485000	260.000000
362.490000	273.000000
362.495000	226.000000
362.500000	361.000000
362.505000	208.000000
362.510000	284.000000
362.515000	303.000000
362.520000	297.000000
362.525000	421.000000
362.530000	294.000000
362.535000	208.000000
362.540000	378.000000
362.545000	330.000000
362.550000	315.000000
362.555000	262.000000
362.560000	270.000000
362.565000	445.000000
362.570000	350.000000
362.575000	295.000000
362.580000	312.000000
362.585000	378.000000
362.590000	260.000000
362.595000	274.000000
362.600000	362.000000
362.605000	352.000000
362.610000	393.000000
362.615000	360.000000
362.620000	345.000000
362.625000	243.000000
362.630000	540.000000
362.635000	324.000000
362.640000	392.000000
362.645000	428.000000
362.650000	454.000000
362.655000	262.000000
362.660000	411.000000
362.665000	348.000000
362.670000	345.000000
362.675000	396.000000
362.680000	493.000000
362.685000	371.000000
362.690000	490.000000
362.695000	389.000000
362.700000	502.000000
362.705000	345.000000
362.710000	404.000000
362.715000	542.000000
362.720000	409.000000
362.725000	371.000000
362.730000	344.000000
362.735000	404.000000
362.740000	388.000000
362.745000	456.000000
362.750000	611.000000
362.755000	315.000000
362.760000	570.000000
362.765000	507.000000
362.770000	416.000000
362.775000	350.000000
362.780000	465.000000
362.785000	469.000000
362.790000	511.000000
362.795000	341.000000
362.800000	415.000000
362.805000	418.000000
362.810000	345.000000
362.815000	422.000000
362.820000	464.000000
362.825000	484.000000
362.830000	576.000000
362.835000	534.000000
362.840000	474.000000
362.845000	524.000000
362.850000	594.000000
362.855000	590.000000
362.860000	543.000000
362.865000	553.000000
362.870000	605.000000
362.875000	573.000000
362.880000	438.000000
362.885000	447.000000
362.890000	630.000000
362.895000	541.000000
362.900000	711.000000
362.905000	661.000000
362.910000	587.000000
362.915000	482.000000
362.920000	680.000000
362.925000	571.000000
362.930000	747.000000
362.935000	722.000000
362.940000	635.000000
362.945000	626.000000
362.950000	713.000000
362.955000	682.000000
362.960000	699.000000
362.965000	771.000000
362.970000	754.000000
362.975000	668.000000
362.980000	750.000000
362.985000	696.000000
362.990000	870.000000
362.995000	731.000000
363.000000	746.000000
363.005000	663.000000
363.010000	807.000000
363.015000	1107.000000
363.020000	861.000000
363.025000	718.000000
363.030000	880.000000
363.035000	853.000000
363.040000	793.000000
363.045000	698.000000
363.050000	897.000000
363.055000	643.000000
363.060000	883.000000
363.065000	806.000000
363.070000	935.000000
363.075000	818.000000
363.080000	826.000000
363.085000	875.000000
363.090000	1141.000000
363.095000	860.000000
363.100000	982.000000
363.105000	891.000000
363.110000	1152.000000
363.115000	1070.000000
363.120000	904.000000
363.125000	1091.000000
363.130000	1087.000000
363.135000	994.000000
363.140000	1139.000000
363.145000	1001.000000
363.150000	1112.000000
363.155000	1109.000000
363.160000	1037.000000
363.165000	1114.000000
363.170000	1199.000000
363.175000	1027.000000
363.180000	1191.000000
363.185000	1188.000000
363.190000	1285.000000
363.195000	1328.000000
363.200000	1271.000000
363.205000	1260.000000
363.210000	1366.000000
363.215000	1329.000000
363.220000	1267.000000
363.225000	1270.000000
363.230000	1499.000000
363.235000	1336.000000
363.240000	1400.000000
363.245000	1199.000000
363.250000	1414.000000
363.255000	1694.000000
363.260000	1512.000000
363.265000	1445.000000
363.270000	1458.000000
363.275000	1741.000000
363.280000	1680.000000
363.285000	1496.000000
363.290000	1414.000000
363.295000	1687.000000
363.300000	1549.000000
363.305000	1381.000000
363.310000	1627.000000
363.315000	1724.000000
363.320000	1649.000000
363.325000	1572.000000
363.330000	1895.000000
363.335000	1744.000000
363.340000	2021.000000
363.345000	1821.000000
363.350000	1931.000000
363.355000	1704.000000
363.360000	1934.000000
363.365000	1765.000000
363.370000	1784.000000
363.375000	2114.000000
363.380000	2026.000000
363.385000	2124.000000
363.390000	2130.000000
363.395000	1944.000000
363.400000	1999.000000
363.405000	2204.000000
363.410000	2299.000000
363.415000	2407.000000
363.420000	2242.000000
363.425000	1692.000000
363.430000	2062.000000
363.435000	2270.000000
363.440000	2461.000000
363.445000	2578.000000
363.450000	2371.000000
363.455000	2379.000000
363.460000	2538.000000
363.465000	2301.000000
363.470000	2342.000000
363.475000	2868.000000
363.480000	2617.000000
363.485000	2793.000000
363.490000	2723.000000
363.495000	2844.000000
363.500000	2645.000000
363.505000	2500.000000
363.510000	2509.000000
363.515000	2624.000000
363.520000	3214.000000
363.525000	2738.000000
363.530000	3097.000000
363.535000	2882.000000
363.540000	3268.000000
363.545000	3132.000000
363.550000	3284.000000
363.555000	2943.000000
363.560000	3302.000000
363.565000	3443.000000
363.570000	3230.000000
363.575000	3496.000000
363.580000	3597.000000
363.585000	3349.000000
363.590000	3656.000000
363.595000	3263.000000
363.600000	3756.000000
363.605000	3686.000000
363.610000	3536.000000
363.615000	3457.000000
363.620000	3523.000000
363.625000	3873.000000
363.630000	3743.000000
363.635000	3999.000000
363.640000	4196.000000
363.645000	3993.000000
363.650000	3952.000000
363.655000	3978.000000
363.660000	4249.000000
363.665000	4255.000000
363.670000	4625.000000
363.675000	4439.000000
363.680000	4503.000000
363.685000	4405.000000
363.690000	4558.000000
363.695000	4507.000000
363.700000	4389.000000
363.705000	4601.000000
363.710000	4907.000000
363.715000	4865.000000
363.720000	5019.000000
363.725000	4627.000000
363.730000	5097.000000
363.735000	4875.000000
363.740000	4753.000000
363.745000	5339.000000
363.750000	5162.000000
363.755000	4733.000000
363.760000	5547.000000
363.765000	5319.000000
363.770000	5469.000000
363.775000	6008.000000
363.780000	5465.000000
363.785000	5739.000000
363.790000	6447.000000
363.795000	6082.000000
363.800000	5983.000000
363.805000	5873.000000
363.810000	6153.000000
363.815000	5489.000000
363.820000	5983.000000
363.825000	6327.000000
363.830000	6346.000000
363.835000	5806.000000
363.840000	5974.000000
363.845000	6853.000000
363.850000	6700.000000
363.855000	6947.000000
363.860000	6948.000000
363.865000	7026.000000
363.870000	7056.000000
363.875000	6934.000000
363.880000	7090.000000
363.885000	6924.000000
363.890000	7524.000000
363.895000	7030.000000
363.900000	7552.000000
363.905000	7780.000000
363.910000	7577.000000
363.915000	7512.000000
363.920000	7874.000000
363.925000	7854.000000
363.930000	7766.000000
363.935000	8168.000000
363.940000	7995.000000
363.945000	8729.000000
363.950000	8458.000000
363.955000	7988.000000
363.960000	8237.000000
363.965000	8419.000000
363.970000	8387.000000
363.975000	9188.000000
363.980000	8490.000000
363.985000	9473.000000
363.990000	9017.000000
363.995000	8970.000000
364.000000	9125.000000
364.005000	8697.000000
364.010000	9314.000000
364.015000	8919.000000
364.020000	8969.000000
364.025000	9554.000000
364.030000	9348.000000
364.035000	9716.000000
364.040000	9982.000000
364.045000	9357.000000
364.050000	9873.000000
364.055000	10216.000000
364.060000	9827.000000
364.065000	10041.000000
364.070000	10703.000000
364.075000	9956.000000
364.080000	11051.000000
364.085000	10183.000000
364.090000	10466.000000
364.095000	10521.000000
364.100000	10285.000000
364.105000	11013.000000
364.110000	10751.000000
364.115000	11003.000000
364.120000	10896.000000
364.125000	10703.000000
364.130000	11909.000000
364.135000	11386.000000
364.140000	11106.000000
364.145000	11527.000000
364.150000	11418.000000
364.155000	11735.000000
364.160000	11936.000000
364.165000	11816.000000
364.170000	11629.000000
364.175000	11854.000000
364.180000	12294.000000
364.185000	12049.000000
364.190000	12288.000000
364.195000	12512.000000
364.200000	12296.000000
364.205000	12637.000000
364.210000	12418.000000
364.215000	12589.000000
364.220000	11964.000000
364.225000	12357.000000
364.230000	12958.000000
364.235000	12391.000000
364.240000	12840.000000
364.245000	12535.000000
364.250000	12217.000000
364.255000	12679.000000
364.260000	13343.000000
364.265000	12969.000000
364.270000	12787.000000
364.275000	12651.000000
364.280000	13177.000000
364.285000	13322.000000
364.290000	12902.000000
364.295000	13133.000000
364.300000	13530.000000
364.305000	13525.000000
364.310000	13252.000000
364.315000	12778.000000
364.320000	13628.000000
364.325000	14100.000000
364.330000	13176.000000
364.335000	13634.000000
364.340000	13984.000000
364.345000	13040.000000
364.350000	12983.000000
364.355000	13140.000000
364.360000	13780.000000
364.365000	13218.000000
364.370000	13945.000000
364.375000	13400.000000
364.380000	13634.000000
364.385000	14022.000000
364.390000	13562.000000
364.395000	14265.000000
364.400000	13557.000000
364.405000	13408.000000
364.410000	12694.000000
364.415000	13418.000000
364.420000	13397.000000
364.425000	14170.000000
364.430000	13971.000000
364.435000	13662.000000
364.440000	13116.000000
364.445000	14107.000000
364.450000	13405.000000
364.455000	13826.000000
364.460000	13847.000000
364.465000	13677.000000
364.470000	13550.000000
364.475000	13485.000000
364.480000	14309.000000
364.485000	12536.000000
364.490000	13562.000000
364.495000	13594.000000
364.500000	13854.000000
364.505000	13557.000000
364.510000	13873.000000
364.515000	13512.000000
364.520000	13352.000000
364.525000	13406.000000
364.530000	13171.000000
364.535000	13695.000000
364.540000	14162.000000
364.545000	13181.000000
364.550000	14141.000000
364.555000	13030.000000
364.560000	13827.000000
364.565000	13360.000000
364.570000	13719.000000
364.575000	12906.000000
364.580000	12945.000000
364.585000	12846.000000
364.590000	13133.000000
364.595000	13807.000000
364.600000	12755.000000
364.605000	12437.000000
364.610000	12980.000000
364.615000	12577.000000
364.620000	13042.000000
364.625000	12672.000000
364.630000	12686.000000
364.635000	12965.000000
364.640000	12065.000000
364.645000	12400.000000
364.650000	12336.000000
364.655000	12599.000000
364.660000	12584.000000
364.665000	13138.000000
364.670000	11602.000000
364.675000	11926.000000
364.680000	12247.000000
364.685000	12192.000000
364.690000	12130.000000
364.695000	12548.000000
364.700000	11632.000000
364.705000	11586.000000
364.710000	11851.000000
364.715000	12037.000000
364.720000	11861.000000
364.725000	11646.000000
364.730000	11904.000000
364.735000	11797.000000
364.740000	10467.000000
364.745000	11296.000000
364.750000	11608.000000
364.755000	11335.000000
364.760000	11007.000000
364.765000	11788.000000
364.770000	10565.000000
364.775000	11369.000000
364.780000	11213.000000
364.785000	10626.000000
364.790000	10816.000000
364.795000	10973.000000
364.800000	10555.000000
364.805000	10400.000000
364.810000	11024.000000
364.815000	10646.000000
364.820000	9839.000000
364.825000	10276.000000
364.830000	10453.000000
364.835000	10204.000000
364.840000	9846.000000
364.845000	10062.000000
364.850000	9977.000000
364.855000	9648.000000
364.860000	9666.000000
364.865000	9492.000000
364.870000	10077.000000
364.875000	9867.000000
364.880000	9235.000000
364.885000	8967.000000
364.890000	9346.000000
364.895000	9323.000000
364.900000	9125.000000
364.905000	8498.000000
364.910000	9079.000000
364.915000	8598.000000
364.920000	8472.000000
364.925000	8732.000000
364.930000	8536.000000
364.935000	9067.000000
364.940000	8543.000000
364.945000	8669.000000
364.950000	8913.000000
364.955000	8028.000000
364.960000	8965.000000
364.965000	8150.000000
364.970000	7699.000000
364.975000	7692.000000
364.980000	7629.000000
364.985000	8400.000000
364.990000	7967.000000
364.995000	7874.000000
365.000000	7843.000000
365.005000	7480.000000
365.010000	7664.000000
365.015000	7547.000000
365.020000	7277.000000
365.025000	7880.000000
365.030000	7351.000000
365.035000	7462.000000
365.040000	7929.000000
365.045000	7550.000000
365.050000	7210.000000
365.055000	7317.000000
365.060000	7321.000000
365.065000	7282.000000
365.070000	7133.000000
365.075000	6756.000000
365.080000	7198.000000
365.085000	6665.000000
365.090000	7147.000000
365.095000	6519.000000
365.100000	6528.000000
365.105000	6282.000000
365.110000	6672.000000
365.115000	6625.000000
365.120000	6120.000000
365.125000	6306.000000
365.130000	6525.000000
365.135000	6096.000000
365.140000	6528.000000
365.145000	6384.000000
365.150000	6415.000000
365.155000	5892.000000
365.160000	6064.000000
365.165000	5615.000000
365.170000	5588.000000
365.175000	5708.000000
365.180000	5768.000000
365.185000	5699.000000
365.190000	5402.000000
365.195000	5161.000000
365.200000	5638.000000
365.205000	5210.000000
365.210000	5354.000000
365.215000	5047.000000
365.220000	5119.000000
365.225000	5091.000000
365.230000	4721.000000
365.235000	5148.000000
365.240000	4965.000000
365.245000	4308.000000
365.250000	4858.000000
365.255000	4711.000000
365.260000	4261.000000
365.265000	4781.000000
365.270000	4907.000000
365.275000	5026.000000
365.280000	4074.000000
365.285000	4533.000000
365.290000	4466.000000
365.295000	4149.000000
365.300000	4660.000000
365.305000	4137.000000
365.310000	4365.000000
365.315000	4680.000000
365.320000	4200.000000
365.325000	4107.000000
365.330000	3772.000000
365.335000	3984.000000
365.340000	3821.000000
365.345000	3989.000000
365.350000	3581.000000
365.355000	3778.000000
365.360000	3706.000000
365.365000	3944.000000
365.370000	3805.000000
365.375000	3629.000000
365.380000	3679.000000
365.385000	3843.000000
365.390000	3795.000000
365.395000	3615.000000
365.400000	3538.000000
365.405000	3494.000000
365.410000	3322.000000
365.415000	3524.000000
365.420000	3346.000000
365.425000	3703.000000
365.430000	3287.000000
365.435000	3325.000000
365.440000	3508.000000
365.445000	3143.000000
365.450000	3102.000000
365.455000	3004.000000
365.460000	3274.000000
365.465000	3276.000000
365.470000	2752.000000
365.475000	2879.000000
365.480000	3029.000000
365.485000	2950.000000
365.490000	2760.000000
365.495000	3057.000000
365.500000	2574.000000
365.505000	2778.000000
365.510000	2915.000000
365.515000	2422.000000
365.520000	2724.000000
365.525000	2602.000000
365.530000	2611.000000
365.535000	2443.000000
365.540000	2500.000000
365.545000	2297.000000
365.550000	2455.000000
365.555000	2671.000000
365.560000	2510.000000
365.565000	2381.000000
365.570000	2447.000000
365.575000	2733.000000
365.580000	2040.000000
365.585000	2218.000000
365.590000	2186.000000
365.595000	2116.000000
365.600000	2593.000000
365.605000	2287.000000
365.610000	2217.000000
365.615000	2226.000000
365.620000	2167.000000
365.625000	2141.000000
365.630000	2087.000000
365.635000	1972.000000
365.640000	2084.000000
365.645000	1981.000000
365.650000	1865.000000
365.655000	1812.000000
365.660000	2024.000000
365.665000	1990.000000
365.670000	1909.000000
365.675000	1858.000000
365.680000	1745.000000
365.685000	1750.000000
365.690000	2002.000000
365.695000	1944.000000
365.700000	1626.000000
365.705000	1899.000000
365.710000	1576.000000
365.715000	1802.000000
365.720000	1771.000000
365.725000	1719.000000
365.730000	1620.000000
365.735000	1803.000000
365.740000	1692.000000
365.745000	1831.000000
365.750000	1631.000000
365.755000	1445.000000
365.760000	1685.000000
365.765000	1640.000000
365.770000	1690.000000
365.775000	1422.000000
365.780000	1368.000000
365.785000	1399.000000
365.790000	1487.000000
365.795000	1332.000000
365.800000	1549.000000
365.805000	1541.000000
365.810000	1178.000000
365.815000	1308.000000
365.820000	1289.000000
365.825000	1344.000000
365.830000	1373.000000
365.835000	1181.000000
365.840000	1315.000000
365.845000	1344.000000
365.850000	1288.000000
365.855000	1466.000000
365.860000	1250.000000
365.865000	1409.000000
365.870000	1302.000000
365.875000	1314.000000
365.880000	1039.000000
365.885000	1245.000000
365.890000	1183.000000
365.895000	1162.000000
365.900000	924.000000
365.905000	1150.000000
365.910000	1328.000000
365.915000	1379.000000
365.920000	1128.000000
365.925000	1147.000000
365.930000	1044.000000
365.935000	1006.000000
365.940000	964.000000
365.945000	947.000000
365.950000	974.000000
365.955000	1060.000000
365.960000	1211.000000
365.965000	1116.000000
365.970000	901.000000
365.975000	798.000000
365.980000	994.000000
365.985000	968.000000
365.990000	913.000000
365.995000	1040.000000
366.000000	903.000000
366.005000	979.000000
366.010000	817.000000
366.015000	831.000000
366.020000	913.000000
366.025000	821.000000
366.030000	804.000000
366.035000	812.000000
366.040000	991.000000
366.045000	870.000000
366.050000	813.000000
366.055000	858.000000
366.060000	889.000000
366.065000	644.000000
366.070000	921.000000
366.075000	824.000000
366.080000	717.000000
366.085000	836.000000
366.090000	851.000000
366.095000	915.000000
366.100000	858.000000
366.105000	816.000000
366.110000	690.000000
366.115000	678.000000
366.120000	818.000000
366.125000	784.000000
366.130000	788.000000
366.135000	705.000000
366.140000	709.000000
366.145000	575.000000
366.150000	804.000000
366.155000	791.000000
366.160000	619.000000
366.165000	805.000000
366.170000	673.000000
366.175000	807.000000
366.180000	688.000000
366.185000	729.000000
366.190000	679.000000
366.195000	639.000000
366.200000	803.000000
366.205000	781.000000
366.210000	696.000000
366.215000	664.000000
366.220000	707.000000
366.225000	742.000000
366.230000	639.000000
366.235000	628.000000
366.240000	661.000000
366.245000	685.000000
366.250000	667.000000
366.255000	616.000000
366.260000	777.000000
366.265000	653.000000
366.270000	575.000000
366.275000	627.000000
366.280000	653.000000
366.285000	721.000000
366.290000	736.000000
366.295000	643.000000
366.300000	611.000000
366.305000	750.000000
366.310000	642.000000
366.315000	533.000000
366.320000	696.000000
366.325000	857.000000
366.330000	810.000000
366.335000	660.000000
366.340000	703.000000
366.345000	870.000000
366.350000	787.000000
366.355000	674.000000
366.360000	590.000000
366.365000	587.000000
366.370000	672.000000
366.375000	683.000000
366.380000	634.000000
366.385000	660.000000
366.390000	634.000000
366.395000	639.000000
366.400000	759.000000
366.405000	742.000000
366.410000	844.000000
366.415000	953.000000
366.420000	700.000000
366.425000	881.000000
366.430000	792.000000
366.435000	1125.000000
366.440000	1011.000000
366.445000	1040.000000
366.450000	948.000000
366.455000	905.000000
366.460000	1071.000000
366.465000	1079.000000
366.470000	1001.000000
366.475000	1324.000000
366.480000	1351.000000
366.485000	1303.000000
366.490000	1573.000000
366.495000	1507.000000
366.500000	1633.000000
366.505000	1712.000000
366.510000	1765.000000
366.515000	1594.000000
366.520000	1875.000000
366.525000	1961.000000
366.530000	1727.000000
366.535000	1420.000000
366.540000	1470.000000
366.545000	1518.000000
366.550000	1527.000000
366.555000	1616.000000
366.560000	1771.000000
366.565000	1659.000000
366.570000	1584.000000
366.575000	1351.000000
366.580000	1711.000000
366.585000	1556.000000
366.590000	1656.000000
366.595000	1773.000000
366.600000	1392.000000
366.605000	1701.000000
366.610000	1608.000000
366.615000	1868.000000
366.620000	1603.000000
366.625000	1876.000000
366.630000	1664.000000
366.635000	1436.000000
366.640000	1858.000000
366.645000	1796.000000
366.650000	1971.000000
366.655000	1956.000000
366.660000	1752.000000
366.665000	1823.000000
366.670000	1969.000000
366.675000	2223.000000
366.680000	2379.000000
366.685000	2255.000000
366.690000	2171.000000
366.695000	2295.000000
366.700000	2317.000000
366.705000	2679.000000
366.710000	2803.000000
366.715000	3005.000000
366.720000	3291.000000
366.725000	3385.000000
366.730000	3207.000000
366.735000	3682.000000
366.740000	3437.000000
366.745000	3766.000000
366.750000	3884.000000
366.755000	4628.000000
366.760000	5416.000000
366.765000	5119.000000
366.770000	5559.000000
366.775000	4348.000000
366.780000	4642.000000
366.785000	4774.000000
366.790000	4612.000000
366.795000	4998.000000
366.800000	4831.000000
366.805000	4769.000000
366.810000	5170.000000
366.815000	5553.000000
366.820000	5259.000000
366.825000	5800.000000
366.830000	5627.000000
366.835000	6305.000000
366.840000	6584.000000
366.845000	7130.000000
366.850000	6687.000000
366.855000	7458.000000
366.860000	7515.000000
366.865000	7520.000000
366.870000	8202.000000
366.875000	8222.000000
366.880000	8593.000000
366.885000	7897.000000
366.890000	9112.000000
366.895000	9417.000000
366.900000	9763.000000
366.905000	10267.000000
366.910000	9664.000000
366.915000	10175.000000
366.920000	10717.000000
366.925000	10362.000000
366.930000	10763.000000
366.935000	11359.000000
366.940000	11936.000000
366.945000	12200.000000
366.950000	12442.000000
366.955000	12443.000000
366.960000	12921.000000
366.965000	14279.000000
366.970000	14047.000000
366.975000	14660.000000
366.980000	13750.000000
366.985000	14027.000000
366.990000	15246.000000
366.995000	15064.000000
367.000000	16111.000000
367.005000	15620.000000
367.010000	16293.000000
367.015000	16830.000000
367.020000	16447.000000
367.025000	16983.000000
367.030000	16647.000000
367.035000	16445.000000
367.040000	17160.000000
367.045000	16988.000000
367.050000	17315.000000
367.055000	17986.000000
367.060000	19251.000000
367.065000	18298.000000
367.070000	19483.000000
367.075000	20404.000000
367.080000	21839.000000
367.085000	21727.000000
367.090000	23604.000000
367.095000	23405.000000
367.100000	22593.000000
367.105000	23398.000000
367.110000	23403.000000
367.115000	23535.000000
367.120000	24010.000000
367.125000	23934.000000
367.130000	24667.000000
367.135000	25430.000000
367.140000	25343.000000
367.145000	25489.000000
367.150000	25720.000000
367.155000	27028.000000
367.160000	28079.000000
367.165000	27464.000000
367.170000	28671.000000
367.175000	27422.000000
367.180000	30243.000000
367.185000	30287.000000
367.190000	30599.000000
367.195000	29899.000000
367.200000	31741.000000
367.205000	33137.000000
367.210000	32947.000000
367.215000	33694.000000
367.220000	34218.000000
367.225000	34604.000000
367.230000	36303.000000
367.235000	35613.000000
367.240000	38578.000000
367.245000	39480.000000
367.250000	39075.000000
367.255000	41279.000000
367.260000	42971.000000
367.265000	43195.000000
367.270000	44400.000000
367.275000	45598.000000
367.280000	46837.000000
367.285000	47613.000000
367.290000	50085.000000
367.295000	50773.000000
367.300000	51614.000000
367.305000	54247.000000
367.310000	55910.000000
367.315000	55988.000000
367.320000	58781.000000
367.325000	59635.000000
367.330000	60840.000000
367.335000	63032.000000
367.340000	66617.000000
367.345000	67897.000000
367.350000	69764.000000
367.355000	72789.000000
367.360000	75490.000000
367.365000	78011.000000
367.370000	78264.000000
367.375000	82603.000000
367.380000	84032.000000
367.385000	86824.000000
367.390000	91333.000000
367.395000	92981.000000
367.400000	96643.000000
367.405000	99393.000000
367.410000	100867.000000
367.415000	105252.000000
367.420000	110936.000000
367.425000	112823.000000
367.430000	116757.000000
367.435000	121051.000000
367.440000	122853.000000
367.445000	129069.000000
367.450000	132494.000000
367.455000	136098.000000
367.460000	139913.000000
367.465000	144912.000000
367.470000	147564.000000
367.475000	151931.000000
367.480000	158044.000000
367.485000	162773.000000
367.490000	163597.000000
367.495000	170472.000000
367.500000	174532.000000
367.505000	178191.000000
367.510000	180237.000000
367.515000	182993.000000
367.520000	186010.000000
367.525000	192285.000000
367.530000	194668.000000
367.535000	197225.000000
367.540000	200268.000000
367.545000	205598.000000
367.550000	205940.000000
367.555000	207036.000000
367.560000	206422.000000
367.565000	208587.000000
367.570000	212847.000000
367.575000	212829.000000
367.580000	214924.000000
367.585000	219354.000000
367.590000	216294.000000
367.595000	221089.000000
367.600000	222174.000000
367.605000	222549.000000
367.610000	228129.000000
367.615000	233117.000000
367.620000	231485.000000
367.625000	227055.000000
367.630000	223354.000000
367.635000	219141.000000
367.640000	217725.000000
367.645000	216427.000000
367.650000	210678.000000
367.655000	212936.000000
367.660000	211993.000000
367.665000	208499.000000
367.670000	210790.000000
367.675000	204363.000000
367.680000	203728.000000
367.685000	197723.000000
367.690000	194931.000000
367.695000	191287.000000
367.700000	191101.000000
367.705000	187200.000000
367.710000	184832.000000
367.715000	183381.000000
367.720000	178880.000000
367.725000	174989.000000
367.730000	174518.000000
367.735000	172371.000000
367.740000	170671.000000
367.745000	168427.000000
367.750000	165771.000000
367.755000	161051.000000
367.760000	160030.000000
367.765000	156359.000000
367.770000	154577.000000
367.775000	155167.000000
367.780000	152465.000000
367.785000	148337.000000
367.790000	150467.000000
367.795000	146249.000000
367.800000	144208.000000
367.805000	142492.000000
367.810000	137235.000000
367.815000	137512.000000
367.820000	133691.000000
367.825000	132138.000000
367.830000	130529.000000
367.835000	127167.000000
367.840000	127903.000000
367.845000	124590.000000
367.850000	121219.000000
367.855000	120877.000000
367.860000	117299.000000
367.865000	114707.000000
367.870000	114466.000000
367.875000	114423.000000
367.880000	111979.000000
367.885000	109010.000000
367.890000	108601.000000
367.895000	107519.000000
367.900000	106226.000000
367.905000	104389.000000
367.910000	101878.000000
367.915000	100852.000000
367.920000	99389.000000
367.925000	98301.000000
367.930000	98742.000000
367.935000	94683.000000
367.940000	96208.000000
367.945000	94491.000000
367.950000	93159.000000
367.955000	93367.000000
367.960000	92063.000000
367.965000	92280.000000
367.970000	91621.000000
367.975000	90564.000000
367.980000	89151.000000
367.985000	87442.000000
367.990000	88495.000000
367.995000	88549.000000
368.000000	87432.000000
368.005000	86010.000000
368.010000	83466.000000
368.015000	83297.000000
368.020000	83655.000000
368.025000	80697.000000
368.030000	80260.000000
368.035000	80801.000000
368.040000	80231.000000
368.045000	79006.000000
368.050000	80001.000000
368.055000	78121.000000
368.060000	76347.000000
368.065000	75198.000000
368.070000	75832.000000
368.075000	75471.000000
368.080000	76516.000000
368.085000	74585.000000
368.090000	72953.000000
368.095000	73316.000000
368.100000	73291.000000
368.105000	72229.000000
368.110000	71795.000000
368.115000	69917.000000
368.120000	71200.000000
368.125000	70292.000000
368.130000	70525.000000
368.135000	71368.000000
368.140000	70546.000000
368.145000	70425.000000
368.150000	72421.000000
368.155000	72598.000000
368.160000	72577.000000
368.165000	72961.000000
368.170000	75796.000000
368.175000	73859.000000
368.180000	77468.000000
368.185000	80958.000000
368.190000	86817.000000
368.195000	85880.000000
368.200000	80384.000000
368.205000	75947.000000
368.210000	74436.000000
368.215000	73963.000000
368.220000	77201.000000
368.225000	78069.000000
368.230000	79439.000000
368.235000	81056.000000
368.240000	79238.000000
368.245000	77327.000000
368.250000	74162.000000
368.255000	74726.000000
368.260000	73977.000000
368.265000	76218.000000
368.270000	75839.000000
368.275000	72857.000000
368.280000	70377.000000
368.285000	73104.000000
368.290000	72463.000000
368.295000	72374.000000
368.300000	74465.000000
368.305000	76148.000000
368.310000	78461.000000
368.315000	77553.000000
368.320000	75761.000000
368.325000	73922.000000
368.330000	75426.000000
368.335000	75629.000000
368.340000	76457.000000
368.345000	79352.000000
368.350000	83012.000000
368.355000	84400.000000
368.360000	88404.000000
368.365000	92098.000000
368.370000	96355.000000
368.375000	102233.000000
368.380000	111398.000000
368.385000	118127.000000
368.390000	131548.000000
368.395000	145755.000000
368.400000	154198.000000
368.405000	163545.000000
368.410000	167742.000000
368.415000	165070.000000
368.420000	159753.000000
368.425000	147085.000000
368.430000	133527.000000
368.435000	123179.000000
368.440000	108677.000000
368.445000	98297.000000
368.450000	93982.000000
368.455000	94868.000000
368.460000	89935.000000
368.465000	85895.000000
368.470000	76282.000000
368.475000	70680.000000
368.480000	66310.000000
368.485000	58890.000000
368.490000	58819.000000
368.495000	56385.000000
368.500000	54655.000000
368.505000	52980.000000
368.510000	52155.000000
368.515000	49308.000000
368.520000	48764.000000
368.525000	48819.000000
368.530000	47370.000000
368.535000	49035.000000
368.540000	45711.000000
368.545000	46313.000000
368.550000	43841.000000
368.555000	43861.000000
368.560000	43270.000000
368.565000	43175.000000
368.570000	41671.000000
368.575000	40969.000000
368.580000	41364.000000
368.585000	40055.000000
368.590000	40229.000000
368.595000	39146.000000
368.600000	39833.000000
368.605000	40228.000000
368.610000	38523.000000
368.615000	38538.000000
368.620000	38167.000000
368.625000	38318.000000
368.630000	36932.000000
368.635000	36943.000000
368.640000	37357.000000
368.645000	36934.000000
368.650000	37950.000000
368.655000	36482.000000
368.660000	37006.000000
368.665000	37382.000000
368.670000	37194.000000
368.675000	36497.000000
368.680000	35766.000000
368.685000	36985.000000
368.690000	37094.000000
368.695000	37318.000000
368.700000	37270.000000
368.705000	37665.000000
368.710000	38271.000000
368.715000	38907.000000
368.720000	42188.000000
368.725000	42971.000000
368.730000	44653.000000
368.735000	48514.000000
368.740000	53633.000000
368.745000	60223.000000
368.750000	70328.000000
368.755000	84763.000000
368.760000	98312.000000
368.765000	112045.000000
368.770000	124591.000000
368.775000	136997.000000
368.780000	149897.000000
368.785000	183529.000000
368.790000	253351.000000
368.795000	271537.000000
368.800000	189291.000000
368.805000	126126.000000
368.810000	89944.000000
368.815000	68429.000000
368.820000	56186.000000
368.825000	48581.000000
368.830000	43681.000000
368.835000	40600.000000
368.840000	37117.000000
368.845000	35846.000000
368.850000	34146.000000
368.855000	32085.000000
368.860000	32181.000000
368.865000	31403.000000
368.870000	29681.000000
368.875000	29487.000000
368.880000	29341.000000
368.885000	27691.000000
368.890000	27222.000000
368.895000	26294.000000
368.900000	27352.000000
368.905000	25058.000000
368.910000	25625.000000
368.915000	25347.000000
368.920000	24243.000000
368.925000	24197.000000
368.930000	23836.000000
368.935000	23762.000000
368.940000	23493.000000
368.945000	22485.000000
368.950000	21927.000000
368.955000	21753.000000
368.960000	21448.000000
368.965000	21659.000000
368.970000	20682.000000
368.975000	21976.000000
368.980000	22161.000000
368.985000	20503.000000
368.990000	21219.000000
368.995000	20940.000000
369.000000	20096.000000
369.005000	19752.000000
369.010000	19644.000000
369.015000	19955.000000
369.020000	20085.000000
369.025000	19884.000000
369.030000	19254.000000
369.035000	19674.000000
369.040000	19722.000000
369.045000	18735.000000
369.050000	17969.000000
369.055000	18986.000000
369.060000	17734.000000
369.065000	18052.000000
369.070000	18302.000000
369.075000	18050.000000
369.080000	17617.000000
369.085000	17769.000000
369.090000	17667.000000
369.095000	17198.000000
369.100000	17944.000000
369.105000	17628.000000
369.110000	17305.000000
369.115000	17154.000000
369.120000	16910.000000
369.125000	15803.000000
369.130000	16579.000000
369.135000	16650.000000
369.140000	16871.000000
369.145000	16490.000000
369.150000	16217.000000
369.155000	15749.000000
369.160000	16256.000000
369.165000	16249.000000
369.170000	15905.000000
369.175000	15995.000000
369.180000	16142.000000
369.185000	15904.000000
369.190000	15332.000000
369.195000	15078.000000
369.200000	14757.000000
369.205000	14908.000000
369.210000	14649.000000
369.215000	14806.000000
369.220000	15038.000000
369.225000	14608.000000
369.230000	14654.000000
369.235000	14007.000000
369.240000	14147.000000
369.245000	14062.000000
369.250000	14426.000000
369.255000	13230.000000
369.260000	14009.000000
369.265000	14100.000000
369.270000	14202.000000
369.275000	13849.000000
369.280000	12900.000000
369.285000	13210.000000
369.290000	13675.000000
369.295000	12851.000000
369.300000	13649.000000
369.305000	13043.000000
369.310000	13245.000000
369.315000	12902.000000
369.320000	12385.000000
369.325000	12463.000000
369.330000	12992.000000
369.335000	12511.000000
369.340000	12553.000000
369.345000	12175.000000
369.350000	12382.000000
369.355000	12257.000000
369.360000	12363.000000
369.365000	12894.000000
369.370000	12433.000000
369.375000	12176.000000
369.380000	12323.000000
369.385000	11901.000000
369.390000	12077.000000
369.395000	11677.000000
369.400000	11515.000000
369.405000	11144.000000
369.410000	11627.000000
369.415000	11072.000000
369.420000	11518.000000
369.425000	11410.000000
369.430000	11781.000000
369.435000	10859.000000
369.440000	11150.000000
369.445000	10532.000000
369.450000	11219.000000
369.455000	11186.000000
369.460000	10942.000000
369.465000	10959.000000
369.470000	10741.000000
369.475000	10493.000000
369.480000	10255.000000
369.485000	10556.000000
369.490000	10570.000000
369.495000	11160.000000
369.500000	10703.000000
369.505000	10319.000000
369.510000	9922.000000
369.515000	10647.000000
369.520000	10801.000000
369.525000	9810.000000
369.530000	10090.000000
369.535000	10266.000000
369.540000	10154.000000
369.545000	10001.000000
369.550000	9278.000000
369.555000	9909.000000
369.560000	9985.000000
369.565000	9499.000000
369.570000	9566.000000
369.575000	10054.000000
369.580000	9740.000000
369.585000	9931.000000
369.590000	9659.000000
369.595000	9914.000000
369.600000	9946.000000
369.605000	9430.000000
369.610000	9491.000000
369.615000	9840.000000
369.620000	9883.000000
369.625000	9217.000000
369.630000	8975.000000
369.635000	8945.000000
369.640000	9239.000000
369.645000	8824.000000
369.650000	9133.000000
369.655000	8958.000000
369.660000	8387.000000
369.665000	8951.000000
369.670000	8982.000000
369.675000	9414.000000
369.680000	8513.000000
369.685000	9221.000000
369.690000	8467.000000
369.695000	8355.000000
369.700000	8779.000000
369.705000	9196.000000
369.710000	8662.000000
369.715000	8976.000000
369.720000	8637.000000
369.725000	8463.000000
369.730000	8816.000000
369.735000	8337.000000
369.740000	8542.000000
369.745000	9029.000000
369.750000	8070.000000
369.755000	8180.000000
369.760000	8118.000000
369.765000	8421.000000
369.770000	8365.000000
369.775000	8458.000000
369.780000	7740.000000
369.785000	8152.000000
369.790000	8277.000000
369.795000	7580.000000
369.800000	7856.000000
369.805000	8331.000000
369.810000	8271.000000
369.815000	8004.000000
369.820000	7526.000000
369.825000	8284.000000
369.830000	8152.000000
369.835000	8198.000000
369.840000	8144.000000
369.845000	8180.000000
369.850000	7688.000000
369.855000	7345.000000
369.860000	8033.000000
369.865000	7599.000000
369.870000	7561.000000
369.875000	7858.000000
369.880000	7153.000000
369.885000	7412.000000
369.890000	7303.000000
369.895000	7300.000000
369.900000	7709.000000
369.905000	7106.000000
369.910000	7481.000000
369.915000	7741.000000
369.920000	7573.000000
369.925000	7127.000000
369.930000	6773.000000
369.935000	7267.000000
369.940000	7306.000000
369.945000	7410.000000
369.950000	7088.000000
369.955000	6726.000000
369.960000	7321.000000
369.965000	6842.000000
369.970000	7158.000000
369.975000	7148.000000
369.980000	7361.000000
369.985000	7048.000000
369.990000	7015.000000
369.995000	6718.000000
370.000000	7163.000000
