Sample ID:		H1088 Mg coat 20um slit 20mW power
Start Time:		Thu Jul 09 2020 11:55:17 PM
Averaging Time:		1.000s

360.000000	22.000000
360.005000	1.000000
360.010000	12.000000
360.015000	15.000000
360.020000	4.000000
360.025000	19.000000
360.030000	18.000000
360.035000	9.000000
360.040000	2.000000
360.045000	10.000000
360.050000	14.000000
360.055000	16.000000
360.060000	5.000000
360.065000	10.000000
360.070000	4.000000
360.075000	36.000000
360.080000	39.000000
360.085000	73.000000
360.090000	11.000000
360.095000	3.000000
360.100000	10.000000
360.105000	21.000000
360.110000	21.000000
360.115000	16.000000
360.120000	21.000000
360.125000	0.000000
360.130000	9.000000
360.135000	14.000000
360.140000	2.000000
360.145000	1.000000
360.150000	24.000000
360.155000	13.000000
360.160000	30.000000
360.165000	3.000000
360.170000	65.000000
360.175000	25.000000
360.180000	10.000000
360.185000	0.000000
360.190000	12.000000
360.195000	15.000000
360.200000	16.000000
360.205000	20.000000
360.210000	7.000000
360.215000	1.000000
360.220000	7.000000
360.225000	71.000000
360.230000	9.000000
360.235000	60.000000
360.240000	11.000000
360.245000	2.000000
360.250000	9.000000
360.255000	38.000000
360.260000	14.000000
360.265000	19.000000
360.270000	3.000000
360.275000	8.000000
360.280000	14.000000
360.285000	50.000000
360.290000	30.000000
360.295000	16.000000
360.300000	47.000000
360.305000	10.000000
360.310000	3.000000
360.315000	16.000000
360.320000	2.000000
360.325000	17.000000
360.330000	24.000000
360.335000	48.000000
360.340000	24.000000
360.345000	12.000000
360.350000	2.000000
360.355000	41.000000
360.360000	13.000000
360.365000	13.000000
360.370000	10.000000
360.375000	8.000000
360.380000	19.000000
360.385000	30.000000
360.390000	68.000000
360.395000	11.000000
360.400000	9.000000
360.405000	7.000000
360.410000	6.000000
360.415000	31.000000
360.420000	33.000000
360.425000	2.000000
360.430000	16.000000
360.435000	8.000000
360.440000	18.000000
360.445000	3.000000
360.450000	40.000000
360.455000	18.000000
360.460000	3.000000
360.465000	12.000000
360.470000	12.000000
360.475000	12.000000
360.480000	10.000000
360.485000	2.000000
360.490000	1.000000
360.495000	39.000000
360.500000	4.000000
360.505000	13.000000
360.510000	18.000000
360.515000	18.000000
360.520000	12.000000
360.525000	24.000000
360.530000	14.000000
360.535000	18.000000
360.540000	8.000000
360.545000	37.000000
360.550000	26.000000
360.555000	13.000000
360.560000	12.000000
360.565000	5.000000
360.570000	12.000000
360.575000	13.000000
360.580000	25.000000
360.585000	7.000000
360.590000	6.000000
360.595000	17.000000
360.600000	6.000000
360.605000	18.000000
360.610000	33.000000
360.615000	3.000000
360.620000	17.000000
360.625000	19.000000
360.630000	17.000000
360.635000	3.000000
360.640000	9.000000
360.645000	153.000000
360.650000	2.000000
360.655000	23.000000
360.660000	32.000000
360.665000	46.000000
360.670000	21.000000
360.675000	9.000000
360.680000	14.000000
360.685000	16.000000
360.690000	25.000000
360.695000	20.000000
360.700000	13.000000
360.705000	25.000000
360.710000	5.000000
360.715000	24.000000
360.720000	29.000000
360.725000	8.000000
360.730000	19.000000
360.735000	34.000000
360.740000	37.000000
360.745000	28.000000
360.750000	16.000000
360.755000	3.000000
360.760000	7.000000
360.765000	37.000000
360.770000	23.000000
360.775000	28.000000
360.780000	51.000000
360.785000	4.000000
360.790000	9.000000
360.795000	2.000000
360.800000	21.000000
360.805000	21.000000
360.810000	36.000000
360.815000	76.000000
360.820000	13.000000
360.825000	13.000000
360.830000	20.000000
360.835000	24.000000
360.840000	18.000000
360.845000	25.000000
360.850000	27.000000
360.855000	34.000000
360.860000	22.000000
360.865000	40.000000
360.870000	17.000000
360.875000	37.000000
360.880000	25.000000
360.885000	57.000000
360.890000	30.000000
360.895000	41.000000
360.900000	27.000000
360.905000	12.000000
360.910000	40.000000
360.915000	17.000000
360.920000	28.000000
360.925000	15.000000
360.930000	6.000000
360.935000	38.000000
360.940000	38.000000
360.945000	27.000000
360.950000	67.000000
360.955000	42.000000
360.960000	20.000000
360.965000	39.000000
360.970000	24.000000
360.975000	11.000000
360.980000	14.000000
360.985000	18.000000
360.990000	27.000000
360.995000	32.000000
361.000000	11.000000
361.005000	44.000000
361.010000	36.000000
361.015000	36.000000
361.020000	37.000000
361.025000	15.000000
361.030000	81.000000
361.035000	7.000000
361.040000	22.000000
361.045000	61.000000
361.050000	29.000000
361.055000	26.000000
361.060000	24.000000
361.065000	25.000000
361.070000	23.000000
361.075000	13.000000
361.080000	52.000000
361.085000	19.000000
361.090000	19.000000
361.095000	43.000000
361.100000	7.000000
361.105000	33.000000
361.110000	38.000000
361.115000	48.000000
361.120000	43.000000
361.125000	32.000000
361.130000	43.000000
361.135000	21.000000
361.140000	14.000000
361.145000	15.000000
361.150000	56.000000
361.155000	55.000000
361.160000	33.000000
361.165000	98.000000
361.170000	54.000000
361.175000	36.000000
361.180000	53.000000
361.185000	38.000000
361.190000	22.000000
361.195000	43.000000
361.200000	23.000000
361.205000	5.000000
361.210000	58.000000
361.215000	50.000000
361.220000	18.000000
361.225000	77.000000
361.230000	28.000000
361.235000	25.000000
361.240000	48.000000
361.245000	36.000000
361.250000	4.000000
361.255000	31.000000
361.260000	43.000000
361.265000	36.000000
361.270000	86.000000
361.275000	40.000000
361.280000	42.000000
361.285000	28.000000
361.290000	78.000000
361.295000	65.000000
361.300000	71.000000
361.305000	40.000000
361.310000	76.000000
361.315000	39.000000
361.320000	28.000000
361.325000	73.000000
361.330000	34.000000
361.335000	85.000000
361.340000	77.000000
361.345000	61.000000
361.350000	34.000000
361.355000	47.000000
361.360000	25.000000
361.365000	27.000000
361.370000	78.000000
361.375000	20.000000
361.380000	32.000000
361.385000	51.000000
361.390000	32.000000
361.395000	65.000000
361.400000	95.000000
361.405000	69.000000
361.410000	29.000000
361.415000	84.000000
361.420000	28.000000
361.425000	90.000000
361.430000	42.000000
361.435000	101.000000
361.440000	36.000000
361.445000	50.000000
361.450000	121.000000
361.455000	56.000000
361.460000	74.000000
361.465000	89.000000
361.470000	43.000000
361.475000	69.000000
361.480000	72.000000
361.485000	96.000000
361.490000	113.000000
361.495000	61.000000
361.500000	172.000000
361.505000	122.000000
361.510000	74.000000
361.515000	37.000000
361.520000	95.000000
361.525000	54.000000
361.530000	69.000000
361.535000	129.000000
361.540000	40.000000
361.545000	65.000000
361.550000	52.000000
361.555000	50.000000
361.560000	26.000000
361.565000	65.000000
361.570000	57.000000
361.575000	74.000000
361.580000	98.000000
361.585000	67.000000
361.590000	132.000000
361.595000	152.000000
361.600000	103.000000
361.605000	121.000000
361.610000	54.000000
361.615000	80.000000
361.620000	128.000000
361.625000	96.000000
361.630000	106.000000
361.635000	68.000000
361.640000	75.000000
361.645000	111.000000
361.650000	65.000000
361.655000	42.000000
361.660000	57.000000
361.665000	58.000000
361.670000	101.000000
361.675000	94.000000
361.680000	81.000000
361.685000	98.000000
361.690000	55.000000
361.695000	145.000000
361.700000	68.000000
361.705000	86.000000
361.710000	74.000000
361.715000	86.000000
361.720000	144.000000
361.725000	64.000000
361.730000	49.000000
361.735000	65.000000
361.740000	108.000000
361.745000	203.000000
361.750000	142.000000
361.755000	73.000000
361.760000	53.000000
361.765000	123.000000
361.770000	90.000000
361.775000	129.000000
361.780000	111.000000
361.785000	103.000000
361.790000	91.000000
361.795000	83.000000
361.800000	126.000000
361.805000	105.000000
361.810000	75.000000
361.815000	132.000000
361.820000	102.000000
361.825000	125.000000
361.830000	130.000000
361.835000	97.000000
361.840000	130.000000
361.845000	149.000000
361.850000	50.000000
361.855000	142.000000
361.860000	104.000000
361.865000	134.000000
361.870000	99.000000
361.875000	117.000000
361.880000	150.000000
361.885000	82.000000
361.890000	124.000000
361.895000	121.000000
361.900000	135.000000
361.905000	133.000000
361.910000	118.000000
361.915000	189.000000
361.920000	131.000000
361.925000	86.000000
361.930000	96.000000
361.935000	146.000000
361.940000	147.000000
361.945000	108.000000
361.950000	126.000000
361.955000	163.000000
361.960000	103.000000
361.965000	158.000000
361.970000	152.000000
361.975000	138.000000
361.980000	110.000000
361.985000	194.000000
361.990000	112.000000
361.995000	79.000000
362.000000	172.000000
362.005000	138.000000
362.010000	159.000000
362.015000	123.000000
362.020000	228.000000
362.025000	244.000000
362.030000	184.000000
362.035000	197.000000
362.040000	186.000000
362.045000	204.000000
362.050000	161.000000
362.055000	149.000000
362.060000	92.000000
362.065000	165.000000
362.070000	176.000000
362.075000	130.000000
362.080000	226.000000
362.085000	338.000000
362.090000	158.000000
362.095000	155.000000
362.100000	188.000000
362.105000	236.000000
362.110000	162.000000
362.115000	181.000000
362.120000	203.000000
362.125000	185.000000
362.130000	195.000000
362.135000	224.000000
362.140000	215.000000
362.145000	210.000000
362.150000	182.000000
362.155000	273.000000
362.160000	165.000000
362.165000	209.000000
362.170000	244.000000
362.175000	210.000000
362.180000	240.000000
362.185000	171.000000
362.190000	232.000000
362.195000	273.000000
362.200000	310.000000
362.205000	140.000000
362.210000	282.000000
362.215000	246.000000
362.220000	153.000000
362.225000	243.000000
362.230000	215.000000
362.235000	292.000000
362.240000	250.000000
362.245000	244.000000
362.250000	270.000000
362.255000	172.000000
362.260000	220.000000
362.265000	349.000000
362.270000	269.000000
362.275000	211.000000
362.280000	308.000000
362.285000	321.000000
362.290000	261.000000
362.295000	273.000000
362.300000	260.000000
362.305000	271.000000
362.310000	339.000000
362.315000	248.000000
362.320000	358.000000
362.325000	336.000000
362.330000	293.000000
362.335000	266.000000
362.340000	260.000000
362.345000	350.000000
362.350000	287.000000
362.355000	233.000000
362.360000	234.000000
362.365000	344.000000
362.370000	446.000000
362.375000	388.000000
362.380000	233.000000
362.385000	591.000000
362.390000	280.000000
362.395000	366.000000
362.400000	312.000000
362.405000	266.000000
362.410000	292.000000
362.415000	407.000000
362.420000	267.000000
362.425000	265.000000
362.430000	387.000000
362.435000	368.000000
362.440000	470.000000
362.445000	345.000000
362.450000	367.000000
362.455000	332.000000
362.460000	373.000000
362.465000	349.000000
362.470000	278.000000
362.475000	353.000000
362.480000	339.000000
362.485000	356.000000
362.490000	424.000000
362.495000	297.000000
362.500000	330.000000
362.505000	354.000000
362.510000	386.000000
362.515000	376.000000
362.520000	352.000000
362.525000	453.000000
362.530000	489.000000
362.535000	492.000000
362.540000	551.000000
362.545000	414.000000
362.550000	533.000000
362.555000	431.000000
362.560000	301.000000
362.565000	447.000000
362.570000	426.000000
362.575000	622.000000
362.580000	477.000000
362.585000	439.000000
362.590000	448.000000
362.595000	466.000000
362.600000	418.000000
362.605000	502.000000
362.610000	431.000000
362.615000	574.000000
362.620000	509.000000
362.625000	519.000000
362.630000	589.000000
362.635000	649.000000
362.640000	511.000000
362.645000	639.000000
362.650000	469.000000
362.655000	609.000000
362.660000	613.000000
362.665000	508.000000
362.670000	515.000000
362.675000	542.000000
362.680000	478.000000
362.685000	587.000000
362.690000	595.000000
362.695000	462.000000
362.700000	753.000000
362.705000	437.000000
362.710000	574.000000
362.715000	515.000000
362.720000	571.000000
362.725000	623.000000
362.730000	411.000000
362.735000	495.000000
362.740000	624.000000
362.745000	559.000000
362.750000	555.000000
362.755000	614.000000
362.760000	669.000000
362.765000	636.000000
362.770000	626.000000
362.775000	716.000000
362.780000	797.000000
362.785000	689.000000
362.790000	706.000000
362.795000	721.000000
362.800000	672.000000
362.805000	628.000000
362.810000	633.000000
362.815000	986.000000
362.820000	985.000000
362.825000	867.000000
362.830000	898.000000
362.835000	751.000000
362.840000	714.000000
362.845000	826.000000
362.850000	769.000000
362.855000	910.000000
362.860000	996.000000
362.865000	937.000000
362.870000	940.000000
362.875000	862.000000
362.880000	663.000000
362.885000	852.000000
362.890000	951.000000
362.895000	1009.000000
362.900000	981.000000
362.905000	995.000000
362.910000	994.000000
362.915000	925.000000
362.920000	980.000000
362.925000	982.000000
362.930000	824.000000
362.935000	996.000000
362.940000	995.000000
362.945000	1178.000000
362.950000	924.000000
362.955000	1046.000000
362.960000	974.000000
362.965000	1025.000000
362.970000	990.000000
362.975000	1045.000000
362.980000	1239.000000
362.985000	1051.000000
362.990000	1078.000000
362.995000	1348.000000
363.000000	1348.000000
363.005000	1238.000000
363.010000	1473.000000
363.015000	1129.000000
363.020000	1561.000000
363.025000	1425.000000
363.030000	1650.000000
363.035000	1077.000000
363.040000	1349.000000
363.045000	1565.000000
363.050000	1550.000000
363.055000	1475.000000
363.060000	1490.000000
363.065000	1507.000000
363.070000	1398.000000
363.075000	1479.000000
363.080000	1478.000000
363.085000	1533.000000
363.090000	1449.000000
363.095000	1317.000000
363.100000	1858.000000
363.105000	1781.000000
363.110000	1376.000000
363.115000	1511.000000
363.120000	1615.000000
363.125000	1552.000000
363.130000	1744.000000
363.135000	1932.000000
363.140000	1513.000000
363.145000	1989.000000
363.150000	1668.000000
363.155000	1889.000000
363.160000	2025.000000
363.165000	1956.000000
363.170000	1809.000000
363.175000	2352.000000
363.180000	2142.000000
363.185000	1964.000000
363.190000	2187.000000
363.195000	2025.000000
363.200000	2105.000000
363.205000	2399.000000
363.210000	2028.000000
363.215000	2011.000000
363.220000	2236.000000
363.225000	2181.000000
363.230000	1910.000000
363.235000	2253.000000
363.240000	2211.000000
363.245000	2252.000000
363.250000	2207.000000
363.255000	2426.000000
363.260000	2436.000000
363.265000	2423.000000
363.270000	2453.000000
363.275000	2502.000000
363.280000	2624.000000
363.285000	2477.000000
363.290000	2710.000000
363.295000	2684.000000
363.300000	2680.000000
363.305000	2886.000000
363.310000	2885.000000
363.315000	2981.000000
363.320000	2899.000000
363.325000	2697.000000
363.330000	3103.000000
363.335000	3215.000000
363.340000	2981.000000
363.345000	2965.000000
363.350000	3591.000000
363.355000	2950.000000
363.360000	3192.000000
363.365000	2973.000000
363.370000	3321.000000
363.375000	3436.000000
363.380000	3225.000000
363.385000	3669.000000
363.390000	3416.000000
363.395000	3500.000000
363.400000	3501.000000
363.405000	3548.000000
363.410000	3186.000000
363.415000	3804.000000
363.420000	3455.000000
363.425000	4031.000000
363.430000	3871.000000
363.435000	3828.000000
363.440000	3947.000000
363.445000	4100.000000
363.450000	3730.000000
363.455000	4170.000000
363.460000	4122.000000
363.465000	4381.000000
363.470000	4600.000000
363.475000	4268.000000
363.480000	4362.000000
363.485000	4429.000000
363.490000	4513.000000
363.495000	4242.000000
363.500000	4708.000000
363.505000	4802.000000
363.510000	4724.000000
363.515000	5225.000000
363.520000	4449.000000
363.525000	5005.000000
363.530000	4931.000000
363.535000	5006.000000
363.540000	5164.000000
363.545000	5010.000000
363.550000	5860.000000
363.555000	5083.000000
363.560000	5535.000000
363.565000	5551.000000
363.570000	5628.000000
363.575000	5543.000000
363.580000	5841.000000
363.585000	5735.000000
363.590000	5619.000000
363.595000	5889.000000
363.600000	5619.000000
363.605000	6200.000000
363.610000	5839.000000
363.615000	6306.000000
363.620000	5740.000000
363.625000	6418.000000
363.630000	6279.000000
363.635000	6109.000000
363.640000	6648.000000
363.645000	6551.000000
363.650000	6647.000000
363.655000	6932.000000
363.660000	6740.000000
363.665000	6690.000000
363.670000	6682.000000
363.675000	6994.000000
363.680000	7122.000000
363.685000	7115.000000
363.690000	7407.000000
363.695000	7427.000000
363.700000	6917.000000
363.705000	7792.000000
363.710000	7383.000000
363.715000	7593.000000
363.720000	7197.000000
363.725000	7458.000000
363.730000	8074.000000
363.735000	7833.000000
363.740000	7529.000000
363.745000	8488.000000
363.750000	9004.000000
363.755000	8670.000000
363.760000	7916.000000
363.765000	8286.000000
363.770000	7803.000000
363.775000	9265.000000
363.780000	8198.000000
363.785000	8741.000000
363.790000	8420.000000
363.795000	8928.000000
363.800000	8690.000000
363.805000	8948.000000
363.810000	9257.000000
363.815000	9668.000000
363.820000	9442.000000
363.825000	9605.000000
363.830000	9115.000000
363.835000	9380.000000
363.840000	9582.000000
363.845000	9445.000000
363.850000	9589.000000
363.855000	9274.000000
363.860000	9587.000000
363.865000	10031.000000
363.870000	10293.000000
363.875000	9818.000000
363.880000	10066.000000
363.885000	10302.000000
363.890000	10466.000000
363.895000	10640.000000
363.900000	10703.000000
363.905000	11040.000000
363.910000	10672.000000
363.915000	10458.000000
363.920000	11351.000000
363.925000	10510.000000
363.930000	10659.000000
363.935000	11626.000000
363.940000	10905.000000
363.945000	11572.000000
363.950000	11200.000000
363.955000	11083.000000
363.960000	11633.000000
363.965000	11323.000000
363.970000	11737.000000
363.975000	11513.000000
363.980000	11605.000000
363.985000	11868.000000
363.990000	11780.000000
363.995000	12036.000000
364.000000	11879.000000
364.005000	12639.000000
364.010000	12119.000000
364.015000	12102.000000
364.020000	12757.000000
364.025000	12340.000000
364.030000	12580.000000
364.035000	12774.000000
364.040000	13014.000000
364.045000	12742.000000
364.050000	12551.000000
364.055000	12637.000000
364.060000	12713.000000
364.065000	13034.000000
364.070000	12926.000000
364.075000	13596.000000
364.080000	13344.000000
364.085000	13433.000000
364.090000	12793.000000
364.095000	13418.000000
364.100000	12514.000000
364.105000	13019.000000
364.110000	12261.000000
364.115000	13023.000000
364.120000	13432.000000
364.125000	12918.000000
364.130000	13068.000000
364.135000	13501.000000
364.140000	13176.000000
364.145000	13088.000000
364.150000	12819.000000
364.155000	13336.000000
364.160000	13898.000000
364.165000	13507.000000
364.170000	13295.000000
364.175000	13420.000000
364.180000	13382.000000
364.185000	13628.000000
364.190000	13647.000000
364.195000	13494.000000
364.200000	13290.000000
364.205000	13233.000000
364.210000	13045.000000
364.215000	13268.000000
364.220000	13762.000000
364.225000	13362.000000
364.230000	13578.000000
364.235000	13516.000000
364.240000	13322.000000
364.245000	13615.000000
364.250000	13686.000000
364.255000	13947.000000
364.260000	13388.000000
364.265000	13702.000000
364.270000	13335.000000
364.275000	13977.000000
364.280000	13409.000000
364.285000	13448.000000
364.290000	13376.000000
364.295000	13890.000000
364.300000	13360.000000
364.305000	13470.000000
364.310000	14157.000000
364.315000	13689.000000
364.320000	13797.000000
364.325000	13786.000000
364.330000	13058.000000
364.335000	13842.000000
364.340000	13015.000000
364.345000	12911.000000
364.350000	13438.000000
364.355000	12974.000000
364.360000	13649.000000
364.365000	13504.000000
364.370000	13665.000000
364.375000	13357.000000
364.380000	12918.000000
364.385000	12788.000000
364.390000	12721.000000
364.395000	13052.000000
364.400000	12480.000000
364.405000	12548.000000
364.410000	12860.000000
364.415000	12135.000000
364.420000	12985.000000
364.425000	12430.000000
364.430000	12022.000000
364.435000	12625.000000
364.440000	12555.000000
364.445000	12858.000000
364.450000	12058.000000
364.455000	11874.000000
364.460000	11668.000000
364.465000	12546.000000
364.470000	12076.000000
364.475000	12171.000000
364.480000	11983.000000
364.485000	12464.000000
364.490000	11308.000000
364.495000	11837.000000
364.500000	11695.000000
364.505000	11767.000000
364.510000	11498.000000
364.515000	11653.000000
364.520000	11560.000000
364.525000	11417.000000
364.530000	11119.000000
364.535000	11107.000000
364.540000	11463.000000
364.545000	11080.000000
364.550000	11531.000000
364.555000	11544.000000
364.560000	11076.000000
364.565000	11246.000000
364.570000	10552.000000
364.575000	10273.000000
364.580000	11072.000000
364.585000	10911.000000
364.590000	10189.000000
364.595000	9894.000000
364.600000	10720.000000
364.605000	10536.000000
364.610000	9710.000000
364.615000	10477.000000
364.620000	10026.000000
364.625000	9917.000000
364.630000	10256.000000
364.635000	9823.000000
364.640000	9863.000000
364.645000	10162.000000
364.650000	9593.000000
364.655000	9661.000000
364.660000	9804.000000
364.665000	9231.000000
364.670000	9612.000000
364.675000	9648.000000
364.680000	9161.000000
364.685000	9730.000000
364.690000	9028.000000
364.695000	9193.000000
364.700000	8625.000000
364.705000	8560.000000
364.710000	9026.000000
364.715000	8107.000000
364.720000	9077.000000
364.725000	8632.000000
364.730000	8437.000000
364.735000	8294.000000
364.740000	8432.000000
364.745000	8273.000000
364.750000	8628.000000
364.755000	7834.000000
364.760000	8067.000000
364.765000	8593.000000
364.770000	8038.000000
364.775000	7380.000000
364.780000	8620.000000
364.785000	8095.000000
364.790000	7503.000000
364.795000	7835.000000
364.800000	7648.000000
364.805000	7238.000000
364.810000	7374.000000
364.815000	7204.000000
364.820000	7533.000000
364.825000	7213.000000
364.830000	6999.000000
364.835000	7069.000000
364.840000	7516.000000
364.845000	7199.000000
364.850000	7419.000000
364.855000	6865.000000
364.860000	6955.000000
364.865000	6855.000000
364.870000	6657.000000
364.875000	6188.000000
364.880000	6207.000000
364.885000	6368.000000
364.890000	6367.000000
364.895000	6570.000000
364.900000	6637.000000
364.905000	6627.000000
364.910000	5544.000000
364.915000	6359.000000
364.920000	6238.000000
364.925000	6281.000000
364.930000	6573.000000
364.935000	5882.000000
364.940000	5913.000000
364.945000	5820.000000
364.950000	5495.000000
364.955000	5604.000000
364.960000	5614.000000
364.965000	5808.000000
364.970000	5533.000000
364.975000	5265.000000
364.980000	5107.000000
364.985000	5642.000000
364.990000	5367.000000
364.995000	5106.000000
365.000000	5168.000000
365.005000	4934.000000
365.010000	5453.000000
365.015000	5649.000000
365.020000	5207.000000
365.025000	5470.000000
365.030000	4776.000000
365.035000	4834.000000
365.040000	4728.000000
365.045000	4739.000000
365.050000	4995.000000
365.055000	4202.000000
365.060000	4282.000000
365.065000	4555.000000
365.070000	4947.000000
365.075000	4829.000000
365.080000	4273.000000
365.085000	4464.000000
365.090000	4081.000000
365.095000	4190.000000
365.100000	4572.000000
365.105000	4106.000000
365.110000	3956.000000
365.115000	4085.000000
365.120000	4065.000000
365.125000	4326.000000
365.130000	3540.000000
365.135000	4172.000000
365.140000	3908.000000
365.145000	4087.000000
365.150000	3335.000000
365.155000	3837.000000
365.160000	3765.000000
365.165000	3705.000000
365.170000	3541.000000
365.175000	3301.000000
365.180000	3648.000000
365.185000	3476.000000
365.190000	3263.000000
365.195000	3701.000000
365.200000	3439.000000
365.205000	3481.000000
365.210000	3294.000000
365.215000	3288.000000
365.220000	3478.000000
365.225000	3176.000000
365.230000	3138.000000
365.235000	3043.000000
365.240000	3062.000000
365.245000	3129.000000
365.250000	3288.000000
365.255000	3519.000000
365.260000	2930.000000
365.265000	2742.000000
365.270000	2676.000000
365.275000	2733.000000
365.280000	2710.000000
365.285000	2778.000000
365.290000	2773.000000
365.295000	2717.000000
365.300000	2343.000000
365.305000	2453.000000
365.310000	2537.000000
365.315000	2583.000000
365.320000	2690.000000
365.325000	2699.000000
365.330000	2659.000000
365.335000	2333.000000
365.340000	2722.000000
365.345000	2399.000000
365.350000	2355.000000
365.355000	2558.000000
365.360000	2522.000000
365.365000	2491.000000
365.370000	2273.000000
365.375000	2513.000000
365.380000	2417.000000
365.385000	2263.000000
365.390000	2198.000000
365.395000	2258.000000
365.400000	2338.000000
365.405000	2195.000000
365.410000	2024.000000
365.415000	2052.000000
365.420000	2304.000000
365.425000	1936.000000
365.430000	2068.000000
365.435000	1990.000000
365.440000	1874.000000
365.445000	2105.000000
365.450000	1867.000000
365.455000	2041.000000
365.460000	2068.000000
365.465000	1999.000000
365.470000	1906.000000
365.475000	1787.000000
365.480000	1785.000000
365.485000	1868.000000
365.490000	1705.000000
365.495000	1829.000000
365.500000	1716.000000
365.505000	1589.000000
365.510000	1500.000000
365.515000	1417.000000
365.520000	1657.000000
365.525000	1743.000000
365.530000	1475.000000
365.535000	1615.000000
365.540000	1821.000000
365.545000	1472.000000
365.550000	1663.000000
365.555000	1675.000000
365.560000	1594.000000
365.565000	1602.000000
365.570000	1571.000000
365.575000	1547.000000
365.580000	1592.000000
365.585000	1481.000000
365.590000	1652.000000
365.595000	1514.000000
365.600000	1362.000000
365.605000	1331.000000
365.610000	1344.000000
365.615000	1263.000000
365.620000	1303.000000
365.625000	1311.000000
365.630000	1253.000000
365.635000	1574.000000
365.640000	1313.000000
365.645000	1357.000000
365.650000	1386.000000
365.655000	1190.000000
365.660000	1272.000000
365.665000	1383.000000
365.670000	1091.000000
365.675000	1263.000000
365.680000	1196.000000
365.685000	998.000000
365.690000	1145.000000
365.695000	1140.000000
365.700000	1094.000000
365.705000	1174.000000
365.710000	1136.000000
365.715000	1080.000000
365.720000	1057.000000
365.725000	1173.000000
365.730000	1146.000000
365.735000	997.000000
365.740000	1059.000000
365.745000	975.000000
365.750000	955.000000
365.755000	998.000000
365.760000	949.000000
365.765000	978.000000
365.770000	1112.000000
365.775000	996.000000
365.780000	893.000000
365.785000	1113.000000
365.790000	841.000000
365.795000	949.000000
365.800000	815.000000
365.805000	955.000000
365.810000	786.000000
365.815000	896.000000
365.820000	720.000000
365.825000	885.000000
365.830000	793.000000
365.835000	933.000000
365.840000	938.000000
365.845000	662.000000
365.850000	694.000000
365.855000	941.000000
365.860000	747.000000
365.865000	735.000000
365.870000	774.000000
365.875000	812.000000
365.880000	866.000000
365.885000	786.000000
365.890000	801.000000
365.895000	871.000000
365.900000	839.000000
365.905000	761.000000
365.910000	745.000000
365.915000	791.000000
365.920000	700.000000
365.925000	910.000000
365.930000	798.000000
365.935000	584.000000
365.940000	480.000000
365.945000	614.000000
365.950000	840.000000
365.955000	687.000000
365.960000	768.000000
365.965000	825.000000
365.970000	722.000000
365.975000	700.000000
365.980000	699.000000
365.985000	629.000000
365.990000	677.000000
365.995000	588.000000
366.000000	748.000000
366.005000	708.000000
366.010000	569.000000
366.015000	816.000000
366.020000	567.000000
366.025000	612.000000
366.030000	803.000000
366.035000	793.000000
366.040000	616.000000
366.045000	517.000000
366.050000	620.000000
366.055000	553.000000
366.060000	684.000000
366.065000	685.000000
366.070000	729.000000
366.075000	624.000000
366.080000	587.000000
366.085000	662.000000
366.090000	674.000000
366.095000	630.000000
366.100000	657.000000
366.105000	579.000000
366.110000	583.000000
366.115000	783.000000
366.120000	626.000000
366.125000	763.000000
366.130000	715.000000
366.135000	679.000000
366.140000	630.000000
366.145000	572.000000
366.150000	685.000000
366.155000	583.000000
366.160000	575.000000
366.165000	767.000000
366.170000	661.000000
366.175000	631.000000
366.180000	777.000000
366.185000	775.000000
366.190000	691.000000
366.195000	766.000000
366.200000	735.000000
366.205000	673.000000
366.210000	736.000000
366.215000	924.000000
366.220000	830.000000
366.225000	837.000000
366.230000	801.000000
366.235000	972.000000
366.240000	782.000000
366.245000	1117.000000
366.250000	1144.000000
366.255000	1066.000000
366.260000	1362.000000
366.265000	1178.000000
366.270000	1162.000000
366.275000	1175.000000
366.280000	1338.000000
366.285000	1503.000000
366.290000	1387.000000
366.295000	1444.000000
366.300000	1569.000000
366.305000	1477.000000
366.310000	1430.000000
366.315000	1668.000000
366.320000	1763.000000
366.325000	1691.000000
366.330000	1550.000000
366.335000	1896.000000
366.340000	1599.000000
366.345000	1547.000000
366.350000	1686.000000
366.355000	1477.000000
366.360000	1428.000000
366.365000	1302.000000
366.370000	1374.000000
366.375000	1515.000000
366.380000	1441.000000
366.385000	1610.000000
366.390000	1530.000000
366.395000	1632.000000
366.400000	1507.000000
366.405000	1541.000000
366.410000	1417.000000
366.415000	1755.000000
366.420000	1793.000000
366.425000	1811.000000
366.430000	1494.000000
366.435000	1688.000000
366.440000	1683.000000
366.445000	1858.000000
366.450000	1659.000000
366.455000	2225.000000
366.460000	1994.000000
366.465000	1936.000000
366.470000	1957.000000
366.475000	2305.000000
366.480000	2077.000000
366.485000	2106.000000
366.490000	2231.000000
366.495000	2406.000000
366.500000	2570.000000
366.505000	2604.000000
366.510000	2638.000000
366.515000	2715.000000
366.520000	2606.000000
366.525000	3173.000000
366.530000	2965.000000
366.535000	3382.000000
366.540000	3715.000000
366.545000	3844.000000
366.550000	4107.000000
366.555000	4653.000000
366.560000	4613.000000
366.565000	4606.000000
366.570000	4062.000000
366.575000	4055.000000
366.580000	3628.000000
366.585000	3966.000000
366.590000	4156.000000
366.595000	4631.000000
366.600000	4419.000000
366.605000	4879.000000
366.610000	5031.000000
366.615000	4598.000000
366.620000	4549.000000
366.625000	5322.000000
366.630000	5150.000000
366.635000	5527.000000
366.640000	5766.000000
366.645000	6131.000000
366.650000	6372.000000
366.655000	6642.000000
366.660000	6849.000000
366.665000	7025.000000
366.670000	7506.000000
366.675000	8103.000000
366.680000	8176.000000
366.685000	8183.000000
366.690000	8599.000000
366.695000	8480.000000
366.700000	8455.000000
366.705000	9498.000000
366.710000	9881.000000
366.715000	9526.000000
366.720000	9231.000000
366.725000	9782.000000
366.730000	9985.000000
366.735000	10441.000000
366.740000	10605.000000
366.745000	10533.000000
366.750000	10458.000000
366.755000	11817.000000
366.760000	11563.000000
366.765000	12014.000000
366.770000	11647.000000
366.775000	12424.000000
366.780000	12687.000000
366.785000	12848.000000
366.790000	13552.000000
366.795000	14067.000000
366.800000	14405.000000
366.805000	14332.000000
366.810000	14054.000000
366.815000	14640.000000
366.820000	15511.000000
366.825000	14761.000000
366.830000	15096.000000
366.835000	15659.000000
366.840000	15722.000000
366.845000	16674.000000
366.850000	16182.000000
366.855000	17657.000000
366.860000	17643.000000
366.865000	17658.000000
366.870000	17341.000000
366.875000	18808.000000
366.880000	20212.000000
366.885000	21398.000000
366.890000	20362.000000
366.895000	20896.000000
366.900000	20405.000000
366.905000	20486.000000
366.910000	21067.000000
366.915000	21354.000000
366.920000	21798.000000
366.925000	22371.000000
366.930000	23961.000000
366.935000	24208.000000
366.940000	23795.000000
366.945000	24832.000000
366.950000	25078.000000
366.955000	25049.000000
366.960000	26262.000000
366.965000	26778.000000
366.970000	28781.000000
366.975000	27547.000000
366.980000	27385.000000
366.985000	28368.000000
366.990000	29229.000000
366.995000	29565.000000
367.000000	29449.000000
367.005000	31508.000000
367.010000	31638.000000
367.015000	32302.000000
367.020000	33145.000000
367.025000	33985.000000
367.030000	35682.000000
367.035000	36644.000000
367.040000	37493.000000
367.045000	38696.000000
367.050000	39119.000000
367.055000	40835.000000
367.060000	41287.000000
367.065000	42318.000000
367.070000	43325.000000
367.075000	45059.000000
367.080000	46802.000000
367.085000	49241.000000
367.090000	49070.000000
367.095000	48975.000000
367.100000	53073.000000
367.105000	55424.000000
367.110000	56519.000000
367.115000	56974.000000
367.120000	57301.000000
367.125000	61068.000000
367.130000	63317.000000
367.135000	64066.000000
367.140000	65364.000000
367.145000	69118.000000
367.150000	70497.000000
367.155000	70888.000000
367.160000	77583.000000
367.165000	78253.000000
367.170000	80320.000000
367.175000	82764.000000
367.180000	86618.000000
367.185000	88806.000000
367.190000	93276.000000
367.195000	96442.000000
367.200000	98156.000000
367.205000	101231.000000
367.210000	106523.000000
367.215000	108011.000000
367.220000	112662.000000
367.225000	115479.000000
367.230000	123187.000000
367.235000	123515.000000
367.240000	126624.000000
367.245000	131646.000000
367.250000	138514.000000
367.255000	139782.000000
367.260000	146702.000000
367.265000	151290.000000
367.270000	154357.000000
367.275000	160155.000000
367.280000	161914.000000
367.285000	167744.000000
367.290000	176084.000000
367.295000	177529.000000
367.300000	179399.000000
367.305000	187218.000000
367.310000	191451.000000
367.315000	194693.000000
367.320000	196619.000000
367.325000	199786.000000
367.330000	204078.000000
367.335000	207956.000000
367.340000	213158.000000
367.345000	214102.000000
367.350000	214900.000000
367.355000	219627.000000
367.360000	219594.000000
367.365000	224789.000000
367.370000	225269.000000
367.375000	225080.000000
367.380000	226568.000000
367.385000	227123.000000
367.390000	231764.000000
367.395000	235325.000000
367.400000	234040.000000
367.405000	239477.000000
367.410000	244559.000000
367.415000	245382.000000
367.420000	240064.000000
367.425000	234986.000000
367.430000	232625.000000
367.435000	230976.000000
367.440000	227569.000000
367.445000	229695.000000
367.450000	224571.000000
367.455000	219730.000000
367.460000	220188.000000
367.465000	216665.000000
367.470000	215463.000000
367.475000	216029.000000
367.480000	212298.000000
367.485000	211295.000000
367.490000	207416.000000
367.495000	206619.000000
367.500000	200479.000000
367.505000	198378.000000
367.510000	191655.000000
367.515000	191509.000000
367.520000	188469.000000
367.525000	185055.000000
367.530000	180601.000000
367.535000	180156.000000
367.540000	176856.000000
367.545000	175830.000000
367.550000	172486.000000
367.555000	168703.000000
367.560000	164008.000000
367.565000	163510.000000
367.570000	160520.000000
367.575000	161845.000000
367.580000	154825.000000
367.585000	155535.000000
367.590000	152636.000000
367.595000	150261.000000
367.600000	147441.000000
367.605000	147024.000000
367.610000	143788.000000
367.615000	141997.000000
367.620000	137481.000000
367.625000	138995.000000
367.630000	135699.000000
367.635000	132347.000000
367.640000	130236.000000
367.645000	126283.000000
367.650000	125404.000000
367.655000	123914.000000
367.660000	121125.000000
367.665000	118705.000000
367.670000	117770.000000
367.675000	116312.000000
367.680000	111654.000000
367.685000	113721.000000
367.690000	112972.000000
367.695000	107995.000000
367.700000	107107.000000
367.705000	105949.000000
367.710000	103587.000000
367.715000	102617.000000
367.720000	100614.000000
367.725000	100158.000000
367.730000	98516.000000
367.735000	98537.000000
367.740000	96740.000000
367.745000	95984.000000
367.750000	94426.000000
367.755000	95219.000000
367.760000	94688.000000
367.765000	92783.000000
367.770000	93459.000000
367.775000	91101.000000
367.780000	91470.000000
367.785000	91995.000000
367.790000	90905.000000
367.795000	87829.000000
367.800000	87433.000000
367.805000	86641.000000
367.810000	83746.000000
367.815000	85000.000000
367.820000	82680.000000
367.825000	83247.000000
367.830000	82445.000000
367.835000	80003.000000
367.840000	80755.000000
367.845000	82019.000000
367.850000	79388.000000
367.855000	79076.000000
367.860000	78148.000000
367.865000	76402.000000
367.870000	77361.000000
367.875000	76092.000000
367.880000	75978.000000
367.885000	75460.000000
367.890000	74271.000000
367.895000	73318.000000
367.900000	73838.000000
367.905000	72791.000000
367.910000	73014.000000
367.915000	72962.000000
367.920000	71996.000000
367.925000	72810.000000
367.930000	71978.000000
367.935000	68899.000000
367.940000	71391.000000
367.945000	72556.000000
367.950000	73226.000000
367.955000	73009.000000
367.960000	74220.000000
367.965000	73315.000000
367.970000	76785.000000
367.975000	75774.000000
367.980000	80055.000000
367.985000	85476.000000
367.990000	85928.000000
367.995000	81883.000000
368.000000	75629.000000
368.005000	74667.000000
368.010000	73606.000000
368.015000	75851.000000
368.020000	76746.000000
368.025000	79412.000000
368.030000	79821.000000
368.035000	80396.000000
368.040000	75667.000000
368.045000	75140.000000
368.050000	74159.000000
368.055000	77030.000000
368.060000	77355.000000
368.065000	77076.000000
368.070000	73016.000000
368.075000	72258.000000
368.080000	73112.000000
368.085000	72501.000000
368.090000	73819.000000
368.095000	73958.000000
368.100000	75304.000000
368.105000	79236.000000
368.110000	77152.000000
368.115000	73411.000000
368.120000	74694.000000
368.125000	76293.000000
368.130000	77086.000000
368.135000	77595.000000
368.140000	79865.000000
368.145000	82990.000000
368.150000	84872.000000
368.155000	86273.000000
368.160000	90470.000000
368.165000	96347.000000
368.170000	100549.000000
368.175000	107280.000000
368.180000	117156.000000
368.185000	126607.000000
368.190000	137705.000000
368.195000	149830.000000
368.200000	160602.000000
368.205000	164814.000000
368.210000	166241.000000
368.215000	162437.000000
368.220000	149912.000000
368.225000	135484.000000
368.230000	123534.000000
368.235000	109123.000000
368.240000	99562.000000
368.245000	95958.000000
368.250000	93838.000000
368.255000	93066.000000
368.260000	87233.000000
368.265000	80280.000000
368.270000	71568.000000
368.275000	66160.000000
368.280000	64208.000000
368.285000	57447.000000
368.290000	56844.000000
368.295000	55347.000000
368.300000	53187.000000
368.305000	54401.000000
368.310000	49997.000000
368.315000	50071.000000
368.320000	49312.000000
368.325000	48725.000000
368.330000	49007.000000
368.335000	46859.000000
368.340000	47517.000000
368.345000	45334.000000
368.350000	45437.000000
368.355000	44060.000000
368.360000	44523.000000
368.365000	42252.000000
368.370000	43081.000000
368.375000	40718.000000
368.380000	41625.000000
368.385000	41753.000000
368.390000	41792.000000
368.395000	40208.000000
368.400000	39410.000000
368.405000	40860.000000
368.410000	38880.000000
368.415000	39863.000000
368.420000	38601.000000
368.425000	38353.000000
368.430000	37551.000000
368.435000	36523.000000
368.440000	37994.000000
368.445000	37461.000000
368.450000	37605.000000
368.455000	36789.000000
368.460000	36080.000000
368.465000	35804.000000
368.470000	36801.000000
368.475000	36149.000000
368.480000	36436.000000
368.485000	36987.000000
368.490000	37122.000000
368.495000	37852.000000
368.500000	36748.000000
368.505000	39086.000000
368.510000	39374.000000
368.515000	40050.000000
368.520000	42179.000000
368.525000	44094.000000
368.530000	46648.000000
368.535000	49434.000000
368.540000	56862.000000
368.545000	66667.000000
368.550000	77209.000000
368.555000	91762.000000
368.560000	105282.000000
368.565000	114712.000000
368.570000	126378.000000
368.575000	136952.000000
368.580000	159757.000000
368.585000	216315.000000
368.590000	268310.000000
368.595000	225650.000000
368.600000	134323.000000
368.605000	95140.000000
368.610000	70403.000000
368.615000	57869.000000
368.620000	49576.000000
368.625000	45644.000000
368.630000	40499.000000
368.635000	37817.000000
368.640000	36239.000000
368.645000	34022.000000
368.650000	33310.000000
368.655000	32919.000000
368.660000	32587.000000
368.665000	30654.000000
368.670000	29317.000000
368.675000	27842.000000
368.680000	28251.000000
368.685000	27162.000000
368.690000	27682.000000
368.695000	25954.000000
368.700000	26089.000000
368.705000	24952.000000
368.710000	26372.000000
368.715000	24659.000000
368.720000	24735.000000
368.725000	23568.000000
368.730000	24070.000000
368.735000	22872.000000
368.740000	23835.000000
368.745000	22345.000000
368.750000	21936.000000
368.755000	22432.000000
368.760000	21420.000000
368.765000	21474.000000
368.770000	22025.000000
368.775000	21559.000000
368.780000	21805.000000
368.785000	20796.000000
368.790000	21138.000000
368.795000	20381.000000
368.800000	19206.000000
368.805000	20666.000000
368.810000	20109.000000
368.815000	20516.000000
368.820000	19503.000000
368.825000	18327.000000
368.830000	19927.000000
368.835000	19739.000000
368.840000	19334.000000
368.845000	18864.000000
368.850000	18654.000000
368.855000	18762.000000
368.860000	18049.000000
368.865000	18692.000000
368.870000	17286.000000
368.875000	18059.000000
368.880000	17280.000000
368.885000	17597.000000
368.890000	16961.000000
368.895000	17324.000000
368.900000	17062.000000
368.905000	16793.000000
368.910000	17276.000000
368.915000	17184.000000
368.920000	16948.000000
368.925000	17160.000000
368.930000	16643.000000
368.935000	16407.000000
368.940000	15729.000000
368.945000	16027.000000
368.950000	16450.000000
368.955000	15597.000000
368.960000	15243.000000
368.965000	16162.000000
368.970000	15644.000000
368.975000	15354.000000
368.980000	15567.000000
368.985000	14764.000000
368.990000	15515.000000
368.995000	14683.000000
369.000000	15026.000000
369.005000	14582.000000
369.010000	14973.000000
369.015000	15485.000000
369.020000	14677.000000
369.025000	14282.000000
369.030000	14292.000000
369.035000	14206.000000
369.040000	13516.000000
369.045000	13988.000000
369.050000	13726.000000
369.055000	14471.000000
369.060000	14159.000000
369.065000	13172.000000
369.070000	14506.000000
369.075000	12973.000000
369.080000	13964.000000
369.085000	13409.000000
369.090000	13570.000000
369.095000	13519.000000
369.100000	13402.000000
369.105000	13382.000000
369.110000	13726.000000
369.115000	13292.000000
369.120000	12762.000000
369.125000	12797.000000
369.130000	12567.000000
369.135000	12722.000000
369.140000	12842.000000
369.145000	12189.000000
369.150000	12251.000000
369.155000	12164.000000
369.160000	12498.000000
369.165000	12485.000000
369.170000	11570.000000
369.175000	11903.000000
369.180000	12283.000000
369.185000	11891.000000
369.190000	11578.000000
369.195000	11821.000000
369.200000	11453.000000
369.205000	11663.000000
369.210000	11073.000000
369.215000	10914.000000
369.220000	11684.000000
369.225000	11130.000000
369.230000	11542.000000
369.235000	10837.000000
369.240000	11365.000000
369.245000	11066.000000
369.250000	11403.000000
369.255000	10990.000000
369.260000	11161.000000
369.265000	10886.000000
369.270000	10547.000000
369.275000	10232.000000
369.280000	10275.000000
369.285000	10685.000000
369.290000	10780.000000
369.295000	10041.000000
369.300000	10583.000000
369.305000	10454.000000
369.310000	9845.000000
369.315000	10007.000000
369.320000	10005.000000
369.325000	10364.000000
369.330000	9998.000000
369.335000	10058.000000
369.340000	10313.000000
369.345000	10110.000000
369.350000	10299.000000
369.355000	9745.000000
369.360000	9940.000000
369.365000	10162.000000
369.370000	9478.000000
369.375000	9326.000000
369.380000	9882.000000
369.385000	9588.000000
369.390000	9441.000000
369.395000	8796.000000
369.400000	9887.000000
369.405000	8838.000000
369.410000	9389.000000
369.415000	9122.000000
369.420000	9529.000000
369.425000	9174.000000
369.430000	9557.000000
369.435000	8933.000000
369.440000	9416.000000
369.445000	8808.000000
369.450000	8487.000000
369.455000	9437.000000
369.460000	8988.000000
369.465000	8937.000000
369.470000	8935.000000
369.475000	8951.000000
369.480000	8484.000000
369.485000	9041.000000
369.490000	8456.000000
369.495000	9020.000000
369.500000	8927.000000
369.505000	8306.000000
369.510000	8379.000000
369.515000	8719.000000
369.520000	9085.000000
369.525000	8604.000000
369.530000	8691.000000
369.535000	8555.000000
369.540000	8200.000000
369.545000	8010.000000
369.550000	7947.000000
369.555000	8247.000000
369.560000	8635.000000
369.565000	8383.000000
369.570000	8475.000000
369.575000	7941.000000
369.580000	7843.000000
369.585000	7870.000000
369.590000	8118.000000
369.595000	7726.000000
369.600000	7870.000000
369.605000	8097.000000
369.610000	7506.000000
369.615000	7412.000000
369.620000	7519.000000
369.625000	8269.000000
369.630000	7864.000000
369.635000	7581.000000
369.640000	7531.000000
369.645000	8048.000000
369.650000	7651.000000
369.655000	8093.000000
369.660000	7737.000000
369.665000	7708.000000
369.670000	7505.000000
369.675000	8109.000000
369.680000	7469.000000
369.685000	7984.000000
369.690000	7751.000000
369.695000	7327.000000
369.700000	7583.000000
369.705000	7280.000000
369.710000	7261.000000
369.715000	7471.000000
369.720000	7331.000000
369.725000	7337.000000
369.730000	7049.000000
369.735000	6868.000000
369.740000	6807.000000
369.745000	7058.000000
369.750000	7106.000000
369.755000	6831.000000
369.760000	6750.000000
369.765000	6967.000000
369.770000	7344.000000
369.775000	6870.000000
369.780000	6937.000000
369.785000	6663.000000
369.790000	6750.000000
369.795000	6861.000000
369.800000	6707.000000
369.805000	6261.000000
369.810000	6529.000000
369.815000	7580.000000
369.820000	6500.000000
369.825000	7281.000000
369.830000	6852.000000
369.835000	6757.000000
369.840000	7094.000000
369.845000	6704.000000
369.850000	6299.000000
369.855000	6459.000000
369.860000	6244.000000
369.865000	6390.000000
369.870000	6209.000000
369.875000	6580.000000
369.880000	6317.000000
369.885000	5924.000000
369.890000	6523.000000
369.895000	6290.000000
369.900000	5948.000000
369.905000	6359.000000
369.910000	6244.000000
369.915000	6488.000000
369.920000	6032.000000
369.925000	6297.000000
369.930000	5910.000000
369.935000	5867.000000
369.940000	6145.000000
369.945000	6005.000000
369.950000	6147.000000
369.955000	6066.000000
369.960000	6445.000000
369.965000	5847.000000
369.970000	6217.000000
369.975000	5999.000000
369.980000	6249.000000
369.985000	6046.000000
369.990000	6170.000000
369.995000	6137.000000
370.000000	6134.000000
