Sample ID:		None
Start Time:		Thu Jul 09 2020 10:39:33 AM
Averaging Time:		1.000s

364.800000	23642.000000
364.805000	15726.000000
364.810000	9132.000000
364.815000	8533.000000
364.820000	6949.000000
364.825000	5874.000000
364.830000	5906.000000
364.835000	4647.000000
364.840000	4193.000000
364.845000	4281.000000
364.850000	3902.000000
364.855000	3453.000000
364.860000	2776.000000
364.865000	2756.000000
364.870000	3063.000000
364.875000	2726.000000
364.880000	2396.000000
364.885000	2269.000000
364.890000	2051.000000
364.895000	2215.000000
364.900000	2182.000000
364.905000	1671.000000
364.910000	1599.000000
364.915000	1501.000000
364.920000	1505.000000
364.925000	1499.000000
364.930000	1272.000000
364.935000	1226.000000
364.940000	1033.000000
364.945000	1170.000000
364.950000	1033.000000
364.955000	1125.000000
364.960000	900.000000
364.965000	924.000000
364.970000	973.000000
364.975000	1009.000000
364.980000	979.000000
364.985000	924.000000
364.990000	959.000000
364.995000	826.000000
365.000000	1103.000000
365.005000	938.000000
365.010000	977.000000
365.015000	923.000000
365.020000	778.000000
365.025000	769.000000
365.030000	979.000000
365.035000	873.000000
365.040000	785.000000
365.045000	802.000000
365.050000	778.000000
365.055000	734.000000
365.060000	633.000000
365.065000	815.000000
365.070000	904.000000
365.075000	591.000000
365.080000	551.000000
365.085000	588.000000
365.090000	642.000000
365.095000	670.000000
365.100000	780.000000
365.105000	702.000000
365.110000	609.000000
365.115000	505.000000
365.120000	647.000000
365.125000	710.000000
365.130000	629.000000
365.135000	559.000000
365.140000	689.000000
365.145000	610.000000
365.150000	713.000000
365.155000	536.000000
365.160000	887.000000
365.165000	788.000000
365.170000	1149.000000
365.175000	1504.000000
365.180000	2001.000000
365.185000	2399.000000
365.190000	3910.000000
365.195000	5807.000000
365.200000	7921.000000
