Sample ID:		None
Start Time:		Thu Jul 09 2020 11:05:13 AM
Averaging Time:		1.000s

364.800000	790.000000
364.805000	892.000000
364.810000	922.000000
364.815000	1048.000000
364.820000	1439.000000
364.825000	1263.000000
364.830000	1334.000000
364.835000	1409.000000
364.840000	2732.000000
364.845000	2855.000000
364.850000	4119.000000
364.855000	7068.000000
364.860000	13837.000000
364.865000	18648.000000
364.870000	26417.000000
364.875000	35887.000000
364.880000	48728.000000
364.885000	60938.000000
364.890000	76231.000000
364.895000	102831.000000
364.900000	486570.000000
364.905000	623918.000000
364.910000	776605.000000
364.915000	368723.000000
364.920000	124543.000000
364.925000	74357.000000
364.930000	47129.000000
364.935000	25007.000000
364.940000	17681.000000
364.945000	12863.000000
364.950000	9490.000000
364.955000	8285.000000
364.960000	6708.000000
364.965000	6050.000000
364.970000	5182.000000
364.975000	4838.000000
364.980000	4487.000000
364.985000	3852.000000
364.990000	3539.000000
364.995000	3766.000000
365.000000	3099.000000
365.005000	2930.000000
365.010000	2980.000000
365.015000	2554.000000
365.020000	2173.000000
365.025000	2240.000000
365.030000	2160.000000
365.035000	2227.000000
365.040000	2046.000000
365.045000	1594.000000
365.050000	1520.000000
365.055000	1751.000000
365.060000	1396.000000
365.065000	1462.000000
365.070000	1258.000000
365.075000	1359.000000
365.080000	1444.000000
365.085000	1122.000000
365.090000	1014.000000
365.095000	809.000000
365.100000	986.000000
365.105000	1019.000000
365.110000	1074.000000
365.115000	776.000000
365.120000	788.000000
365.125000	746.000000
365.130000	904.000000
365.135000	804.000000
365.140000	946.000000
365.145000	945.000000
365.150000	819.000000
365.155000	818.000000
365.160000	977.000000
365.165000	883.000000
365.170000	816.000000
365.175000	878.000000
365.180000	891.000000
365.185000	767.000000
365.190000	696.000000
365.195000	654.000000
365.200000	631.000000
