Sample ID:		None
Start Time:		Thu Jul 09 2020 10:55:07 AM
Averaging Time:		1.000s

364.800000	1165.000000
364.805000	1545.000000
364.810000	1144.000000
364.815000	1561.000000
364.820000	1621.000000
364.825000	2284.000000
364.830000	3535.000000
364.835000	5526.000000
364.840000	8235.000000
364.845000	13177.000000
364.850000	19933.000000
364.855000	26994.000000
364.860000	37279.000000
364.865000	50514.000000
364.870000	75801.000000
364.875000	81434.000000
364.880000	125032.000000
364.885000	287209.000000
364.890000	742569.000000
364.895000	729220.000000
364.900000	276286.000000
364.905000	101126.000000
364.910000	60962.000000
364.915000	30751.000000
364.920000	24025.000000
364.925000	16469.000000
364.930000	11290.000000
364.935000	9245.000000
364.940000	8063.000000
364.945000	6949.000000
364.950000	5349.000000
364.955000	4620.000000
364.960000	4265.000000
364.965000	4081.000000
364.970000	3741.000000
364.975000	3330.000000
364.980000	3508.000000
364.985000	2991.000000
364.990000	2880.000000
364.995000	2768.000000
365.000000	2515.000000
365.005000	2511.000000
365.010000	2502.000000
365.015000	2410.000000
365.020000	1946.000000
365.025000	1938.000000
365.030000	1650.000000
365.035000	1712.000000
365.040000	1741.000000
365.045000	1537.000000
365.050000	1534.000000
365.055000	1343.000000
365.060000	1397.000000
365.065000	1166.000000
365.070000	1062.000000
