Sample ID:		None
Start Time:		Thu Jul 09 2020 11:39:53 AM
Averaging Time:		1.000s

364.800000	649.000000
364.805000	567.000000
364.810000	653.000000
364.815000	703.000000
364.820000	961.000000
364.825000	752.000000
364.830000	851.000000
364.835000	837.000000
364.840000	881.000000
364.845000	1026.000000
364.850000	1169.000000
364.855000	1283.000000
364.860000	1556.000000
364.865000	1843.000000
364.870000	2355.000000
364.875000	3342.000000
364.880000	5511.000000
364.885000	8473.000000
364.890000	12732.000000
364.895000	20681.000000
364.900000	30030.000000
364.905000	36287.000000
364.910000	50717.000000
364.915000	62299.000000
364.920000	81879.000000
364.925000	116581.000000
364.930000	278990.000000
364.935000	668839.000000
364.940000	587712.000000
364.945000	219347.000000
364.950000	104029.000000
364.955000	62198.000000
364.960000	27589.000000
364.965000	21132.000000
364.970000	14996.000000
364.975000	9642.000000
364.980000	7543.000000
364.985000	7133.000000
364.990000	5568.000000
364.995000	4919.000000
365.000000	4586.000000
365.005000	4656.000000
365.010000	3928.000000
365.015000	3725.000000
365.020000	3019.000000
365.025000	2641.000000
365.030000	2361.000000
365.035000	2654.000000
365.040000	2274.000000
365.045000	2252.000000
365.050000	2053.000000
365.055000	2146.000000
365.060000	1994.000000
365.065000	1894.000000
365.070000	1860.000000
365.075000	1660.000000
365.080000	1407.000000
365.085000	1137.000000
365.090000	1273.000000
365.095000	1271.000000
365.100000	1204.000000
365.105000	1024.000000
365.110000	1156.000000
365.115000	889.000000
365.120000	953.000000
365.125000	795.000000
365.130000	920.000000
365.135000	704.000000
365.140000	811.000000
365.145000	881.000000
365.150000	738.000000
365.155000	1010.000000
365.160000	726.000000
365.165000	753.000000
365.170000	968.000000
365.175000	1044.000000
365.180000	786.000000
365.185000	826.000000
365.190000	607.000000
365.195000	873.000000
365.200000	800.000000
