Sample ID:		None
Start Time:		Thu Jul 09 2020 11:20:18 AM
Averaging Time:		1.000s

364.800000	221.000000
364.805000	146.000000
364.810000	172.000000
364.815000	97.000000
364.820000	118.000000
364.825000	143.000000
364.830000	121.000000
364.835000	180.000000
364.840000	214.000000
364.845000	139.000000
364.850000	171.000000
364.855000	194.000000
364.860000	203.000000
364.865000	288.000000
364.870000	347.000000
364.875000	327.000000
364.880000	303.000000
364.885000	386.000000
364.890000	593.000000
364.895000	595.000000
364.900000	422.000000
364.905000	489.000000
364.910000	534.000000
364.915000	530.000000
364.920000	384.000000
364.925000	473.000000
364.930000	643.000000
364.935000	536.000000
364.940000	544.000000
364.945000	638.000000
364.950000	557.000000
364.955000	611.000000
364.960000	702.000000
364.965000	615.000000
364.970000	607.000000
364.975000	811.000000
364.980000	614.000000
364.985000	744.000000
364.990000	758.000000
364.995000	1112.000000
365.000000	1085.000000
365.005000	1066.000000
365.010000	1307.000000
365.015000	1291.000000
365.020000	1521.000000
365.025000	1560.000000
365.030000	2490.000000
365.035000	2831.000000
365.040000	5327.000000
365.045000	8252.000000
365.050000	12417.000000
365.055000	19524.000000
365.060000	32301.000000
365.065000	39078.000000
365.070000	48457.000000
365.075000	63471.000000
365.080000	78828.000000
365.085000	116904.000000
365.090000	263016.000000
365.095000	560412.000000
365.100000	774666.000000
365.105000	296245.000000
365.110000	135191.000000
365.115000	78076.000000
365.120000	43771.000000
365.125000	17058.000000
365.130000	16023.000000
365.135000	11749.000000
365.140000	8543.000000
365.145000	7844.000000
365.150000	6631.000000
365.155000	6314.000000
365.160000	5597.000000
365.165000	4600.000000
365.170000	4004.000000
365.175000	3782.000000
365.180000	3525.000000
365.185000	3197.000000
365.190000	3200.000000
365.195000	2730.000000
365.200000	2836.000000
