Sample ID:		None
Start Time:		Thu Jul 09 2020 10:43:49 AM
Averaging Time:		1.000s

364.800000	33258.000000
364.805000	44569.000000
364.810000	58378.000000
364.815000	75824.000000
364.820000	112435.000000
364.825000	431704.000000
364.830000	577762.000000
364.835000	767697.000000
364.840000	252803.000000
364.845000	129442.000000
364.850000	71701.000000
364.855000	41276.000000
364.860000	23652.000000
364.865000	15846.000000
364.870000	11553.000000
364.875000	9291.000000
364.880000	7047.000000
364.885000	6807.000000
364.890000	5745.000000
364.895000	5186.000000
364.900000	4329.000000
364.905000	4059.000000
364.910000	4457.000000
364.915000	3640.000000
364.920000	3279.000000
364.925000	3236.000000
364.930000	3421.000000
364.935000	2573.000000
364.940000	2457.000000
364.945000	2434.000000
364.950000	2342.000000
364.955000	1913.000000
364.960000	1874.000000
364.965000	1859.000000
364.970000	1666.000000
364.975000	1615.000000
364.980000	1380.000000
364.985000	1405.000000
364.990000	1393.000000
364.995000	1319.000000
365.000000	1105.000000
365.005000	1125.000000
365.010000	1212.000000
365.015000	928.000000
365.020000	1095.000000
365.025000	1013.000000
365.030000	926.000000
365.035000	994.000000
365.040000	894.000000
365.045000	1063.000000
365.050000	874.000000
365.055000	911.000000
365.060000	894.000000
365.065000	910.000000
365.070000	758.000000
365.075000	927.000000
365.080000	1074.000000
365.085000	800.000000
365.090000	845.000000
365.095000	804.000000
365.100000	709.000000
365.105000	722.000000
365.110000	776.000000
365.115000	691.000000
365.120000	664.000000
365.125000	769.000000
365.130000	620.000000
365.135000	789.000000
365.140000	469.000000
365.145000	567.000000
365.150000	646.000000
365.155000	619.000000
365.160000	444.000000
365.165000	624.000000
365.170000	728.000000
365.175000	625.000000
365.180000	692.000000
365.185000	662.000000
365.190000	597.000000
365.195000	753.000000
365.200000	605.000000
