Sample ID:		None
Start Time:		Thu Jul 09 2020 11:47:05 AM
Averaging Time:		1.000s

364.800000	156.000000
364.805000	124.000000
364.810000	123.000000
364.815000	170.000000
364.820000	205.000000
364.825000	122.000000
364.830000	138.000000
364.835000	179.000000
364.840000	141.000000
364.845000	249.000000
364.850000	217.000000
364.855000	294.000000
364.860000	396.000000
364.865000	470.000000
364.870000	441.000000
364.875000	409.000000
364.880000	389.000000
364.885000	410.000000
364.890000	526.000000
364.895000	559.000000
364.900000	528.000000
364.905000	426.000000
364.910000	530.000000
364.915000	409.000000
364.920000	515.000000
364.925000	619.000000
364.930000	723.000000
364.935000	536.000000
364.940000	619.000000
364.945000	712.000000
364.950000	594.000000
364.955000	680.000000
364.960000	635.000000
364.965000	872.000000
364.970000	764.000000
364.975000	923.000000
364.980000	929.000000
364.985000	999.000000
364.990000	1181.000000
364.995000	991.000000
365.000000	1465.000000
365.005000	1693.000000
365.010000	1823.000000
365.015000	2545.000000
365.020000	3087.000000
365.025000	6476.000000
365.030000	9908.000000
365.035000	13855.000000
365.040000	23275.000000
365.045000	30580.000000
365.050000	42245.000000
365.055000	50022.000000
365.060000	66884.000000
365.065000	88814.000000
365.070000	130711.000000
365.075000	355941.000000
365.080000	726763.000000
365.085000	546731.000000
365.090000	112263.000000
365.095000	86817.000000
365.100000	49580.000000
365.105000	28946.000000
365.110000	17648.000000
365.115000	12648.000000
365.120000	9410.000000
365.125000	8065.000000
365.130000	6073.000000
365.135000	5603.000000
365.140000	5124.000000
365.145000	4385.000000
365.150000	4131.000000
365.155000	3596.000000
365.160000	3121.000000
365.165000	3435.000000
365.170000	2804.000000
365.175000	2706.000000
365.180000	2505.000000
365.185000	2439.000000
365.190000	2479.000000
365.195000	2141.000000
365.200000	2180.000000
