Sample ID:		None
Start Time:		Thu Jul 09 2020 11:24:40 AM
Averaging Time:		1.000s

364.800000	570.000000
364.805000	452.000000
364.810000	540.000000
364.815000	425.000000
364.820000	554.000000
364.825000	515.000000
364.830000	676.000000
364.835000	637.000000
364.840000	503.000000
364.845000	690.000000
364.850000	790.000000
364.855000	700.000000
364.860000	738.000000
364.865000	668.000000
364.870000	580.000000
364.875000	680.000000
364.880000	919.000000
364.885000	863.000000
364.890000	1068.000000
364.895000	1115.000000
364.900000	1347.000000
364.905000	1091.000000
364.910000	1496.000000
364.915000	2209.000000
364.920000	2997.000000
364.925000	4052.000000
364.930000	6993.000000
364.935000	12011.000000
364.940000	16745.000000
364.945000	25785.000000
364.950000	34090.000000
364.955000	43919.000000
364.960000	66417.000000
364.965000	73712.000000
364.970000	98278.000000
364.975000	197739.000000
364.980000	503329.000000
364.985000	782838.000000
364.990000	409990.000000
364.995000	114247.000000
365.000000	79178.000000
365.005000	49166.000000
365.010000	30338.000000
365.015000	17091.000000
365.020000	13731.000000
365.025000	9695.000000
365.030000	8100.000000
365.035000	6680.000000
365.040000	6506.000000
365.045000	5150.000000
365.050000	5186.000000
365.055000	4300.000000
365.060000	3615.000000
365.065000	4197.000000
365.070000	3373.000000
365.075000	2991.000000
365.080000	2904.000000
365.085000	2792.000000
365.090000	2250.000000
365.095000	2455.000000
365.100000	2431.000000
365.105000	2229.000000
365.110000	2038.000000
365.115000	2001.000000
365.120000	1745.000000
365.125000	1726.000000
365.130000	1621.000000
365.135000	1465.000000
365.140000	1397.000000
365.145000	1478.000000
365.150000	1259.000000
365.155000	1211.000000
365.160000	1018.000000
365.165000	1027.000000
365.170000	1012.000000
365.175000	1071.000000
365.180000	966.000000
365.185000	927.000000
365.190000	815.000000
365.195000	918.000000
365.200000	655.000000
