Sample ID:		None
Start Time:		Thu Jul 09 2020 10:48:47 AM
Averaging Time:		1.000s

364.800000	1281.000000
364.805000	1421.000000
364.810000	1745.000000
364.815000	2354.000000
364.820000	3756.000000
364.825000	4539.000000
364.830000	7499.000000
364.835000	11732.000000
364.840000	23556.000000
364.845000	27581.000000
364.850000	36063.000000
364.855000	45772.000000
364.860000	64296.000000
364.865000	79840.000000
364.870000	116617.000000
364.875000	237320.000000
364.880000	625660.000000
364.885000	748901.000000
364.890000	289186.000000
364.895000	115128.000000
364.900000	68390.000000
364.905000	37741.000000
364.910000	22255.000000
364.915000	16697.000000
364.920000	11423.000000
364.925000	8432.000000
364.930000	7732.000000
364.935000	6579.000000
364.940000	5469.000000
364.945000	5064.000000
364.950000	4611.000000
364.955000	4162.000000
364.960000	4039.000000
364.965000	3674.000000
364.970000	3555.000000
364.975000	2879.000000
364.980000	2910.000000
364.985000	2880.000000
364.990000	2461.000000
364.995000	2467.000000
365.000000	2144.000000
365.005000	2302.000000
365.010000	2097.000000
365.015000	2271.000000
365.020000	1868.000000
365.025000	1772.000000
365.030000	1550.000000
365.035000	1591.000000
365.040000	1538.000000
365.045000	1377.000000
365.050000	1241.000000
365.055000	1185.000000
365.060000	1182.000000
365.065000	1003.000000
365.070000	1074.000000
365.075000	817.000000
365.080000	869.000000
365.085000	907.000000
365.090000	846.000000
365.095000	950.000000
365.100000	806.000000
365.105000	859.000000
365.110000	933.000000
365.115000	893.000000
365.120000	782.000000
365.125000	920.000000
365.130000	768.000000
365.135000	778.000000
365.140000	951.000000
365.145000	742.000000
365.150000	853.000000
365.155000	775.000000
365.160000	717.000000
365.165000	769.000000
365.170000	854.000000
365.175000	593.000000
365.180000	825.000000
365.185000	649.000000
365.190000	541.000000
365.195000	564.000000
365.200000	706.000000
