Sample ID:		H1107 20um slit 20mW power
Start Time:		Tue Jul 14 2020 12:12:04 PM
Averaging Time:		1.000s

360.000000	6.000000
360.005000	10.000000
360.010000	6.000000
360.015000	15.000000
360.020000	27.000000
360.025000	15.000000
360.030000	1.000000
360.035000	3.000000
360.040000	39.000000
360.045000	5.000000
360.050000	8.000000
360.055000	4.000000
360.060000	15.000000
360.065000	6.000000
360.070000	2.000000
360.075000	3.000000
360.080000	1.000000
360.085000	47.000000
360.090000	11.000000
360.095000	10.000000
360.100000	1.000000
360.105000	11.000000
360.110000	0.000000
360.115000	38.000000
360.120000	10.000000
360.125000	15.000000
360.130000	4.000000
360.135000	6.000000
360.140000	26.000000
360.145000	7.000000
360.150000	2.000000
360.155000	4.000000
360.160000	3.000000
360.165000	61.000000
360.170000	4.000000
360.175000	2.000000
360.180000	2.000000
360.185000	4.000000
360.190000	8.000000
360.195000	3.000000
360.200000	0.000000
360.205000	1.000000
360.210000	38.000000
360.215000	8.000000
360.220000	13.000000
360.225000	6.000000
360.230000	7.000000
360.235000	14.000000
360.240000	1.000000
360.245000	25.000000
360.250000	15.000000
360.255000	0.000000
360.260000	11.000000
360.265000	70.000000
360.270000	2.000000
360.275000	33.000000
360.280000	3.000000
360.285000	1.000000
360.290000	2.000000
360.295000	10.000000
360.300000	3.000000
360.305000	1.000000
360.310000	4.000000
360.315000	3.000000
360.320000	3.000000
360.325000	3.000000
360.330000	1.000000
360.335000	3.000000
360.340000	1.000000
360.345000	2.000000
360.350000	18.000000
360.355000	7.000000
360.360000	0.000000
360.365000	3.000000
360.370000	1.000000
360.375000	6.000000
360.380000	10.000000
360.385000	14.000000
360.390000	5.000000
360.395000	17.000000
360.400000	2.000000
360.405000	5.000000
360.410000	1.000000
360.415000	3.000000
360.420000	0.000000
360.425000	7.000000
360.430000	13.000000
360.435000	0.000000
360.440000	15.000000
360.445000	0.000000
360.450000	2.000000
360.455000	2.000000
360.460000	0.000000
360.465000	36.000000
360.470000	5.000000
360.475000	2.000000
360.480000	5.000000
360.485000	2.000000
360.490000	0.000000
360.495000	4.000000
360.500000	2.000000
360.505000	4.000000
360.510000	8.000000
360.515000	3.000000
360.520000	11.000000
360.525000	14.000000
360.530000	7.000000
360.535000	15.000000
360.540000	1.000000
360.545000	2.000000
360.550000	2.000000
360.555000	3.000000
360.560000	5.000000
360.565000	9.000000
360.570000	5.000000
360.575000	6.000000
360.580000	5.000000
360.585000	6.000000
360.590000	2.000000
360.595000	20.000000
360.600000	12.000000
360.605000	0.000000
360.610000	6.000000
360.615000	30.000000
360.620000	6.000000
360.625000	1.000000
360.630000	6.000000
360.635000	1.000000
360.640000	2.000000
360.645000	17.000000
360.650000	9.000000
360.655000	4.000000
360.660000	8.000000
360.665000	15.000000
360.670000	5.000000
360.675000	22.000000
360.680000	8.000000
360.685000	12.000000
360.690000	2.000000
360.695000	23.000000
360.700000	18.000000
360.705000	10.000000
360.710000	0.000000
360.715000	0.000000
360.720000	7.000000
360.725000	3.000000
360.730000	1.000000
360.735000	1.000000
360.740000	1.000000
360.745000	1.000000
360.750000	6.000000
360.755000	9.000000
360.760000	1.000000
360.765000	9.000000
360.770000	1.000000
360.775000	1.000000
360.780000	13.000000
360.785000	8.000000
360.790000	26.000000
360.795000	5.000000
360.800000	1.000000
360.805000	0.000000
360.810000	8.000000
360.815000	0.000000
360.820000	6.000000
360.825000	2.000000
360.830000	13.000000
360.835000	9.000000
360.840000	3.000000
360.845000	19.000000
360.850000	7.000000
360.855000	8.000000
360.860000	3.000000
360.865000	3.000000
360.870000	10.000000
360.875000	34.000000
360.880000	7.000000
360.885000	3.000000
360.890000	1.000000
360.895000	2.000000
360.900000	1.000000
360.905000	3.000000
360.910000	12.000000
360.915000	3.000000
360.920000	10.000000
360.925000	30.000000
360.930000	12.000000
360.935000	14.000000
360.940000	0.000000
360.945000	1.000000
360.950000	1.000000
360.955000	10.000000
360.960000	8.000000
360.965000	1.000000
360.970000	5.000000
360.975000	4.000000
360.980000	4.000000
360.985000	6.000000
360.990000	19.000000
360.995000	0.000000
361.000000	11.000000
361.005000	17.000000
361.010000	7.000000
361.015000	24.000000
361.020000	26.000000
361.025000	4.000000
361.030000	16.000000
361.035000	55.000000
361.040000	3.000000
361.045000	0.000000
361.050000	5.000000
361.055000	2.000000
361.060000	12.000000
361.065000	1.000000
361.070000	16.000000
361.075000	1.000000
361.080000	4.000000
361.085000	6.000000
361.090000	1.000000
361.095000	33.000000
361.100000	18.000000
361.105000	11.000000
361.110000	7.000000
361.115000	0.000000
361.120000	5.000000
361.125000	13.000000
361.130000	8.000000
361.135000	3.000000
361.140000	13.000000
361.145000	4.000000
361.150000	5.000000
361.155000	7.000000
361.160000	2.000000
361.165000	11.000000
361.170000	4.000000
361.175000	21.000000
361.180000	4.000000
361.185000	20.000000
361.190000	32.000000
361.195000	4.000000
361.200000	3.000000
361.205000	1.000000
361.210000	3.000000
361.215000	2.000000
361.220000	3.000000
361.225000	12.000000
361.230000	33.000000
361.235000	1.000000
361.240000	4.000000
361.245000	0.000000
361.250000	3.000000
361.255000	21.000000
361.260000	0.000000
361.265000	1.000000
361.270000	4.000000
361.275000	3.000000
361.280000	6.000000
361.285000	6.000000
361.290000	6.000000
361.295000	11.000000
361.300000	4.000000
361.305000	2.000000
361.310000	27.000000
361.315000	1.000000
361.320000	3.000000
361.325000	9.000000
361.330000	4.000000
361.335000	12.000000
361.340000	24.000000
361.345000	14.000000
361.350000	11.000000
361.355000	16.000000
361.360000	42.000000
361.365000	0.000000
361.370000	7.000000
361.375000	12.000000
361.380000	9.000000
361.385000	3.000000
361.390000	2.000000
361.395000	7.000000
361.400000	2.000000
361.405000	2.000000
361.410000	4.000000
361.415000	3.000000
361.420000	1.000000
361.425000	12.000000
361.430000	46.000000
361.435000	12.000000
361.440000	54.000000
361.445000	11.000000
361.450000	5.000000
361.455000	7.000000
361.460000	37.000000
361.465000	5.000000
361.470000	33.000000
361.475000	6.000000
361.480000	7.000000
361.485000	0.000000
361.490000	1.000000
361.495000	22.000000
361.500000	2.000000
361.505000	0.000000
361.510000	0.000000
361.515000	2.000000
361.520000	4.000000
361.525000	9.000000
361.530000	1.000000
361.535000	20.000000
361.540000	8.000000
361.545000	20.000000
361.550000	5.000000
361.555000	24.000000
361.560000	5.000000
361.565000	10.000000
361.570000	2.000000
361.575000	1.000000
361.580000	0.000000
361.585000	5.000000
361.590000	17.000000
361.595000	0.000000
361.600000	3.000000
361.605000	17.000000
361.610000	7.000000
361.615000	21.000000
361.620000	1.000000
361.625000	20.000000
361.630000	4.000000
361.635000	22.000000
361.640000	1.000000
361.645000	5.000000
361.650000	1.000000
361.655000	23.000000
361.660000	20.000000
361.665000	1.000000
361.670000	0.000000
361.675000	4.000000
361.680000	22.000000
361.685000	5.000000
361.690000	8.000000
361.695000	39.000000
361.700000	9.000000
361.705000	2.000000
361.710000	4.000000
361.715000	21.000000
361.720000	11.000000
361.725000	21.000000
361.730000	7.000000
361.735000	10.000000
361.740000	3.000000
361.745000	10.000000
361.750000	1.000000
361.755000	0.000000
361.760000	11.000000
361.765000	5.000000
361.770000	8.000000
361.775000	1.000000
361.780000	15.000000
361.785000	6.000000
361.790000	0.000000
361.795000	0.000000
361.800000	1.000000
361.805000	5.000000
361.810000	4.000000
361.815000	9.000000
361.820000	3.000000
361.825000	18.000000
361.830000	1.000000
361.835000	0.000000
361.840000	26.000000
361.845000	7.000000
361.850000	8.000000
361.855000	0.000000
361.860000	2.000000
361.865000	3.000000
361.870000	3.000000
361.875000	2.000000
361.880000	7.000000
361.885000	25.000000
361.890000	7.000000
361.895000	35.000000
361.900000	1.000000
361.905000	5.000000
361.910000	8.000000
361.915000	16.000000
361.920000	15.000000
361.925000	28.000000
361.930000	7.000000
361.935000	4.000000
361.940000	13.000000
361.945000	13.000000
361.950000	1.000000
361.955000	2.000000
361.960000	4.000000
361.965000	10.000000
361.970000	7.000000
361.975000	3.000000
361.980000	24.000000
361.985000	15.000000
361.990000	55.000000
361.995000	2.000000
362.000000	1.000000
362.005000	4.000000
362.010000	14.000000
362.015000	7.000000
362.020000	10.000000
362.025000	3.000000
362.030000	11.000000
362.035000	6.000000
362.040000	2.000000
362.045000	16.000000
362.050000	18.000000
362.055000	9.000000
362.060000	42.000000
362.065000	24.000000
362.070000	24.000000
362.075000	18.000000
362.080000	3.000000
362.085000	42.000000
362.090000	10.000000
362.095000	78.000000
362.100000	3.000000
362.105000	10.000000
362.110000	6.000000
362.115000	18.000000
362.120000	7.000000
362.125000	45.000000
362.130000	68.000000
362.135000	14.000000
362.140000	25.000000
362.145000	24.000000
362.150000	9.000000
362.155000	26.000000
362.160000	20.000000
362.165000	10.000000
362.170000	24.000000
362.175000	22.000000
362.180000	49.000000
362.185000	15.000000
362.190000	36.000000
362.195000	12.000000
362.200000	7.000000
362.205000	4.000000
362.210000	13.000000
362.215000	17.000000
362.220000	28.000000
362.225000	1.000000
362.230000	13.000000
362.235000	2.000000
362.240000	19.000000
362.245000	26.000000
362.250000	8.000000
362.255000	1.000000
362.260000	34.000000
362.265000	41.000000
362.270000	14.000000
362.275000	21.000000
362.280000	17.000000
362.285000	3.000000
362.290000	23.000000
362.295000	4.000000
362.300000	1.000000
362.305000	24.000000
362.310000	23.000000
362.315000	1.000000
362.320000	3.000000
362.325000	6.000000
362.330000	3.000000
362.335000	18.000000
362.340000	1.000000
362.345000	17.000000
362.350000	23.000000
362.355000	3.000000
362.360000	7.000000
362.365000	1.000000
362.370000	3.000000
362.375000	24.000000
362.380000	9.000000
362.385000	17.000000
362.390000	7.000000
362.395000	1.000000
362.400000	7.000000
362.405000	21.000000
362.410000	11.000000
362.415000	6.000000
362.420000	9.000000
362.425000	53.000000
362.430000	1.000000
362.435000	39.000000
362.440000	2.000000
362.445000	2.000000
362.450000	20.000000
362.455000	2.000000
362.460000	14.000000
362.465000	12.000000
362.470000	12.000000
362.475000	2.000000
362.480000	13.000000
362.485000	9.000000
362.490000	5.000000
362.495000	8.000000
362.500000	27.000000
362.505000	35.000000
362.510000	15.000000
362.515000	11.000000
362.520000	12.000000
362.525000	8.000000
362.530000	12.000000
362.535000	67.000000
362.540000	16.000000
362.545000	22.000000
362.550000	0.000000
362.555000	17.000000
362.560000	5.000000
362.565000	9.000000
362.570000	2.000000
362.575000	4.000000
362.580000	56.000000
362.585000	5.000000
362.590000	11.000000
362.595000	49.000000
362.600000	43.000000
362.605000	1.000000
362.610000	3.000000
362.615000	2.000000
362.620000	25.000000
362.625000	12.000000
362.630000	7.000000
362.635000	3.000000
362.640000	13.000000
362.645000	16.000000
362.650000	6.000000
362.655000	43.000000
362.660000	28.000000
362.665000	23.000000
362.670000	1.000000
362.675000	12.000000
362.680000	9.000000
362.685000	9.000000
362.690000	33.000000
362.695000	14.000000
362.700000	36.000000
362.705000	9.000000
362.710000	13.000000
362.715000	4.000000
362.720000	13.000000
362.725000	4.000000
362.730000	16.000000
362.735000	44.000000
362.740000	8.000000
362.745000	25.000000
362.750000	12.000000
362.755000	19.000000
362.760000	41.000000
362.765000	3.000000
362.770000	72.000000
362.775000	44.000000
362.780000	45.000000
362.785000	32.000000
362.790000	66.000000
362.795000	37.000000
362.800000	39.000000
362.805000	24.000000
362.810000	54.000000
362.815000	40.000000
362.820000	118.000000
362.825000	51.000000
362.830000	56.000000
362.835000	39.000000
362.840000	93.000000
362.845000	37.000000
362.850000	38.000000
362.855000	77.000000
362.860000	58.000000
362.865000	92.000000
362.870000	83.000000
362.875000	59.000000
362.880000	46.000000
362.885000	54.000000
362.890000	56.000000
362.895000	21.000000
362.900000	20.000000
362.905000	47.000000
362.910000	43.000000
362.915000	41.000000
362.920000	61.000000
362.925000	71.000000
362.930000	22.000000
362.935000	77.000000
362.940000	26.000000
362.945000	76.000000
362.950000	34.000000
362.955000	54.000000
362.960000	35.000000
362.965000	60.000000
362.970000	62.000000
362.975000	18.000000
362.980000	21.000000
362.985000	25.000000
362.990000	25.000000
362.995000	24.000000
363.000000	14.000000
363.005000	5.000000
363.010000	19.000000
363.015000	28.000000
363.020000	50.000000
363.025000	14.000000
363.030000	6.000000
363.035000	47.000000
363.040000	16.000000
363.045000	9.000000
363.050000	38.000000
363.055000	17.000000
363.060000	62.000000
363.065000	9.000000
363.070000	26.000000
363.075000	6.000000
363.080000	53.000000
363.085000	21.000000
363.090000	7.000000
363.095000	23.000000
363.100000	10.000000
363.105000	36.000000
363.110000	19.000000
363.115000	13.000000
363.120000	27.000000
363.125000	6.000000
363.130000	2.000000
363.135000	4.000000
363.140000	40.000000
363.145000	10.000000
363.150000	14.000000
363.155000	21.000000
363.160000	36.000000
363.165000	5.000000
363.170000	16.000000
363.175000	7.000000
363.180000	11.000000
363.185000	5.000000
363.190000	8.000000
363.195000	10.000000
363.200000	15.000000
363.205000	35.000000
363.210000	0.000000
363.215000	16.000000
363.220000	5.000000
363.225000	2.000000
363.230000	5.000000
363.235000	21.000000
363.240000	23.000000
363.245000	12.000000
363.250000	2.000000
363.255000	9.000000
363.260000	8.000000
363.265000	15.000000
363.270000	10.000000
363.275000	5.000000
363.280000	19.000000
363.285000	15.000000
363.290000	7.000000
363.295000	19.000000
363.300000	1.000000
363.305000	22.000000
363.310000	9.000000
363.315000	26.000000
363.320000	16.000000
363.325000	1.000000
363.330000	6.000000
363.335000	15.000000
363.340000	9.000000
363.345000	28.000000
363.350000	9.000000
363.355000	4.000000
363.360000	5.000000
363.365000	5.000000
363.370000	26.000000
363.375000	1.000000
363.380000	25.000000
363.385000	1.000000
363.390000	69.000000
363.395000	2.000000
363.400000	26.000000
363.405000	4.000000
363.410000	52.000000
363.415000	34.000000
363.420000	13.000000
363.425000	6.000000
363.430000	6.000000
363.435000	40.000000
363.440000	7.000000
363.445000	3.000000
363.450000	0.000000
363.455000	10.000000
363.460000	7.000000
363.465000	20.000000
363.470000	2.000000
363.475000	0.000000
363.480000	2.000000
363.485000	10.000000
363.490000	13.000000
363.495000	13.000000
363.500000	16.000000
363.505000	14.000000
363.510000	5.000000
363.515000	22.000000
363.520000	11.000000
363.525000	0.000000
363.530000	1.000000
363.535000	9.000000
363.540000	18.000000
363.545000	46.000000
363.550000	12.000000
363.555000	24.000000
363.560000	12.000000
363.565000	3.000000
363.570000	4.000000
363.575000	28.000000
363.580000	3.000000
363.585000	18.000000
363.590000	21.000000
363.595000	27.000000
363.600000	21.000000
363.605000	5.000000
363.610000	8.000000
363.615000	3.000000
363.620000	1.000000
363.625000	15.000000
363.630000	7.000000
363.635000	0.000000
363.640000	3.000000
363.645000	10.000000
363.650000	4.000000
363.655000	2.000000
363.660000	42.000000
363.665000	4.000000
363.670000	9.000000
363.675000	6.000000
363.680000	7.000000
363.685000	25.000000
363.690000	0.000000
363.695000	9.000000
363.700000	2.000000
363.705000	4.000000
363.710000	3.000000
363.715000	0.000000
363.720000	4.000000
363.725000	12.000000
363.730000	2.000000
363.735000	8.000000
363.740000	4.000000
363.745000	22.000000
363.750000	2.000000
363.755000	17.000000
363.760000	19.000000
363.765000	11.000000
363.770000	14.000000
363.775000	5.000000
363.780000	14.000000
363.785000	47.000000
363.790000	1.000000
363.795000	3.000000
363.800000	14.000000
363.805000	4.000000
363.810000	11.000000
363.815000	12.000000
363.820000	0.000000
363.825000	4.000000
363.830000	16.000000
363.835000	11.000000
363.840000	4.000000
363.845000	6.000000
363.850000	14.000000
363.855000	3.000000
363.860000	9.000000
363.865000	3.000000
363.870000	6.000000
363.875000	5.000000
363.880000	33.000000
363.885000	9.000000
363.890000	24.000000
363.895000	34.000000
363.900000	2.000000
363.905000	10.000000
363.910000	1.000000
363.915000	52.000000
363.920000	12.000000
363.925000	9.000000
363.930000	2.000000
363.935000	8.000000
363.940000	2.000000
363.945000	1.000000
363.950000	6.000000
363.955000	6.000000
363.960000	6.000000
363.965000	3.000000
363.970000	8.000000
363.975000	31.000000
363.980000	14.000000
363.985000	3.000000
363.990000	13.000000
363.995000	14.000000
364.000000	2.000000
364.005000	2.000000
364.010000	1.000000
364.015000	6.000000
364.020000	21.000000
364.025000	27.000000
364.030000	4.000000
364.035000	24.000000
364.040000	5.000000
364.045000	9.000000
364.050000	45.000000
364.055000	0.000000
364.060000	24.000000
364.065000	18.000000
364.070000	8.000000
364.075000	40.000000
364.080000	6.000000
364.085000	3.000000
364.090000	3.000000
364.095000	26.000000
364.100000	21.000000
364.105000	9.000000
364.110000	34.000000
364.115000	0.000000
364.120000	22.000000
364.125000	1.000000
364.130000	1.000000
364.135000	5.000000
364.140000	22.000000
364.145000	8.000000
364.150000	18.000000
364.155000	6.000000
364.160000	3.000000
364.165000	13.000000
364.170000	2.000000
364.175000	2.000000
364.180000	14.000000
364.185000	8.000000
364.190000	4.000000
364.195000	5.000000
364.200000	22.000000
364.205000	16.000000
364.210000	3.000000
364.215000	16.000000
364.220000	1.000000
364.225000	2.000000
364.230000	12.000000
364.235000	41.000000
364.240000	12.000000
364.245000	3.000000
364.250000	8.000000
364.255000	12.000000
364.260000	23.000000
364.265000	17.000000
364.270000	20.000000
364.275000	0.000000
364.280000	7.000000
364.285000	12.000000
364.290000	5.000000
364.295000	2.000000
364.300000	1.000000
364.305000	9.000000
364.310000	22.000000
364.315000	16.000000
364.320000	2.000000
364.325000	1.000000
364.330000	35.000000
364.335000	0.000000
364.340000	15.000000
364.345000	5.000000
364.350000	34.000000
364.355000	6.000000
364.360000	15.000000
364.365000	34.000000
364.370000	6.000000
364.375000	5.000000
364.380000	6.000000
364.385000	6.000000
364.390000	7.000000
364.395000	0.000000
364.400000	21.000000
364.405000	4.000000
364.410000	1.000000
364.415000	0.000000
364.420000	1.000000
364.425000	29.000000
364.430000	7.000000
364.435000	18.000000
364.440000	2.000000
364.445000	15.000000
364.450000	1.000000
364.455000	2.000000
364.460000	50.000000
364.465000	35.000000
364.470000	7.000000
364.475000	12.000000
364.480000	0.000000
364.485000	10.000000
364.490000	8.000000
364.495000	17.000000
364.500000	4.000000
364.505000	6.000000
364.510000	5.000000
364.515000	8.000000
364.520000	2.000000
364.525000	0.000000
364.530000	10.000000
364.535000	9.000000
364.540000	13.000000
364.545000	0.000000
364.550000	9.000000
364.555000	24.000000
364.560000	23.000000
364.565000	18.000000
364.570000	13.000000
364.575000	9.000000
364.580000	15.000000
364.585000	1.000000
364.590000	11.000000
364.595000	21.000000
364.600000	16.000000
364.605000	1.000000
364.610000	18.000000
364.615000	1.000000
364.620000	15.000000
364.625000	3.000000
364.630000	4.000000
364.635000	12.000000
364.640000	0.000000
364.645000	45.000000
364.650000	4.000000
364.655000	63.000000
364.660000	3.000000
364.665000	5.000000
364.670000	8.000000
364.675000	57.000000
364.680000	60.000000
364.685000	1.000000
364.690000	26.000000
364.695000	17.000000
364.700000	3.000000
364.705000	8.000000
364.710000	8.000000
364.715000	18.000000
364.720000	54.000000
364.725000	1.000000
364.730000	20.000000
364.735000	12.000000
364.740000	11.000000
364.745000	6.000000
364.750000	18.000000
364.755000	27.000000
364.760000	1.000000
364.765000	17.000000
364.770000	8.000000
364.775000	20.000000
364.780000	16.000000
364.785000	22.000000
364.790000	4.000000
364.795000	11.000000
364.800000	8.000000
364.805000	14.000000
364.810000	13.000000
364.815000	0.000000
364.820000	11.000000
364.825000	27.000000
364.830000	44.000000
364.835000	28.000000
364.840000	12.000000
364.845000	22.000000
364.850000	9.000000
364.855000	0.000000
364.860000	0.000000
364.865000	21.000000
364.870000	1.000000
364.875000	13.000000
364.880000	0.000000
364.885000	22.000000
364.890000	7.000000
364.895000	12.000000
364.900000	3.000000
364.905000	15.000000
364.910000	29.000000
364.915000	16.000000
364.920000	9.000000
364.925000	7.000000
364.930000	14.000000
364.935000	4.000000
364.940000	27.000000
364.945000	7.000000
364.950000	23.000000
364.955000	7.000000
364.960000	46.000000
364.965000	12.000000
364.970000	14.000000
364.975000	10.000000
364.980000	30.000000
364.985000	34.000000
364.990000	13.000000
364.995000	44.000000
365.000000	17.000000
365.005000	14.000000
365.010000	9.000000
365.015000	25.000000
365.020000	6.000000
365.025000	3.000000
365.030000	57.000000
365.035000	9.000000
365.040000	4.000000
365.045000	4.000000
365.050000	9.000000
365.055000	13.000000
365.060000	0.000000
365.065000	2.000000
365.070000	28.000000
365.075000	1.000000
365.080000	8.000000
365.085000	10.000000
365.090000	24.000000
365.095000	12.000000
365.100000	24.000000
365.105000	29.000000
365.110000	12.000000
365.115000	35.000000
365.120000	9.000000
365.125000	19.000000
365.130000	10.000000
365.135000	11.000000
365.140000	2.000000
365.145000	6.000000
365.150000	13.000000
365.155000	5.000000
365.160000	16.000000
365.165000	5.000000
365.170000	1.000000
365.175000	4.000000
365.180000	27.000000
365.185000	4.000000
365.190000	9.000000
365.195000	61.000000
365.200000	1.000000
365.205000	5.000000
365.210000	0.000000
365.215000	6.000000
365.220000	4.000000
365.225000	0.000000
365.230000	1.000000
365.235000	33.000000
365.240000	21.000000
365.245000	1.000000
365.250000	12.000000
365.255000	5.000000
365.260000	9.000000
365.265000	13.000000
365.270000	8.000000
365.275000	28.000000
365.280000	15.000000
365.285000	29.000000
365.290000	50.000000
365.295000	20.000000
365.300000	10.000000
365.305000	2.000000
365.310000	10.000000
365.315000	30.000000
365.320000	5.000000
365.325000	2.000000
365.330000	40.000000
365.335000	6.000000
365.340000	7.000000
365.345000	10.000000
365.350000	27.000000
365.355000	7.000000
365.360000	21.000000
365.365000	3.000000
365.370000	28.000000
365.375000	6.000000
365.380000	10.000000
365.385000	12.000000
365.390000	22.000000
365.395000	8.000000
365.400000	27.000000
365.405000	9.000000
365.410000	4.000000
365.415000	16.000000
365.420000	29.000000
365.425000	33.000000
365.430000	26.000000
365.435000	6.000000
365.440000	21.000000
365.445000	7.000000
365.450000	13.000000
365.455000	12.000000
365.460000	18.000000
365.465000	9.000000
365.470000	2.000000
365.475000	11.000000
365.480000	27.000000
365.485000	27.000000
365.490000	8.000000
365.495000	29.000000
365.500000	37.000000
365.505000	23.000000
365.510000	5.000000
365.515000	6.000000
365.520000	24.000000
365.525000	16.000000
365.530000	30.000000
365.535000	14.000000
365.540000	35.000000
365.545000	13.000000
365.550000	7.000000
365.555000	8.000000
365.560000	16.000000
365.565000	2.000000
365.570000	20.000000
365.575000	5.000000
365.580000	6.000000
365.585000	13.000000
365.590000	9.000000
365.595000	8.000000
365.600000	22.000000
365.605000	4.000000
365.610000	50.000000
365.615000	14.000000
365.620000	9.000000
365.625000	15.000000
365.630000	12.000000
365.635000	12.000000
365.640000	9.000000
365.645000	47.000000
365.650000	14.000000
365.655000	10.000000
365.660000	13.000000
365.665000	3.000000
365.670000	32.000000
365.675000	7.000000
365.680000	1.000000
365.685000	15.000000
365.690000	6.000000
365.695000	13.000000
365.700000	41.000000
365.705000	25.000000
365.710000	9.000000
365.715000	26.000000
365.720000	45.000000
365.725000	35.000000
365.730000	12.000000
365.735000	10.000000
365.740000	42.000000
365.745000	10.000000
365.750000	40.000000
365.755000	8.000000
365.760000	5.000000
365.765000	23.000000
365.770000	19.000000
365.775000	12.000000
365.780000	6.000000
365.785000	65.000000
365.790000	75.000000
365.795000	28.000000
365.800000	13.000000
365.805000	13.000000
365.810000	19.000000
365.815000	8.000000
365.820000	42.000000
365.825000	37.000000
365.830000	44.000000
365.835000	15.000000
365.840000	11.000000
365.845000	5.000000
365.850000	8.000000
365.855000	6.000000
365.860000	44.000000
365.865000	70.000000
365.870000	48.000000
365.875000	11.000000
365.880000	41.000000
365.885000	16.000000
365.890000	56.000000
365.895000	1.000000
365.900000	98.000000
365.905000	10.000000
365.910000	40.000000
365.915000	10.000000
365.920000	21.000000
365.925000	79.000000
365.930000	16.000000
365.935000	18.000000
365.940000	48.000000
365.945000	15.000000
365.950000	55.000000
365.955000	18.000000
365.960000	22.000000
365.965000	56.000000
365.970000	17.000000
365.975000	41.000000
365.980000	33.000000
365.985000	15.000000
365.990000	58.000000
365.995000	11.000000
366.000000	20.000000
366.005000	37.000000
366.010000	18.000000
366.015000	21.000000
366.020000	28.000000
366.025000	13.000000
366.030000	13.000000
366.035000	21.000000
366.040000	36.000000
366.045000	11.000000
366.050000	6.000000
366.055000	21.000000
366.060000	65.000000
366.065000	73.000000
366.070000	29.000000
366.075000	25.000000
366.080000	28.000000
366.085000	55.000000
366.090000	21.000000
366.095000	37.000000
366.100000	18.000000
366.105000	24.000000
366.110000	23.000000
366.115000	58.000000
366.120000	33.000000
366.125000	28.000000
366.130000	24.000000
366.135000	28.000000
366.140000	41.000000
366.145000	18.000000
366.150000	24.000000
366.155000	39.000000
366.160000	34.000000
366.165000	46.000000
366.170000	42.000000
366.175000	42.000000
366.180000	22.000000
366.185000	12.000000
366.190000	18.000000
366.195000	31.000000
366.200000	66.000000
366.205000	49.000000
366.210000	41.000000
366.215000	25.000000
366.220000	22.000000
366.225000	44.000000
366.230000	68.000000
366.235000	25.000000
366.240000	36.000000
366.245000	36.000000
366.250000	80.000000
366.255000	49.000000
366.260000	45.000000
366.265000	15.000000
366.270000	28.000000
366.275000	107.000000
366.280000	24.000000
366.285000	81.000000
366.290000	61.000000
366.295000	100.000000
366.300000	39.000000
366.305000	44.000000
366.310000	25.000000
366.315000	17.000000
366.320000	65.000000
366.325000	81.000000
366.330000	52.000000
366.335000	72.000000
366.340000	53.000000
366.345000	24.000000
366.350000	26.000000
366.355000	68.000000
366.360000	38.000000
366.365000	27.000000
366.370000	81.000000
366.375000	39.000000
366.380000	63.000000
366.385000	21.000000
366.390000	115.000000
366.395000	90.000000
366.400000	82.000000
366.405000	31.000000
366.410000	66.000000
366.415000	81.000000
366.420000	98.000000
366.425000	82.000000
366.430000	78.000000
366.435000	115.000000
366.440000	87.000000
366.445000	65.000000
366.450000	68.000000
366.455000	74.000000
366.460000	52.000000
366.465000	96.000000
366.470000	67.000000
366.475000	83.000000
366.480000	156.000000
366.485000	46.000000
366.490000	53.000000
366.495000	113.000000
366.500000	115.000000
366.505000	92.000000
366.510000	82.000000
366.515000	87.000000
366.520000	52.000000
366.525000	120.000000
366.530000	99.000000
366.535000	101.000000
366.540000	42.000000
366.545000	116.000000
366.550000	184.000000
366.555000	88.000000
366.560000	110.000000
366.565000	116.000000
366.570000	99.000000
366.575000	128.000000
366.580000	102.000000
366.585000	101.000000
366.590000	99.000000
366.595000	94.000000
366.600000	136.000000
366.605000	117.000000
366.610000	85.000000
366.615000	115.000000
366.620000	119.000000
366.625000	104.000000
366.630000	160.000000
366.635000	142.000000
366.640000	148.000000
366.645000	167.000000
366.650000	196.000000
366.655000	96.000000
366.660000	90.000000
366.665000	76.000000
366.670000	169.000000
366.675000	99.000000
366.680000	164.000000
366.685000	143.000000
366.690000	156.000000
366.695000	221.000000
366.700000	83.000000
366.705000	163.000000
366.710000	101.000000
366.715000	172.000000
366.720000	134.000000
366.725000	133.000000
366.730000	152.000000
366.735000	97.000000
366.740000	157.000000
366.745000	162.000000
366.750000	194.000000
366.755000	219.000000
366.760000	183.000000
366.765000	159.000000
366.770000	162.000000
366.775000	245.000000
366.780000	287.000000
366.785000	306.000000
366.790000	182.000000
366.795000	280.000000
366.800000	165.000000
366.805000	288.000000
366.810000	366.000000
366.815000	311.000000
366.820000	353.000000
366.825000	288.000000
366.830000	330.000000
366.835000	348.000000
366.840000	367.000000
366.845000	260.000000
366.850000	474.000000
366.855000	335.000000
366.860000	527.000000
366.865000	459.000000
366.870000	510.000000
366.875000	651.000000
366.880000	604.000000
366.885000	618.000000
366.890000	701.000000
366.895000	548.000000
366.900000	724.000000
366.905000	844.000000
366.910000	892.000000
366.915000	885.000000
366.920000	1157.000000
366.925000	1170.000000
366.930000	1352.000000
366.935000	1385.000000
366.940000	1482.000000
366.945000	1801.000000
366.950000	2195.000000
366.955000	2181.000000
366.960000	2044.000000
366.965000	1970.000000
366.970000	2148.000000
366.975000	2034.000000
366.980000	2019.000000
366.985000	1838.000000
366.990000	2066.000000
366.995000	2101.000000
367.000000	2035.000000
367.005000	2155.000000
367.010000	1910.000000
367.015000	1885.000000
367.020000	2067.000000
367.025000	2016.000000
367.030000	2151.000000
367.035000	2225.000000
367.040000	1929.000000
367.045000	2300.000000
367.050000	2600.000000
367.055000	2665.000000
367.060000	2379.000000
367.065000	2896.000000
367.070000	3073.000000
367.075000	3312.000000
367.080000	3120.000000
367.085000	3553.000000
367.090000	3264.000000
367.095000	3352.000000
367.100000	3466.000000
367.105000	4001.000000
367.110000	3856.000000
367.115000	4253.000000
367.120000	4380.000000
367.125000	4451.000000
367.130000	4408.000000
367.135000	5034.000000
367.140000	4835.000000
367.145000	5497.000000
367.150000	5378.000000
367.155000	5178.000000
367.160000	5775.000000
367.165000	5856.000000
367.170000	7275.000000
367.175000	7719.000000
367.180000	8218.000000
367.185000	9080.000000
367.190000	11328.000000
367.195000	11487.000000
367.200000	11253.000000
367.205000	8999.000000
367.210000	7807.000000
367.215000	7224.000000
367.220000	7298.000000
367.225000	7627.000000
367.230000	7884.000000
367.235000	7215.000000
367.240000	8199.000000
367.245000	8547.000000
367.250000	8910.000000
367.255000	9138.000000
367.260000	9285.000000
367.265000	9571.000000
367.270000	9965.000000
367.275000	10526.000000
367.280000	11635.000000
367.285000	10923.000000
367.290000	11375.000000
367.295000	11600.000000
367.300000	12796.000000
367.305000	13380.000000
367.310000	13375.000000
367.315000	14743.000000
367.320000	14446.000000
367.325000	15520.000000
367.330000	16330.000000
367.335000	16395.000000
367.340000	16928.000000
367.345000	17686.000000
367.350000	17290.000000
367.355000	18845.000000
367.360000	19096.000000
367.365000	19634.000000
367.370000	19797.000000
367.375000	20722.000000
367.380000	21534.000000
367.385000	22888.000000
367.390000	22415.000000
367.395000	24070.000000
367.400000	24293.000000
367.405000	24684.000000
367.410000	25520.000000
367.415000	26037.000000
367.420000	27268.000000
367.425000	27470.000000
367.430000	29666.000000
367.435000	29694.000000
367.440000	29957.000000
367.445000	31001.000000
367.450000	30527.000000
367.455000	31012.000000
367.460000	30190.000000
367.465000	32172.000000
367.470000	31103.000000
367.475000	31572.000000
367.480000	32494.000000
367.485000	32857.000000
367.490000	33882.000000
367.495000	34697.000000
367.500000	36007.000000
367.505000	36686.000000
367.510000	37955.000000
367.515000	40176.000000
367.520000	42743.000000
367.525000	46255.000000
367.530000	43758.000000
367.535000	40893.000000
367.540000	42805.000000
367.545000	41564.000000
367.550000	42400.000000
367.555000	43322.000000
367.560000	44554.000000
367.565000	44405.000000
367.570000	46216.000000
367.575000	45959.000000
367.580000	48183.000000
367.585000	51948.000000
367.590000	50480.000000
367.595000	51150.000000
367.600000	49775.000000
367.605000	48394.000000
367.610000	50633.000000
367.615000	50715.000000
367.620000	51461.000000
367.625000	52462.000000
367.630000	51895.000000
367.635000	52470.000000
367.640000	53710.000000
367.645000	55605.000000
367.650000	55059.000000
367.655000	54914.000000
367.660000	55960.000000
367.665000	57758.000000
367.670000	56674.000000
367.675000	57839.000000
367.680000	60155.000000
367.685000	60701.000000
367.690000	60621.000000
367.695000	62542.000000
367.700000	64323.000000
367.705000	64036.000000
367.710000	64496.000000
367.715000	67848.000000
367.720000	67005.000000
367.725000	69158.000000
367.730000	68499.000000
367.735000	71005.000000
367.740000	69559.000000
367.745000	71842.000000
367.750000	72651.000000
367.755000	71706.000000
367.760000	73999.000000
367.765000	73978.000000
367.770000	74097.000000
367.775000	77207.000000
367.780000	78141.000000
367.785000	79028.000000
367.790000	79181.000000
367.795000	80822.000000
367.800000	81839.000000
367.805000	80811.000000
367.810000	83781.000000
367.815000	84311.000000
367.820000	84030.000000
367.825000	86463.000000
367.830000	87005.000000
367.835000	87826.000000
367.840000	88323.000000
367.845000	89804.000000
367.850000	89923.000000
367.855000	91658.000000
367.860000	91118.000000
367.865000	94078.000000
367.870000	95164.000000
367.875000	94013.000000
367.880000	96773.000000
367.885000	94808.000000
367.890000	96523.000000
367.895000	99392.000000
367.900000	99628.000000
367.905000	101907.000000
367.910000	101142.000000
367.915000	102163.000000
367.920000	102944.000000
367.925000	104861.000000
367.930000	106218.000000
367.935000	106736.000000
367.940000	109375.000000
367.945000	111161.000000
367.950000	107062.000000
367.955000	109717.000000
367.960000	110339.000000
367.965000	111443.000000
367.970000	113063.000000
367.975000	112744.000000
367.980000	113920.000000
367.985000	115203.000000
367.990000	117967.000000
367.995000	118984.000000
368.000000	118829.000000
368.005000	122101.000000
368.010000	124457.000000
368.015000	126181.000000
368.020000	127707.000000
368.025000	131030.000000
368.030000	136024.000000
368.035000	144561.000000
368.040000	160251.000000
368.045000	205654.000000
368.050000	246254.000000
368.055000	207932.000000
368.060000	170504.000000
368.065000	150819.000000
368.070000	143600.000000
368.075000	136617.000000
368.080000	136650.000000
368.085000	137161.000000
368.090000	136662.000000
368.095000	139253.000000
368.100000	139061.000000
368.105000	139244.000000
368.110000	139407.000000
368.115000	142122.000000
368.120000	142610.000000
368.125000	144357.000000
368.130000	143877.000000
368.135000	147292.000000
368.140000	147979.000000
368.145000	149213.000000
368.150000	148444.000000
368.155000	147796.000000
368.160000	152503.000000
368.165000	150577.000000
368.170000	150970.000000
368.175000	153118.000000
368.180000	153698.000000
368.185000	157244.000000
368.190000	160099.000000
368.195000	159307.000000
368.200000	161131.000000
368.205000	162902.000000
368.210000	167473.000000
368.215000	167261.000000
368.220000	166297.000000
368.225000	170282.000000
368.230000	170312.000000
368.235000	171808.000000
368.240000	173831.000000
368.245000	175234.000000
368.250000	175054.000000
368.255000	176219.000000
368.260000	175331.000000
368.265000	178535.000000
368.270000	176070.000000
368.275000	176643.000000
368.280000	179903.000000
368.285000	177999.000000
368.290000	180705.000000
368.295000	181833.000000
368.300000	177109.000000
368.305000	180547.000000
368.310000	180700.000000
368.315000	177312.000000
368.320000	177116.000000
368.325000	176585.000000
368.330000	175639.000000
368.335000	174819.000000
368.340000	173998.000000
368.345000	170382.000000
368.350000	170426.000000
368.355000	170766.000000
368.360000	165797.000000
368.365000	164489.000000
368.370000	161113.000000
368.375000	163126.000000
368.380000	158774.000000
368.385000	156948.000000
368.390000	154941.000000
368.395000	151601.000000
368.400000	149922.000000
368.405000	148390.000000
368.410000	146171.000000
368.415000	145970.000000
368.420000	144874.000000
368.425000	145639.000000
368.430000	143435.000000
368.435000	143124.000000
368.440000	140961.000000
368.445000	139262.000000
368.450000	137189.000000
368.455000	135950.000000
368.460000	135091.000000
368.465000	131653.000000
368.470000	129592.000000
368.475000	126678.000000
368.480000	126588.000000
368.485000	126301.000000
368.490000	125126.000000
368.495000	120211.000000
368.500000	120487.000000
368.505000	117427.000000
368.510000	113087.000000
368.515000	110105.000000
368.520000	108139.000000
368.525000	107748.000000
368.530000	102412.000000
368.535000	101221.000000
368.540000	96951.000000
368.545000	94535.000000
368.550000	92808.000000
368.555000	89745.000000
368.560000	86367.000000
368.565000	87875.000000
368.570000	87275.000000
368.575000	83671.000000
368.580000	82410.000000
368.585000	79986.000000
368.590000	81594.000000
368.595000	77747.000000
368.600000	76854.000000
368.605000	75052.000000
368.610000	74584.000000
368.615000	76050.000000
368.620000	80949.000000
368.625000	88063.000000
368.630000	84670.000000
368.635000	78437.000000
368.640000	70748.000000
368.645000	70338.000000
368.650000	69777.000000
368.655000	68693.000000
368.660000	73773.000000
368.665000	77192.000000
368.670000	78632.000000
368.675000	73708.000000
368.680000	67589.000000
368.685000	65538.000000
368.690000	64546.000000
368.695000	69673.000000
368.700000	70790.000000
368.705000	65645.000000
368.710000	60938.000000
368.715000	57654.000000
368.720000	57959.000000
368.725000	58345.000000
368.730000	61419.000000
368.735000	66735.000000
368.740000	79070.000000
368.745000	84198.000000
368.750000	69392.000000
368.755000	60243.000000
368.760000	56987.000000
368.765000	53133.000000
368.770000	53811.000000
368.775000	52753.000000
368.780000	51825.000000
368.785000	51479.000000
368.790000	52664.000000
368.795000	50554.000000
368.800000	51022.000000
368.805000	51205.000000
368.810000	52808.000000
368.815000	50623.000000
368.820000	52581.000000
368.825000	53224.000000
368.830000	54590.000000
368.835000	55010.000000
368.840000	57994.000000
368.845000	59475.000000
368.850000	60337.000000
368.855000	63029.000000
368.860000	67614.000000
368.865000	75557.000000
368.870000	82673.000000
368.875000	89550.000000
368.880000	97453.000000
368.885000	126105.000000
368.890000	155336.000000
368.895000	131892.000000
368.900000	91183.000000
368.905000	68255.000000
368.910000	59135.000000
368.915000	51592.000000
368.920000	49266.000000
368.925000	45653.000000
368.930000	44545.000000
368.935000	44357.000000
368.940000	42305.000000
368.945000	42355.000000
368.950000	40690.000000
368.955000	40383.000000
368.960000	38070.000000
368.965000	40184.000000
368.970000	38825.000000
368.975000	39280.000000
368.980000	37465.000000
368.985000	37770.000000
368.990000	36238.000000
368.995000	36218.000000
369.000000	36311.000000
369.005000	35236.000000
369.010000	35155.000000
369.015000	34471.000000
369.020000	36308.000000
369.025000	35178.000000
369.030000	35446.000000
369.035000	35186.000000
369.040000	33906.000000
369.045000	33958.000000
369.050000	33116.000000
369.055000	34028.000000
369.060000	34736.000000
369.065000	33948.000000
369.070000	34326.000000
369.075000	33058.000000
369.080000	33875.000000
369.085000	33040.000000
369.090000	33459.000000
369.095000	33196.000000
369.100000	32466.000000
369.105000	33257.000000
369.110000	32293.000000
369.115000	32760.000000
369.120000	33159.000000
369.125000	32733.000000
369.130000	32760.000000
369.135000	32748.000000
369.140000	34010.000000
369.145000	33833.000000
369.150000	33951.000000
369.155000	34601.000000
369.160000	34962.000000
369.165000	36549.000000
369.170000	37764.000000
369.175000	39851.000000
369.180000	42833.000000
369.185000	45157.000000
369.190000	49168.000000
369.195000	56957.000000
369.200000	60607.000000
369.205000	72540.000000
369.210000	91376.000000
369.215000	126103.000000
369.220000	232940.000000
369.225000	494236.000000
369.230000	460059.000000
369.235000	225350.000000
369.240000	119626.000000
369.245000	82850.000000
369.250000	60623.000000
369.255000	49179.000000
369.260000	41749.000000
369.265000	38745.000000
369.270000	36032.000000
369.275000	34620.000000
369.280000	32096.000000
369.285000	31850.000000
369.290000	31382.000000
369.295000	29638.000000
369.300000	29015.000000
369.305000	29031.000000
369.310000	27579.000000
369.315000	27472.000000
369.320000	27554.000000
369.325000	26340.000000
369.330000	26973.000000
369.335000	26496.000000
369.340000	26253.000000
369.345000	26138.000000
369.350000	24785.000000
369.355000	25370.000000
369.360000	24787.000000
369.365000	25141.000000
369.370000	24700.000000
369.375000	24693.000000
369.380000	24171.000000
369.385000	23722.000000
369.390000	23602.000000
369.395000	22445.000000
369.400000	23364.000000
369.405000	23354.000000
369.410000	22892.000000
369.415000	23536.000000
369.420000	22296.000000
369.425000	21876.000000
369.430000	23101.000000
369.435000	22507.000000
369.440000	22327.000000
369.445000	21361.000000
369.450000	22241.000000
369.455000	21773.000000
369.460000	21518.000000
369.465000	21731.000000
369.470000	21912.000000
369.475000	20682.000000
369.480000	21100.000000
369.485000	20899.000000
369.490000	21525.000000
369.495000	20850.000000
369.500000	21026.000000
369.505000	21030.000000
369.510000	20931.000000
369.515000	20837.000000
369.520000	20696.000000
369.525000	20599.000000
369.530000	20513.000000
369.535000	20067.000000
369.540000	20320.000000
369.545000	20055.000000
369.550000	20247.000000
369.555000	19927.000000
369.560000	19215.000000
369.565000	19628.000000
369.570000	20096.000000
369.575000	19576.000000
369.580000	18407.000000
369.585000	20489.000000
369.590000	18820.000000
369.595000	19092.000000
369.600000	19096.000000
369.605000	19179.000000
369.610000	19186.000000
369.615000	18653.000000
369.620000	18761.000000
369.625000	18127.000000
369.630000	18570.000000
369.635000	17744.000000
369.640000	18476.000000
369.645000	18503.000000
369.650000	17893.000000
369.655000	18937.000000
369.660000	18058.000000
369.665000	18068.000000
369.670000	17355.000000
369.675000	17394.000000
369.680000	17740.000000
369.685000	17824.000000
369.690000	17186.000000
369.695000	17826.000000
369.700000	17764.000000
369.705000	17262.000000
369.710000	17161.000000
369.715000	17290.000000
369.720000	16497.000000
369.725000	17236.000000
369.730000	16399.000000
369.735000	16770.000000
369.740000	17002.000000
369.745000	17483.000000
369.750000	16066.000000
369.755000	16320.000000
369.760000	15876.000000
369.765000	16617.000000
369.770000	15919.000000
369.775000	16074.000000
369.780000	16287.000000
369.785000	16387.000000
369.790000	15870.000000
369.795000	16018.000000
369.800000	15506.000000
369.805000	15267.000000
369.810000	16275.000000
369.815000	16228.000000
369.820000	15085.000000
369.825000	15575.000000
369.830000	16017.000000
369.835000	17135.000000
369.840000	15509.000000
369.845000	14666.000000
369.850000	15215.000000
369.855000	15308.000000
369.860000	15142.000000
369.865000	14636.000000
369.870000	14851.000000
369.875000	15941.000000
369.880000	14229.000000
369.885000	14697.000000
369.890000	14290.000000
369.895000	14420.000000
369.900000	14274.000000
369.905000	15742.000000
369.910000	13799.000000
369.915000	14411.000000
369.920000	14447.000000
369.925000	14373.000000
369.930000	14431.000000
369.935000	14403.000000
369.940000	14520.000000
369.945000	14309.000000
369.950000	13961.000000
369.955000	14462.000000
369.960000	14522.000000
369.965000	13793.000000
369.970000	14125.000000
369.975000	14189.000000
369.980000	13467.000000
369.985000	13400.000000
369.990000	13896.000000
369.995000	13645.000000
370.000000	13640.000000
