Sample ID:		H1088 20um slit 20mW power
Start Time:		Tue Jul 14 2020 1:49:06 PM
Averaging Time:		1.000s

360.000000	14.000000
360.005000	12.000000
360.010000	5.000000
360.015000	2.000000
360.020000	3.000000
360.025000	26.000000
360.030000	19.000000
360.035000	5.000000
360.040000	38.000000
360.045000	1.000000
360.050000	3.000000
360.055000	0.000000
360.060000	3.000000
360.065000	15.000000
360.070000	4.000000
360.075000	14.000000
360.080000	0.000000
360.085000	11.000000
360.090000	5.000000
360.095000	19.000000
360.100000	8.000000
360.105000	17.000000
360.110000	6.000000
360.115000	19.000000
360.120000	14.000000
360.125000	16.000000
360.130000	2.000000
360.135000	10.000000
360.140000	10.000000
360.145000	16.000000
360.150000	2.000000
360.155000	32.000000
360.160000	3.000000
360.165000	9.000000
360.170000	3.000000
360.175000	13.000000
360.180000	11.000000
360.185000	6.000000
360.190000	8.000000
360.195000	15.000000
360.200000	12.000000
360.205000	3.000000
360.210000	31.000000
360.215000	1.000000
360.220000	12.000000
360.225000	27.000000
360.230000	3.000000
360.235000	0.000000
360.240000	3.000000
360.245000	4.000000
360.250000	2.000000
360.255000	11.000000
360.260000	9.000000
360.265000	5.000000
360.270000	38.000000
360.275000	24.000000
360.280000	3.000000
360.285000	11.000000
360.290000	1.000000
360.295000	1.000000
360.300000	37.000000
360.305000	13.000000
360.310000	1.000000
360.315000	70.000000
360.320000	6.000000
360.325000	29.000000
360.330000	4.000000
360.335000	46.000000
360.340000	4.000000
360.345000	1.000000
360.350000	21.000000
360.355000	28.000000
360.360000	17.000000
360.365000	19.000000
360.370000	4.000000
360.375000	3.000000
360.380000	1.000000
360.385000	0.000000
360.390000	23.000000
360.395000	4.000000
360.400000	12.000000
360.405000	7.000000
360.410000	6.000000
360.415000	4.000000
360.420000	10.000000
360.425000	37.000000
360.430000	16.000000
360.435000	7.000000
360.440000	7.000000
360.445000	0.000000
360.450000	4.000000
360.455000	43.000000
360.460000	8.000000
360.465000	39.000000
360.470000	24.000000
360.475000	3.000000
360.480000	6.000000
360.485000	10.000000
360.490000	52.000000
360.495000	1.000000
360.500000	0.000000
360.505000	27.000000
360.510000	35.000000
360.515000	17.000000
360.520000	2.000000
360.525000	24.000000
360.530000	4.000000
360.535000	3.000000
360.540000	15.000000
360.545000	0.000000
360.550000	9.000000
360.555000	7.000000
360.560000	6.000000
360.565000	12.000000
360.570000	5.000000
360.575000	1.000000
360.580000	95.000000
360.585000	12.000000
360.590000	8.000000
360.595000	9.000000
360.600000	5.000000
360.605000	15.000000
360.610000	16.000000
360.615000	19.000000
360.620000	19.000000
360.625000	15.000000
360.630000	4.000000
360.635000	15.000000
360.640000	19.000000
360.645000	6.000000
360.650000	17.000000
360.655000	1.000000
360.660000	75.000000
360.665000	15.000000
360.670000	29.000000
360.675000	6.000000
360.680000	3.000000
360.685000	3.000000
360.690000	61.000000
360.695000	26.000000
360.700000	15.000000
360.705000	7.000000
360.710000	5.000000
360.715000	25.000000
360.720000	7.000000
360.725000	7.000000
360.730000	24.000000
360.735000	2.000000
360.740000	6.000000
360.745000	23.000000
360.750000	21.000000
360.755000	16.000000
360.760000	4.000000
360.765000	7.000000
360.770000	14.000000
360.775000	10.000000
360.780000	1.000000
360.785000	2.000000
360.790000	6.000000
360.795000	17.000000
360.800000	7.000000
360.805000	12.000000
360.810000	7.000000
360.815000	4.000000
360.820000	23.000000
360.825000	62.000000
360.830000	17.000000
360.835000	13.000000
360.840000	19.000000
360.845000	13.000000
360.850000	2.000000
360.855000	7.000000
360.860000	9.000000
360.865000	7.000000
360.870000	4.000000
360.875000	58.000000
360.880000	17.000000
360.885000	27.000000
360.890000	6.000000
360.895000	14.000000
360.900000	15.000000
360.905000	45.000000
360.910000	20.000000
360.915000	19.000000
360.920000	45.000000
360.925000	12.000000
360.930000	26.000000
360.935000	35.000000
360.940000	13.000000
360.945000	2.000000
360.950000	40.000000
360.955000	20.000000
360.960000	17.000000
360.965000	16.000000
360.970000	19.000000
360.975000	7.000000
360.980000	7.000000
360.985000	32.000000
360.990000	22.000000
360.995000	8.000000
361.000000	23.000000
361.005000	47.000000
361.010000	56.000000
361.015000	19.000000
361.020000	16.000000
361.025000	27.000000
361.030000	27.000000
361.035000	3.000000
361.040000	18.000000
361.045000	10.000000
361.050000	10.000000
361.055000	21.000000
361.060000	28.000000
361.065000	20.000000
361.070000	27.000000
361.075000	28.000000
361.080000	21.000000
361.085000	11.000000
361.090000	1.000000
361.095000	20.000000
361.100000	13.000000
361.105000	14.000000
361.110000	33.000000
361.115000	24.000000
361.120000	38.000000
361.125000	12.000000
361.130000	18.000000
361.135000	5.000000
361.140000	7.000000
361.145000	31.000000
361.150000	18.000000
361.155000	35.000000
361.160000	53.000000
361.165000	19.000000
361.170000	46.000000
361.175000	18.000000
361.180000	20.000000
361.185000	43.000000
361.190000	65.000000
361.195000	14.000000
361.200000	10.000000
361.205000	14.000000
361.210000	26.000000
361.215000	17.000000
361.220000	1.000000
361.225000	11.000000
361.230000	7.000000
361.235000	9.000000
361.240000	19.000000
361.245000	2.000000
361.250000	11.000000
361.255000	9.000000
361.260000	7.000000
361.265000	19.000000
361.270000	19.000000
361.275000	19.000000
361.280000	13.000000
361.285000	46.000000
361.290000	63.000000
361.295000	15.000000
361.300000	22.000000
361.305000	12.000000
361.310000	30.000000
361.315000	7.000000
361.320000	2.000000
361.325000	14.000000
361.330000	36.000000
361.335000	6.000000
361.340000	74.000000
361.345000	16.000000
361.350000	84.000000
361.355000	15.000000
361.360000	27.000000
361.365000	22.000000
361.370000	26.000000
361.375000	21.000000
361.380000	95.000000
361.385000	42.000000
361.390000	46.000000
361.395000	33.000000
361.400000	35.000000
361.405000	38.000000
361.410000	10.000000
361.415000	0.000000
361.420000	8.000000
361.425000	26.000000
361.430000	31.000000
361.435000	45.000000
361.440000	18.000000
361.445000	33.000000
361.450000	29.000000
361.455000	44.000000
361.460000	4.000000
361.465000	20.000000
361.470000	33.000000
361.475000	11.000000
361.480000	20.000000
361.485000	10.000000
361.490000	13.000000
361.495000	12.000000
361.500000	16.000000
361.505000	15.000000
361.510000	14.000000
361.515000	54.000000
361.520000	40.000000
361.525000	35.000000
361.530000	11.000000
361.535000	10.000000
361.540000	16.000000
361.545000	5.000000
361.550000	31.000000
361.555000	15.000000
361.560000	30.000000
361.565000	14.000000
361.570000	35.000000
361.575000	31.000000
361.580000	24.000000
361.585000	14.000000
361.590000	35.000000
361.595000	20.000000
361.600000	14.000000
361.605000	14.000000
361.610000	36.000000
361.615000	20.000000
361.620000	30.000000
361.625000	41.000000
361.630000	26.000000
361.635000	47.000000
361.640000	12.000000
361.645000	28.000000
361.650000	49.000000
361.655000	23.000000
361.660000	23.000000
361.665000	45.000000
361.670000	59.000000
361.675000	31.000000
361.680000	39.000000
361.685000	101.000000
361.690000	31.000000
361.695000	38.000000
361.700000	31.000000
361.705000	35.000000
361.710000	25.000000
361.715000	13.000000
361.720000	41.000000
361.725000	16.000000
361.730000	86.000000
361.735000	28.000000
361.740000	47.000000
361.745000	33.000000
361.750000	67.000000
361.755000	57.000000
361.760000	7.000000
361.765000	45.000000
361.770000	92.000000
361.775000	44.000000
361.780000	53.000000
361.785000	24.000000
361.790000	61.000000
361.795000	58.000000
361.800000	71.000000
361.805000	27.000000
361.810000	32.000000
361.815000	28.000000
361.820000	37.000000
361.825000	71.000000
361.830000	63.000000
361.835000	36.000000
361.840000	15.000000
361.845000	10.000000
361.850000	28.000000
361.855000	52.000000
361.860000	47.000000
361.865000	46.000000
361.870000	24.000000
361.875000	37.000000
361.880000	31.000000
361.885000	52.000000
361.890000	34.000000
361.895000	87.000000
361.900000	34.000000
361.905000	23.000000
361.910000	53.000000
361.915000	9.000000
361.920000	37.000000
361.925000	31.000000
361.930000	25.000000
361.935000	38.000000
361.940000	108.000000
361.945000	49.000000
361.950000	65.000000
361.955000	40.000000
361.960000	109.000000
361.965000	57.000000
361.970000	52.000000
361.975000	72.000000
361.980000	35.000000
361.985000	78.000000
361.990000	139.000000
361.995000	21.000000
362.000000	38.000000
362.005000	48.000000
362.010000	18.000000
362.015000	40.000000
362.020000	91.000000
362.025000	66.000000
362.030000	54.000000
362.035000	65.000000
362.040000	50.000000
362.045000	22.000000
362.050000	81.000000
362.055000	62.000000
362.060000	24.000000
362.065000	44.000000
362.070000	101.000000
362.075000	54.000000
362.080000	58.000000
362.085000	76.000000
362.090000	55.000000
362.095000	89.000000
362.100000	122.000000
362.105000	43.000000
362.110000	45.000000
362.115000	46.000000
362.120000	49.000000
362.125000	31.000000
362.130000	110.000000
362.135000	50.000000
362.140000	92.000000
362.145000	111.000000
362.150000	55.000000
362.155000	127.000000
362.160000	123.000000
362.165000	60.000000
362.170000	62.000000
362.175000	90.000000
362.180000	43.000000
362.185000	88.000000
362.190000	112.000000
362.195000	157.000000
362.200000	115.000000
362.205000	79.000000
362.210000	34.000000
362.215000	58.000000
362.220000	146.000000
362.225000	115.000000
362.230000	123.000000
362.235000	56.000000
362.240000	70.000000
362.245000	139.000000
362.250000	97.000000
362.255000	102.000000
362.260000	60.000000
362.265000	62.000000
362.270000	61.000000
362.275000	63.000000
362.280000	84.000000
362.285000	86.000000
362.290000	79.000000
362.295000	75.000000
362.300000	99.000000
362.305000	77.000000
362.310000	141.000000
362.315000	47.000000
362.320000	117.000000
362.325000	57.000000
362.330000	151.000000
362.335000	89.000000
362.340000	101.000000
362.345000	115.000000
362.350000	141.000000
362.355000	122.000000
362.360000	134.000000
362.365000	69.000000
362.370000	186.000000
362.375000	89.000000
362.380000	116.000000
362.385000	99.000000
362.390000	127.000000
362.395000	147.000000
362.400000	112.000000
362.405000	66.000000
362.410000	101.000000
362.415000	146.000000
362.420000	113.000000
362.425000	131.000000
362.430000	84.000000
362.435000	118.000000
362.440000	116.000000
362.445000	126.000000
362.450000	141.000000
362.455000	163.000000
362.460000	162.000000
362.465000	159.000000
362.470000	108.000000
362.475000	200.000000
362.480000	104.000000
362.485000	128.000000
362.490000	83.000000
362.495000	127.000000
362.500000	186.000000
362.505000	91.000000
362.510000	137.000000
362.515000	175.000000
362.520000	133.000000
362.525000	200.000000
362.530000	118.000000
362.535000	118.000000
362.540000	195.000000
362.545000	118.000000
362.550000	228.000000
362.555000	134.000000
362.560000	204.000000
362.565000	169.000000
362.570000	85.000000
362.575000	199.000000
362.580000	153.000000
362.585000	132.000000
362.590000	192.000000
362.595000	169.000000
362.600000	187.000000
362.605000	147.000000
362.610000	182.000000
362.615000	149.000000
362.620000	177.000000
362.625000	193.000000
362.630000	195.000000
362.635000	141.000000
362.640000	162.000000
362.645000	178.000000
362.650000	170.000000
362.655000	107.000000
362.660000	185.000000
362.665000	193.000000
362.670000	196.000000
362.675000	177.000000
362.680000	253.000000
362.685000	230.000000
362.690000	208.000000
362.695000	189.000000
362.700000	124.000000
362.705000	304.000000
362.710000	280.000000
362.715000	154.000000
362.720000	270.000000
362.725000	242.000000
362.730000	200.000000
362.735000	305.000000
362.740000	263.000000
362.745000	221.000000
362.750000	164.000000
362.755000	367.000000
362.760000	198.000000
362.765000	207.000000
362.770000	348.000000
362.775000	269.000000
362.780000	190.000000
362.785000	217.000000
362.790000	204.000000
362.795000	286.000000
362.800000	256.000000
362.805000	267.000000
362.810000	230.000000
362.815000	230.000000
362.820000	203.000000
362.825000	273.000000
362.830000	236.000000
362.835000	286.000000
362.840000	216.000000
362.845000	355.000000
362.850000	259.000000
362.855000	177.000000
362.860000	185.000000
362.865000	168.000000
362.870000	335.000000
362.875000	253.000000
362.880000	297.000000
362.885000	421.000000
362.890000	350.000000
362.895000	207.000000
362.900000	231.000000
362.905000	337.000000
362.910000	407.000000
362.915000	400.000000
362.920000	407.000000
362.925000	345.000000
362.930000	320.000000
362.935000	213.000000
362.940000	257.000000
362.945000	387.000000
362.950000	268.000000
362.955000	370.000000
362.960000	352.000000
362.965000	356.000000
362.970000	342.000000
362.975000	322.000000
362.980000	588.000000
362.985000	303.000000
362.990000	362.000000
362.995000	416.000000
363.000000	423.000000
363.005000	300.000000
363.010000	321.000000
363.015000	317.000000
363.020000	470.000000
363.025000	366.000000
363.030000	458.000000
363.035000	417.000000
363.040000	399.000000
363.045000	356.000000
363.050000	459.000000
363.055000	382.000000
363.060000	335.000000
363.065000	418.000000
363.070000	422.000000
363.075000	341.000000
363.080000	320.000000
363.085000	438.000000
363.090000	517.000000
363.095000	307.000000
363.100000	430.000000
363.105000	400.000000
363.110000	386.000000
363.115000	503.000000
363.120000	483.000000
363.125000	473.000000
363.130000	498.000000
363.135000	386.000000
363.140000	371.000000
363.145000	438.000000
363.150000	458.000000
363.155000	650.000000
363.160000	520.000000
363.165000	486.000000
363.170000	414.000000
363.175000	493.000000
363.180000	670.000000
363.185000	467.000000
363.190000	479.000000
363.195000	433.000000
363.200000	639.000000
363.205000	477.000000
363.210000	648.000000
363.215000	567.000000
363.220000	597.000000
363.225000	621.000000
363.230000	663.000000
363.235000	698.000000
363.240000	611.000000
363.245000	464.000000
363.250000	755.000000
363.255000	812.000000
363.260000	772.000000
363.265000	648.000000
363.270000	605.000000
363.275000	698.000000
363.280000	736.000000
363.285000	560.000000
363.290000	640.000000
363.295000	732.000000
363.300000	796.000000
363.305000	688.000000
363.310000	763.000000
363.315000	827.000000
363.320000	728.000000
363.325000	657.000000
363.330000	698.000000
363.335000	808.000000
363.340000	755.000000
363.345000	729.000000
363.350000	747.000000
363.355000	844.000000
363.360000	963.000000
363.365000	600.000000
363.370000	779.000000
363.375000	879.000000
363.380000	872.000000
363.385000	868.000000
363.390000	766.000000
363.395000	864.000000
363.400000	1000.000000
363.405000	853.000000
363.410000	867.000000
363.415000	803.000000
363.420000	889.000000
363.425000	1050.000000
363.430000	1152.000000
363.435000	844.000000
363.440000	998.000000
363.445000	962.000000
363.450000	1137.000000
363.455000	830.000000
363.460000	1092.000000
363.465000	963.000000
363.470000	1016.000000
363.475000	907.000000
363.480000	951.000000
363.485000	1097.000000
363.490000	1356.000000
363.495000	1138.000000
363.500000	1130.000000
363.505000	1127.000000
363.510000	1362.000000
363.515000	1100.000000
363.520000	1021.000000
363.525000	1053.000000
363.530000	1245.000000
363.535000	1413.000000
363.540000	1205.000000
363.545000	1455.000000
363.550000	1389.000000
363.555000	1343.000000
363.560000	1261.000000
363.565000	1409.000000
363.570000	1095.000000
363.575000	1283.000000
363.580000	1307.000000
363.585000	1220.000000
363.590000	1194.000000
363.595000	1113.000000
363.600000	1318.000000
363.605000	1613.000000
363.610000	1735.000000
363.615000	1340.000000
363.620000	1434.000000
363.625000	1465.000000
363.630000	1415.000000
363.635000	1630.000000
363.640000	1430.000000
363.645000	1372.000000
363.650000	1773.000000
363.655000	1934.000000
363.660000	1640.000000
363.665000	1791.000000
363.670000	1667.000000
363.675000	1459.000000
363.680000	1769.000000
363.685000	1789.000000
363.690000	1990.000000
363.695000	1706.000000
363.700000	1899.000000
363.705000	1809.000000
363.710000	2094.000000
363.715000	2059.000000
363.720000	2081.000000
363.725000	2037.000000
363.730000	1804.000000
363.735000	2120.000000
363.740000	1933.000000
363.745000	2165.000000
363.750000	2072.000000
363.755000	2088.000000
363.760000	2230.000000
363.765000	2010.000000
363.770000	2453.000000
363.775000	2056.000000
363.780000	2293.000000
363.785000	2456.000000
363.790000	2598.000000
363.795000	2444.000000
363.800000	2582.000000
363.805000	2442.000000
363.810000	2721.000000
363.815000	2712.000000
363.820000	2575.000000
363.825000	2612.000000
363.830000	2676.000000
363.835000	2889.000000
363.840000	2555.000000
363.845000	2699.000000
363.850000	2737.000000
363.855000	2787.000000
363.860000	2878.000000
363.865000	2992.000000
363.870000	2808.000000
363.875000	3007.000000
363.880000	3205.000000
363.885000	2989.000000
363.890000	2993.000000
363.895000	3043.000000
363.900000	3015.000000
363.905000	2812.000000
363.910000	3281.000000
363.915000	3313.000000
363.920000	3367.000000
363.925000	3252.000000
363.930000	3670.000000
363.935000	3378.000000
363.940000	3513.000000
363.945000	3622.000000
363.950000	3551.000000
363.955000	3468.000000
363.960000	3958.000000
363.965000	3595.000000
363.970000	3884.000000
363.975000	3676.000000
363.980000	3870.000000
363.985000	3691.000000
363.990000	3843.000000
363.995000	3701.000000
364.000000	3886.000000
364.005000	3914.000000
364.010000	4119.000000
364.015000	4322.000000
364.020000	4113.000000
364.025000	4140.000000
364.030000	4406.000000
364.035000	4356.000000
364.040000	4688.000000
364.045000	4537.000000
364.050000	4686.000000
364.055000	4535.000000
364.060000	4668.000000
364.065000	4946.000000
364.070000	5171.000000
364.075000	5057.000000
364.080000	4860.000000
364.085000	5048.000000
364.090000	5147.000000
364.095000	5112.000000
364.100000	4925.000000
364.105000	5244.000000
364.110000	5106.000000
364.115000	5267.000000
364.120000	5579.000000
364.125000	5452.000000
364.130000	5237.000000
364.135000	5816.000000
364.140000	5782.000000
364.145000	6186.000000
364.150000	6603.000000
364.155000	5845.000000
364.160000	6050.000000
364.165000	5917.000000
364.170000	6224.000000
364.175000	5797.000000
364.180000	6562.000000
364.185000	6556.000000
364.190000	6368.000000
364.195000	6493.000000
364.200000	7112.000000
364.205000	6829.000000
364.210000	6974.000000
364.215000	7261.000000
364.220000	7112.000000
364.225000	7498.000000
364.230000	7079.000000
364.235000	7595.000000
364.240000	7194.000000
364.245000	7597.000000
364.250000	8110.000000
364.255000	7817.000000
364.260000	7881.000000
364.265000	7732.000000
364.270000	7510.000000
364.275000	7356.000000
364.280000	7609.000000
364.285000	8086.000000
364.290000	8237.000000
364.295000	8339.000000
364.300000	8669.000000
364.305000	8500.000000
364.310000	8227.000000
364.315000	8427.000000
364.320000	9061.000000
364.325000	8996.000000
364.330000	8608.000000
364.335000	9269.000000
364.340000	9543.000000
364.345000	9155.000000
364.350000	9533.000000
364.355000	9285.000000
364.360000	9074.000000
364.365000	9501.000000
364.370000	9784.000000
364.375000	9764.000000
364.380000	9649.000000
364.385000	10130.000000
364.390000	10318.000000
364.395000	10435.000000
364.400000	9760.000000
364.405000	10155.000000
364.410000	10641.000000
364.415000	10396.000000
364.420000	10452.000000
364.425000	10561.000000
364.430000	10893.000000
364.435000	10012.000000
364.440000	11280.000000
364.445000	10870.000000
364.450000	11029.000000
364.455000	11002.000000
364.460000	11254.000000
364.465000	11328.000000
364.470000	11359.000000
364.475000	11170.000000
364.480000	11371.000000
364.485000	11373.000000
364.490000	12035.000000
364.495000	12524.000000
364.500000	11732.000000
364.505000	12100.000000
364.510000	12265.000000
364.515000	11754.000000
364.520000	12195.000000
364.525000	12469.000000
364.530000	12502.000000
364.535000	12760.000000
364.540000	12242.000000
364.545000	12663.000000
364.550000	13009.000000
364.555000	13144.000000
364.560000	12855.000000
364.565000	13028.000000
364.570000	12639.000000
364.575000	13242.000000
364.580000	12968.000000
364.585000	13224.000000
364.590000	13157.000000
364.595000	13020.000000
364.600000	13143.000000
364.605000	13062.000000
364.610000	13432.000000
364.615000	13547.000000
364.620000	13663.000000
364.625000	13986.000000
364.630000	14125.000000
364.635000	14327.000000
364.640000	14454.000000
364.645000	12910.000000
364.650000	14086.000000
364.655000	13936.000000
364.660000	14688.000000
364.665000	14420.000000
364.670000	13410.000000
364.675000	14074.000000
364.680000	14294.000000
364.685000	14837.000000
364.690000	14662.000000
364.695000	13960.000000
364.700000	14735.000000
364.705000	14751.000000
364.710000	14777.000000
364.715000	14796.000000
364.720000	14445.000000
364.725000	15330.000000
364.730000	14611.000000
364.735000	15314.000000
364.740000	15018.000000
364.745000	14012.000000
364.750000	14659.000000
364.755000	15552.000000
364.760000	15057.000000
364.765000	14296.000000
364.770000	14848.000000
364.775000	15509.000000
364.780000	15147.000000
364.785000	14683.000000
364.790000	14787.000000
364.795000	15104.000000
364.800000	15318.000000
364.805000	14769.000000
364.810000	15138.000000
364.815000	14715.000000
364.820000	15413.000000
364.825000	14640.000000
364.830000	14633.000000
364.835000	14970.000000
364.840000	15002.000000
364.845000	14818.000000
364.850000	16181.000000
364.855000	15238.000000
364.860000	15225.000000
364.865000	14945.000000
364.870000	15499.000000
364.875000	14869.000000
364.880000	15277.000000
364.885000	15230.000000
364.890000	14758.000000
364.895000	14711.000000
364.900000	15372.000000
364.905000	14728.000000
364.910000	14366.000000
364.915000	14901.000000
364.920000	15165.000000
364.925000	14450.000000
364.930000	15290.000000
364.935000	14521.000000
364.940000	14951.000000
364.945000	14819.000000
364.950000	14642.000000
364.955000	14725.000000
364.960000	14471.000000
364.965000	14378.000000
364.970000	14232.000000
364.975000	14633.000000
364.980000	14725.000000
364.985000	14205.000000
364.990000	14395.000000
364.995000	14851.000000
365.000000	14353.000000
365.005000	14146.000000
365.010000	14205.000000
365.015000	14053.000000
365.020000	13321.000000
365.025000	14148.000000
365.030000	13401.000000
365.035000	14016.000000
365.040000	13966.000000
365.045000	14376.000000
365.050000	13190.000000
365.055000	13973.000000
365.060000	14032.000000
365.065000	12905.000000
365.070000	13695.000000
365.075000	12981.000000
365.080000	12559.000000
365.085000	13388.000000
365.090000	13138.000000
365.095000	13030.000000
365.100000	13217.000000
365.105000	12996.000000
365.110000	12773.000000
365.115000	13121.000000
365.120000	12880.000000
365.125000	12359.000000
365.130000	12911.000000
365.135000	13072.000000
365.140000	12131.000000
365.145000	12550.000000
365.150000	12236.000000
365.155000	11708.000000
365.160000	12382.000000
365.165000	11885.000000
365.170000	11601.000000
365.175000	11885.000000
365.180000	11818.000000
365.185000	11253.000000
365.190000	11533.000000
365.195000	12390.000000
365.200000	10955.000000
365.205000	11386.000000
365.210000	10797.000000
365.215000	10983.000000
365.220000	11531.000000
365.225000	11513.000000
365.230000	11276.000000
365.235000	10792.000000
365.240000	11176.000000
365.245000	10841.000000
365.250000	10909.000000
365.255000	10916.000000
365.260000	10039.000000
365.265000	10725.000000
365.270000	10542.000000
365.275000	9831.000000
365.280000	11401.000000
365.285000	10105.000000
365.290000	9912.000000
365.295000	10552.000000
365.300000	9576.000000
365.305000	10201.000000
365.310000	9561.000000
365.315000	9697.000000
365.320000	9733.000000
365.325000	9821.000000
365.330000	9803.000000
365.335000	10108.000000
365.340000	9122.000000
365.345000	9310.000000
365.350000	9002.000000
365.355000	8941.000000
365.360000	8999.000000
365.365000	8906.000000
365.370000	8112.000000
365.375000	8482.000000
365.380000	8252.000000
365.385000	8736.000000
365.390000	8898.000000
365.395000	8703.000000
365.400000	7746.000000
365.405000	7928.000000
365.410000	7886.000000
365.415000	7567.000000
365.420000	8043.000000
365.425000	7777.000000
365.430000	7863.000000
365.435000	7763.000000
365.440000	7619.000000
365.445000	7503.000000
365.450000	7451.000000
365.455000	7814.000000
365.460000	7358.000000
365.465000	7134.000000
365.470000	7307.000000
365.475000	6588.000000
365.480000	7071.000000
365.485000	7145.000000
365.490000	7264.000000
365.495000	6755.000000
365.500000	7002.000000
365.505000	6779.000000
365.510000	7121.000000
365.515000	7105.000000
365.520000	6377.000000
365.525000	6469.000000
365.530000	6465.000000
365.535000	6791.000000
365.540000	6666.000000
365.545000	6628.000000
365.550000	6285.000000
365.555000	6531.000000
365.560000	6064.000000
365.565000	6063.000000
365.570000	5835.000000
365.575000	5679.000000
365.580000	5870.000000
365.585000	6034.000000
365.590000	5910.000000
365.595000	5809.000000
365.600000	5431.000000
365.605000	5645.000000
365.610000	5757.000000
365.615000	5172.000000
365.620000	5802.000000
365.625000	5491.000000
365.630000	4764.000000
365.635000	5301.000000
365.640000	5028.000000
365.645000	4914.000000
365.650000	5229.000000
365.655000	4817.000000
365.660000	4751.000000
365.665000	5026.000000
365.670000	5146.000000
365.675000	4909.000000
365.680000	4601.000000
365.685000	4767.000000
365.690000	4817.000000
365.695000	4623.000000
365.700000	4716.000000
365.705000	4246.000000
365.710000	4603.000000
365.715000	4297.000000
365.720000	4487.000000
365.725000	4141.000000
365.730000	4379.000000
365.735000	4395.000000
365.740000	3989.000000
365.745000	4216.000000
365.750000	4270.000000
365.755000	4350.000000
365.760000	4516.000000
365.765000	4129.000000
365.770000	3657.000000
365.775000	3974.000000
365.780000	4103.000000
365.785000	3399.000000
365.790000	3657.000000
365.795000	3827.000000
365.800000	3680.000000
365.805000	3587.000000
365.810000	3378.000000
365.815000	3481.000000
365.820000	3488.000000
365.825000	3943.000000
365.830000	3423.000000
365.835000	3435.000000
365.840000	3386.000000
365.845000	3089.000000
365.850000	3168.000000
365.855000	3370.000000
365.860000	2761.000000
365.865000	3415.000000
365.870000	3022.000000
365.875000	3134.000000
365.880000	2960.000000
365.885000	3173.000000
365.890000	2767.000000
365.895000	3078.000000
365.900000	2779.000000
365.905000	2784.000000
365.910000	3125.000000
365.915000	2823.000000
365.920000	2829.000000
365.925000	2951.000000
365.930000	2741.000000
365.935000	2887.000000
365.940000	2875.000000
365.945000	2522.000000
365.950000	2664.000000
365.955000	2458.000000
365.960000	2815.000000
365.965000	2530.000000
365.970000	2331.000000
365.975000	2136.000000
365.980000	2573.000000
365.985000	2272.000000
365.990000	2051.000000
365.995000	2417.000000
366.000000	2709.000000
366.005000	2346.000000
366.010000	2273.000000
366.015000	2250.000000
366.020000	2167.000000
366.025000	2027.000000
366.030000	2153.000000
366.035000	2332.000000
366.040000	2006.000000
366.045000	1923.000000
366.050000	2334.000000
366.055000	1971.000000
366.060000	1920.000000
366.065000	1927.000000
366.070000	2039.000000
366.075000	1926.000000
366.080000	1961.000000
366.085000	1800.000000
366.090000	2147.000000
366.095000	1779.000000
366.100000	1935.000000
366.105000	1700.000000
366.110000	1852.000000
366.115000	1795.000000
366.120000	1786.000000
366.125000	1740.000000
366.130000	1807.000000
366.135000	1729.000000
366.140000	1861.000000
366.145000	1732.000000
366.150000	1643.000000
366.155000	1547.000000
366.160000	1763.000000
366.165000	1528.000000
366.170000	1382.000000
366.175000	1556.000000
366.180000	1567.000000
366.185000	1514.000000
366.190000	1790.000000
366.195000	1570.000000
366.200000	1281.000000
366.205000	1731.000000
366.210000	1396.000000
366.215000	1423.000000
366.220000	1313.000000
366.225000	1342.000000
366.230000	1440.000000
366.235000	1390.000000
366.240000	1404.000000
366.245000	1379.000000
366.250000	1309.000000
366.255000	1273.000000
366.260000	1283.000000
366.265000	1196.000000
366.270000	1321.000000
366.275000	1208.000000
366.280000	1289.000000
366.285000	1136.000000
366.290000	1218.000000
366.295000	1222.000000
366.300000	1101.000000
366.305000	1186.000000
366.310000	1211.000000
366.315000	1148.000000
366.320000	969.000000
366.325000	1112.000000
366.330000	1219.000000
366.335000	1313.000000
366.340000	965.000000
366.345000	910.000000
366.350000	1041.000000
366.355000	1193.000000
366.360000	1193.000000
366.365000	1060.000000
366.370000	1137.000000
366.375000	1166.000000
366.380000	927.000000
366.385000	1102.000000
366.390000	951.000000
366.395000	972.000000
366.400000	881.000000
366.405000	824.000000
366.410000	811.000000
366.415000	904.000000
366.420000	895.000000
366.425000	1019.000000
366.430000	868.000000
366.435000	866.000000
366.440000	927.000000
366.445000	662.000000
366.450000	1000.000000
366.455000	730.000000
366.460000	785.000000
366.465000	866.000000
366.470000	869.000000
366.475000	800.000000
366.480000	901.000000
366.485000	737.000000
366.490000	830.000000
366.495000	936.000000
366.500000	893.000000
366.505000	896.000000
366.510000	741.000000
366.515000	946.000000
366.520000	929.000000
366.525000	835.000000
366.530000	810.000000
366.535000	750.000000
366.540000	746.000000
366.545000	735.000000
366.550000	811.000000
366.555000	740.000000
366.560000	817.000000
366.565000	722.000000
366.570000	675.000000
366.575000	910.000000
366.580000	627.000000
366.585000	743.000000
366.590000	844.000000
366.595000	811.000000
366.600000	743.000000
366.605000	700.000000
366.610000	832.000000
366.615000	701.000000
366.620000	775.000000
366.625000	768.000000
366.630000	703.000000
366.635000	810.000000
366.640000	885.000000
366.645000	510.000000
366.650000	589.000000
366.655000	748.000000
366.660000	663.000000
366.665000	696.000000
366.670000	639.000000
366.675000	749.000000
366.680000	685.000000
366.685000	635.000000
366.690000	602.000000
366.695000	689.000000
366.700000	799.000000
366.705000	811.000000
366.710000	793.000000
366.715000	723.000000
366.720000	778.000000
366.725000	700.000000
366.730000	698.000000
366.735000	795.000000
366.740000	750.000000
366.745000	582.000000
366.750000	810.000000
366.755000	627.000000
366.760000	593.000000
366.765000	625.000000
366.770000	614.000000
366.775000	710.000000
366.780000	904.000000
366.785000	819.000000
366.790000	675.000000
366.795000	715.000000
366.800000	722.000000
366.805000	877.000000
366.810000	828.000000
366.815000	845.000000
366.820000	701.000000
366.825000	813.000000
366.830000	765.000000
366.835000	859.000000
366.840000	1115.000000
366.845000	878.000000
366.850000	891.000000
366.855000	891.000000
366.860000	1033.000000
366.865000	1058.000000
366.870000	1037.000000
366.875000	1034.000000
366.880000	991.000000
366.885000	1236.000000
366.890000	1292.000000
366.895000	1282.000000
366.900000	1200.000000
366.905000	1142.000000
366.910000	1624.000000
366.915000	1366.000000
366.920000	1285.000000
366.925000	1469.000000
366.930000	1845.000000
366.935000	2040.000000
366.940000	1881.000000
366.945000	2009.000000
366.950000	2293.000000
366.955000	2085.000000
366.960000	1994.000000
366.965000	1958.000000
366.970000	2000.000000
366.975000	2090.000000
366.980000	2109.000000
366.985000	2027.000000
366.990000	2212.000000
366.995000	1936.000000
367.000000	1929.000000
367.005000	2013.000000
367.010000	2214.000000
367.015000	1940.000000
367.020000	2044.000000
367.025000	2075.000000
367.030000	2145.000000
367.035000	2112.000000
367.040000	2039.000000
367.045000	1967.000000
367.050000	2248.000000
367.055000	2164.000000
367.060000	2359.000000
367.065000	2389.000000
367.070000	2237.000000
367.075000	2348.000000
367.080000	2280.000000
367.085000	2415.000000
367.090000	2710.000000
367.095000	2760.000000
367.100000	3170.000000
367.105000	2587.000000
367.110000	3056.000000
367.115000	3133.000000
367.120000	3595.000000
367.125000	3502.000000
367.130000	3814.000000
367.135000	4082.000000
367.140000	4306.000000
367.145000	4596.000000
367.150000	4559.000000
367.155000	5055.000000
367.160000	5457.000000
367.165000	5787.000000
367.170000	5951.000000
367.175000	6463.000000
367.180000	7015.000000
367.185000	7261.000000
367.190000	8034.000000
367.195000	9766.000000
367.200000	10025.000000
367.205000	9068.000000
367.210000	8715.000000
367.215000	7722.000000
367.220000	7557.000000
367.225000	7799.000000
367.230000	8223.000000
367.235000	8579.000000
367.240000	8926.000000
367.245000	9454.000000
367.250000	9338.000000
367.255000	9703.000000
367.260000	9961.000000
367.265000	11319.000000
367.270000	10814.000000
367.275000	11173.000000
367.280000	11938.000000
367.285000	12098.000000
367.290000	12599.000000
367.295000	13389.000000
367.300000	13432.000000
367.305000	13947.000000
367.310000	15041.000000
367.315000	14602.000000
367.320000	15531.000000
367.325000	15725.000000
367.330000	17036.000000
367.335000	15964.000000
367.340000	16674.000000
367.345000	18327.000000
367.350000	17505.000000
367.355000	17364.000000
367.360000	18251.000000
367.365000	19286.000000
367.370000	18735.000000
367.375000	19242.000000
367.380000	19761.000000
367.385000	21231.000000
367.390000	21046.000000
367.395000	22481.000000
367.400000	22446.000000
367.405000	22618.000000
367.410000	23237.000000
367.415000	23439.000000
367.420000	23639.000000
367.425000	23077.000000
367.430000	24293.000000
367.435000	25765.000000
367.440000	25651.000000
367.445000	25831.000000
367.450000	26378.000000
367.455000	26422.000000
367.460000	26742.000000
367.465000	26465.000000
367.470000	26531.000000
367.475000	26829.000000
367.480000	27412.000000
367.485000	27118.000000
367.490000	28808.000000
367.495000	28691.000000
367.500000	28676.000000
367.505000	29193.000000
367.510000	30426.000000
367.515000	32873.000000
367.520000	34058.000000
367.525000	33663.000000
367.530000	36130.000000
367.535000	35579.000000
367.540000	34708.000000
367.545000	33813.000000
367.550000	34148.000000
367.555000	33586.000000
367.560000	33740.000000
367.565000	34750.000000
367.570000	35583.000000
367.575000	36316.000000
367.580000	35947.000000
367.585000	36636.000000
367.590000	37168.000000
367.595000	38201.000000
367.600000	37137.000000
367.605000	37917.000000
367.610000	38406.000000
367.615000	40039.000000
367.620000	39068.000000
367.625000	40557.000000
367.630000	41175.000000
367.635000	41760.000000
367.640000	43255.000000
367.645000	43034.000000
367.650000	42603.000000
367.655000	43932.000000
367.660000	44370.000000
367.665000	44047.000000
367.670000	44838.000000
367.675000	45646.000000
367.680000	47046.000000
367.685000	48363.000000
367.690000	48496.000000
367.695000	49607.000000
367.700000	50468.000000
367.705000	51427.000000
367.710000	53001.000000
367.715000	52327.000000
367.720000	52923.000000
367.725000	53994.000000
367.730000	55689.000000
367.735000	56742.000000
367.740000	58167.000000
367.745000	59770.000000
367.750000	60395.000000
367.755000	61183.000000
367.760000	62029.000000
367.765000	64281.000000
367.770000	65383.000000
367.775000	65110.000000
367.780000	68697.000000
367.785000	68183.000000
367.790000	69848.000000
367.795000	71041.000000
367.800000	73835.000000
367.805000	75960.000000
367.810000	74121.000000
367.815000	78416.000000
367.820000	81015.000000
367.825000	80792.000000
367.830000	82768.000000
367.835000	86896.000000
367.840000	87812.000000
367.845000	87281.000000
367.850000	93457.000000
367.855000	95194.000000
367.860000	96679.000000
367.865000	97589.000000
367.870000	99869.000000
367.875000	101651.000000
367.880000	103134.000000
367.885000	106069.000000
367.890000	108742.000000
367.895000	111513.000000
367.900000	109876.000000
367.905000	115343.000000
367.910000	116570.000000
367.915000	118826.000000
367.920000	121940.000000
367.925000	126059.000000
367.930000	124074.000000
367.935000	128211.000000
367.940000	129593.000000
367.945000	130782.000000
367.950000	132649.000000
367.955000	132633.000000
367.960000	134406.000000
367.965000	135017.000000
367.970000	137013.000000
367.975000	137654.000000
367.980000	141226.000000
367.985000	137945.000000
367.990000	136783.000000
367.995000	136292.000000
368.000000	136601.000000
368.005000	137250.000000
368.010000	138658.000000
368.015000	139703.000000
368.020000	136738.000000
368.025000	138855.000000
368.030000	140426.000000
368.035000	138062.000000
368.040000	142081.000000
368.045000	145382.000000
368.050000	151316.000000
368.055000	152542.000000
368.060000	143909.000000
368.065000	135443.000000
368.070000	133981.000000
368.075000	131424.000000
368.080000	127723.000000
368.085000	130403.000000
368.090000	126470.000000
368.095000	122898.000000
368.100000	126137.000000
368.105000	124786.000000
368.110000	120844.000000
368.115000	119471.000000
368.120000	117441.000000
368.125000	120238.000000
368.130000	115814.000000
368.135000	116667.000000
368.140000	111849.000000
368.145000	112645.000000
368.150000	110497.000000
368.155000	109199.000000
368.160000	107327.000000
368.165000	107508.000000
368.170000	106509.000000
368.175000	104884.000000
368.180000	103843.000000
368.185000	102613.000000
368.190000	103606.000000
368.195000	101848.000000
368.200000	100465.000000
368.205000	101503.000000
368.210000	100563.000000
368.215000	98757.000000
368.220000	98101.000000
368.225000	98687.000000
368.230000	95817.000000
368.235000	97271.000000
368.240000	93624.000000
368.245000	92799.000000
368.250000	93947.000000
368.255000	92434.000000
368.260000	89746.000000
368.265000	89904.000000
368.270000	87885.000000
368.275000	89008.000000
368.280000	85647.000000
368.285000	86918.000000
368.290000	84962.000000
368.295000	84625.000000
368.300000	83015.000000
368.305000	80046.000000
368.310000	80665.000000
368.315000	83133.000000
368.320000	80865.000000
368.325000	79472.000000
368.330000	78279.000000
368.335000	77108.000000
368.340000	77141.000000
368.345000	77033.000000
368.350000	75939.000000
368.355000	76111.000000
368.360000	75372.000000
368.365000	74769.000000
368.370000	73659.000000
368.375000	72279.000000
368.380000	71302.000000
368.385000	71777.000000
368.390000	70637.000000
368.395000	70143.000000
368.400000	70438.000000
368.405000	69436.000000
368.410000	70431.000000
368.415000	71689.000000
368.420000	72545.000000
368.425000	72190.000000
368.430000	70689.000000
368.435000	69232.000000
368.440000	68301.000000
368.445000	66072.000000
368.450000	66991.000000
368.455000	66858.000000
368.460000	64229.000000
368.465000	65603.000000
368.470000	63790.000000
368.475000	64062.000000
368.480000	64300.000000
368.485000	63948.000000
368.490000	62142.000000
368.495000	63027.000000
368.500000	63018.000000
368.505000	62319.000000
368.510000	62254.000000
368.515000	62527.000000
368.520000	61039.000000
368.525000	61451.000000
368.530000	60385.000000
368.535000	60714.000000
368.540000	58639.000000
368.545000	60273.000000
368.550000	60239.000000
368.555000	60479.000000
368.560000	59841.000000
368.565000	61057.000000
368.570000	60481.000000
368.575000	60416.000000
368.580000	60608.000000
368.585000	60806.000000
368.590000	60968.000000
368.595000	62300.000000
368.600000	63224.000000
368.605000	64391.000000
368.610000	67722.000000
368.615000	71098.000000
368.620000	77764.000000
368.625000	82349.000000
368.630000	76709.000000
368.635000	69175.000000
368.640000	67785.000000
368.645000	67986.000000
368.650000	68279.000000
368.655000	71975.000000
368.660000	77434.000000
368.665000	82244.000000
368.670000	81320.000000
368.675000	75635.000000
368.680000	69884.000000
368.685000	68422.000000
368.690000	68563.000000
368.695000	70522.000000
368.700000	69572.000000
368.705000	66590.000000
368.710000	62871.000000
368.715000	64555.000000
368.720000	64766.000000
368.725000	66788.000000
368.730000	66420.000000
368.735000	69468.000000
368.740000	70359.000000
368.745000	69362.000000
368.750000	68783.000000
368.755000	68454.000000
368.760000	66960.000000
368.765000	68749.000000
368.770000	70425.000000
368.775000	72445.000000
368.780000	72782.000000
368.785000	75064.000000
368.790000	79775.000000
368.795000	82390.000000
368.800000	86238.000000
368.805000	92195.000000
368.810000	99845.000000
368.815000	107208.000000
368.820000	116884.000000
368.825000	128689.000000
368.830000	142965.000000
368.835000	153850.000000
368.840000	161646.000000
368.845000	162955.000000
368.850000	158125.000000
368.855000	152743.000000
368.860000	139724.000000
368.865000	127052.000000
368.870000	115900.000000
368.875000	105068.000000
368.880000	96396.000000
368.885000	89739.000000
368.890000	89291.000000
368.895000	86190.000000
368.900000	78260.000000
368.905000	68587.000000
368.910000	62183.000000
368.915000	57426.000000
368.920000	55646.000000
368.925000	53804.000000
368.930000	49008.000000
368.935000	49219.000000
368.940000	47411.000000
368.945000	47466.000000
368.950000	46010.000000
368.955000	43891.000000
368.960000	44319.000000
368.965000	42265.000000
368.970000	43495.000000
368.975000	41763.000000
368.980000	39843.000000
368.985000	40152.000000
368.990000	40369.000000
368.995000	39581.000000
369.000000	39836.000000
369.005000	38350.000000
369.010000	38311.000000
369.015000	39308.000000
369.020000	37889.000000
369.025000	37635.000000
369.030000	36255.000000
369.035000	36796.000000
369.040000	35816.000000
369.045000	35156.000000
369.050000	35095.000000
369.055000	34409.000000
369.060000	33624.000000
369.065000	34870.000000
369.070000	34815.000000
369.075000	33848.000000
369.080000	33913.000000
369.085000	33550.000000
369.090000	33807.000000
369.095000	33965.000000
369.100000	33957.000000
369.105000	34389.000000
369.110000	33811.000000
369.115000	33573.000000
369.120000	34732.000000
369.125000	33179.000000
369.130000	32954.000000
369.135000	34975.000000
369.140000	34131.000000
369.145000	35249.000000
369.150000	35825.000000
369.155000	37077.000000
369.160000	39378.000000
369.165000	41428.000000
369.170000	44957.000000
369.175000	47998.000000
369.180000	56031.000000
369.185000	66846.000000
369.190000	79248.000000
369.195000	95958.000000
369.200000	110276.000000
369.205000	122416.000000
369.210000	139008.000000
369.215000	156106.000000
369.220000	197019.000000
369.225000	283809.000000
369.230000	332201.000000
369.235000	238544.000000
369.240000	147667.000000
369.245000	99243.000000
369.250000	70890.000000
369.255000	54348.000000
369.260000	45854.000000
369.265000	40609.000000
369.270000	36240.000000
369.275000	34108.000000
369.280000	31561.000000
369.285000	30559.000000
369.290000	29011.000000
369.295000	27186.000000
369.300000	27783.000000
369.305000	26524.000000
369.310000	26423.000000
369.315000	26468.000000
369.320000	26081.000000
369.325000	24776.000000
369.330000	23614.000000
369.335000	23207.000000
369.340000	24207.000000
369.345000	22411.000000
369.350000	22332.000000
369.355000	22025.000000
369.360000	21391.000000
369.365000	21455.000000
369.370000	21694.000000
369.375000	21690.000000
369.380000	21730.000000
369.385000	20880.000000
369.390000	21818.000000
369.395000	20474.000000
369.400000	20109.000000
369.405000	19890.000000
369.410000	18683.000000
369.415000	19633.000000
369.420000	19244.000000
369.425000	19507.000000
369.430000	19189.000000
369.435000	19206.000000
369.440000	18354.000000
369.445000	18323.000000
369.450000	18330.000000
369.455000	18180.000000
369.460000	17751.000000
369.465000	17838.000000
369.470000	17425.000000
369.475000	16980.000000
369.480000	18261.000000
369.485000	17634.000000
369.490000	17778.000000
369.495000	17150.000000
369.500000	16520.000000
369.505000	16696.000000
369.510000	17248.000000
369.515000	16503.000000
369.520000	16586.000000
369.525000	16289.000000
369.530000	16545.000000
369.535000	15866.000000
369.540000	16332.000000
369.545000	15635.000000
369.550000	16056.000000
369.555000	15356.000000
369.560000	16059.000000
369.565000	15262.000000
369.570000	16064.000000
369.575000	15438.000000
369.580000	15040.000000
369.585000	15180.000000
369.590000	15858.000000
369.595000	14328.000000
369.600000	15401.000000
369.605000	14411.000000
369.610000	14548.000000
369.615000	15078.000000
369.620000	14401.000000
369.625000	14670.000000
369.630000	13944.000000
369.635000	13740.000000
369.640000	14534.000000
369.645000	14498.000000
369.650000	13837.000000
369.655000	13726.000000
369.660000	14664.000000
369.665000	13594.000000
369.670000	14041.000000
369.675000	13484.000000
369.680000	13387.000000
369.685000	13025.000000
369.690000	13223.000000
369.695000	12642.000000
369.700000	13121.000000
369.705000	12994.000000
369.710000	13210.000000
369.715000	13239.000000
369.720000	12279.000000
369.725000	12689.000000
369.730000	12233.000000
369.735000	12106.000000
369.740000	12382.000000
369.745000	12862.000000
369.750000	12512.000000
369.755000	12463.000000
369.760000	12334.000000
369.765000	12524.000000
369.770000	12312.000000
369.775000	12768.000000
369.780000	12198.000000
369.785000	12335.000000
369.790000	11568.000000
369.795000	11964.000000
369.800000	11650.000000
369.805000	11522.000000
369.810000	11685.000000
369.815000	11608.000000
369.820000	11609.000000
369.825000	11836.000000
369.830000	12054.000000
369.835000	11223.000000
369.840000	11256.000000
369.845000	11491.000000
369.850000	11334.000000
369.855000	11358.000000
369.860000	10863.000000
369.865000	10530.000000
369.870000	11025.000000
369.875000	10846.000000
369.880000	11384.000000
369.885000	10573.000000
369.890000	11248.000000
369.895000	10728.000000
369.900000	10501.000000
369.905000	10860.000000
369.910000	10926.000000
369.915000	9793.000000
369.920000	10248.000000
369.925000	10042.000000
369.930000	10017.000000
369.935000	10188.000000
369.940000	10131.000000
369.945000	10083.000000
369.950000	9901.000000
369.955000	9780.000000
369.960000	10350.000000
369.965000	9742.000000
369.970000	9663.000000
369.975000	9835.000000
369.980000	10484.000000
369.985000	9705.000000
369.990000	9694.000000
369.995000	9973.000000
370.000000	9979.000000
