Sample ID:		H1092 20um slit 20mW power
Start Time:		Tue Jul 14 2020 4:13:50 PM
Averaging Time:		1.000s

360.000000	54.000000
360.005000	29.000000
360.010000	14.000000
360.015000	71.000000
360.020000	34.000000
360.025000	52.000000
360.030000	58.000000
360.035000	28.000000
360.040000	36.000000
360.045000	79.000000
360.050000	58.000000
360.055000	74.000000
360.060000	19.000000
360.065000	39.000000
360.070000	58.000000
360.075000	73.000000
360.080000	59.000000
360.085000	98.000000
360.090000	76.000000
360.095000	64.000000
360.100000	36.000000
360.105000	61.000000
360.110000	77.000000
360.115000	32.000000
360.120000	30.000000
360.125000	27.000000
360.130000	32.000000
360.135000	50.000000
360.140000	54.000000
360.145000	53.000000
360.150000	58.000000
360.155000	52.000000
360.160000	63.000000
360.165000	76.000000
360.170000	50.000000
360.175000	9.000000
360.180000	137.000000
360.185000	39.000000
360.190000	43.000000
360.195000	32.000000
360.200000	57.000000
360.205000	67.000000
360.210000	41.000000
360.215000	10.000000
360.220000	30.000000
360.225000	57.000000
360.230000	83.000000
360.235000	43.000000
360.240000	47.000000
360.245000	48.000000
360.250000	60.000000
360.255000	40.000000
360.260000	40.000000
360.265000	74.000000
360.270000	21.000000
360.275000	35.000000
360.280000	37.000000
360.285000	62.000000
360.290000	156.000000
360.295000	41.000000
360.300000	15.000000
360.305000	66.000000
360.310000	59.000000
360.315000	31.000000
360.320000	73.000000
360.325000	87.000000
360.330000	28.000000
360.335000	109.000000
360.340000	33.000000
360.345000	82.000000
360.350000	102.000000
360.355000	73.000000
360.360000	32.000000
360.365000	66.000000
360.370000	33.000000
360.375000	54.000000
360.380000	93.000000
360.385000	46.000000
360.390000	69.000000
360.395000	27.000000
360.400000	44.000000
360.405000	108.000000
360.410000	37.000000
360.415000	88.000000
360.420000	36.000000
360.425000	83.000000
360.430000	79.000000
360.435000	28.000000
360.440000	34.000000
360.445000	34.000000
360.450000	53.000000
360.455000	43.000000
360.460000	63.000000
360.465000	49.000000
360.470000	53.000000
360.475000	47.000000
360.480000	89.000000
360.485000	39.000000
360.490000	37.000000
360.495000	53.000000
360.500000	30.000000
360.505000	45.000000
360.510000	83.000000
360.515000	28.000000
360.520000	71.000000
360.525000	58.000000
360.530000	54.000000
360.535000	60.000000
360.540000	65.000000
360.545000	44.000000
360.550000	36.000000
360.555000	47.000000
360.560000	45.000000
360.565000	80.000000
360.570000	48.000000
360.575000	70.000000
360.580000	66.000000
360.585000	17.000000
360.590000	35.000000
360.595000	48.000000
360.600000	46.000000
360.605000	52.000000
360.610000	34.000000
360.615000	29.000000
360.620000	36.000000
360.625000	51.000000
360.630000	20.000000
360.635000	131.000000
360.640000	32.000000
360.645000	72.000000
360.650000	44.000000
360.655000	75.000000
360.660000	48.000000
360.665000	49.000000
360.670000	40.000000
360.675000	75.000000
360.680000	102.000000
360.685000	34.000000
360.690000	63.000000
360.695000	96.000000
360.700000	84.000000
360.705000	16.000000
360.710000	65.000000
360.715000	76.000000
360.720000	46.000000
360.725000	75.000000
360.730000	48.000000
360.735000	55.000000
360.740000	52.000000
360.745000	34.000000
360.750000	49.000000
360.755000	41.000000
360.760000	45.000000
360.765000	47.000000
360.770000	21.000000
360.775000	36.000000
360.780000	38.000000
360.785000	92.000000
360.790000	49.000000
360.795000	68.000000
360.800000	91.000000
360.805000	40.000000
360.810000	43.000000
360.815000	18.000000
360.820000	59.000000
360.825000	62.000000
360.830000	85.000000
360.835000	82.000000
360.840000	35.000000
360.845000	69.000000
360.850000	64.000000
360.855000	34.000000
360.860000	37.000000
360.865000	64.000000
360.870000	23.000000
360.875000	75.000000
360.880000	25.000000
360.885000	14.000000
360.890000	50.000000
360.895000	49.000000
360.900000	61.000000
360.905000	121.000000
360.910000	31.000000
360.915000	17.000000
360.920000	39.000000
360.925000	28.000000
360.930000	29.000000
360.935000	49.000000
360.940000	26.000000
360.945000	103.000000
360.950000	104.000000
360.955000	20.000000
360.960000	31.000000
360.965000	55.000000
360.970000	60.000000
360.975000	63.000000
360.980000	40.000000
360.985000	42.000000
360.990000	55.000000
360.995000	37.000000
361.000000	24.000000
361.005000	38.000000
361.010000	16.000000
361.015000	70.000000
361.020000	89.000000
361.025000	51.000000
361.030000	31.000000
361.035000	81.000000
361.040000	31.000000
361.045000	5.000000
361.050000	64.000000
361.055000	19.000000
361.060000	3.000000
361.065000	39.000000
361.070000	44.000000
361.075000	37.000000
361.080000	35.000000
361.085000	56.000000
361.090000	52.000000
361.095000	38.000000
361.100000	72.000000
361.105000	81.000000
361.110000	52.000000
361.115000	65.000000
361.120000	65.000000
361.125000	34.000000
361.130000	27.000000
361.135000	51.000000
361.140000	89.000000
361.145000	51.000000
361.150000	62.000000
361.155000	73.000000
361.160000	12.000000
361.165000	31.000000
361.170000	23.000000
361.175000	65.000000
361.180000	62.000000
361.185000	61.000000
361.190000	31.000000
361.195000	34.000000
361.200000	42.000000
361.205000	65.000000
361.210000	85.000000
361.215000	29.000000
361.220000	77.000000
361.225000	68.000000
361.230000	58.000000
361.235000	19.000000
361.240000	92.000000
361.245000	54.000000
361.250000	69.000000
361.255000	49.000000
361.260000	45.000000
361.265000	93.000000
361.270000	70.000000
361.275000	24.000000
361.280000	13.000000
361.285000	43.000000
361.290000	45.000000
361.295000	26.000000
361.300000	53.000000
361.305000	34.000000
361.310000	23.000000
361.315000	30.000000
361.320000	78.000000
361.325000	70.000000
361.330000	133.000000
361.335000	33.000000
361.340000	41.000000
361.345000	39.000000
361.350000	79.000000
361.355000	48.000000
361.360000	52.000000
361.365000	93.000000
361.370000	106.000000
361.375000	55.000000
361.380000	30.000000
361.385000	48.000000
361.390000	49.000000
361.395000	39.000000
361.400000	70.000000
361.405000	28.000000
361.410000	68.000000
361.415000	44.000000
361.420000	84.000000
361.425000	52.000000
361.430000	57.000000
361.435000	39.000000
361.440000	41.000000
361.445000	52.000000
361.450000	86.000000
361.455000	81.000000
361.460000	50.000000
361.465000	73.000000
361.470000	35.000000
361.475000	77.000000
361.480000	34.000000
361.485000	51.000000
361.490000	42.000000
361.495000	61.000000
361.500000	51.000000
361.505000	51.000000
361.510000	49.000000
361.515000	54.000000
361.520000	42.000000
361.525000	45.000000
361.530000	41.000000
361.535000	30.000000
361.540000	27.000000
361.545000	34.000000
361.550000	37.000000
361.555000	44.000000
361.560000	73.000000
361.565000	75.000000
361.570000	98.000000
361.575000	35.000000
361.580000	40.000000
361.585000	29.000000
361.590000	10.000000
361.595000	18.000000
361.600000	13.000000
361.605000	52.000000
361.610000	8.000000
361.615000	28.000000
361.620000	17.000000
361.625000	21.000000
361.630000	3.000000
361.635000	9.000000
361.640000	15.000000
361.645000	3.000000
361.650000	11.000000
361.655000	30.000000
361.660000	9.000000
361.665000	17.000000
361.670000	15.000000
361.675000	26.000000
361.680000	10.000000
361.685000	7.000000
361.690000	17.000000
361.695000	17.000000
361.700000	5.000000
361.705000	13.000000
361.710000	2.000000
361.715000	9.000000
361.720000	11.000000
361.725000	74.000000
361.730000	25.000000
361.735000	11.000000
361.740000	4.000000
361.745000	21.000000
361.750000	14.000000
361.755000	7.000000
361.760000	10.000000
361.765000	16.000000
361.770000	57.000000
361.775000	21.000000
361.780000	31.000000
361.785000	22.000000
361.790000	10.000000
361.795000	29.000000
361.800000	18.000000
361.805000	9.000000
361.810000	32.000000
361.815000	22.000000
361.820000	18.000000
361.825000	9.000000
361.830000	13.000000
361.835000	12.000000
361.840000	14.000000
361.845000	59.000000
361.850000	7.000000
361.855000	29.000000
361.860000	13.000000
361.865000	54.000000
361.870000	14.000000
361.875000	11.000000
361.880000	22.000000
361.885000	17.000000
361.890000	18.000000
361.895000	29.000000
361.900000	55.000000
361.905000	10.000000
361.910000	15.000000
361.915000	20.000000
361.920000	22.000000
361.925000	0.000000
361.930000	21.000000
361.935000	4.000000
361.940000	8.000000
361.945000	6.000000
361.950000	34.000000
361.955000	26.000000
361.960000	21.000000
361.965000	9.000000
361.970000	15.000000
361.975000	3.000000
361.980000	14.000000
361.985000	7.000000
361.990000	2.000000
361.995000	26.000000
362.000000	7.000000
362.005000	39.000000
362.010000	9.000000
362.015000	17.000000
362.020000	32.000000
362.025000	41.000000
362.030000	11.000000
362.035000	10.000000
362.040000	15.000000
362.045000	13.000000
362.050000	32.000000
362.055000	43.000000
362.060000	23.000000
362.065000	21.000000
362.070000	22.000000
362.075000	39.000000
362.080000	10.000000
362.085000	12.000000
362.090000	28.000000
362.095000	13.000000
362.100000	31.000000
362.105000	12.000000
362.110000	11.000000
362.115000	27.000000
362.120000	36.000000
362.125000	5.000000
362.130000	8.000000
362.135000	12.000000
362.140000	1.000000
362.145000	29.000000
362.150000	20.000000
362.155000	50.000000
362.160000	18.000000
362.165000	8.000000
362.170000	11.000000
362.175000	23.000000
362.180000	8.000000
362.185000	9.000000
362.190000	31.000000
362.195000	51.000000
362.200000	30.000000
362.205000	26.000000
362.210000	10.000000
362.215000	17.000000
362.220000	39.000000
362.225000	53.000000
362.230000	15.000000
362.235000	12.000000
362.240000	26.000000
362.245000	27.000000
362.250000	18.000000
362.255000	23.000000
362.260000	30.000000
362.265000	24.000000
362.270000	36.000000
362.275000	57.000000
362.280000	16.000000
362.285000	7.000000
362.290000	28.000000
362.295000	37.000000
362.300000	7.000000
362.305000	25.000000
362.310000	8.000000
362.315000	45.000000
362.320000	9.000000
362.325000	19.000000
362.330000	3.000000
362.335000	61.000000
362.340000	22.000000
362.345000	25.000000
362.350000	33.000000
362.355000	41.000000
362.360000	30.000000
362.365000	10.000000
362.370000	84.000000
362.375000	8.000000
362.380000	19.000000
362.385000	17.000000
362.390000	17.000000
362.395000	61.000000
362.400000	18.000000
362.405000	20.000000
362.410000	51.000000
362.415000	45.000000
362.420000	11.000000
362.425000	55.000000
362.430000	21.000000
362.435000	29.000000
362.440000	27.000000
362.445000	13.000000
362.450000	6.000000
362.455000	11.000000
362.460000	73.000000
362.465000	23.000000
362.470000	11.000000
362.475000	20.000000
362.480000	15.000000
362.485000	16.000000
362.490000	30.000000
362.495000	14.000000
362.500000	11.000000
362.505000	8.000000
362.510000	8.000000
362.515000	8.000000
362.520000	5.000000
362.525000	18.000000
362.530000	8.000000
362.535000	49.000000
362.540000	31.000000
362.545000	23.000000
362.550000	6.000000
362.555000	7.000000
362.560000	8.000000
362.565000	23.000000
362.570000	32.000000
362.575000	9.000000
362.580000	45.000000
362.585000	2.000000
362.590000	12.000000
362.595000	3.000000
362.600000	8.000000
362.605000	22.000000
362.610000	22.000000
362.615000	16.000000
362.620000	42.000000
362.625000	5.000000
362.630000	41.000000
362.635000	10.000000
362.640000	18.000000
362.645000	27.000000
362.650000	20.000000
362.655000	9.000000
362.660000	21.000000
362.665000	21.000000
362.670000	20.000000
362.675000	3.000000
362.680000	6.000000
362.685000	19.000000
362.690000	17.000000
362.695000	1.000000
362.700000	29.000000
362.705000	31.000000
362.710000	53.000000
362.715000	41.000000
362.720000	7.000000
362.725000	15.000000
362.730000	62.000000
362.735000	10.000000
362.740000	21.000000
362.745000	37.000000
362.750000	9.000000
362.755000	15.000000
362.760000	6.000000
362.765000	12.000000
362.770000	34.000000
362.775000	11.000000
362.780000	33.000000
362.785000	21.000000
362.790000	24.000000
362.795000	7.000000
362.800000	19.000000
362.805000	25.000000
362.810000	20.000000
362.815000	2.000000
362.820000	27.000000
362.825000	19.000000
362.830000	11.000000
362.835000	42.000000
362.840000	24.000000
362.845000	41.000000
362.850000	33.000000
362.855000	17.000000
362.860000	40.000000
362.865000	18.000000
362.870000	15.000000
362.875000	19.000000
362.880000	44.000000
362.885000	86.000000
362.890000	4.000000
362.895000	29.000000
362.900000	7.000000
362.905000	4.000000
362.910000	28.000000
362.915000	12.000000
362.920000	23.000000
362.925000	22.000000
362.930000	34.000000
362.935000	42.000000
362.940000	21.000000
362.945000	65.000000
362.950000	8.000000
362.955000	14.000000
362.960000	15.000000
362.965000	6.000000
362.970000	24.000000
362.975000	14.000000
362.980000	11.000000
362.985000	57.000000
362.990000	69.000000
362.995000	33.000000
363.000000	7.000000
363.005000	28.000000
363.010000	40.000000
363.015000	29.000000
363.020000	22.000000
363.025000	61.000000
363.030000	39.000000
363.035000	30.000000
363.040000	7.000000
363.045000	23.000000
363.050000	30.000000
363.055000	11.000000
363.060000	12.000000
363.065000	18.000000
363.070000	3.000000
363.075000	26.000000
363.080000	66.000000
363.085000	30.000000
363.090000	12.000000
363.095000	22.000000
363.100000	71.000000
363.105000	16.000000
363.110000	17.000000
363.115000	11.000000
363.120000	7.000000
363.125000	3.000000
363.130000	56.000000
363.135000	22.000000
363.140000	24.000000
363.145000	13.000000
363.150000	25.000000
363.155000	14.000000
363.160000	31.000000
363.165000	26.000000
363.170000	18.000000
363.175000	14.000000
363.180000	35.000000
363.185000	53.000000
363.190000	63.000000
363.195000	25.000000
363.200000	13.000000
363.205000	8.000000
363.210000	19.000000
363.215000	13.000000
363.220000	10.000000
363.225000	23.000000
363.230000	69.000000
363.235000	12.000000
363.240000	9.000000
363.245000	3.000000
363.250000	52.000000
363.255000	28.000000
363.260000	30.000000
363.265000	39.000000
363.270000	11.000000
363.275000	32.000000
363.280000	21.000000
363.285000	9.000000
363.290000	16.000000
363.295000	43.000000
363.300000	26.000000
363.305000	2.000000
363.310000	13.000000
363.315000	13.000000
363.320000	9.000000
363.325000	32.000000
363.330000	22.000000
363.335000	18.000000
363.340000	12.000000
363.345000	46.000000
363.350000	24.000000
363.355000	20.000000
363.360000	24.000000
363.365000	17.000000
363.370000	24.000000
363.375000	40.000000
363.380000	12.000000
363.385000	15.000000
363.390000	22.000000
363.395000	19.000000
363.400000	55.000000
363.405000	32.000000
363.410000	33.000000
363.415000	22.000000
363.420000	2.000000
363.425000	8.000000
363.430000	42.000000
363.435000	5.000000
363.440000	36.000000
363.445000	19.000000
363.450000	5.000000
363.455000	0.000000
363.460000	31.000000
363.465000	7.000000
363.470000	10.000000
363.475000	32.000000
363.480000	41.000000
363.485000	21.000000
363.490000	20.000000
363.495000	5.000000
363.500000	22.000000
363.505000	25.000000
363.510000	15.000000
363.515000	9.000000
363.520000	53.000000
363.525000	18.000000
363.530000	2.000000
363.535000	9.000000
363.540000	4.000000
363.545000	37.000000
363.550000	20.000000
363.555000	27.000000
363.560000	46.000000
363.565000	3.000000
363.570000	56.000000
363.575000	6.000000
363.580000	22.000000
363.585000	72.000000
363.590000	17.000000
363.595000	23.000000
363.600000	13.000000
363.605000	55.000000
363.610000	16.000000
363.615000	14.000000
363.620000	6.000000
363.625000	15.000000
363.630000	32.000000
363.635000	67.000000
363.640000	31.000000
363.645000	17.000000
363.650000	40.000000
363.655000	11.000000
363.660000	3.000000
363.665000	19.000000
363.670000	6.000000
363.675000	12.000000
363.680000	13.000000
363.685000	23.000000
363.690000	1.000000
363.695000	21.000000
363.700000	34.000000
363.705000	8.000000
363.710000	31.000000
363.715000	28.000000
363.720000	25.000000
363.725000	16.000000
363.730000	4.000000
363.735000	33.000000
363.740000	5.000000
363.745000	33.000000
363.750000	73.000000
363.755000	12.000000
363.760000	31.000000
363.765000	6.000000
363.770000	4.000000
363.775000	10.000000
363.780000	10.000000
363.785000	42.000000
363.790000	14.000000
363.795000	2.000000
363.800000	15.000000
363.805000	14.000000
363.810000	17.000000
363.815000	17.000000
363.820000	76.000000
363.825000	9.000000
363.830000	32.000000
363.835000	10.000000
363.840000	18.000000
363.845000	4.000000
363.850000	5.000000
363.855000	50.000000
363.860000	14.000000
363.865000	27.000000
363.870000	30.000000
363.875000	25.000000
363.880000	30.000000
363.885000	9.000000
363.890000	36.000000
363.895000	7.000000
363.900000	12.000000
363.905000	22.000000
363.910000	27.000000
363.915000	73.000000
363.920000	23.000000
363.925000	33.000000
363.930000	7.000000
363.935000	22.000000
363.940000	19.000000
363.945000	16.000000
363.950000	38.000000
363.955000	25.000000
363.960000	10.000000
363.965000	9.000000
363.970000	14.000000
363.975000	103.000000
363.980000	59.000000
363.985000	0.000000
363.990000	33.000000
363.995000	37.000000
364.000000	17.000000
364.005000	9.000000
364.010000	16.000000
364.015000	28.000000
364.020000	18.000000
364.025000	10.000000
364.030000	21.000000
364.035000	8.000000
364.040000	30.000000
364.045000	9.000000
364.050000	8.000000
364.055000	18.000000
364.060000	33.000000
364.065000	21.000000
364.070000	34.000000
364.075000	5.000000
364.080000	26.000000
364.085000	12.000000
364.090000	17.000000
364.095000	15.000000
364.100000	37.000000
364.105000	11.000000
364.110000	16.000000
364.115000	19.000000
364.120000	52.000000
364.125000	0.000000
364.130000	7.000000
364.135000	9.000000
364.140000	6.000000
364.145000	22.000000
364.150000	24.000000
364.155000	11.000000
364.160000	40.000000
364.165000	13.000000
364.170000	23.000000
364.175000	23.000000
364.180000	23.000000
364.185000	35.000000
364.190000	11.000000
364.195000	33.000000
364.200000	9.000000
364.205000	9.000000
364.210000	9.000000
364.215000	20.000000
364.220000	53.000000
364.225000	3.000000
364.230000	12.000000
364.235000	34.000000
364.240000	17.000000
364.245000	23.000000
364.250000	34.000000
364.255000	14.000000
364.260000	1.000000
364.265000	3.000000
364.270000	44.000000
364.275000	2.000000
364.280000	10.000000
364.285000	8.000000
364.290000	13.000000
364.295000	7.000000
364.300000	51.000000
364.305000	45.000000
364.310000	6.000000
364.315000	11.000000
364.320000	29.000000
364.325000	8.000000
364.330000	4.000000
364.335000	10.000000
364.340000	18.000000
364.345000	23.000000
364.350000	4.000000
364.355000	19.000000
364.360000	14.000000
364.365000	30.000000
364.370000	24.000000
364.375000	9.000000
364.380000	10.000000
364.385000	20.000000
364.390000	23.000000
364.395000	9.000000
364.400000	16.000000
364.405000	45.000000
364.410000	13.000000
364.415000	1.000000
364.420000	15.000000
364.425000	16.000000
364.430000	24.000000
364.435000	14.000000
364.440000	22.000000
364.445000	55.000000
364.450000	36.000000
364.455000	7.000000
364.460000	26.000000
364.465000	24.000000
364.470000	15.000000
364.475000	48.000000
364.480000	73.000000
364.485000	12.000000
364.490000	2.000000
364.495000	31.000000
364.500000	3.000000
364.505000	2.000000
364.510000	40.000000
364.515000	17.000000
364.520000	9.000000
364.525000	19.000000
364.530000	22.000000
364.535000	16.000000
364.540000	11.000000
364.545000	34.000000
364.550000	33.000000
364.555000	29.000000
364.560000	48.000000
364.565000	10.000000
364.570000	3.000000
364.575000	14.000000
364.580000	4.000000
364.585000	8.000000
364.590000	27.000000
364.595000	2.000000
364.600000	35.000000
364.605000	5.000000
364.610000	47.000000
364.615000	0.000000
364.620000	32.000000
364.625000	39.000000
364.630000	19.000000
364.635000	17.000000
364.640000	2.000000
364.645000	29.000000
364.650000	51.000000
364.655000	7.000000
364.660000	56.000000
364.665000	24.000000
364.670000	27.000000
364.675000	33.000000
364.680000	0.000000
364.685000	24.000000
364.690000	7.000000
364.695000	14.000000
364.700000	14.000000
364.705000	16.000000
364.710000	4.000000
364.715000	27.000000
364.720000	12.000000
364.725000	10.000000
364.730000	21.000000
364.735000	4.000000
364.740000	46.000000
364.745000	19.000000
364.750000	12.000000
364.755000	11.000000
364.760000	17.000000
364.765000	48.000000
364.770000	8.000000
364.775000	5.000000
364.780000	21.000000
364.785000	27.000000
364.790000	29.000000
364.795000	5.000000
364.800000	36.000000
364.805000	2.000000
364.810000	12.000000
364.815000	22.000000
364.820000	26.000000
364.825000	24.000000
364.830000	25.000000
364.835000	17.000000
364.840000	11.000000
364.845000	8.000000
364.850000	17.000000
364.855000	9.000000
364.860000	13.000000
364.865000	27.000000
364.870000	28.000000
364.875000	19.000000
364.880000	2.000000
364.885000	29.000000
364.890000	27.000000
364.895000	4.000000
364.900000	6.000000
364.905000	11.000000
364.910000	3.000000
364.915000	13.000000
364.920000	14.000000
364.925000	57.000000
364.930000	22.000000
364.935000	28.000000
364.940000	47.000000
364.945000	3.000000
364.950000	12.000000
364.955000	8.000000
364.960000	24.000000
364.965000	10.000000
364.970000	15.000000
364.975000	20.000000
364.980000	22.000000
364.985000	11.000000
364.990000	8.000000
364.995000	24.000000
365.000000	12.000000
365.005000	90.000000
365.010000	10.000000
365.015000	14.000000
365.020000	4.000000
365.025000	34.000000
365.030000	36.000000
365.035000	22.000000
365.040000	13.000000
365.045000	22.000000
365.050000	4.000000
365.055000	2.000000
365.060000	24.000000
365.065000	22.000000
365.070000	5.000000
365.075000	37.000000
365.080000	24.000000
365.085000	1.000000
365.090000	18.000000
365.095000	12.000000
365.100000	2.000000
365.105000	18.000000
365.110000	7.000000
365.115000	20.000000
365.120000	38.000000
365.125000	24.000000
365.130000	5.000000
365.135000	41.000000
365.140000	40.000000
365.145000	19.000000
365.150000	31.000000
365.155000	19.000000
365.160000	36.000000
365.165000	14.000000
365.170000	22.000000
365.175000	17.000000
365.180000	9.000000
365.185000	18.000000
365.190000	32.000000
365.195000	16.000000
365.200000	5.000000
365.205000	16.000000
365.210000	44.000000
365.215000	19.000000
365.220000	46.000000
365.225000	41.000000
365.230000	47.000000
365.235000	17.000000
365.240000	39.000000
365.245000	12.000000
365.250000	44.000000
365.255000	21.000000
365.260000	17.000000
365.265000	17.000000
365.270000	30.000000
365.275000	8.000000
365.280000	47.000000
365.285000	41.000000
365.290000	5.000000
365.295000	32.000000
365.300000	22.000000
365.305000	28.000000
365.310000	22.000000
365.315000	44.000000
365.320000	13.000000
365.325000	42.000000
365.330000	27.000000
365.335000	24.000000
365.340000	37.000000
365.345000	21.000000
365.350000	49.000000
365.355000	2.000000
365.360000	9.000000
365.365000	31.000000
365.370000	3.000000
365.375000	18.000000
365.380000	10.000000
365.385000	40.000000
365.390000	8.000000
365.395000	23.000000
365.400000	31.000000
365.405000	11.000000
365.410000	14.000000
365.415000	19.000000
365.420000	14.000000
365.425000	31.000000
365.430000	20.000000
365.435000	6.000000
365.440000	37.000000
365.445000	23.000000
365.450000	53.000000
365.455000	50.000000
365.460000	13.000000
365.465000	52.000000
365.470000	20.000000
365.475000	28.000000
365.480000	11.000000
365.485000	33.000000
365.490000	3.000000
365.495000	6.000000
365.500000	33.000000
365.505000	27.000000
365.510000	16.000000
365.515000	22.000000
365.520000	37.000000
365.525000	11.000000
365.530000	27.000000
365.535000	18.000000
365.540000	78.000000
365.545000	27.000000
365.550000	24.000000
365.555000	15.000000
365.560000	28.000000
365.565000	82.000000
365.570000	48.000000
365.575000	11.000000
365.580000	16.000000
365.585000	5.000000
365.590000	51.000000
365.595000	10.000000
365.600000	31.000000
365.605000	20.000000
365.610000	47.000000
365.615000	84.000000
365.620000	3.000000
365.625000	65.000000
365.630000	27.000000
365.635000	49.000000
365.640000	24.000000
365.645000	23.000000
365.650000	27.000000
365.655000	32.000000
365.660000	3.000000
365.665000	3.000000
365.670000	33.000000
365.675000	6.000000
365.680000	44.000000
365.685000	15.000000
365.690000	38.000000
365.695000	12.000000
365.700000	21.000000
365.705000	18.000000
365.710000	19.000000
365.715000	50.000000
365.720000	49.000000
365.725000	17.000000
365.730000	24.000000
365.735000	19.000000
365.740000	36.000000
365.745000	28.000000
365.750000	43.000000
365.755000	37.000000
365.760000	42.000000
365.765000	46.000000
365.770000	30.000000
365.775000	24.000000
365.780000	5.000000
365.785000	33.000000
365.790000	4.000000
365.795000	47.000000
365.800000	21.000000
365.805000	18.000000
365.810000	37.000000
365.815000	35.000000
365.820000	56.000000
365.825000	32.000000
365.830000	14.000000
365.835000	12.000000
365.840000	37.000000
365.845000	43.000000
365.850000	36.000000
365.855000	5.000000
365.860000	26.000000
365.865000	23.000000
365.870000	22.000000
365.875000	18.000000
365.880000	31.000000
365.885000	87.000000
365.890000	50.000000
365.895000	17.000000
365.900000	3.000000
365.905000	12.000000
365.910000	11.000000
365.915000	11.000000
365.920000	54.000000
365.925000	41.000000
365.930000	12.000000
365.935000	20.000000
365.940000	34.000000
365.945000	25.000000
365.950000	52.000000
365.955000	36.000000
365.960000	104.000000
365.965000	29.000000
365.970000	41.000000
365.975000	71.000000
365.980000	54.000000
365.985000	47.000000
365.990000	49.000000
365.995000	18.000000
366.000000	27.000000
366.005000	10.000000
366.010000	37.000000
366.015000	37.000000
366.020000	65.000000
366.025000	13.000000
366.030000	44.000000
366.035000	41.000000
366.040000	69.000000
366.045000	23.000000
366.050000	23.000000
366.055000	23.000000
366.060000	12.000000
366.065000	7.000000
366.070000	68.000000
366.075000	39.000000
366.080000	91.000000
366.085000	34.000000
366.090000	51.000000
366.095000	75.000000
366.100000	13.000000
366.105000	57.000000
366.110000	17.000000
366.115000	37.000000
366.120000	40.000000
366.125000	84.000000
366.130000	26.000000
366.135000	28.000000
366.140000	35.000000
366.145000	51.000000
366.150000	35.000000
366.155000	30.000000
366.160000	26.000000
366.165000	52.000000
366.170000	32.000000
366.175000	78.000000
366.180000	24.000000
366.185000	33.000000
366.190000	87.000000
366.195000	51.000000
366.200000	53.000000
366.205000	17.000000
366.210000	72.000000
366.215000	30.000000
366.220000	14.000000
366.225000	32.000000
366.230000	61.000000
366.235000	25.000000
366.240000	83.000000
366.245000	47.000000
366.250000	13.000000
366.255000	45.000000
366.260000	45.000000
366.265000	59.000000
366.270000	22.000000
366.275000	27.000000
366.280000	59.000000
366.285000	39.000000
366.290000	62.000000
366.295000	39.000000
366.300000	64.000000
366.305000	32.000000
366.310000	118.000000
366.315000	19.000000
366.320000	25.000000
366.325000	93.000000
366.330000	120.000000
366.335000	47.000000
366.340000	66.000000
366.345000	29.000000
366.350000	89.000000
366.355000	88.000000
366.360000	62.000000
366.365000	57.000000
366.370000	62.000000
366.375000	80.000000
366.380000	43.000000
366.385000	86.000000
366.390000	108.000000
366.395000	91.000000
366.400000	57.000000
366.405000	56.000000
366.410000	70.000000
366.415000	87.000000
366.420000	42.000000
366.425000	76.000000
366.430000	104.000000
366.435000	59.000000
366.440000	106.000000
366.445000	147.000000
366.450000	67.000000
366.455000	122.000000
366.460000	199.000000
366.465000	83.000000
366.470000	83.000000
366.475000	114.000000
366.480000	116.000000
366.485000	88.000000
366.490000	58.000000
366.495000	128.000000
366.500000	101.000000
366.505000	71.000000
366.510000	76.000000
366.515000	71.000000
366.520000	126.000000
366.525000	86.000000
366.530000	193.000000
366.535000	99.000000
366.540000	65.000000
366.545000	115.000000
366.550000	79.000000
366.555000	79.000000
366.560000	217.000000
366.565000	107.000000
366.570000	104.000000
366.575000	161.000000
366.580000	118.000000
366.585000	55.000000
366.590000	81.000000
366.595000	155.000000
366.600000	92.000000
366.605000	84.000000
366.610000	112.000000
366.615000	168.000000
366.620000	129.000000
366.625000	153.000000
366.630000	79.000000
366.635000	71.000000
366.640000	95.000000
366.645000	119.000000
366.650000	175.000000
366.655000	165.000000
366.660000	163.000000
366.665000	127.000000
366.670000	157.000000
366.675000	132.000000
366.680000	216.000000
366.685000	168.000000
366.690000	164.000000
366.695000	245.000000
366.700000	136.000000
366.705000	202.000000
366.710000	156.000000
366.715000	118.000000
366.720000	122.000000
366.725000	142.000000
366.730000	275.000000
366.735000	141.000000
366.740000	163.000000
366.745000	138.000000
366.750000	163.000000
366.755000	142.000000
366.760000	195.000000
366.765000	247.000000
366.770000	326.000000
366.775000	277.000000
366.780000	282.000000
366.785000	220.000000
366.790000	179.000000
366.795000	209.000000
366.800000	186.000000
366.805000	303.000000
366.810000	267.000000
366.815000	336.000000
366.820000	298.000000
366.825000	205.000000
366.830000	288.000000
366.835000	365.000000
366.840000	491.000000
366.845000	466.000000
366.850000	483.000000
366.855000	356.000000
366.860000	415.000000
366.865000	502.000000
366.870000	656.000000
366.875000	453.000000
366.880000	624.000000
366.885000	520.000000
366.890000	727.000000
366.895000	750.000000
366.900000	954.000000
366.905000	859.000000
366.910000	753.000000
366.915000	1161.000000
366.920000	1193.000000
366.925000	1002.000000
366.930000	1173.000000
366.935000	1310.000000
366.940000	1317.000000
366.945000	1348.000000
366.950000	1453.000000
366.955000	1354.000000
366.960000	1801.000000
366.965000	1566.000000
366.970000	1242.000000
366.975000	1452.000000
366.980000	1530.000000
366.985000	1353.000000
366.990000	1489.000000
366.995000	1141.000000
367.000000	1245.000000
367.005000	1339.000000
367.010000	1302.000000
367.015000	1554.000000
367.020000	1564.000000
367.025000	1458.000000
367.030000	1540.000000
367.035000	1821.000000
367.040000	1944.000000
367.045000	1624.000000
367.050000	1811.000000
367.055000	1530.000000
367.060000	1844.000000
367.065000	1874.000000
367.070000	2173.000000
367.075000	1911.000000
367.080000	1850.000000
367.085000	2562.000000
367.090000	2256.000000
367.095000	2297.000000
367.100000	2429.000000
367.105000	2570.000000
367.110000	3015.000000
367.115000	2976.000000
367.120000	3314.000000
367.125000	3362.000000
367.130000	3439.000000
367.135000	3532.000000
367.140000	3618.000000
367.145000	4346.000000
367.150000	4142.000000
367.155000	4553.000000
367.160000	5247.000000
367.165000	5711.000000
367.170000	5687.000000
367.175000	6123.000000
367.180000	6957.000000
367.185000	8103.000000
367.190000	7784.000000
367.195000	7522.000000
367.200000	6570.000000
367.205000	6883.000000
367.210000	7108.000000
367.215000	6534.000000
367.220000	7330.000000
367.225000	6706.000000
367.230000	7708.000000
367.235000	7379.000000
367.240000	7892.000000
367.245000	8435.000000
367.250000	8422.000000
367.255000	8846.000000
367.260000	9556.000000
367.265000	9776.000000
367.270000	9619.000000
367.275000	10258.000000
367.280000	10832.000000
367.285000	11596.000000
367.290000	11713.000000
367.295000	11840.000000
367.300000	12828.000000
367.305000	13146.000000
367.310000	13414.000000
367.315000	14207.000000
367.320000	14699.000000
367.325000	14942.000000
367.330000	15395.000000
367.335000	16070.000000
367.340000	16461.000000
367.345000	16271.000000
367.350000	16035.000000
367.355000	17151.000000
367.360000	17568.000000
367.365000	18422.000000
367.370000	18685.000000
367.375000	19641.000000
367.380000	19898.000000
367.385000	20084.000000
367.390000	20924.000000
367.395000	22557.000000
367.400000	21003.000000
367.405000	21952.000000
367.410000	22659.000000
367.415000	23348.000000
367.420000	24369.000000
367.425000	23916.000000
367.430000	24043.000000
367.435000	25965.000000
367.440000	25767.000000
367.445000	25412.000000
367.450000	25304.000000
367.455000	26013.000000
367.460000	25201.000000
367.465000	26116.000000
367.470000	26294.000000
367.475000	25873.000000
367.480000	27442.000000
367.485000	27324.000000
367.490000	28253.000000
367.495000	28723.000000
367.500000	28794.000000
367.505000	31319.000000
367.510000	32453.000000
367.515000	35179.000000
367.520000	36025.000000
367.525000	34562.000000
367.530000	34094.000000
367.535000	33231.000000
367.540000	33080.000000
367.545000	32154.000000
367.550000	33430.000000
367.555000	33254.000000
367.560000	34439.000000
367.565000	34019.000000
367.570000	33758.000000
367.575000	35583.000000
367.580000	34744.000000
367.585000	35171.000000
367.590000	36198.000000
367.595000	36682.000000
367.600000	36754.000000
367.605000	37426.000000
367.610000	37146.000000
367.615000	39102.000000
367.620000	39162.000000
367.625000	39717.000000
367.630000	39623.000000
367.635000	40734.000000
367.640000	40673.000000
367.645000	42719.000000
367.650000	43224.000000
367.655000	42793.000000
367.660000	44545.000000
367.665000	44566.000000
367.670000	45591.000000
367.675000	46261.000000
367.680000	48676.000000
367.685000	48713.000000
367.690000	50110.000000
367.695000	50001.000000
367.700000	50947.000000
367.705000	50451.000000
367.710000	51602.000000
367.715000	53861.000000
367.720000	54612.000000
367.725000	54463.000000
367.730000	57077.000000
367.735000	58607.000000
367.740000	59969.000000
367.745000	58449.000000
367.750000	61747.000000
367.755000	62642.000000
367.760000	64891.000000
367.765000	65170.000000
367.770000	66606.000000
367.775000	66943.000000
367.780000	68778.000000
367.785000	71271.000000
367.790000	71404.000000
367.795000	74947.000000
367.800000	75780.000000
367.805000	76292.000000
367.810000	77186.000000
367.815000	81124.000000
367.820000	81370.000000
367.825000	80545.000000
367.830000	83925.000000
367.835000	85985.000000
367.840000	86948.000000
367.845000	88059.000000
367.850000	89199.000000
367.855000	91939.000000
367.860000	92476.000000
367.865000	94750.000000
367.870000	95961.000000
367.875000	97819.000000
367.880000	98658.000000
367.885000	98360.000000
367.890000	101505.000000
367.895000	101989.000000
367.900000	104190.000000
367.905000	104349.000000
367.910000	107950.000000
367.915000	107581.000000
367.920000	108867.000000
367.925000	111983.000000
367.930000	112789.000000
367.935000	112185.000000
367.940000	114234.000000
367.945000	113977.000000
367.950000	112440.000000
367.955000	114101.000000
367.960000	115204.000000
367.965000	115528.000000
367.970000	116254.000000
367.975000	118189.000000
367.980000	116942.000000
367.985000	115874.000000
367.990000	118115.000000
367.995000	117144.000000
368.000000	116453.000000
368.005000	118178.000000
368.010000	117179.000000
368.015000	117938.000000
368.020000	120008.000000
368.025000	119983.000000
368.030000	120282.000000
368.035000	120752.000000
368.040000	120243.000000
368.045000	121476.000000
368.050000	118155.000000
368.055000	119232.000000
368.060000	114052.000000
368.065000	114333.000000
368.070000	114534.000000
368.075000	112500.000000
368.080000	111464.000000
368.085000	111045.000000
368.090000	110566.000000
368.095000	110494.000000
368.100000	107242.000000
368.105000	106645.000000
368.110000	107554.000000
368.115000	105838.000000
368.120000	106798.000000
368.125000	104515.000000
368.130000	105739.000000
368.135000	103483.000000
368.140000	100276.000000
368.145000	101750.000000
368.150000	99496.000000
368.155000	101428.000000
368.160000	99731.000000
368.165000	98797.000000
368.170000	96712.000000
368.175000	96656.000000
368.180000	94121.000000
368.185000	93727.000000
368.190000	94254.000000
368.195000	92268.000000
368.200000	92770.000000
368.205000	90081.000000
368.210000	91835.000000
368.215000	90550.000000
368.220000	89061.000000
368.225000	87893.000000
368.230000	85760.000000
368.235000	84815.000000
368.240000	86841.000000
368.245000	85285.000000
368.250000	85778.000000
368.255000	83117.000000
368.260000	82013.000000
368.265000	82268.000000
368.270000	80882.000000
368.275000	80985.000000
368.280000	78498.000000
368.285000	75519.000000
368.290000	76250.000000
368.295000	75185.000000
368.300000	74451.000000
368.305000	73714.000000
368.310000	72647.000000
368.315000	70985.000000
368.320000	71518.000000
368.325000	71271.000000
368.330000	69224.000000
368.335000	70454.000000
368.340000	70016.000000
368.345000	69693.000000
368.350000	66420.000000
368.355000	66590.000000
368.360000	65383.000000
368.365000	65679.000000
368.370000	63163.000000
368.375000	64205.000000
368.380000	63077.000000
368.385000	61518.000000
368.390000	62224.000000
368.395000	60849.000000
368.400000	60961.000000
368.405000	59978.000000
368.410000	59108.000000
368.415000	58437.000000
368.420000	58632.000000
368.425000	56009.000000
368.430000	57006.000000
368.435000	57201.000000
368.440000	55948.000000
368.445000	55553.000000
368.450000	55761.000000
368.455000	54658.000000
368.460000	54866.000000
368.465000	54045.000000
368.470000	54347.000000
368.475000	52561.000000
368.480000	52050.000000
368.485000	54172.000000
368.490000	52387.000000
368.495000	51804.000000
368.500000	52375.000000
368.505000	51126.000000
368.510000	50979.000000
368.515000	50292.000000
368.520000	50530.000000
368.525000	50178.000000
368.530000	49498.000000
368.535000	49862.000000
368.540000	50055.000000
368.545000	49415.000000
368.550000	49033.000000
368.555000	48607.000000
368.560000	48907.000000
368.565000	48961.000000
368.570000	49324.000000
368.575000	49557.000000
368.580000	49435.000000
368.585000	50579.000000
368.590000	50050.000000
368.595000	51493.000000
368.600000	53080.000000
368.605000	55764.000000
368.610000	59383.000000
368.615000	63626.000000
368.620000	65072.000000
368.625000	62236.000000
368.630000	56723.000000
368.635000	55481.000000
368.640000	56996.000000
368.645000	57473.000000
368.650000	64890.000000
368.655000	69707.000000
368.660000	74175.000000
368.665000	70173.000000
368.670000	64585.000000
368.675000	57312.000000
368.680000	53505.000000
368.685000	53529.000000
368.690000	51708.000000
368.695000	51213.000000
368.700000	48182.000000
368.705000	44622.000000
368.710000	44231.000000
368.715000	44258.000000
368.720000	45196.000000
368.725000	45243.000000
368.730000	46199.000000
368.735000	45792.000000
368.740000	44984.000000
368.745000	40797.000000
368.750000	40802.000000
368.755000	39342.000000
368.760000	38840.000000
368.765000	37908.000000
368.770000	37632.000000
368.775000	37847.000000
368.780000	38832.000000
368.785000	37697.000000
368.790000	37385.000000
368.795000	37223.000000
368.800000	37829.000000
368.805000	36849.000000
368.810000	37020.000000
368.815000	37165.000000
368.820000	36828.000000
368.825000	38347.000000
368.830000	39458.000000
368.835000	41499.000000
368.840000	40812.000000
368.845000	42995.000000
368.850000	44823.000000
368.855000	48082.000000
368.860000	52597.000000
368.865000	54666.000000
368.870000	56096.000000
368.875000	53806.000000
368.880000	50706.000000
368.885000	47823.000000
368.890000	44328.000000
368.895000	39854.000000
368.900000	37032.000000
368.905000	35206.000000
368.910000	35199.000000
368.915000	33574.000000
368.920000	33458.000000
368.925000	31984.000000
368.930000	31420.000000
368.935000	31110.000000
368.940000	31654.000000
368.945000	31855.000000
368.950000	31641.000000
368.955000	30508.000000
368.960000	30547.000000
368.965000	29802.000000
368.970000	29696.000000
368.975000	30586.000000
368.980000	30582.000000
368.985000	30488.000000
368.990000	29348.000000
368.995000	31010.000000
369.000000	29363.000000
369.005000	30402.000000
369.010000	29092.000000
369.015000	28315.000000
369.020000	29083.000000
369.025000	28785.000000
369.030000	28669.000000
369.035000	28800.000000
369.040000	29737.000000
369.045000	29147.000000
369.050000	28166.000000
369.055000	28779.000000
369.060000	29760.000000
369.065000	29146.000000
369.070000	27780.000000
369.075000	28410.000000
369.080000	28205.000000
369.085000	28457.000000
369.090000	28493.000000
369.095000	28430.000000
369.100000	29141.000000
369.105000	29179.000000
369.110000	28586.000000
369.115000	28333.000000
369.120000	30698.000000
369.125000	29792.000000
369.130000	30093.000000
369.135000	30033.000000
369.140000	29648.000000
369.145000	30603.000000
369.150000	30936.000000
369.155000	32313.000000
369.160000	32782.000000
369.165000	33268.000000
369.170000	35792.000000
369.175000	36064.000000
369.180000	38021.000000
369.185000	39706.000000
369.190000	43563.000000
369.195000	46764.000000
369.200000	51166.000000
369.205000	55865.000000
369.210000	67259.000000
369.215000	83986.000000
369.220000	105483.000000
369.225000	106770.000000
369.230000	85511.000000
369.235000	61194.000000
369.240000	49060.000000
369.245000	38941.000000
369.250000	33705.000000
369.255000	29717.000000
369.260000	28317.000000
369.265000	25690.000000
369.270000	24927.000000
369.275000	24596.000000
369.280000	22626.000000
369.285000	21910.000000
369.290000	22025.000000
369.295000	22642.000000
369.300000	22016.000000
369.305000	22282.000000
369.310000	20719.000000
369.315000	22342.000000
369.320000	20653.000000
369.325000	20279.000000
369.330000	20330.000000
369.335000	20335.000000
369.340000	20750.000000
369.345000	19654.000000
369.350000	19519.000000
369.355000	20282.000000
369.360000	19558.000000
369.365000	19127.000000
369.370000	19624.000000
369.375000	18791.000000
369.380000	18883.000000
369.385000	18899.000000
369.390000	18442.000000
369.395000	19091.000000
369.400000	19010.000000
369.405000	18074.000000
369.410000	18190.000000
369.415000	17724.000000
369.420000	18826.000000
369.425000	17999.000000
369.430000	18591.000000
369.435000	18048.000000
369.440000	17615.000000
369.445000	17444.000000
369.450000	17691.000000
369.455000	17518.000000
369.460000	17902.000000
369.465000	17721.000000
369.470000	17269.000000
369.475000	17669.000000
369.480000	17140.000000
369.485000	17752.000000
369.490000	17165.000000
369.495000	17153.000000
369.500000	16386.000000
369.505000	16375.000000
369.510000	16832.000000
369.515000	16534.000000
369.520000	16393.000000
369.525000	15318.000000
369.530000	15670.000000
369.535000	15714.000000
369.540000	15896.000000
369.545000	16731.000000
369.550000	15673.000000
369.555000	16075.000000
369.560000	15568.000000
369.565000	16020.000000
369.570000	15809.000000
369.575000	16402.000000
369.580000	15508.000000
369.585000	15943.000000
369.590000	15335.000000
369.595000	15079.000000
369.600000	15910.000000
369.605000	15493.000000
369.610000	15024.000000
369.615000	15387.000000
369.620000	15098.000000
369.625000	15343.000000
369.630000	15124.000000
369.635000	15011.000000
369.640000	14734.000000
369.645000	15480.000000
369.650000	14448.000000
369.655000	14243.000000
369.660000	14923.000000
369.665000	13968.000000
369.670000	13972.000000
369.675000	14570.000000
369.680000	14207.000000
369.685000	13854.000000
369.690000	14317.000000
369.695000	14317.000000
369.700000	13726.000000
369.705000	13831.000000
369.710000	13697.000000
369.715000	13427.000000
369.720000	13619.000000
369.725000	14505.000000
369.730000	13300.000000
369.735000	13233.000000
369.740000	13704.000000
369.745000	13171.000000
369.750000	12677.000000
369.755000	13201.000000
369.760000	13915.000000
369.765000	12641.000000
369.770000	12869.000000
369.775000	12953.000000
369.780000	13797.000000
369.785000	12700.000000
369.790000	14031.000000
369.795000	13375.000000
369.800000	12756.000000
369.805000	12960.000000
369.810000	12816.000000
369.815000	12850.000000
369.820000	12220.000000
369.825000	12823.000000
369.830000	12506.000000
369.835000	12207.000000
369.840000	11936.000000
369.845000	11974.000000
369.850000	12342.000000
369.855000	12475.000000
369.860000	12043.000000
369.865000	12279.000000
369.870000	12137.000000
369.875000	11871.000000
369.880000	12413.000000
369.885000	11538.000000
369.890000	11898.000000
369.895000	11648.000000
369.900000	11225.000000
369.905000	12055.000000
369.910000	12120.000000
369.915000	12022.000000
369.920000	11540.000000
369.925000	11334.000000
369.930000	11904.000000
369.935000	11113.000000
369.940000	11601.000000
369.945000	11022.000000
369.950000	10963.000000
369.955000	11674.000000
369.960000	11416.000000
369.965000	11640.000000
369.970000	11687.000000
369.975000	10481.000000
369.980000	10934.000000
369.985000	11165.000000
369.990000	11209.000000
369.995000	10302.000000
370.000000	10710.000000
