Sample ID:		H1090 20um slit 20mW power
Start Time:		Tue Jul 14 2020 2:34:56 PM
Averaging Time:		1.000s

367.000000	839.000000
367.005000	795.000000
367.010000	835.000000
367.015000	762.000000
367.020000	733.000000
367.025000	695.000000
367.030000	790.000000
367.035000	776.000000
367.040000	781.000000
367.045000	790.000000
367.050000	902.000000
367.055000	685.000000
367.060000	824.000000
367.065000	904.000000
367.070000	695.000000
367.075000	1002.000000
367.080000	782.000000
367.085000	870.000000
367.090000	935.000000
367.095000	941.000000
367.100000	1077.000000
367.105000	771.000000
367.110000	857.000000
367.115000	987.000000
367.120000	1134.000000
367.125000	888.000000
367.130000	983.000000
367.135000	1065.000000
367.140000	1233.000000
367.145000	995.000000
367.150000	943.000000
367.155000	1214.000000
367.160000	1194.000000
367.165000	1173.000000
367.170000	1237.000000
367.175000	1445.000000
367.180000	1359.000000
367.185000	1594.000000
367.190000	1412.000000
367.195000	1484.000000
367.200000	1250.000000
367.205000	1379.000000
367.210000	1318.000000
367.215000	1349.000000
367.220000	1293.000000
367.225000	1581.000000
367.230000	1286.000000
367.235000	1384.000000
367.240000	1702.000000
367.245000	1706.000000
367.250000	1684.000000
367.255000	1828.000000
367.260000	1845.000000
367.265000	1874.000000
367.270000	2185.000000
367.275000	2156.000000
367.280000	2127.000000
367.285000	1983.000000
367.290000	2364.000000
367.295000	2578.000000
367.300000	2826.000000
367.305000	2308.000000
367.310000	2901.000000
367.315000	2829.000000
367.320000	3030.000000
367.325000	2930.000000
367.330000	2990.000000
367.335000	3045.000000
367.340000	3203.000000
367.345000	2918.000000
367.350000	3488.000000
367.355000	3289.000000
367.360000	3513.000000
367.365000	3616.000000
367.370000	3661.000000
367.375000	3799.000000
367.380000	3836.000000
367.385000	3640.000000
367.390000	3808.000000
367.395000	4423.000000
367.400000	4503.000000
367.405000	4461.000000
367.410000	4415.000000
367.415000	4614.000000
367.420000	4619.000000
367.425000	4789.000000
367.430000	5234.000000
367.435000	5033.000000
367.440000	4876.000000
367.445000	5596.000000
367.450000	5326.000000
367.455000	5584.000000
367.460000	5181.000000
367.465000	5522.000000
367.470000	5463.000000
367.475000	5911.000000
367.480000	5924.000000
367.485000	6089.000000
367.490000	5940.000000
367.495000	6426.000000
367.500000	6497.000000
367.505000	6592.000000
367.510000	7100.000000
367.515000	7257.000000
367.520000	7632.000000
367.525000	7011.000000
367.530000	7660.000000
367.535000	7551.000000
367.540000	7009.000000
367.545000	7903.000000
367.550000	7788.000000
367.555000	7247.000000
367.560000	7849.000000
367.565000	7614.000000
367.570000	7787.000000
367.575000	8384.000000
367.580000	8237.000000
367.585000	8240.000000
367.590000	7951.000000
367.595000	8399.000000
367.600000	8384.000000
367.605000	8916.000000
367.610000	8957.000000
367.615000	9091.000000
367.620000	8410.000000
367.625000	9220.000000
367.630000	8261.000000
367.635000	9349.000000
367.640000	8859.000000
367.645000	9462.000000
367.650000	9395.000000
367.655000	9228.000000
367.660000	9846.000000
367.665000	10850.000000
367.670000	9877.000000
367.675000	10611.000000
367.680000	10631.000000
367.685000	10829.000000
367.690000	11116.000000
367.695000	10449.000000
367.700000	11682.000000
367.705000	11418.000000
367.710000	11304.000000
367.715000	11410.000000
367.720000	11335.000000
367.725000	12204.000000
367.730000	11734.000000
367.735000	12485.000000
367.740000	12823.000000
367.745000	12736.000000
367.750000	13362.000000
367.755000	13220.000000
367.760000	13614.000000
367.765000	13647.000000
367.770000	13764.000000
367.775000	14180.000000
367.780000	15053.000000
367.785000	14369.000000
367.790000	15175.000000
367.795000	14455.000000
367.800000	15299.000000
367.805000	14783.000000
367.810000	16520.000000
367.815000	15823.000000
367.820000	16214.000000
367.825000	16859.000000
367.830000	17105.000000
367.835000	17275.000000
367.840000	17935.000000
367.845000	18139.000000
367.850000	18505.000000
367.855000	17907.000000
367.860000	18040.000000
367.865000	19185.000000
367.870000	18960.000000
367.875000	19484.000000
367.880000	19119.000000
367.885000	20050.000000
367.890000	19592.000000
367.895000	19701.000000
367.900000	19912.000000
367.905000	19865.000000
367.910000	20008.000000
367.915000	20268.000000
367.920000	20379.000000
367.925000	20448.000000
367.930000	20427.000000
367.935000	20345.000000
367.940000	21027.000000
367.945000	20373.000000
367.950000	20991.000000
367.955000	21443.000000
367.960000	20148.000000
367.965000	19807.000000
367.970000	21053.000000
367.975000	20824.000000
367.980000	21107.000000
367.985000	20552.000000
367.990000	20045.000000
367.995000	21216.000000
368.000000	19807.000000
368.005000	19538.000000
368.010000	21685.000000
368.015000	19551.000000
368.020000	20398.000000
368.025000	20965.000000
368.030000	21319.000000
368.035000	22321.000000
368.040000	23819.000000
368.045000	23931.000000
368.050000	22497.000000
368.055000	21087.000000
368.060000	20107.000000
368.065000	20664.000000
368.070000	20700.000000
368.075000	19987.000000
368.080000	20102.000000
368.085000	19336.000000
368.090000	20228.000000
368.095000	19805.000000
368.100000	19654.000000
368.105000	19673.000000
368.110000	18691.000000
368.115000	19109.000000
368.120000	19072.000000
368.125000	18751.000000
368.130000	18947.000000
368.135000	19198.000000
368.140000	18300.000000
368.145000	19616.000000
368.150000	19304.000000
368.155000	19226.000000
368.160000	18816.000000
368.165000	18942.000000
368.170000	19200.000000
368.175000	18014.000000
368.180000	18831.000000
368.185000	18177.000000
368.190000	18887.000000
368.195000	18539.000000
368.200000	17930.000000
368.205000	19417.000000
368.210000	18995.000000
368.215000	18423.000000
368.220000	18145.000000
368.225000	18609.000000
368.230000	18850.000000
368.235000	18336.000000
368.240000	17566.000000
368.245000	17945.000000
368.250000	17877.000000
368.255000	18459.000000
368.260000	17739.000000
368.265000	17447.000000
368.270000	17369.000000
368.275000	17729.000000
368.280000	17779.000000
368.285000	17404.000000
368.290000	17807.000000
368.295000	16629.000000
368.300000	16980.000000
368.305000	16429.000000
368.310000	16739.000000
368.315000	17032.000000
368.320000	16068.000000
368.325000	16417.000000
368.330000	15719.000000
368.335000	16536.000000
368.340000	16401.000000
368.345000	15722.000000
368.350000	15772.000000
368.355000	15697.000000
368.360000	15697.000000
368.365000	15661.000000
368.370000	15357.000000
368.375000	15043.000000
368.380000	14705.000000
368.385000	15969.000000
368.390000	15136.000000
368.395000	14304.000000
368.400000	14411.000000
368.405000	14827.000000
368.410000	13815.000000
368.415000	13774.000000
368.420000	14069.000000
368.425000	14779.000000
368.430000	13767.000000
368.435000	14379.000000
368.440000	13799.000000
368.445000	13516.000000
368.450000	13596.000000
368.455000	13412.000000
368.460000	13383.000000
368.465000	12829.000000
368.470000	13157.000000
368.475000	12720.000000
368.480000	13496.000000
368.485000	12495.000000
368.490000	11963.000000
368.495000	12231.000000
368.500000	12822.000000
368.505000	12592.000000
368.510000	12099.000000
368.515000	12019.000000
368.520000	11826.000000
368.525000	12303.000000
368.530000	11368.000000
368.535000	11798.000000
368.540000	11959.000000
368.545000	11785.000000
368.550000	11575.000000
368.555000	12098.000000
368.560000	11796.000000
368.565000	12221.000000
368.570000	11444.000000
368.575000	12310.000000
368.580000	11916.000000
368.585000	12367.000000
368.590000	12253.000000
368.595000	12533.000000
368.600000	12907.000000
368.605000	12534.000000
368.610000	13245.000000
368.615000	12922.000000
368.620000	12405.000000
368.625000	11552.000000
368.630000	11625.000000
368.635000	11125.000000
368.640000	10563.000000
368.645000	11064.000000
368.650000	11861.000000
368.655000	11950.000000
368.660000	12214.000000
368.665000	12909.000000
368.670000	11564.000000
368.675000	11439.000000
368.680000	11219.000000
368.685000	10443.000000
368.690000	10401.000000
368.695000	9850.000000
368.700000	9565.000000
368.705000	9442.000000
368.710000	8463.000000
368.715000	9064.000000
368.720000	9328.000000
368.725000	9620.000000
368.730000	9370.000000
368.735000	9519.000000
368.740000	8949.000000
368.745000	8348.000000
368.750000	8008.000000
368.755000	7790.000000
368.760000	7933.000000
368.765000	7652.000000
368.770000	7647.000000
368.775000	7114.000000
368.780000	7613.000000
368.785000	7813.000000
368.790000	7335.000000
368.795000	7941.000000
368.800000	7621.000000
368.805000	7483.000000
368.810000	7675.000000
368.815000	7500.000000
368.820000	7542.000000
368.825000	7675.000000
368.830000	8413.000000
368.835000	8545.000000
368.840000	9034.000000
368.845000	9636.000000
368.850000	10106.000000
368.855000	10695.000000
368.860000	11029.000000
368.865000	11960.000000
368.870000	11361.000000
368.875000	10475.000000
368.880000	10890.000000
368.885000	11300.000000
368.890000	9870.000000
368.895000	9283.000000
368.900000	7831.000000
368.905000	7451.000000
368.910000	6800.000000
368.915000	6348.000000
368.920000	6205.000000
368.925000	6518.000000
368.930000	6565.000000
368.935000	5988.000000
368.940000	5994.000000
368.945000	6169.000000
368.950000	5995.000000
368.955000	5516.000000
368.960000	5601.000000
368.965000	5726.000000
368.970000	5650.000000
368.975000	5177.000000
368.980000	5721.000000
368.985000	5401.000000
368.990000	5270.000000
368.995000	5149.000000
369.000000	5483.000000
369.005000	5408.000000
369.010000	5680.000000
369.015000	5414.000000
369.020000	5135.000000
369.025000	4973.000000
369.030000	5527.000000
369.035000	5122.000000
369.040000	4625.000000
369.045000	5181.000000
369.050000	5090.000000
369.055000	5074.000000
369.060000	5303.000000
369.065000	5104.000000
369.070000	5090.000000
369.075000	4613.000000
369.080000	5261.000000
369.085000	5187.000000
369.090000	4898.000000
369.095000	5064.000000
369.100000	5004.000000
369.105000	5113.000000
369.110000	5433.000000
369.115000	5394.000000
369.120000	4939.000000
369.125000	5237.000000
369.130000	4711.000000
369.135000	5044.000000
369.140000	5215.000000
369.145000	5573.000000
369.150000	5853.000000
369.155000	5477.000000
369.160000	5838.000000
369.165000	6148.000000
369.170000	6393.000000
369.175000	7427.000000
369.180000	8472.000000
369.185000	9499.000000
369.190000	10654.000000
369.195000	13672.000000
369.200000	16155.000000
369.205000	17605.000000
369.210000	21226.000000
369.215000	23191.000000
369.220000	26420.000000
369.225000	23664.000000
369.230000	17451.000000
369.235000	12985.000000
369.240000	9323.000000
369.245000	8174.000000
369.250000	6641.000000
369.255000	5712.000000
369.260000	5507.000000
369.265000	4947.000000
369.270000	4946.000000
369.275000	5154.000000
369.280000	4435.000000
369.285000	4537.000000
369.290000	4052.000000
369.295000	4264.000000
369.300000	4752.000000
369.305000	4248.000000
369.310000	4026.000000
369.315000	4299.000000
369.320000	4208.000000
369.325000	3841.000000
369.330000	3886.000000
369.335000	4185.000000
369.340000	3762.000000
369.345000	4046.000000
369.350000	3668.000000
369.355000	3881.000000
369.360000	3638.000000
369.365000	3689.000000
369.370000	3858.000000
369.375000	3719.000000
369.380000	3779.000000
369.385000	3825.000000
369.390000	3495.000000
369.395000	3542.000000
369.400000	3653.000000
369.405000	3351.000000
369.410000	3533.000000
369.415000	3531.000000
369.420000	3656.000000
369.425000	3482.000000
369.430000	3808.000000
369.435000	3542.000000
369.440000	3319.000000
369.445000	3297.000000
369.450000	3136.000000
369.455000	2944.000000
369.460000	2940.000000
369.465000	3442.000000
369.470000	3323.000000
369.475000	3201.000000
369.480000	3355.000000
369.485000	3190.000000
369.490000	3567.000000
369.495000	3230.000000
369.500000	3186.000000
369.505000	3065.000000
369.510000	3139.000000
369.515000	2951.000000
369.520000	3745.000000
369.525000	2926.000000
369.530000	2944.000000
369.535000	2962.000000
369.540000	3127.000000
369.545000	2848.000000
369.550000	3251.000000
369.555000	3286.000000
369.560000	3020.000000
369.565000	3201.000000
369.570000	3281.000000
369.575000	3217.000000
369.580000	2735.000000
369.585000	3087.000000
369.590000	2802.000000
369.595000	3046.000000
369.600000	2887.000000
369.605000	2632.000000
369.610000	3052.000000
369.615000	2788.000000
369.620000	2903.000000
369.625000	2802.000000
369.630000	2696.000000
369.635000	3051.000000
369.640000	2689.000000
369.645000	2893.000000
369.650000	3015.000000
369.655000	2680.000000
369.660000	2854.000000
369.665000	2586.000000
369.670000	2830.000000
369.675000	2826.000000
369.680000	2717.000000
369.685000	3002.000000
369.690000	2631.000000
369.695000	2693.000000
369.700000	2741.000000
369.705000	2542.000000
369.710000	2796.000000
369.715000	3020.000000
369.720000	2545.000000
369.725000	2579.000000
369.730000	2503.000000
369.735000	2609.000000
369.740000	2289.000000
369.745000	2566.000000
369.750000	2883.000000
369.755000	2451.000000
369.760000	2479.000000
369.765000	2641.000000
369.770000	2530.000000
369.775000	2722.000000
369.780000	2537.000000
369.785000	2532.000000
369.790000	2651.000000
369.795000	2584.000000
369.800000	2508.000000
369.805000	2603.000000
369.810000	2870.000000
369.815000	2094.000000
369.820000	2537.000000
369.825000	2476.000000
369.830000	2243.000000
369.835000	2598.000000
369.840000	2473.000000
369.845000	2432.000000
369.850000	2354.000000
369.855000	2278.000000
369.860000	2489.000000
369.865000	2313.000000
369.870000	2156.000000
369.875000	2095.000000
369.880000	2485.000000
369.885000	2394.000000
369.890000	2197.000000
369.895000	2444.000000
369.900000	2396.000000
369.905000	2302.000000
369.910000	2525.000000
369.915000	1965.000000
369.920000	2350.000000
369.925000	2331.000000
369.930000	2493.000000
369.935000	2198.000000
369.940000	2215.000000
369.945000	2222.000000
369.950000	2106.000000
369.955000	2088.000000
369.960000	2284.000000
369.965000	2290.000000
369.970000	2156.000000
369.975000	2222.000000
369.980000	2184.000000
369.985000	2316.000000
369.990000	2520.000000
369.995000	1970.000000
370.000000	2398.000000
