Sample ID:		H1108 20um slit 20mW power
Start Time:		Tue Jul 14 2020 10:31:51 AM
Averaging Time:		1.000s

367.000000	981.000000
367.005000	862.000000
367.010000	728.000000
367.015000	774.000000
367.020000	706.000000
367.025000	999.000000
367.030000	792.000000
367.035000	695.000000
367.040000	916.000000
367.045000	803.000000
367.050000	821.000000
367.055000	941.000000
367.060000	909.000000
367.065000	1049.000000
367.070000	845.000000
367.075000	850.000000
367.080000	1036.000000
367.085000	1051.000000
367.090000	1074.000000
367.095000	933.000000
367.100000	1063.000000
367.105000	1259.000000
367.110000	1092.000000
367.115000	1120.000000
367.120000	1147.000000
367.125000	1333.000000
367.130000	1137.000000
367.135000	1335.000000
367.140000	1153.000000
367.145000	1376.000000
367.150000	1411.000000
367.155000	1779.000000
367.160000	1557.000000
367.165000	1513.000000
367.170000	1809.000000
367.175000	2256.000000
367.180000	1864.000000
367.185000	2347.000000
367.190000	1765.000000
367.195000	1604.000000
367.200000	1657.000000
367.205000	1466.000000
367.210000	1524.000000
367.215000	1610.000000
367.220000	1546.000000
367.225000	1639.000000
367.230000	1807.000000
367.235000	1481.000000
367.240000	1719.000000
367.245000	1828.000000
367.250000	1739.000000
367.255000	1612.000000
367.260000	2119.000000
367.265000	2058.000000
367.270000	2134.000000
367.275000	2236.000000
367.280000	2347.000000
367.285000	2587.000000
367.290000	2402.000000
367.295000	2477.000000
367.300000	2545.000000
367.305000	2804.000000
367.310000	3053.000000
367.315000	3064.000000
367.320000	3372.000000
367.325000	3449.000000
367.330000	3569.000000
367.335000	3682.000000
367.340000	3723.000000
367.345000	4001.000000
367.350000	4150.000000
367.355000	3781.000000
367.360000	4158.000000
367.365000	4845.000000
367.370000	4832.000000
367.375000	4855.000000
367.380000	4792.000000
367.385000	4871.000000
367.390000	5332.000000
367.395000	5411.000000
367.400000	5769.000000
367.405000	6013.000000
367.410000	5949.000000
367.415000	6155.000000
367.420000	6866.000000
367.425000	6892.000000
367.430000	7426.000000
367.435000	7289.000000
367.440000	7503.000000
367.445000	7608.000000
367.450000	6889.000000
367.455000	7820.000000
367.460000	7471.000000
367.465000	6874.000000
367.470000	7438.000000
367.475000	7216.000000
367.480000	7396.000000
367.485000	7640.000000
367.490000	8099.000000
367.495000	8146.000000
367.500000	9435.000000
367.505000	10040.000000
367.510000	11384.000000
367.515000	11429.000000
367.520000	11841.000000
367.525000	11509.000000
367.530000	11046.000000
367.535000	10860.000000
367.540000	11194.000000
367.545000	11357.000000
367.550000	11161.000000
367.555000	11852.000000
367.560000	12193.000000
367.565000	11693.000000
367.570000	12174.000000
367.575000	12784.000000
367.580000	12922.000000
367.585000	12642.000000
367.590000	13147.000000
367.595000	12641.000000
367.600000	14205.000000
367.605000	13331.000000
367.610000	13402.000000
367.615000	14185.000000
367.620000	14029.000000
367.625000	14896.000000
367.630000	15524.000000
367.635000	15425.000000
367.640000	14942.000000
367.645000	16147.000000
367.650000	16399.000000
367.655000	17288.000000
367.660000	17474.000000
367.665000	17157.000000
367.670000	18304.000000
367.675000	18743.000000
367.680000	18332.000000
367.685000	18737.000000
367.690000	18929.000000
367.695000	20277.000000
367.700000	20482.000000
367.705000	21261.000000
367.710000	21762.000000
367.715000	21354.000000
367.720000	22426.000000
367.725000	23413.000000
367.730000	23239.000000
367.735000	23540.000000
367.740000	24149.000000
367.745000	25806.000000
367.750000	25703.000000
367.755000	25713.000000
367.760000	26998.000000
367.765000	26907.000000
367.770000	27521.000000
367.775000	27601.000000
367.780000	28660.000000
367.785000	29124.000000
367.790000	29295.000000
367.795000	30316.000000
367.800000	30242.000000
367.805000	31609.000000
367.810000	32338.000000
367.815000	33824.000000
367.820000	32487.000000
367.825000	34185.000000
367.830000	34119.000000
367.835000	35660.000000
367.840000	35767.000000
367.845000	36433.000000
367.850000	37247.000000
367.855000	38705.000000
367.860000	39600.000000
367.865000	39467.000000
367.870000	39880.000000
367.875000	41916.000000
367.880000	43472.000000
367.885000	42457.000000
367.890000	42858.000000
367.895000	44707.000000
367.900000	44542.000000
367.905000	45833.000000
367.910000	45753.000000
367.915000	47401.000000
367.920000	48395.000000
367.925000	49110.000000
367.930000	49811.000000
367.935000	50708.000000
367.940000	51209.000000
367.945000	52097.000000
367.950000	54039.000000
367.955000	54243.000000
367.960000	55248.000000
367.965000	56841.000000
367.970000	57185.000000
367.975000	59526.000000
367.980000	59522.000000
367.985000	61082.000000
367.990000	61565.000000
367.995000	63478.000000
368.000000	65312.000000
368.005000	69061.000000
368.010000	70948.000000
368.015000	73843.000000
368.020000	78067.000000
368.025000	81393.000000
368.030000	90635.000000
368.035000	104791.000000
368.040000	128471.000000
368.045000	133736.000000
368.050000	116257.000000
368.055000	102007.000000
368.060000	92387.000000
368.065000	87752.000000
368.070000	87301.000000
368.075000	85485.000000
368.080000	84809.000000
368.085000	87257.000000
368.090000	88080.000000
368.095000	88248.000000
368.100000	92447.000000
368.105000	93674.000000
368.110000	93255.000000
368.115000	92784.000000
368.120000	99456.000000
368.125000	99060.000000
368.130000	99355.000000
368.135000	102784.000000
368.140000	105977.000000
368.145000	106178.000000
368.150000	106120.000000
368.155000	108910.000000
368.160000	110335.000000
368.165000	112749.000000
368.170000	117587.000000
368.175000	117130.000000
368.180000	119288.000000
368.185000	124754.000000
368.190000	124249.000000
368.195000	128521.000000
368.200000	129609.000000
368.205000	131366.000000
368.210000	133478.000000
368.215000	138837.000000
368.220000	142005.000000
368.225000	143634.000000
368.230000	145654.000000
368.235000	147810.000000
368.240000	151118.000000
368.245000	151874.000000
368.250000	155227.000000
368.255000	158266.000000
368.260000	157612.000000
368.265000	162217.000000
368.270000	162807.000000
368.275000	163331.000000
368.280000	165290.000000
368.285000	166044.000000
368.290000	167549.000000
368.295000	167058.000000
368.300000	170443.000000
368.305000	169366.000000
368.310000	167982.000000
368.315000	171369.000000
368.320000	171607.000000
368.325000	170452.000000
368.330000	170676.000000
368.335000	172917.000000
368.340000	170306.000000
368.345000	168758.000000
368.350000	166437.000000
368.355000	164814.000000
368.360000	166887.000000
368.365000	165768.000000
368.370000	161421.000000
368.375000	162063.000000
368.380000	160394.000000
368.385000	158502.000000
368.390000	158115.000000
368.395000	156393.000000
368.400000	152907.000000
368.405000	151379.000000
368.410000	151832.000000
368.415000	150501.000000
368.420000	149566.000000
368.425000	144334.000000
368.430000	145702.000000
368.435000	142916.000000
368.440000	141960.000000
368.445000	137726.000000
368.450000	137919.000000
368.455000	135903.000000
368.460000	134568.000000
368.465000	133930.000000
368.470000	131597.000000
368.475000	132676.000000
368.480000	130411.000000
368.485000	127681.000000
368.490000	126058.000000
368.495000	122963.000000
368.500000	119777.000000
368.505000	114761.000000
368.510000	112533.000000
368.515000	108800.000000
368.520000	105579.000000
368.525000	101415.000000
368.530000	97642.000000
368.535000	94821.000000
368.540000	88907.000000
368.545000	83107.000000
368.550000	84262.000000
368.555000	80065.000000
368.560000	78114.000000
368.565000	75126.000000
368.570000	71635.000000
368.575000	68219.000000
368.580000	67606.000000
368.585000	66823.000000
368.590000	64337.000000
368.595000	63322.000000
368.600000	61593.000000
368.605000	61312.000000
368.610000	60188.000000
368.615000	62583.000000
368.620000	62812.000000
368.625000	59346.000000
368.630000	57101.000000
368.635000	54477.000000
368.640000	54274.000000
368.645000	53561.000000
368.650000	54867.000000
368.655000	54109.000000
368.660000	56765.000000
368.665000	53611.000000
368.670000	51079.000000
368.675000	50589.000000
368.680000	47452.000000
368.685000	47414.000000
368.690000	48049.000000
368.695000	45920.000000
368.700000	45703.000000
368.705000	41444.000000
368.710000	41018.000000
368.715000	41964.000000
368.720000	41305.000000
368.725000	40810.000000
368.730000	43016.000000
368.735000	45063.000000
368.740000	43957.000000
368.745000	39647.000000
368.750000	39767.000000
368.755000	37268.000000
368.760000	34912.000000
368.765000	35485.000000
368.770000	34947.000000
368.775000	33397.000000
368.780000	33654.000000
368.785000	33552.000000
368.790000	32319.000000
368.795000	32541.000000
368.800000	32161.000000
368.805000	32984.000000
368.810000	32260.000000
368.815000	32708.000000
368.820000	32442.000000
368.825000	32622.000000
368.830000	33273.000000
368.835000	32971.000000
368.840000	34812.000000
368.845000	33796.000000
368.850000	34250.000000
368.855000	36686.000000
368.860000	39497.000000
368.865000	42066.000000
368.870000	43481.000000
368.875000	43418.000000
368.880000	43671.000000
368.885000	49180.000000
368.890000	44282.000000
368.895000	35661.000000
368.900000	31671.000000
368.905000	28100.000000
368.910000	27155.000000
368.915000	25777.000000
368.920000	25270.000000
368.925000	25251.000000
368.930000	24435.000000
368.935000	23211.000000
368.940000	24228.000000
368.945000	24629.000000
368.950000	23291.000000
368.955000	22197.000000
368.960000	22686.000000
368.965000	23268.000000
368.970000	21427.000000
368.975000	22473.000000
368.980000	21618.000000
368.985000	21957.000000
368.990000	21730.000000
368.995000	21785.000000
369.000000	21224.000000
369.005000	20913.000000
369.010000	21436.000000
369.015000	20480.000000
369.020000	20327.000000
369.025000	20576.000000
369.030000	20962.000000
369.035000	19421.000000
369.040000	20053.000000
369.045000	20402.000000
369.050000	20064.000000
369.055000	19876.000000
369.060000	19985.000000
369.065000	20283.000000
369.070000	19552.000000
369.075000	18824.000000
369.080000	19397.000000
369.085000	19767.000000
369.090000	19186.000000
369.095000	19017.000000
369.100000	20332.000000
369.105000	19320.000000
369.110000	20121.000000
369.115000	19945.000000
369.120000	18656.000000
369.125000	19282.000000
369.130000	18698.000000
369.135000	20728.000000
369.140000	20732.000000
369.145000	20662.000000
369.150000	21385.000000
369.155000	22073.000000
369.160000	22506.000000
369.165000	24378.000000
369.170000	25755.000000
369.175000	29070.000000
369.180000	32365.000000
369.185000	37143.000000
369.190000	43296.000000
369.195000	49656.000000
369.200000	56864.000000
369.205000	69462.000000
369.210000	88681.000000
369.215000	130809.000000
369.220000	224486.000000
369.225000	236189.000000
369.230000	129978.000000
369.235000	76744.000000
369.240000	52921.000000
369.245000	41920.000000
369.250000	31804.000000
369.255000	26249.000000
369.260000	22995.000000
369.265000	20547.000000
369.270000	20128.000000
369.275000	18311.000000
369.280000	17777.000000
369.285000	17217.000000
369.290000	16171.000000
369.295000	15543.000000
369.300000	15001.000000
369.305000	16034.000000
369.310000	15073.000000
369.315000	14943.000000
369.320000	15438.000000
369.325000	14639.000000
369.330000	14244.000000
369.335000	14640.000000
369.340000	14268.000000
369.345000	14407.000000
369.350000	14874.000000
369.355000	13884.000000
369.360000	13570.000000
369.365000	14214.000000
369.370000	13339.000000
369.375000	13853.000000
369.380000	13237.000000
369.385000	13416.000000
369.390000	14044.000000
369.395000	12860.000000
369.400000	11968.000000
369.405000	12755.000000
369.410000	12823.000000
369.415000	12660.000000
369.420000	12518.000000
369.425000	12174.000000
369.430000	11783.000000
369.435000	11941.000000
369.440000	12783.000000
369.445000	12272.000000
369.450000	12113.000000
369.455000	11966.000000
369.460000	12642.000000
369.465000	11237.000000
369.470000	12396.000000
369.475000	12384.000000
369.480000	11876.000000
369.485000	11739.000000
369.490000	12278.000000
369.495000	11989.000000
369.500000	11551.000000
369.505000	11165.000000
369.510000	11592.000000
369.515000	11760.000000
369.520000	11044.000000
369.525000	11175.000000
369.530000	10665.000000
369.535000	12330.000000
369.540000	11458.000000
369.545000	11276.000000
369.550000	10699.000000
369.555000	11051.000000
369.560000	10886.000000
369.565000	10994.000000
369.570000	10344.000000
369.575000	10579.000000
369.580000	10484.000000
369.585000	10625.000000
369.590000	10720.000000
369.595000	10667.000000
369.600000	10974.000000
369.605000	10472.000000
369.610000	10864.000000
369.615000	10211.000000
369.620000	9779.000000
369.625000	10248.000000
369.630000	10246.000000
369.635000	10026.000000
369.640000	10181.000000
369.645000	9742.000000
369.650000	10112.000000
369.655000	9343.000000
369.660000	9826.000000
369.665000	9808.000000
369.670000	9669.000000
369.675000	9841.000000
369.680000	9963.000000
369.685000	9392.000000
369.690000	10261.000000
369.695000	9618.000000
369.700000	8936.000000
369.705000	9845.000000
369.710000	10271.000000
369.715000	9639.000000
369.720000	8915.000000
369.725000	9367.000000
369.730000	9746.000000
369.735000	9428.000000
369.740000	9141.000000
369.745000	9407.000000
369.750000	8405.000000
369.755000	8624.000000
369.760000	9460.000000
369.765000	8685.000000
369.770000	9152.000000
369.775000	8612.000000
369.780000	8709.000000
369.785000	8986.000000
369.790000	8452.000000
369.795000	8637.000000
369.800000	8875.000000
369.805000	9024.000000
369.810000	7927.000000
369.815000	8343.000000
369.820000	8909.000000
369.825000	8766.000000
369.830000	8113.000000
369.835000	8724.000000
369.840000	8917.000000
369.845000	8582.000000
369.850000	7868.000000
369.855000	8033.000000
369.860000	8246.000000
369.865000	8259.000000
369.870000	7802.000000
369.875000	7886.000000
369.880000	8258.000000
369.885000	8201.000000
369.890000	7966.000000
369.895000	7895.000000
369.900000	7872.000000
369.905000	7949.000000
369.910000	8045.000000
369.915000	7770.000000
369.920000	7931.000000
369.925000	7766.000000
369.930000	7895.000000
369.935000	7491.000000
369.940000	7689.000000
369.945000	7507.000000
369.950000	7386.000000
369.955000	7495.000000
369.960000	8050.000000
369.965000	7089.000000
369.970000	7493.000000
369.975000	7003.000000
369.980000	7438.000000
369.985000	7263.000000
369.990000	7090.000000
369.995000	7309.000000
370.000000	7461.000000
