Sample ID:		H1088 Mg coat 20um slit 20mW power
Start Time:		Thu Jul 09 2020 6:10:51 PM
Averaging Time:		1.000s

360.000000	43.000000
360.005000	9.000000
360.010000	4.000000
360.015000	10.000000
360.020000	17.000000
360.025000	12.000000
360.030000	35.000000
360.035000	7.000000
360.040000	1.000000
360.045000	23.000000
360.050000	8.000000
360.055000	15.000000
360.060000	5.000000
360.065000	22.000000
360.070000	50.000000
360.075000	4.000000
360.080000	2.000000
360.085000	0.000000
360.090000	3.000000
360.095000	32.000000
360.100000	52.000000
360.105000	2.000000
360.110000	2.000000
360.115000	2.000000
360.120000	17.000000
360.125000	15.000000
360.130000	4.000000
360.135000	4.000000
360.140000	1.000000
360.145000	2.000000
360.150000	8.000000
360.155000	8.000000
360.160000	13.000000
360.165000	2.000000
360.170000	5.000000
360.175000	7.000000
360.180000	12.000000
360.185000	15.000000
360.190000	1.000000
360.195000	3.000000
360.200000	10.000000
360.205000	1.000000
360.210000	8.000000
360.215000	0.000000
360.220000	1.000000
360.225000	4.000000
360.230000	12.000000
360.235000	20.000000
360.240000	14.000000
360.245000	23.000000
360.250000	5.000000
360.255000	5.000000
360.260000	9.000000
360.265000	10.000000
360.270000	5.000000
360.275000	8.000000
360.280000	13.000000
360.285000	1.000000
360.290000	8.000000
360.295000	19.000000
360.300000	9.000000
360.305000	10.000000
360.310000	11.000000
360.315000	2.000000
360.320000	0.000000
360.325000	11.000000
360.330000	1.000000
360.335000	20.000000
360.340000	20.000000
360.345000	33.000000
360.350000	7.000000
360.355000	6.000000
360.360000	10.000000
360.365000	15.000000
360.370000	2.000000
360.375000	11.000000
360.380000	4.000000
360.385000	11.000000
360.390000	20.000000
360.395000	4.000000
360.400000	17.000000
360.405000	11.000000
360.410000	27.000000
360.415000	7.000000
360.420000	13.000000
360.425000	3.000000
360.430000	4.000000
360.435000	17.000000
360.440000	26.000000
360.445000	21.000000
360.450000	7.000000
360.455000	12.000000
360.460000	1.000000
360.465000	23.000000
360.470000	8.000000
360.475000	3.000000
360.480000	16.000000
360.485000	38.000000
360.490000	15.000000
360.495000	24.000000
360.500000	26.000000
360.505000	52.000000
360.510000	3.000000
360.515000	3.000000
360.520000	27.000000
360.525000	2.000000
360.530000	27.000000
360.535000	8.000000
360.540000	3.000000
360.545000	37.000000
360.550000	33.000000
360.555000	4.000000
360.560000	28.000000
360.565000	20.000000
360.570000	11.000000
360.575000	10.000000
360.580000	19.000000
360.585000	35.000000
360.590000	12.000000
360.595000	5.000000
360.600000	10.000000
360.605000	5.000000
360.610000	19.000000
360.615000	9.000000
360.620000	9.000000
360.625000	37.000000
360.630000	35.000000
360.635000	25.000000
360.640000	9.000000
360.645000	10.000000
360.650000	13.000000
360.655000	7.000000
360.660000	5.000000
360.665000	12.000000
360.670000	14.000000
360.675000	28.000000
360.680000	6.000000
360.685000	16.000000
360.690000	18.000000
360.695000	13.000000
360.700000	11.000000
360.705000	2.000000
360.710000	15.000000
360.715000	10.000000
360.720000	5.000000
360.725000	21.000000
360.730000	19.000000
360.735000	24.000000
360.740000	51.000000
360.745000	19.000000
360.750000	4.000000
360.755000	28.000000
360.760000	52.000000
360.765000	35.000000
360.770000	22.000000
360.775000	35.000000
360.780000	15.000000
360.785000	21.000000
360.790000	3.000000
360.795000	15.000000
360.800000	7.000000
360.805000	2.000000
360.810000	6.000000
360.815000	32.000000
360.820000	68.000000
360.825000	21.000000
360.830000	38.000000
360.835000	11.000000
360.840000	9.000000
360.845000	6.000000
360.850000	8.000000
360.855000	39.000000
360.860000	14.000000
360.865000	39.000000
360.870000	32.000000
360.875000	19.000000
360.880000	14.000000
360.885000	12.000000
360.890000	62.000000
360.895000	15.000000
360.900000	69.000000
360.905000	6.000000
360.910000	12.000000
360.915000	5.000000
360.920000	26.000000
360.925000	4.000000
360.930000	29.000000
360.935000	3.000000
360.940000	13.000000
360.945000	3.000000
360.950000	5.000000
360.955000	7.000000
360.960000	20.000000
360.965000	14.000000
360.970000	6.000000
360.975000	19.000000
360.980000	17.000000
360.985000	2.000000
360.990000	8.000000
360.995000	13.000000
361.000000	6.000000
361.005000	14.000000
361.010000	6.000000
361.015000	17.000000
361.020000	29.000000
361.025000	2.000000
361.030000	9.000000
361.035000	3.000000
361.040000	50.000000
361.045000	5.000000
361.050000	36.000000
361.055000	19.000000
361.060000	21.000000
361.065000	15.000000
361.070000	56.000000
361.075000	36.000000
361.080000	50.000000
361.085000	13.000000
361.090000	16.000000
361.095000	12.000000
361.100000	15.000000
361.105000	28.000000
361.110000	6.000000
361.115000	18.000000
361.120000	1.000000
361.125000	65.000000
361.130000	21.000000
361.135000	10.000000
361.140000	7.000000
361.145000	36.000000
361.150000	13.000000
361.155000	18.000000
361.160000	42.000000
361.165000	24.000000
361.170000	20.000000
361.175000	15.000000
361.180000	28.000000
361.185000	35.000000
361.190000	29.000000
361.195000	24.000000
361.200000	23.000000
361.205000	27.000000
361.210000	4.000000
361.215000	16.000000
361.220000	20.000000
361.225000	42.000000
361.230000	44.000000
361.235000	79.000000
361.240000	19.000000
361.245000	24.000000
361.250000	78.000000
361.255000	19.000000
361.260000	10.000000
361.265000	30.000000
361.270000	37.000000
361.275000	13.000000
361.280000	49.000000
361.285000	44.000000
361.290000	18.000000
361.295000	17.000000
361.300000	1.000000
361.305000	60.000000
361.310000	8.000000
361.315000	10.000000
361.320000	10.000000
361.325000	41.000000
361.330000	27.000000
361.335000	13.000000
361.340000	24.000000
361.345000	32.000000
361.350000	55.000000
361.355000	18.000000
361.360000	28.000000
361.365000	23.000000
361.370000	49.000000
361.375000	16.000000
361.380000	64.000000
361.385000	12.000000
361.390000	13.000000
361.395000	67.000000
361.400000	29.000000
361.405000	53.000000
361.410000	3.000000
361.415000	28.000000
361.420000	25.000000
361.425000	37.000000
361.430000	25.000000
361.435000	17.000000
361.440000	29.000000
361.445000	67.000000
361.450000	33.000000
361.455000	21.000000
361.460000	20.000000
361.465000	45.000000
361.470000	22.000000
361.475000	37.000000
361.480000	75.000000
361.485000	35.000000
361.490000	27.000000
361.495000	23.000000
361.500000	42.000000
361.505000	43.000000
361.510000	48.000000
361.515000	17.000000
361.520000	14.000000
361.525000	16.000000
361.530000	23.000000
361.535000	18.000000
361.540000	16.000000
361.545000	73.000000
361.550000	24.000000
361.555000	37.000000
361.560000	34.000000
361.565000	30.000000
361.570000	58.000000
361.575000	75.000000
361.580000	13.000000
361.585000	30.000000
361.590000	35.000000
361.595000	51.000000
361.600000	12.000000
361.605000	35.000000
361.610000	41.000000
361.615000	13.000000
361.620000	21.000000
361.625000	3.000000
361.630000	94.000000
361.635000	23.000000
361.640000	21.000000
361.645000	63.000000
361.650000	38.000000
361.655000	27.000000
361.660000	21.000000
361.665000	10.000000
361.670000	63.000000
361.675000	11.000000
361.680000	51.000000
361.685000	14.000000
361.690000	12.000000
361.695000	56.000000
361.700000	27.000000
361.705000	43.000000
361.710000	35.000000
361.715000	43.000000
361.720000	101.000000
361.725000	24.000000
361.730000	30.000000
361.735000	38.000000
361.740000	20.000000
361.745000	13.000000
361.750000	35.000000
361.755000	100.000000
361.760000	57.000000
361.765000	137.000000
361.770000	101.000000
361.775000	40.000000
361.780000	50.000000
361.785000	11.000000
361.790000	27.000000
361.795000	39.000000
361.800000	67.000000
361.805000	46.000000
361.810000	88.000000
361.815000	75.000000
361.820000	58.000000
361.825000	60.000000
361.830000	39.000000
361.835000	84.000000
361.840000	50.000000
361.845000	28.000000
361.850000	60.000000
361.855000	88.000000
361.860000	89.000000
361.865000	73.000000
361.870000	79.000000
361.875000	60.000000
361.880000	60.000000
361.885000	62.000000
361.890000	82.000000
361.895000	69.000000
361.900000	89.000000
361.905000	23.000000
361.910000	55.000000
361.915000	65.000000
361.920000	49.000000
361.925000	79.000000
361.930000	94.000000
361.935000	62.000000
361.940000	116.000000
361.945000	45.000000
361.950000	69.000000
361.955000	64.000000
361.960000	70.000000
361.965000	90.000000
361.970000	107.000000
361.975000	101.000000
361.980000	95.000000
361.985000	71.000000
361.990000	93.000000
361.995000	124.000000
362.000000	63.000000
362.005000	65.000000
362.010000	66.000000
362.015000	82.000000
362.020000	41.000000
362.025000	99.000000
362.030000	80.000000
362.035000	130.000000
362.040000	69.000000
362.045000	83.000000
362.050000	33.000000
362.055000	75.000000
362.060000	68.000000
362.065000	61.000000
362.070000	126.000000
362.075000	126.000000
362.080000	130.000000
362.085000	170.000000
362.090000	72.000000
362.095000	140.000000
362.100000	69.000000
362.105000	80.000000
362.110000	53.000000
362.115000	86.000000
362.120000	24.000000
362.125000	128.000000
362.130000	129.000000
362.135000	46.000000
362.140000	95.000000
362.145000	87.000000
362.150000	75.000000
362.155000	129.000000
362.160000	120.000000
362.165000	97.000000
362.170000	137.000000
362.175000	93.000000
362.180000	91.000000
362.185000	89.000000
362.190000	97.000000
362.195000	47.000000
362.200000	133.000000
362.205000	97.000000
362.210000	97.000000
362.215000	63.000000
362.220000	124.000000
362.225000	162.000000
362.230000	117.000000
362.235000	160.000000
362.240000	72.000000
362.245000	120.000000
362.250000	99.000000
362.255000	140.000000
362.260000	100.000000
362.265000	145.000000
362.270000	106.000000
362.275000	127.000000
362.280000	100.000000
362.285000	137.000000
362.290000	118.000000
362.295000	135.000000
362.300000	148.000000
362.305000	112.000000
362.310000	121.000000
362.315000	150.000000
362.320000	114.000000
362.325000	138.000000
362.330000	162.000000
362.335000	65.000000
362.340000	183.000000
362.345000	92.000000
362.350000	149.000000
362.355000	183.000000
362.360000	126.000000
362.365000	92.000000
362.370000	93.000000
362.375000	158.000000
362.380000	138.000000
362.385000	149.000000
362.390000	156.000000
362.395000	118.000000
362.400000	76.000000
362.405000	114.000000
362.410000	168.000000
362.415000	161.000000
362.420000	180.000000
362.425000	155.000000
362.430000	59.000000
362.435000	136.000000
362.440000	142.000000
362.445000	155.000000
362.450000	252.000000
362.455000	198.000000
362.460000	137.000000
362.465000	174.000000
362.470000	185.000000
362.475000	82.000000
362.480000	236.000000
362.485000	97.000000
362.490000	140.000000
362.495000	172.000000
362.500000	106.000000
362.505000	170.000000
362.510000	169.000000
362.515000	186.000000
362.520000	203.000000
362.525000	175.000000
362.530000	138.000000
362.535000	223.000000
362.540000	171.000000
362.545000	169.000000
362.550000	147.000000
362.555000	167.000000
362.560000	131.000000
362.565000	235.000000
362.570000	150.000000
362.575000	189.000000
362.580000	226.000000
362.585000	133.000000
362.590000	237.000000
362.595000	132.000000
362.600000	153.000000
362.605000	225.000000
362.610000	172.000000
362.615000	274.000000
362.620000	110.000000
362.625000	214.000000
362.630000	158.000000
362.635000	202.000000
362.640000	248.000000
362.645000	209.000000
362.650000	292.000000
362.655000	316.000000
362.660000	258.000000
362.665000	265.000000
362.670000	277.000000
362.675000	325.000000
362.680000	212.000000
362.685000	222.000000
362.690000	186.000000
362.695000	236.000000
362.700000	236.000000
362.705000	309.000000
362.710000	185.000000
362.715000	248.000000
362.720000	257.000000
362.725000	265.000000
362.730000	180.000000
362.735000	212.000000
362.740000	280.000000
362.745000	372.000000
362.750000	296.000000
362.755000	245.000000
362.760000	379.000000
362.765000	303.000000
362.770000	212.000000
362.775000	449.000000
362.780000	372.000000
362.785000	256.000000
362.790000	236.000000
362.795000	281.000000
362.800000	329.000000
362.805000	242.000000
362.810000	261.000000
362.815000	318.000000
362.820000	311.000000
362.825000	395.000000
362.830000	282.000000
362.835000	256.000000
362.840000	247.000000
362.845000	322.000000
362.850000	401.000000
362.855000	328.000000
362.860000	384.000000
362.865000	384.000000
362.870000	304.000000
362.875000	244.000000
362.880000	264.000000
362.885000	289.000000
362.890000	417.000000
362.895000	327.000000
362.900000	313.000000
362.905000	389.000000
362.910000	261.000000
362.915000	404.000000
362.920000	367.000000
362.925000	325.000000
362.930000	353.000000
362.935000	420.000000
362.940000	455.000000
362.945000	379.000000
362.950000	326.000000
362.955000	406.000000
362.960000	346.000000
362.965000	449.000000
362.970000	406.000000
362.975000	452.000000
362.980000	429.000000
362.985000	503.000000
362.990000	493.000000
362.995000	432.000000
363.000000	456.000000
363.005000	515.000000
363.010000	458.000000
363.015000	612.000000
363.020000	365.000000
363.025000	421.000000
363.030000	454.000000
363.035000	465.000000
363.040000	458.000000
363.045000	350.000000
363.050000	482.000000
363.055000	484.000000
363.060000	521.000000
363.065000	565.000000
363.070000	548.000000
363.075000	405.000000
363.080000	549.000000
363.085000	691.000000
363.090000	479.000000
363.095000	472.000000
363.100000	579.000000
363.105000	488.000000
363.110000	597.000000
363.115000	580.000000
363.120000	557.000000
363.125000	577.000000
363.130000	517.000000
363.135000	501.000000
363.140000	481.000000
363.145000	543.000000
363.150000	554.000000
363.155000	585.000000
363.160000	528.000000
363.165000	671.000000
363.170000	683.000000
363.175000	677.000000
363.180000	705.000000
363.185000	542.000000
363.190000	658.000000
363.195000	675.000000
363.200000	802.000000
363.205000	747.000000
363.210000	826.000000
363.215000	575.000000
363.220000	674.000000
363.225000	724.000000
363.230000	805.000000
363.235000	743.000000
363.240000	744.000000
363.245000	684.000000
363.250000	806.000000
363.255000	732.000000
363.260000	840.000000
363.265000	907.000000
363.270000	758.000000
363.275000	797.000000
363.280000	822.000000
363.285000	854.000000
363.290000	686.000000
363.295000	1085.000000
363.300000	860.000000
363.305000	818.000000
363.310000	783.000000
363.315000	820.000000
363.320000	937.000000
363.325000	943.000000
363.330000	1104.000000
363.335000	935.000000
363.340000	927.000000
363.345000	979.000000
363.350000	942.000000
363.355000	756.000000
363.360000	963.000000
363.365000	1025.000000
363.370000	1002.000000
363.375000	1144.000000
363.380000	868.000000
363.385000	1010.000000
363.390000	1019.000000
363.395000	1167.000000
363.400000	1208.000000
363.405000	1146.000000
363.410000	1039.000000
363.415000	1347.000000
363.420000	1097.000000
363.425000	1226.000000
363.430000	1236.000000
363.435000	979.000000
363.440000	1148.000000
363.445000	1185.000000
363.450000	1029.000000
363.455000	1331.000000
363.460000	1356.000000
363.465000	1412.000000
363.470000	1398.000000
363.475000	1403.000000
363.480000	1251.000000
363.485000	1369.000000
363.490000	1517.000000
363.495000	1774.000000
363.500000	1299.000000
363.505000	1410.000000
363.510000	1337.000000
363.515000	1310.000000
363.520000	1541.000000
363.525000	1477.000000
363.530000	1520.000000
363.535000	1618.000000
363.540000	1600.000000
363.545000	1524.000000
363.550000	1560.000000
363.555000	1456.000000
363.560000	1923.000000
363.565000	1763.000000
363.570000	1459.000000
363.575000	1631.000000
363.580000	1786.000000
363.585000	1658.000000
363.590000	1721.000000
363.595000	1803.000000
363.600000	1693.000000
363.605000	1880.000000
363.610000	1835.000000
363.615000	1676.000000
363.620000	1755.000000
363.625000	1979.000000
363.630000	2202.000000
363.635000	1996.000000
363.640000	1933.000000
363.645000	2062.000000
363.650000	2120.000000
363.655000	1961.000000
363.660000	2249.000000
363.665000	1979.000000
363.670000	1965.000000
363.675000	2035.000000
363.680000	2119.000000
363.685000	2313.000000
363.690000	2178.000000
363.695000	2239.000000
363.700000	2200.000000
363.705000	2476.000000
363.710000	2353.000000
363.715000	2506.000000
363.720000	2388.000000
363.725000	2347.000000
363.730000	2469.000000
363.735000	2472.000000
363.740000	2669.000000
363.745000	2898.000000
363.750000	2603.000000
363.755000	3032.000000
363.760000	2813.000000
363.765000	2912.000000
363.770000	2761.000000
363.775000	2753.000000
363.780000	2940.000000
363.785000	3132.000000
363.790000	3038.000000
363.795000	3107.000000
363.800000	2933.000000
363.805000	2991.000000
363.810000	3661.000000
363.815000	2925.000000
363.820000	3121.000000
363.825000	3043.000000
363.830000	3335.000000
363.835000	3185.000000
363.840000	3355.000000
363.845000	3061.000000
363.850000	3268.000000
363.855000	3211.000000
363.860000	3709.000000
363.865000	3509.000000
363.870000	3599.000000
363.875000	3553.000000
363.880000	3515.000000
363.885000	3947.000000
363.890000	4191.000000
363.895000	4184.000000
363.900000	4018.000000
363.905000	4278.000000
363.910000	4043.000000
363.915000	4189.000000
363.920000	4062.000000
363.925000	3870.000000
363.930000	4412.000000
363.935000	4534.000000
363.940000	4461.000000
363.945000	4090.000000
363.950000	4708.000000
363.955000	4552.000000
363.960000	4500.000000
363.965000	4729.000000
363.970000	4667.000000
363.975000	4901.000000
363.980000	5167.000000
363.985000	5056.000000
363.990000	5110.000000
363.995000	4909.000000
364.000000	5299.000000
364.005000	5071.000000
364.010000	4912.000000
364.015000	5699.000000
364.020000	5410.000000
364.025000	5142.000000
364.030000	5729.000000
364.035000	5705.000000
364.040000	5904.000000
364.045000	5520.000000
364.050000	5205.000000
364.055000	5736.000000
364.060000	5799.000000
364.065000	5567.000000
364.070000	5917.000000
364.075000	6206.000000
364.080000	6252.000000
364.085000	6543.000000
364.090000	6512.000000
364.095000	6422.000000
364.100000	6394.000000
364.105000	6849.000000
364.110000	6507.000000
364.115000	6365.000000
364.120000	7254.000000
364.125000	7194.000000
364.130000	6722.000000
364.135000	6743.000000
364.140000	7587.000000
364.145000	6774.000000
364.150000	7475.000000
364.155000	7987.000000
364.160000	7104.000000
364.165000	7787.000000
364.170000	7059.000000
364.175000	7325.000000
364.180000	7790.000000
364.185000	7701.000000
364.190000	7767.000000
364.195000	8039.000000
364.200000	8114.000000
364.205000	8403.000000
364.210000	8300.000000
364.215000	8020.000000
364.220000	8159.000000
364.225000	8020.000000
364.230000	8406.000000
364.235000	8985.000000
364.240000	8523.000000
364.245000	8659.000000
364.250000	8747.000000
364.255000	8651.000000
364.260000	9062.000000
364.265000	9103.000000
364.270000	8969.000000
364.275000	9256.000000
364.280000	9602.000000
364.285000	9805.000000
364.290000	9726.000000
364.295000	9389.000000
364.300000	9425.000000
364.305000	10263.000000
364.310000	9636.000000
364.315000	9945.000000
364.320000	9966.000000
364.325000	10306.000000
364.330000	10260.000000
364.335000	11238.000000
364.340000	10061.000000
364.345000	10380.000000
364.350000	10329.000000
364.355000	10412.000000
364.360000	10702.000000
364.365000	10517.000000
364.370000	11281.000000
364.375000	11244.000000
364.380000	10997.000000
364.385000	11860.000000
364.390000	11557.000000
364.395000	11195.000000
364.400000	11897.000000
364.405000	11888.000000
364.410000	11135.000000
364.415000	11378.000000
364.420000	12057.000000
364.425000	12574.000000
364.430000	11748.000000
364.435000	11724.000000
364.440000	11427.000000
364.445000	12244.000000
364.450000	11908.000000
364.455000	12025.000000
364.460000	12116.000000
364.465000	11872.000000
364.470000	11799.000000
364.475000	12886.000000
364.480000	12446.000000
364.485000	12668.000000
364.490000	12760.000000
364.495000	12942.000000
364.500000	13286.000000
364.505000	12383.000000
364.510000	12613.000000
364.515000	13060.000000
364.520000	12092.000000
364.525000	12795.000000
364.530000	13276.000000
364.535000	13032.000000
364.540000	13111.000000
364.545000	13779.000000
364.550000	13476.000000
364.555000	13400.000000
364.560000	13421.000000
364.565000	13465.000000
364.570000	13595.000000
364.575000	13208.000000
364.580000	13303.000000
364.585000	12950.000000
364.590000	13400.000000
364.595000	13091.000000
364.600000	13523.000000
364.605000	13952.000000
364.610000	13624.000000
364.615000	13355.000000
364.620000	14129.000000
364.625000	13526.000000
364.630000	14187.000000
364.635000	13300.000000
364.640000	13641.000000
364.645000	14664.000000
364.650000	13537.000000
364.655000	13319.000000
364.660000	14289.000000
364.665000	14454.000000
364.670000	13660.000000
364.675000	14065.000000
364.680000	14083.000000
364.685000	13820.000000
364.690000	13841.000000
364.695000	13715.000000
364.700000	14073.000000
364.705000	13690.000000
364.710000	14229.000000
364.715000	13625.000000
364.720000	13728.000000
364.725000	13789.000000
364.730000	14528.000000
364.735000	13309.000000
364.740000	13871.000000
364.745000	13641.000000
364.750000	13535.000000
364.755000	14341.000000
364.760000	13609.000000
364.765000	13716.000000
364.770000	13510.000000
364.775000	14431.000000
364.780000	14341.000000
364.785000	13611.000000
364.790000	13836.000000
364.795000	14032.000000
364.800000	13875.000000
364.805000	13759.000000
364.810000	13657.000000
364.815000	13889.000000
364.820000	13866.000000
364.825000	13939.000000
364.830000	14035.000000
364.835000	13679.000000
364.840000	13947.000000
364.845000	13925.000000
364.850000	12822.000000
364.855000	13303.000000
364.860000	13801.000000
364.865000	13388.000000
364.870000	12524.000000
364.875000	13280.000000
364.880000	12888.000000
364.885000	12759.000000
364.890000	13573.000000
364.895000	13520.000000
364.900000	12131.000000
364.905000	12566.000000
364.910000	13159.000000
364.915000	13197.000000
364.920000	12833.000000
364.925000	13114.000000
364.930000	12904.000000
364.935000	12558.000000
364.940000	12638.000000
364.945000	12606.000000
364.950000	13007.000000
364.955000	12746.000000
364.960000	11868.000000
364.965000	11920.000000
364.970000	12801.000000
364.975000	11869.000000
364.980000	12074.000000
364.985000	12694.000000
364.990000	11921.000000
364.995000	11487.000000
365.000000	11430.000000
365.005000	11796.000000
365.010000	11370.000000
365.015000	11162.000000
365.020000	11094.000000
365.025000	11343.000000
365.030000	11281.000000
365.035000	11274.000000
365.040000	11635.000000
365.045000	11664.000000
365.050000	10648.000000
365.055000	11239.000000
365.060000	10868.000000
365.065000	10390.000000
365.070000	10541.000000
365.075000	10535.000000
365.080000	10818.000000
365.085000	10445.000000
365.090000	10682.000000
365.095000	10509.000000
365.100000	10795.000000
365.105000	10476.000000
365.110000	10734.000000
365.115000	10265.000000
365.120000	9891.000000
365.125000	10114.000000
365.130000	9897.000000
365.135000	10165.000000
365.140000	9772.000000
365.145000	9635.000000
365.150000	9390.000000
365.155000	10175.000000
365.160000	9519.000000
365.165000	10008.000000
365.170000	9404.000000
365.175000	9375.000000
365.180000	9642.000000
365.185000	9108.000000
365.190000	8992.000000
365.195000	8157.000000
365.200000	8486.000000
365.205000	8647.000000
365.210000	8696.000000
365.215000	8884.000000
365.220000	8644.000000
365.225000	8410.000000
365.230000	8877.000000
365.235000	8385.000000
365.240000	8248.000000
365.245000	8295.000000
365.250000	7979.000000
365.255000	8726.000000
365.260000	8540.000000
365.265000	8390.000000
365.270000	8171.000000
365.275000	7888.000000
365.280000	7915.000000
365.285000	7484.000000
365.290000	7497.000000
365.295000	7829.000000
365.300000	7784.000000
365.305000	7570.000000
365.310000	7148.000000
365.315000	7331.000000
365.320000	7543.000000
365.325000	6970.000000
365.330000	6940.000000
365.335000	7580.000000
365.340000	6884.000000
365.345000	6811.000000
365.350000	7075.000000
365.355000	6594.000000
365.360000	6871.000000
365.365000	6949.000000
365.370000	6412.000000
365.375000	6839.000000
365.380000	6490.000000
365.385000	6823.000000
365.390000	6553.000000
365.395000	6436.000000
365.400000	6254.000000
365.405000	6208.000000
365.410000	6028.000000
365.415000	6172.000000
365.420000	5913.000000
365.425000	5913.000000
365.430000	6384.000000
365.435000	5622.000000
365.440000	6020.000000
365.445000	6450.000000
365.450000	6085.000000
365.455000	5478.000000
365.460000	5866.000000
365.465000	5736.000000
365.470000	5666.000000
365.475000	5351.000000
365.480000	5208.000000
365.485000	5058.000000
365.490000	5509.000000
365.495000	4997.000000
365.500000	5231.000000
365.505000	5326.000000
365.510000	4783.000000
365.515000	5105.000000
365.520000	4784.000000
365.525000	4925.000000
365.530000	4751.000000
365.535000	5025.000000
365.540000	4658.000000
365.545000	4529.000000
365.550000	4916.000000
365.555000	4048.000000
365.560000	4646.000000
365.565000	4334.000000
365.570000	4139.000000
365.575000	4404.000000
365.580000	4644.000000
365.585000	4168.000000
365.590000	4341.000000
365.595000	4133.000000
365.600000	4122.000000
365.605000	4062.000000
365.610000	4029.000000
365.615000	4035.000000
365.620000	4329.000000
365.625000	4052.000000
365.630000	4050.000000
365.635000	3891.000000
365.640000	4029.000000
365.645000	3766.000000
365.650000	3577.000000
365.655000	3688.000000
365.660000	3537.000000
365.665000	3556.000000
365.670000	3119.000000
365.675000	3633.000000
365.680000	3619.000000
365.685000	3477.000000
365.690000	3406.000000
365.695000	3475.000000
365.700000	3418.000000
365.705000	3382.000000
365.710000	3316.000000
365.715000	3268.000000
365.720000	3254.000000
365.725000	3070.000000
365.730000	3405.000000
365.735000	3040.000000
365.740000	2976.000000
365.745000	3130.000000
365.750000	3147.000000
365.755000	3086.000000
365.760000	3077.000000
365.765000	3002.000000
365.770000	2757.000000
365.775000	2761.000000
365.780000	2778.000000
365.785000	2906.000000
365.790000	2768.000000
365.795000	2848.000000
365.800000	2877.000000
365.805000	2775.000000
365.810000	2854.000000
365.815000	2671.000000
365.820000	2629.000000
365.825000	2513.000000
365.830000	2390.000000
365.835000	2444.000000
365.840000	2626.000000
365.845000	2358.000000
365.850000	2524.000000
365.855000	2467.000000
365.860000	2416.000000
365.865000	2257.000000
365.870000	2196.000000
365.875000	2278.000000
365.880000	2092.000000
365.885000	2505.000000
365.890000	1936.000000
365.895000	2390.000000
365.900000	2163.000000
365.905000	1984.000000
365.910000	2133.000000
365.915000	1990.000000
365.920000	1722.000000
365.925000	1817.000000
365.930000	1878.000000
365.935000	1938.000000
365.940000	2073.000000
365.945000	1815.000000
365.950000	1925.000000
365.955000	2005.000000
365.960000	1973.000000
365.965000	1867.000000
365.970000	1940.000000
365.975000	1888.000000
365.980000	1904.000000
365.985000	1643.000000
365.990000	1818.000000
365.995000	1582.000000
366.000000	1679.000000
366.005000	1497.000000
366.010000	1533.000000
366.015000	1445.000000
366.020000	1692.000000
366.025000	1563.000000
366.030000	1590.000000
366.035000	1509.000000
366.040000	1551.000000
366.045000	1493.000000
366.050000	1497.000000
366.055000	1462.000000
366.060000	1420.000000
366.065000	1519.000000
366.070000	1476.000000
366.075000	1567.000000
366.080000	1744.000000
366.085000	1465.000000
366.090000	1416.000000
366.095000	1493.000000
366.100000	1490.000000
366.105000	1356.000000
366.110000	1224.000000
366.115000	1345.000000
366.120000	1245.000000
366.125000	1344.000000
366.130000	1161.000000
366.135000	1177.000000
366.140000	1102.000000
366.145000	1367.000000
366.150000	1425.000000
366.155000	1262.000000
366.160000	1192.000000
366.165000	1207.000000
366.170000	931.000000
366.175000	1258.000000
366.180000	1184.000000
366.185000	1310.000000
366.190000	965.000000
366.195000	1083.000000
366.200000	1150.000000
366.205000	1140.000000
366.210000	1058.000000
366.215000	1138.000000
366.220000	1112.000000
366.225000	892.000000
366.230000	1138.000000
366.235000	951.000000
366.240000	999.000000
366.245000	952.000000
366.250000	1032.000000
366.255000	856.000000
366.260000	888.000000
366.265000	995.000000
366.270000	979.000000
366.275000	964.000000
366.280000	1066.000000
366.285000	1109.000000
366.290000	990.000000
366.295000	1001.000000
366.300000	987.000000
366.305000	951.000000
366.310000	986.000000
366.315000	954.000000
366.320000	933.000000
366.325000	927.000000
366.330000	818.000000
366.335000	992.000000
366.340000	787.000000
366.345000	721.000000
366.350000	703.000000
366.355000	894.000000
366.360000	779.000000
366.365000	724.000000
366.370000	761.000000
366.375000	716.000000
366.380000	816.000000
366.385000	709.000000
366.390000	784.000000
366.395000	835.000000
366.400000	693.000000
366.405000	754.000000
366.410000	661.000000
366.415000	629.000000
366.420000	750.000000
366.425000	757.000000
366.430000	678.000000
366.435000	762.000000
366.440000	579.000000
366.445000	872.000000
366.450000	762.000000
366.455000	782.000000
366.460000	662.000000
366.465000	712.000000
366.470000	663.000000
366.475000	604.000000
366.480000	651.000000
366.485000	691.000000
366.490000	714.000000
366.495000	713.000000
366.500000	577.000000
366.505000	693.000000
366.510000	621.000000
366.515000	753.000000
366.520000	674.000000
366.525000	799.000000
366.530000	651.000000
366.535000	666.000000
366.540000	709.000000
366.545000	654.000000
366.550000	516.000000
366.555000	495.000000
366.560000	687.000000
366.565000	772.000000
366.570000	698.000000
366.575000	580.000000
366.580000	803.000000
366.585000	651.000000
366.590000	712.000000
366.595000	630.000000
366.600000	674.000000
366.605000	665.000000
366.610000	745.000000
366.615000	504.000000
366.620000	823.000000
366.625000	613.000000
366.630000	878.000000
366.635000	824.000000
366.640000	814.000000
366.645000	770.000000
366.650000	800.000000
366.655000	685.000000
366.660000	870.000000
366.665000	814.000000
366.670000	753.000000
366.675000	875.000000
366.680000	831.000000
366.685000	972.000000
366.690000	907.000000
366.695000	952.000000
366.700000	857.000000
366.705000	998.000000
366.710000	901.000000
366.715000	1126.000000
366.720000	1048.000000
366.725000	1108.000000
366.730000	1363.000000
366.735000	1193.000000
366.740000	1362.000000
366.745000	1299.000000
366.750000	1477.000000
366.755000	1365.000000
366.760000	1778.000000
366.765000	1627.000000
366.770000	1739.000000
366.775000	1926.000000
366.780000	1789.000000
366.785000	1932.000000
366.790000	1866.000000
366.795000	1925.000000
366.800000	1937.000000
366.805000	1722.000000
366.810000	1981.000000
366.815000	1846.000000
366.820000	1705.000000
366.825000	1976.000000
366.830000	1815.000000
366.835000	1898.000000
366.840000	1743.000000
366.845000	1748.000000
366.850000	2087.000000
366.855000	1993.000000
366.860000	1636.000000
366.865000	1832.000000
366.870000	1860.000000
366.875000	1748.000000
366.880000	1926.000000
366.885000	2050.000000
366.890000	1890.000000
366.895000	2060.000000
366.900000	2188.000000
366.905000	2016.000000
366.910000	2021.000000
366.915000	2360.000000
366.920000	2731.000000
366.925000	2411.000000
366.930000	2519.000000
366.935000	2378.000000
366.940000	2500.000000
366.945000	2720.000000
366.950000	2849.000000
366.955000	2983.000000
366.960000	2891.000000
366.965000	3314.000000
366.970000	3265.000000
366.975000	3610.000000
366.980000	3350.000000
366.985000	3837.000000
366.990000	4077.000000
366.995000	4038.000000
367.000000	4286.000000
367.005000	4933.000000
367.010000	4591.000000
367.015000	5163.000000
367.020000	5656.000000
367.025000	6078.000000
367.030000	6503.000000
367.035000	6686.000000
367.040000	7375.000000
367.045000	6754.000000
367.050000	6046.000000
367.055000	6254.000000
367.060000	6156.000000
367.065000	6875.000000
367.070000	6613.000000
367.075000	6270.000000
367.080000	6796.000000
367.085000	7296.000000
367.090000	7311.000000
367.095000	7755.000000
367.100000	8269.000000
367.105000	9050.000000
367.110000	8584.000000
367.115000	9014.000000
367.120000	8992.000000
367.125000	9230.000000
367.130000	10227.000000
367.135000	10178.000000
367.140000	10005.000000
367.145000	10496.000000
367.150000	10868.000000
367.155000	11869.000000
367.160000	12795.000000
367.165000	13011.000000
367.170000	13177.000000
367.175000	12801.000000
367.180000	13837.000000
367.185000	14010.000000
367.190000	13664.000000
367.195000	15358.000000
367.200000	14471.000000
367.205000	15145.000000
367.210000	15683.000000
367.215000	14812.000000
367.220000	16037.000000
367.225000	16432.000000
367.230000	16881.000000
367.235000	17365.000000
367.240000	17778.000000
367.245000	18035.000000
367.250000	18789.000000
367.255000	18504.000000
367.260000	19861.000000
367.265000	19828.000000
367.270000	20171.000000
367.275000	19534.000000
367.280000	20341.000000
367.285000	20882.000000
367.290000	20713.000000
367.295000	20820.000000
367.300000	20978.000000
367.305000	21536.000000
367.310000	21822.000000
367.315000	22257.000000
367.320000	22693.000000
367.325000	23332.000000
367.330000	23301.000000
367.335000	23555.000000
367.340000	22952.000000
367.345000	24315.000000
367.350000	26124.000000
367.355000	26661.000000
367.360000	27593.000000
367.365000	30825.000000
367.370000	29435.000000
367.375000	28245.000000
367.380000	28131.000000
367.385000	27957.000000
367.390000	28695.000000
367.395000	28179.000000
367.400000	28851.000000
367.405000	27905.000000
367.410000	29921.000000
367.415000	30775.000000
367.420000	31706.000000
367.425000	30991.000000
367.430000	31763.000000
367.435000	31547.000000
367.440000	32707.000000
367.445000	32846.000000
367.450000	33232.000000
367.455000	33998.000000
367.460000	34094.000000
367.465000	34680.000000
367.470000	36979.000000
367.475000	36213.000000
367.480000	36912.000000
367.485000	39059.000000
367.490000	37264.000000
367.495000	38558.000000
367.500000	39139.000000
367.505000	41242.000000
367.510000	42433.000000
367.515000	41832.000000
367.520000	43119.000000
367.525000	43674.000000
367.530000	44566.000000
367.535000	46030.000000
367.540000	48052.000000
367.545000	47238.000000
367.550000	48634.000000
367.555000	50783.000000
367.560000	51957.000000
367.565000	54679.000000
367.570000	54249.000000
367.575000	55917.000000
367.580000	59334.000000
367.585000	58460.000000
367.590000	59899.000000
367.595000	61737.000000
367.600000	63137.000000
367.605000	64047.000000
367.610000	67062.000000
367.615000	69694.000000
367.620000	70901.000000
367.625000	71878.000000
367.630000	73617.000000
367.635000	78925.000000
367.640000	79653.000000
367.645000	80747.000000
367.650000	83874.000000
367.655000	85266.000000
367.660000	87207.000000
367.665000	90737.000000
367.670000	94532.000000
367.675000	98415.000000
367.680000	97829.000000
367.685000	100138.000000
367.690000	105985.000000
367.695000	107375.000000
367.700000	111580.000000
367.705000	114471.000000
367.710000	116413.000000
367.715000	121882.000000
367.720000	125862.000000
367.725000	128256.000000
367.730000	132225.000000
367.735000	133811.000000
367.740000	137809.000000
367.745000	139919.000000
367.750000	143100.000000
367.755000	149575.000000
367.760000	150819.000000
367.765000	154418.000000
367.770000	158012.000000
367.775000	161866.000000
367.780000	164889.000000
367.785000	166022.000000
367.790000	168639.000000
367.795000	169672.000000
367.800000	174767.000000
367.805000	174108.000000
367.810000	176436.000000
367.815000	178235.000000
367.820000	178786.000000
367.825000	181008.000000
367.830000	180916.000000
367.835000	183682.000000
367.840000	185955.000000
367.845000	183347.000000
367.850000	185223.000000
367.855000	186357.000000
367.860000	188531.000000
367.865000	190405.000000
367.870000	190230.000000
367.875000	192873.000000
367.880000	199125.000000
367.885000	201394.000000
367.890000	200246.000000
367.895000	195777.000000
367.900000	191197.000000
367.905000	187454.000000
367.910000	181928.000000
367.915000	180465.000000
367.920000	178500.000000
367.925000	178429.000000
367.930000	174757.000000
367.935000	172958.000000
367.940000	171206.000000
367.945000	171196.000000
367.950000	169309.000000
367.955000	167879.000000
367.960000	163913.000000
367.965000	162526.000000
367.970000	161472.000000
367.975000	159386.000000
367.980000	158739.000000
367.985000	156739.000000
367.990000	154028.000000
367.995000	150892.000000
368.000000	150504.000000
368.005000	148579.000000
368.010000	146035.000000
368.015000	146209.000000
368.020000	141839.000000
368.025000	141928.000000
368.030000	138078.000000
368.035000	137029.000000
368.040000	135542.000000
368.045000	134088.000000
368.050000	131519.000000
368.055000	130631.000000
368.060000	131512.000000
368.065000	129413.000000
368.070000	129529.000000
368.075000	125679.000000
368.080000	123550.000000
368.085000	121090.000000
368.090000	120882.000000
368.095000	117774.000000
368.100000	116340.000000
368.105000	115174.000000
368.110000	112119.000000
368.115000	110874.000000
368.120000	109792.000000
368.125000	109865.000000
368.130000	107635.000000
368.135000	105887.000000
368.140000	106420.000000
368.145000	104639.000000
368.150000	103216.000000
368.155000	99986.000000
368.160000	97438.000000
368.165000	97884.000000
368.170000	96409.000000
368.175000	97677.000000
368.180000	94890.000000
368.185000	94082.000000
368.190000	92096.000000
368.195000	91655.000000
368.200000	89982.000000
368.205000	90331.000000
368.210000	88202.000000
368.215000	87188.000000
368.220000	87931.000000
368.225000	87225.000000
368.230000	86236.000000
368.235000	85595.000000
368.240000	85010.000000
368.245000	85002.000000
368.250000	84565.000000
368.255000	82247.000000
368.260000	85758.000000
368.265000	81912.000000
368.270000	81343.000000
368.275000	81504.000000
368.280000	79406.000000
368.285000	79010.000000
368.290000	78683.000000
368.295000	77281.000000
368.300000	76919.000000
368.305000	75813.000000
368.310000	74722.000000
368.315000	74861.000000
368.320000	74324.000000
368.325000	73449.000000
368.330000	73085.000000
368.335000	71930.000000
368.340000	72003.000000
368.345000	70812.000000
368.350000	70299.000000
368.355000	68945.000000
368.360000	68159.000000
368.365000	71105.000000
368.370000	70804.000000
368.375000	68118.000000
368.380000	69387.000000
368.385000	67538.000000
368.390000	68607.000000
368.395000	67971.000000
368.400000	69552.000000
368.405000	66196.000000
368.410000	69122.000000
368.415000	68908.000000
368.420000	68047.000000
368.425000	69347.000000
368.430000	69329.000000
368.435000	70181.000000
368.440000	70860.000000
368.445000	73703.000000
368.450000	75152.000000
368.455000	75911.000000
368.460000	81784.000000
368.465000	86313.000000
368.470000	86839.000000
368.475000	77080.000000
368.480000	73636.000000
368.485000	74202.000000
368.490000	73477.000000
368.495000	74700.000000
368.500000	77978.000000
368.505000	80970.000000
368.510000	81510.000000
368.515000	78749.000000
368.520000	74048.000000
368.525000	74115.000000
368.530000	73486.000000
368.535000	76112.000000
368.540000	75960.000000
368.545000	74142.000000
368.550000	71056.000000
368.555000	70522.000000
368.560000	70791.000000
368.565000	71518.000000
368.570000	71312.000000
368.575000	74243.000000
368.580000	75749.000000
368.585000	75687.000000
368.590000	76856.000000
368.595000	74803.000000
368.600000	75924.000000
368.605000	73903.000000
368.610000	77618.000000
368.615000	76832.000000
368.620000	79930.000000
368.625000	79114.000000
368.630000	83340.000000
368.635000	86906.000000
368.640000	90513.000000
368.645000	97040.000000
368.650000	104692.000000
368.655000	112438.000000
368.660000	119949.000000
368.665000	132596.000000
368.670000	143438.000000
368.675000	157099.000000
368.680000	166058.000000
368.685000	172311.000000
368.690000	167252.000000
368.695000	156608.000000
368.700000	149022.000000
368.705000	136099.000000
368.710000	123079.000000
368.715000	109738.000000
368.720000	100223.000000
368.725000	97695.000000
368.730000	97038.000000
368.735000	93632.000000
368.740000	87549.000000
368.745000	75657.000000
368.750000	69609.000000
368.755000	65211.000000
368.760000	60043.000000
368.765000	57769.000000
368.770000	54268.000000
368.775000	52471.000000
368.780000	52381.000000
368.785000	50369.000000
368.790000	48709.000000
368.795000	49163.000000
368.800000	47762.000000
368.805000	48020.000000
368.810000	46616.000000
368.815000	46825.000000
368.820000	44334.000000
368.825000	43837.000000
368.830000	43824.000000
368.835000	43153.000000
368.840000	42885.000000
368.845000	42051.000000
368.850000	42708.000000
368.855000	41688.000000
368.860000	40016.000000
368.865000	39723.000000
368.870000	38915.000000
368.875000	40182.000000
368.880000	38956.000000
368.885000	37247.000000
368.890000	38431.000000
368.895000	38734.000000
368.900000	37598.000000
368.905000	38306.000000
368.910000	38078.000000
368.915000	35419.000000
368.920000	35728.000000
368.925000	36343.000000
368.930000	35863.000000
368.935000	36555.000000
368.940000	35706.000000
368.945000	35946.000000
368.950000	36126.000000
368.955000	35723.000000
368.960000	36177.000000
368.965000	36238.000000
368.970000	36722.000000
368.975000	36101.000000
368.980000	37283.000000
368.985000	38504.000000
368.990000	37980.000000
368.995000	39924.000000
369.000000	42937.000000
369.005000	44762.000000
369.010000	48535.000000
369.015000	54704.000000
369.020000	61046.000000
369.025000	71877.000000
369.030000	83348.000000
369.035000	99291.000000
369.040000	115485.000000
369.045000	127373.000000
369.050000	137345.000000
369.055000	154443.000000
369.060000	199557.000000
369.065000	277199.000000
369.070000	307002.000000
369.075000	220240.000000
369.080000	134089.000000
369.085000	95744.000000
369.090000	71000.000000
369.095000	58008.000000
369.100000	47760.000000
369.105000	41121.000000
369.110000	38811.000000
369.115000	37026.000000
369.120000	35412.000000
369.125000	33542.000000
369.130000	33508.000000
369.135000	31758.000000
369.140000	30491.000000
369.145000	29356.000000
369.150000	29252.000000
369.155000	28892.000000
369.160000	28063.000000
369.165000	27135.000000
369.170000	27347.000000
369.175000	25402.000000
369.180000	26644.000000
369.185000	23981.000000
369.190000	25187.000000
369.195000	25246.000000
369.200000	23548.000000
369.205000	23504.000000
369.210000	23509.000000
369.215000	22866.000000
369.220000	22322.000000
369.225000	21933.000000
369.230000	21434.000000
369.235000	21329.000000
369.240000	21190.000000
369.245000	21781.000000
369.250000	20914.000000
369.255000	20812.000000
369.260000	20388.000000
369.265000	20287.000000
369.270000	19741.000000
369.275000	19690.000000
369.280000	19039.000000
369.285000	20166.000000
369.290000	18958.000000
369.295000	18613.000000
369.300000	18967.000000
369.305000	19066.000000
369.310000	18541.000000
369.315000	18479.000000
369.320000	17888.000000
369.325000	17946.000000
369.330000	18863.000000
369.335000	18441.000000
369.340000	18048.000000
369.345000	17483.000000
369.350000	17331.000000
369.355000	17664.000000
369.360000	17346.000000
369.365000	17465.000000
369.370000	16563.000000
369.375000	17325.000000
369.380000	16445.000000
369.385000	16821.000000
369.390000	15810.000000
369.395000	16245.000000
369.400000	16240.000000
369.405000	15568.000000
369.410000	16263.000000
369.415000	15929.000000
369.420000	15894.000000
369.425000	15195.000000
369.430000	15206.000000
369.435000	15838.000000
369.440000	15583.000000
369.445000	14953.000000
369.450000	14943.000000
369.455000	15442.000000
369.460000	15049.000000
369.465000	15376.000000
369.470000	15006.000000
369.475000	15276.000000
369.480000	14481.000000
369.485000	14648.000000
369.490000	14558.000000
369.495000	14192.000000
369.500000	13738.000000
369.505000	14259.000000
369.510000	13886.000000
369.515000	13899.000000
369.520000	13485.000000
369.525000	13692.000000
369.530000	14390.000000
369.535000	12892.000000
369.540000	13153.000000
369.545000	13474.000000
369.550000	13231.000000
369.555000	12730.000000
369.560000	13572.000000
369.565000	13413.000000
369.570000	13237.000000
369.575000	13213.000000
369.580000	12957.000000
369.585000	12940.000000
369.590000	12190.000000
369.595000	12366.000000
369.600000	12612.000000
369.605000	12411.000000
369.610000	11854.000000
369.615000	11897.000000
369.620000	12818.000000
369.625000	12112.000000
369.630000	11754.000000
369.635000	11899.000000
369.640000	12486.000000
369.645000	11278.000000
369.650000	11884.000000
369.655000	12253.000000
369.660000	11907.000000
369.665000	10792.000000
369.670000	11847.000000
369.675000	11265.000000
369.680000	11717.000000
369.685000	11695.000000
369.690000	10757.000000
369.695000	11063.000000
369.700000	11066.000000
369.705000	10664.000000
369.710000	10514.000000
369.715000	10683.000000
369.720000	11055.000000
369.725000	11446.000000
369.730000	10552.000000
369.735000	10939.000000
369.740000	11024.000000
369.745000	11261.000000
369.750000	10883.000000
369.755000	10784.000000
369.760000	10718.000000
369.765000	10372.000000
369.770000	10420.000000
369.775000	10196.000000
369.780000	10461.000000
369.785000	10218.000000
369.790000	10307.000000
369.795000	10209.000000
369.800000	10305.000000
369.805000	9922.000000
369.810000	9889.000000
369.815000	9990.000000
369.820000	9371.000000
369.825000	10418.000000
369.830000	9693.000000
369.835000	10490.000000
369.840000	10591.000000
369.845000	10125.000000
369.850000	10023.000000
369.855000	9911.000000
369.860000	9547.000000
369.865000	9937.000000
369.870000	9441.000000
369.875000	9043.000000
369.880000	9127.000000
369.885000	9440.000000
369.890000	8569.000000
369.895000	9555.000000
369.900000	9438.000000
369.905000	8499.000000
369.910000	9032.000000
369.915000	9106.000000
369.920000	8647.000000
369.925000	8718.000000
369.930000	9224.000000
369.935000	9559.000000
369.940000	9196.000000
369.945000	9319.000000
369.950000	9015.000000
369.955000	8578.000000
369.960000	8942.000000
369.965000	9045.000000
369.970000	8380.000000
369.975000	8797.000000
369.980000	8314.000000
369.985000	8550.000000
369.990000	8230.000000
369.995000	8385.000000
370.000000	8046.000000
