Sample ID:		H1108 20um slit 20mW power
Start Time:		Tue Jul 14 2020 10:52:23 AM
Averaging Time:		1.000s

360.000000	2.000000
360.005000	6.000000
360.010000	2.000000
360.015000	3.000000
360.020000	21.000000
360.025000	1.000000
360.030000	49.000000
360.035000	10.000000
360.040000	8.000000
360.045000	5.000000
360.050000	3.000000
360.055000	5.000000
360.060000	0.000000
360.065000	2.000000
360.070000	4.000000
360.075000	7.000000
360.080000	11.000000
360.085000	9.000000
360.090000	1.000000
360.095000	11.000000
360.100000	13.000000
360.105000	4.000000
360.110000	3.000000
360.115000	2.000000
360.120000	2.000000
360.125000	14.000000
360.130000	0.000000
360.135000	0.000000
360.140000	5.000000
360.145000	4.000000
360.150000	20.000000
360.155000	11.000000
360.160000	2.000000
360.165000	4.000000
360.170000	3.000000
360.175000	1.000000
360.180000	21.000000
360.185000	36.000000
360.190000	1.000000
360.195000	3.000000
360.200000	21.000000
360.205000	13.000000
360.210000	2.000000
360.215000	2.000000
360.220000	18.000000
360.225000	1.000000
360.230000	16.000000
360.235000	12.000000
360.240000	11.000000
360.245000	2.000000
360.250000	4.000000
360.255000	1.000000
360.260000	4.000000
360.265000	0.000000
360.270000	3.000000
360.275000	9.000000
360.280000	0.000000
360.285000	16.000000
360.290000	3.000000
360.295000	13.000000
360.300000	0.000000
360.305000	0.000000
360.310000	1.000000
360.315000	12.000000
360.320000	2.000000
360.325000	4.000000
360.330000	0.000000
360.335000	0.000000
360.340000	1.000000
360.345000	2.000000
360.350000	17.000000
360.355000	11.000000
360.360000	1.000000
360.365000	8.000000
360.370000	21.000000
360.375000	2.000000
360.380000	15.000000
360.385000	5.000000
360.390000	26.000000
360.395000	4.000000
360.400000	9.000000
360.405000	6.000000
360.410000	6.000000
360.415000	15.000000
360.420000	0.000000
360.425000	15.000000
360.430000	3.000000
360.435000	8.000000
360.440000	3.000000
360.445000	1.000000
360.450000	3.000000
360.455000	0.000000
360.460000	11.000000
360.465000	8.000000
360.470000	0.000000
360.475000	3.000000
360.480000	2.000000
360.485000	6.000000
360.490000	16.000000
360.495000	2.000000
360.500000	2.000000
360.505000	22.000000
360.510000	6.000000
360.515000	3.000000
360.520000	27.000000
360.525000	12.000000
360.530000	7.000000
360.535000	2.000000
360.540000	0.000000
360.545000	3.000000
360.550000	41.000000
360.555000	3.000000
360.560000	12.000000
360.565000	0.000000
360.570000	0.000000
360.575000	1.000000
360.580000	28.000000
360.585000	2.000000
360.590000	5.000000
360.595000	1.000000
360.600000	5.000000
360.605000	1.000000
360.610000	18.000000
360.615000	0.000000
360.620000	11.000000
360.625000	0.000000
360.630000	38.000000
360.635000	4.000000
360.640000	1.000000
360.645000	3.000000
360.650000	1.000000
360.655000	1.000000
360.660000	6.000000
360.665000	0.000000
360.670000	18.000000
360.675000	12.000000
360.680000	37.000000
360.685000	7.000000
360.690000	0.000000
360.695000	2.000000
360.700000	3.000000
360.705000	6.000000
360.710000	4.000000
360.715000	2.000000
360.720000	4.000000
360.725000	0.000000
360.730000	34.000000
360.735000	2.000000
360.740000	2.000000
360.745000	1.000000
360.750000	15.000000
360.755000	22.000000
360.760000	2.000000
360.765000	7.000000
360.770000	1.000000
360.775000	1.000000
360.780000	1.000000
360.785000	1.000000
360.790000	21.000000
360.795000	7.000000
360.800000	12.000000
360.805000	15.000000
360.810000	0.000000
360.815000	0.000000
360.820000	1.000000
360.825000	5.000000
360.830000	4.000000
360.835000	0.000000
360.840000	0.000000
360.845000	2.000000
360.850000	5.000000
360.855000	12.000000
360.860000	3.000000
360.865000	7.000000
360.870000	15.000000
360.875000	22.000000
360.880000	2.000000
360.885000	9.000000
360.890000	2.000000
360.895000	2.000000
360.900000	6.000000
360.905000	41.000000
360.910000	13.000000
360.915000	9.000000
360.920000	30.000000
360.925000	4.000000
360.930000	8.000000
360.935000	0.000000
360.940000	3.000000
360.945000	0.000000
360.950000	41.000000
360.955000	18.000000
360.960000	2.000000
360.965000	0.000000
360.970000	11.000000
360.975000	5.000000
360.980000	2.000000
360.985000	6.000000
360.990000	7.000000
360.995000	2.000000
361.000000	7.000000
361.005000	1.000000
361.010000	21.000000
361.015000	12.000000
361.020000	1.000000
361.025000	8.000000
361.030000	19.000000
361.035000	11.000000
361.040000	8.000000
361.045000	2.000000
361.050000	4.000000
361.055000	5.000000
361.060000	2.000000
361.065000	2.000000
361.070000	3.000000
361.075000	5.000000
361.080000	1.000000
361.085000	7.000000
361.090000	2.000000
361.095000	9.000000
361.100000	1.000000
361.105000	13.000000
361.110000	12.000000
361.115000	34.000000
361.120000	1.000000
361.125000	4.000000
361.130000	1.000000
361.135000	10.000000
361.140000	3.000000
361.145000	17.000000
361.150000	4.000000
361.155000	36.000000
361.160000	6.000000
361.165000	4.000000
361.170000	6.000000
361.175000	1.000000
361.180000	6.000000
361.185000	2.000000
361.190000	2.000000
361.195000	7.000000
361.200000	0.000000
361.205000	7.000000
361.210000	19.000000
361.215000	8.000000
361.220000	7.000000
361.225000	2.000000
361.230000	8.000000
361.235000	16.000000
361.240000	0.000000
361.245000	5.000000
361.250000	1.000000
361.255000	14.000000
361.260000	0.000000
361.265000	39.000000
361.270000	4.000000
361.275000	2.000000
361.280000	5.000000
361.285000	3.000000
361.290000	6.000000
361.295000	2.000000
361.300000	2.000000
361.305000	16.000000
361.310000	2.000000
361.315000	10.000000
361.320000	1.000000
361.325000	0.000000
361.330000	10.000000
361.335000	3.000000
361.340000	9.000000
361.345000	3.000000
361.350000	41.000000
361.355000	4.000000
361.360000	0.000000
361.365000	4.000000
361.370000	2.000000
361.375000	3.000000
361.380000	4.000000
361.385000	7.000000
361.390000	6.000000
361.395000	13.000000
361.400000	2.000000
361.405000	15.000000
361.410000	12.000000
361.415000	17.000000
361.420000	30.000000
361.425000	3.000000
361.430000	10.000000
361.435000	2.000000
361.440000	2.000000
361.445000	1.000000
361.450000	1.000000
361.455000	11.000000
361.460000	4.000000
361.465000	2.000000
361.470000	15.000000
361.475000	23.000000
361.480000	10.000000
361.485000	15.000000
361.490000	0.000000
361.495000	51.000000
361.500000	1.000000
361.505000	13.000000
361.510000	7.000000
361.515000	2.000000
361.520000	14.000000
361.525000	9.000000
361.530000	10.000000
361.535000	6.000000
361.540000	0.000000
361.545000	30.000000
361.550000	13.000000
361.555000	34.000000
361.560000	1.000000
361.565000	0.000000
361.570000	1.000000
361.575000	19.000000
361.580000	8.000000
361.585000	9.000000
361.590000	1.000000
361.595000	11.000000
361.600000	55.000000
361.605000	1.000000
361.610000	10.000000
361.615000	22.000000
361.620000	5.000000
361.625000	41.000000
361.630000	8.000000
361.635000	8.000000
361.640000	1.000000
361.645000	3.000000
361.650000	4.000000
361.655000	10.000000
361.660000	3.000000
361.665000	11.000000
361.670000	20.000000
361.675000	0.000000
361.680000	10.000000
361.685000	7.000000
361.690000	4.000000
361.695000	1.000000
361.700000	3.000000
361.705000	3.000000
361.710000	16.000000
361.715000	2.000000
361.720000	2.000000
361.725000	3.000000
361.730000	2.000000
361.735000	1.000000
361.740000	16.000000
361.745000	11.000000
361.750000	17.000000
361.755000	1.000000
361.760000	1.000000
361.765000	8.000000
361.770000	5.000000
361.775000	2.000000
361.780000	19.000000
361.785000	2.000000
361.790000	12.000000
361.795000	4.000000
361.800000	30.000000
361.805000	4.000000
361.810000	3.000000
361.815000	6.000000
361.820000	4.000000
361.825000	4.000000
361.830000	2.000000
361.835000	29.000000
361.840000	16.000000
361.845000	7.000000
361.850000	3.000000
361.855000	2.000000
361.860000	5.000000
361.865000	1.000000
361.870000	0.000000
361.875000	2.000000
361.880000	1.000000
361.885000	0.000000
361.890000	26.000000
361.895000	2.000000
361.900000	6.000000
361.905000	45.000000
361.910000	4.000000
361.915000	42.000000
361.920000	0.000000
361.925000	1.000000
361.930000	1.000000
361.935000	5.000000
361.940000	8.000000
361.945000	1.000000
361.950000	37.000000
361.955000	4.000000
361.960000	4.000000
361.965000	41.000000
361.970000	12.000000
361.975000	10.000000
361.980000	2.000000
361.985000	8.000000
361.990000	0.000000
361.995000	15.000000
362.000000	7.000000
362.005000	4.000000
362.010000	1.000000
362.015000	12.000000
362.020000	10.000000
362.025000	10.000000
362.030000	10.000000
362.035000	33.000000
362.040000	42.000000
362.045000	3.000000
362.050000	20.000000
362.055000	7.000000
362.060000	7.000000
362.065000	7.000000
362.070000	15.000000
362.075000	18.000000
362.080000	61.000000
362.085000	13.000000
362.090000	20.000000
362.095000	14.000000
362.100000	4.000000
362.105000	27.000000
362.110000	32.000000
362.115000	22.000000
362.120000	2.000000
362.125000	47.000000
362.130000	23.000000
362.135000	11.000000
362.140000	35.000000
362.145000	39.000000
362.150000	16.000000
362.155000	11.000000
362.160000	27.000000
362.165000	7.000000
362.170000	18.000000
362.175000	5.000000
362.180000	8.000000
362.185000	26.000000
362.190000	15.000000
362.195000	12.000000
362.200000	47.000000
362.205000	2.000000
362.210000	12.000000
362.215000	14.000000
362.220000	25.000000
362.225000	11.000000
362.230000	58.000000
362.235000	6.000000
362.240000	8.000000
362.245000	10.000000
362.250000	21.000000
362.255000	28.000000
362.260000	13.000000
362.265000	3.000000
362.270000	5.000000
362.275000	12.000000
362.280000	14.000000
362.285000	2.000000
362.290000	12.000000
362.295000	11.000000
362.300000	9.000000
362.305000	10.000000
362.310000	1.000000
362.315000	9.000000
362.320000	16.000000
362.325000	18.000000
362.330000	19.000000
362.335000	9.000000
362.340000	3.000000
362.345000	3.000000
362.350000	33.000000
362.355000	14.000000
362.360000	24.000000
362.365000	8.000000
362.370000	1.000000
362.375000	7.000000
362.380000	15.000000
362.385000	11.000000
362.390000	14.000000
362.395000	19.000000
362.400000	13.000000
362.405000	45.000000
362.410000	35.000000
362.415000	5.000000
362.420000	14.000000
362.425000	23.000000
362.430000	6.000000
362.435000	1.000000
362.440000	4.000000
362.445000	13.000000
362.450000	0.000000
362.455000	6.000000
362.460000	9.000000
362.465000	9.000000
362.470000	2.000000
362.475000	14.000000
362.480000	10.000000
362.485000	87.000000
362.490000	10.000000
362.495000	1.000000
362.500000	34.000000
362.505000	7.000000
362.510000	6.000000
362.515000	20.000000
362.520000	0.000000
362.525000	20.000000
362.530000	5.000000
362.535000	13.000000
362.540000	5.000000
362.545000	3.000000
362.550000	10.000000
362.555000	14.000000
362.560000	1.000000
362.565000	11.000000
362.570000	0.000000
362.575000	45.000000
362.580000	47.000000
362.585000	8.000000
362.590000	9.000000
362.595000	14.000000
362.600000	21.000000
362.605000	23.000000
362.610000	14.000000
362.615000	4.000000
362.620000	2.000000
362.625000	0.000000
362.630000	25.000000
362.635000	9.000000
362.640000	6.000000
362.645000	9.000000
362.650000	11.000000
362.655000	17.000000
362.660000	26.000000
362.665000	7.000000
362.670000	1.000000
362.675000	0.000000
362.680000	1.000000
362.685000	8.000000
362.690000	12.000000
362.695000	23.000000
362.700000	17.000000
362.705000	8.000000
362.710000	11.000000
362.715000	19.000000
362.720000	11.000000
362.725000	1.000000
362.730000	6.000000
362.735000	36.000000
362.740000	2.000000
362.745000	8.000000
362.750000	9.000000
362.755000	30.000000
362.760000	4.000000
362.765000	12.000000
362.770000	11.000000
362.775000	42.000000
362.780000	15.000000
362.785000	20.000000
362.790000	12.000000
362.795000	28.000000
362.800000	48.000000
362.805000	28.000000
362.810000	9.000000
362.815000	32.000000
362.820000	12.000000
362.825000	32.000000
362.830000	38.000000
362.835000	12.000000
362.840000	10.000000
362.845000	66.000000
362.850000	30.000000
362.855000	25.000000
362.860000	8.000000
362.865000	65.000000
362.870000	20.000000
362.875000	21.000000
362.880000	8.000000
362.885000	37.000000
362.890000	36.000000
362.895000	24.000000
362.900000	32.000000
362.905000	18.000000
362.910000	15.000000
362.915000	46.000000
362.920000	1.000000
362.925000	26.000000
362.930000	7.000000
362.935000	20.000000
362.940000	53.000000
362.945000	15.000000
362.950000	25.000000
362.955000	50.000000
362.960000	13.000000
362.965000	3.000000
362.970000	17.000000
362.975000	7.000000
362.980000	26.000000
362.985000	52.000000
362.990000	44.000000
362.995000	9.000000
363.000000	14.000000
363.005000	27.000000
363.010000	9.000000
363.015000	6.000000
363.020000	26.000000
363.025000	6.000000
363.030000	30.000000
363.035000	8.000000
363.040000	2.000000
363.045000	9.000000
363.050000	41.000000
363.055000	11.000000
363.060000	31.000000
363.065000	4.000000
363.070000	8.000000
363.075000	34.000000
363.080000	20.000000
363.085000	4.000000
363.090000	5.000000
363.095000	2.000000
363.100000	10.000000
363.105000	3.000000
363.110000	6.000000
363.115000	33.000000
363.120000	24.000000
363.125000	16.000000
363.130000	51.000000
363.135000	19.000000
363.140000	15.000000
363.145000	30.000000
363.150000	3.000000
363.155000	11.000000
363.160000	11.000000
363.165000	3.000000
363.170000	3.000000
363.175000	8.000000
363.180000	11.000000
363.185000	3.000000
363.190000	1.000000
363.195000	3.000000
363.200000	26.000000
363.205000	1.000000
363.210000	19.000000
363.215000	15.000000
363.220000	6.000000
363.225000	5.000000
363.230000	17.000000
363.235000	13.000000
363.240000	17.000000
363.245000	25.000000
363.250000	7.000000
363.255000	16.000000
363.260000	7.000000
363.265000	2.000000
363.270000	0.000000
363.275000	10.000000
363.280000	36.000000
363.285000	8.000000
363.290000	17.000000
363.295000	14.000000
363.300000	7.000000
363.305000	16.000000
363.310000	4.000000
363.315000	21.000000
363.320000	7.000000
363.325000	40.000000
363.330000	19.000000
363.335000	31.000000
363.340000	2.000000
363.345000	1.000000
363.350000	6.000000
363.355000	2.000000
363.360000	41.000000
363.365000	10.000000
363.370000	19.000000
363.375000	9.000000
363.380000	26.000000
363.385000	0.000000
363.390000	25.000000
363.395000	11.000000
363.400000	12.000000
363.405000	1.000000
363.410000	43.000000
363.415000	13.000000
363.420000	1.000000
363.425000	1.000000
363.430000	14.000000
363.435000	2.000000
363.440000	17.000000
363.445000	0.000000
363.450000	10.000000
363.455000	3.000000
363.460000	51.000000
363.465000	0.000000
363.470000	7.000000
363.475000	17.000000
363.480000	8.000000
363.485000	14.000000
363.490000	16.000000
363.495000	17.000000
363.500000	18.000000
363.505000	0.000000
363.510000	46.000000
363.515000	12.000000
363.520000	1.000000
363.525000	32.000000
363.530000	34.000000
363.535000	9.000000
363.540000	16.000000
363.545000	13.000000
363.550000	11.000000
363.555000	1.000000
363.560000	12.000000
363.565000	31.000000
363.570000	2.000000
363.575000	5.000000
363.580000	5.000000
363.585000	8.000000
363.590000	6.000000
363.595000	1.000000
363.600000	2.000000
363.605000	16.000000
363.610000	6.000000
363.615000	18.000000
363.620000	25.000000
363.625000	12.000000
363.630000	9.000000
363.635000	4.000000
363.640000	1.000000
363.645000	29.000000
363.650000	4.000000
363.655000	1.000000
363.660000	1.000000
363.665000	15.000000
363.670000	20.000000
363.675000	8.000000
363.680000	1.000000
363.685000	2.000000
363.690000	12.000000
363.695000	3.000000
363.700000	14.000000
363.705000	29.000000
363.710000	12.000000
363.715000	9.000000
363.720000	6.000000
363.725000	38.000000
363.730000	4.000000
363.735000	0.000000
363.740000	0.000000
363.745000	0.000000
363.750000	16.000000
363.755000	1.000000
363.760000	22.000000
363.765000	17.000000
363.770000	6.000000
363.775000	4.000000
363.780000	8.000000
363.785000	1.000000
363.790000	17.000000
363.795000	5.000000
363.800000	1.000000
363.805000	15.000000
363.810000	12.000000
363.815000	3.000000
363.820000	2.000000
363.825000	19.000000
363.830000	16.000000
363.835000	17.000000
363.840000	12.000000
363.845000	1.000000
363.850000	7.000000
363.855000	19.000000
363.860000	2.000000
363.865000	0.000000
363.870000	4.000000
363.875000	15.000000
363.880000	3.000000
363.885000	12.000000
363.890000	1.000000
363.895000	3.000000
363.900000	1.000000
363.905000	1.000000
363.910000	0.000000
363.915000	4.000000
363.920000	14.000000
363.925000	33.000000
363.930000	5.000000
363.935000	2.000000
363.940000	24.000000
363.945000	16.000000
363.950000	4.000000
363.955000	4.000000
363.960000	13.000000
363.965000	53.000000
363.970000	1.000000
363.975000	3.000000
363.980000	3.000000
363.985000	8.000000
363.990000	22.000000
363.995000	10.000000
364.000000	6.000000
364.005000	5.000000
364.010000	63.000000
364.015000	1.000000
364.020000	0.000000
364.025000	12.000000
364.030000	22.000000
364.035000	3.000000
364.040000	5.000000
364.045000	3.000000
364.050000	0.000000
364.055000	2.000000
364.060000	2.000000
364.065000	2.000000
364.070000	27.000000
364.075000	7.000000
364.080000	16.000000
364.085000	12.000000
364.090000	17.000000
364.095000	0.000000
364.100000	27.000000
364.105000	8.000000
364.110000	26.000000
364.115000	14.000000
364.120000	25.000000
364.125000	2.000000
364.130000	38.000000
364.135000	2.000000
364.140000	11.000000
364.145000	6.000000
364.150000	5.000000
364.155000	25.000000
364.160000	16.000000
364.165000	12.000000
364.170000	11.000000
364.175000	4.000000
364.180000	0.000000
364.185000	12.000000
364.190000	13.000000
364.195000	6.000000
364.200000	15.000000
364.205000	0.000000
364.210000	21.000000
364.215000	8.000000
364.220000	2.000000
364.225000	2.000000
364.230000	30.000000
364.235000	2.000000
364.240000	6.000000
364.245000	32.000000
364.250000	5.000000
364.255000	10.000000
364.260000	15.000000
364.265000	2.000000
364.270000	23.000000
364.275000	7.000000
364.280000	6.000000
364.285000	15.000000
364.290000	10.000000
364.295000	28.000000
364.300000	23.000000
364.305000	0.000000
364.310000	29.000000
364.315000	0.000000
364.320000	1.000000
364.325000	30.000000
364.330000	14.000000
364.335000	11.000000
364.340000	12.000000
364.345000	4.000000
364.350000	3.000000
364.355000	25.000000
364.360000	12.000000
364.365000	9.000000
364.370000	0.000000
364.375000	0.000000
364.380000	12.000000
364.385000	41.000000
364.390000	8.000000
364.395000	18.000000
364.400000	10.000000
364.405000	9.000000
364.410000	9.000000
364.415000	10.000000
364.420000	2.000000
364.425000	16.000000
364.430000	2.000000
364.435000	25.000000
364.440000	5.000000
364.445000	21.000000
364.450000	6.000000
364.455000	17.000000
364.460000	9.000000
364.465000	5.000000
364.470000	9.000000
364.475000	15.000000
364.480000	5.000000
364.485000	28.000000
364.490000	3.000000
364.495000	4.000000
364.500000	20.000000
364.505000	24.000000
364.510000	21.000000
364.515000	48.000000
364.520000	7.000000
364.525000	5.000000
364.530000	43.000000
364.535000	7.000000
364.540000	23.000000
364.545000	6.000000
364.550000	10.000000
364.555000	14.000000
364.560000	2.000000
364.565000	1.000000
364.570000	15.000000
364.575000	19.000000
364.580000	3.000000
364.585000	8.000000
364.590000	22.000000
364.595000	4.000000
364.600000	18.000000
364.605000	18.000000
364.610000	16.000000
364.615000	3.000000
364.620000	3.000000
364.625000	7.000000
364.630000	4.000000
364.635000	2.000000
364.640000	3.000000
364.645000	5.000000
364.650000	4.000000
364.655000	30.000000
364.660000	29.000000
364.665000	6.000000
364.670000	1.000000
364.675000	4.000000
364.680000	15.000000
364.685000	17.000000
364.690000	26.000000
364.695000	47.000000
364.700000	7.000000
364.705000	47.000000
364.710000	11.000000
364.715000	18.000000
364.720000	4.000000
364.725000	4.000000
364.730000	9.000000
364.735000	17.000000
364.740000	3.000000
364.745000	3.000000
364.750000	1.000000
364.755000	21.000000
364.760000	7.000000
364.765000	7.000000
364.770000	37.000000
364.775000	2.000000
364.780000	5.000000
364.785000	2.000000
364.790000	1.000000
364.795000	10.000000
364.800000	9.000000
364.805000	13.000000
364.810000	10.000000
364.815000	26.000000
364.820000	2.000000
364.825000	11.000000
364.830000	13.000000
364.835000	18.000000
364.840000	5.000000
364.845000	0.000000
364.850000	0.000000
364.855000	5.000000
364.860000	0.000000
364.865000	16.000000
364.870000	35.000000
364.875000	3.000000
364.880000	7.000000
364.885000	30.000000
364.890000	10.000000
364.895000	18.000000
364.900000	0.000000
364.905000	9.000000
364.910000	17.000000
364.915000	8.000000
364.920000	2.000000
364.925000	23.000000
364.930000	13.000000
364.935000	6.000000
364.940000	2.000000
364.945000	13.000000
364.950000	29.000000
364.955000	28.000000
364.960000	8.000000
364.965000	3.000000
364.970000	6.000000
364.975000	2.000000
364.980000	31.000000
364.985000	13.000000
364.990000	21.000000
364.995000	10.000000
365.000000	3.000000
365.005000	6.000000
365.010000	33.000000
365.015000	14.000000
365.020000	20.000000
365.025000	15.000000
365.030000	9.000000
365.035000	1.000000
365.040000	33.000000
365.045000	18.000000
365.050000	15.000000
365.055000	24.000000
365.060000	1.000000
365.065000	2.000000
365.070000	16.000000
365.075000	2.000000
365.080000	23.000000
365.085000	3.000000
365.090000	7.000000
365.095000	34.000000
365.100000	7.000000
365.105000	3.000000
365.110000	13.000000
365.115000	1.000000
365.120000	0.000000
365.125000	12.000000
365.130000	2.000000
365.135000	18.000000
365.140000	16.000000
365.145000	8.000000
365.150000	11.000000
365.155000	0.000000
365.160000	12.000000
365.165000	1.000000
365.170000	8.000000
365.175000	10.000000
365.180000	32.000000
365.185000	2.000000
365.190000	14.000000
365.195000	26.000000
365.200000	24.000000
365.205000	43.000000
365.210000	42.000000
365.215000	17.000000
365.220000	6.000000
365.225000	13.000000
365.230000	4.000000
365.235000	14.000000
365.240000	32.000000
365.245000	24.000000
365.250000	12.000000
365.255000	34.000000
365.260000	10.000000
365.265000	36.000000
365.270000	24.000000
365.275000	7.000000
365.280000	27.000000
365.285000	52.000000
365.290000	1.000000
365.295000	8.000000
365.300000	16.000000
365.305000	12.000000
365.310000	5.000000
365.315000	26.000000
365.320000	32.000000
365.325000	20.000000
365.330000	2.000000
365.335000	6.000000
365.340000	3.000000
365.345000	2.000000
365.350000	26.000000
365.355000	2.000000
365.360000	22.000000
365.365000	7.000000
365.370000	11.000000
365.375000	30.000000
365.380000	12.000000
365.385000	3.000000
365.390000	15.000000
365.395000	5.000000
365.400000	5.000000
365.405000	26.000000
365.410000	2.000000
365.415000	7.000000
365.420000	4.000000
365.425000	5.000000
365.430000	76.000000
365.435000	45.000000
365.440000	13.000000
365.445000	17.000000
365.450000	32.000000
365.455000	6.000000
365.460000	36.000000
365.465000	22.000000
365.470000	3.000000
365.475000	32.000000
365.480000	7.000000
365.485000	65.000000
365.490000	23.000000
365.495000	12.000000
365.500000	21.000000
365.505000	22.000000
365.510000	49.000000
365.515000	23.000000
365.520000	14.000000
365.525000	8.000000
365.530000	53.000000
365.535000	56.000000
365.540000	31.000000
365.545000	37.000000
365.550000	12.000000
365.555000	28.000000
365.560000	15.000000
365.565000	8.000000
365.570000	14.000000
365.575000	17.000000
365.580000	20.000000
365.585000	4.000000
365.590000	19.000000
365.595000	77.000000
365.600000	30.000000
365.605000	8.000000
365.610000	17.000000
365.615000	35.000000
365.620000	22.000000
365.625000	22.000000
365.630000	19.000000
365.635000	25.000000
365.640000	5.000000
365.645000	6.000000
365.650000	8.000000
365.655000	14.000000
365.660000	13.000000
365.665000	17.000000
365.670000	4.000000
365.675000	36.000000
365.680000	5.000000
365.685000	23.000000
365.690000	18.000000
365.695000	19.000000
365.700000	23.000000
365.705000	21.000000
365.710000	19.000000
365.715000	24.000000
365.720000	8.000000
365.725000	14.000000
365.730000	39.000000
365.735000	21.000000
365.740000	26.000000
365.745000	3.000000
365.750000	27.000000
365.755000	22.000000
365.760000	15.000000
365.765000	7.000000
365.770000	8.000000
365.775000	19.000000
365.780000	19.000000
365.785000	18.000000
365.790000	12.000000
365.795000	12.000000
365.800000	7.000000
365.805000	19.000000
365.810000	6.000000
365.815000	13.000000
365.820000	10.000000
365.825000	13.000000
365.830000	40.000000
365.835000	23.000000
365.840000	15.000000
365.845000	41.000000
365.850000	32.000000
365.855000	11.000000
365.860000	8.000000
365.865000	29.000000
365.870000	33.000000
365.875000	14.000000
365.880000	52.000000
365.885000	28.000000
365.890000	64.000000
365.895000	38.000000
365.900000	67.000000
365.905000	30.000000
365.910000	29.000000
365.915000	20.000000
365.920000	4.000000
365.925000	12.000000
365.930000	3.000000
365.935000	7.000000
365.940000	35.000000
365.945000	45.000000
365.950000	22.000000
365.955000	15.000000
365.960000	34.000000
365.965000	27.000000
365.970000	18.000000
365.975000	18.000000
365.980000	13.000000
365.985000	11.000000
365.990000	39.000000
365.995000	32.000000
366.000000	24.000000
366.005000	4.000000
366.010000	15.000000
366.015000	46.000000
366.020000	31.000000
366.025000	33.000000
366.030000	13.000000
366.035000	21.000000
366.040000	56.000000
366.045000	5.000000
366.050000	38.000000
366.055000	13.000000
366.060000	27.000000
366.065000	30.000000
366.070000	28.000000
366.075000	20.000000
366.080000	12.000000
366.085000	67.000000
366.090000	32.000000
366.095000	44.000000
366.100000	24.000000
366.105000	28.000000
366.110000	18.000000
366.115000	53.000000
366.120000	8.000000
366.125000	18.000000
366.130000	29.000000
366.135000	16.000000
366.140000	27.000000
366.145000	29.000000
366.150000	37.000000
366.155000	35.000000
366.160000	27.000000
366.165000	38.000000
366.170000	90.000000
366.175000	44.000000
366.180000	21.000000
366.185000	22.000000
366.190000	20.000000
366.195000	48.000000
366.200000	25.000000
366.205000	28.000000
366.210000	59.000000
366.215000	10.000000
366.220000	14.000000
366.225000	59.000000
366.230000	9.000000
366.235000	35.000000
366.240000	40.000000
366.245000	47.000000
366.250000	65.000000
366.255000	22.000000
366.260000	66.000000
366.265000	24.000000
366.270000	45.000000
366.275000	22.000000
366.280000	43.000000
366.285000	91.000000
366.290000	33.000000
366.295000	52.000000
366.300000	32.000000
366.305000	59.000000
366.310000	108.000000
366.315000	82.000000
366.320000	24.000000
366.325000	28.000000
366.330000	87.000000
366.335000	86.000000
366.340000	88.000000
366.345000	73.000000
366.350000	70.000000
366.355000	65.000000
366.360000	94.000000
366.365000	67.000000
366.370000	56.000000
366.375000	76.000000
366.380000	39.000000
366.385000	41.000000
366.390000	43.000000
366.395000	51.000000
366.400000	48.000000
366.405000	91.000000
366.410000	57.000000
366.415000	35.000000
366.420000	103.000000
366.425000	59.000000
366.430000	82.000000
366.435000	49.000000
366.440000	62.000000
366.445000	99.000000
366.450000	120.000000
366.455000	132.000000
366.460000	91.000000
366.465000	109.000000
366.470000	92.000000
366.475000	73.000000
366.480000	94.000000
366.485000	103.000000
366.490000	199.000000
366.495000	131.000000
366.500000	132.000000
366.505000	72.000000
366.510000	125.000000
366.515000	106.000000
366.520000	79.000000
366.525000	88.000000
366.530000	192.000000
366.535000	66.000000
366.540000	111.000000
366.545000	179.000000
366.550000	127.000000
366.555000	111.000000
366.560000	171.000000
366.565000	169.000000
366.570000	160.000000
366.575000	202.000000
366.580000	171.000000
366.585000	119.000000
366.590000	125.000000
366.595000	114.000000
366.600000	190.000000
366.605000	163.000000
366.610000	105.000000
366.615000	85.000000
366.620000	109.000000
366.625000	97.000000
366.630000	263.000000
366.635000	167.000000
366.640000	194.000000
366.645000	198.000000
366.650000	100.000000
366.655000	158.000000
366.660000	172.000000
366.665000	170.000000
366.670000	190.000000
366.675000	140.000000
366.680000	121.000000
366.685000	156.000000
366.690000	139.000000
366.695000	215.000000
366.700000	217.000000
366.705000	186.000000
366.710000	145.000000
366.715000	250.000000
366.720000	185.000000
366.725000	239.000000
366.730000	225.000000
366.735000	308.000000
366.740000	232.000000
366.745000	250.000000
366.750000	332.000000
366.755000	172.000000
366.760000	266.000000
366.765000	297.000000
366.770000	298.000000
366.775000	286.000000
366.780000	293.000000
366.785000	293.000000
366.790000	375.000000
366.795000	263.000000
366.800000	241.000000
366.805000	293.000000
366.810000	324.000000
366.815000	271.000000
366.820000	548.000000
366.825000	382.000000
366.830000	374.000000
366.835000	500.000000
366.840000	484.000000
366.845000	349.000000
366.850000	337.000000
366.855000	418.000000
366.860000	622.000000
366.865000	493.000000
366.870000	562.000000
366.875000	615.000000
366.880000	755.000000
366.885000	668.000000
366.890000	704.000000
366.895000	737.000000
366.900000	942.000000
366.905000	1001.000000
366.910000	992.000000
366.915000	1345.000000
366.920000	1379.000000
366.925000	1584.000000
366.930000	1774.000000
366.935000	1900.000000
366.940000	2241.000000
366.945000	2103.000000
366.950000	2561.000000
366.955000	2172.000000
366.960000	2711.000000
366.965000	2729.000000
366.970000	2493.000000
366.975000	2438.000000
366.980000	2418.000000
366.985000	2137.000000
366.990000	2036.000000
366.995000	2119.000000
367.000000	2173.000000
367.005000	2175.000000
367.010000	1883.000000
367.015000	2015.000000
367.020000	1835.000000
367.025000	1944.000000
367.030000	1771.000000
367.035000	2121.000000
367.040000	2360.000000
367.045000	2081.000000
367.050000	1924.000000
367.055000	2354.000000
367.060000	2305.000000
367.065000	2483.000000
367.070000	2678.000000
367.075000	2693.000000
367.080000	2711.000000
367.085000	3174.000000
367.090000	3588.000000
367.095000	3243.000000
367.100000	3334.000000
367.105000	3509.000000
367.110000	3999.000000
367.115000	3953.000000
367.120000	4421.000000
367.125000	4697.000000
367.130000	4706.000000
367.135000	5356.000000
367.140000	5208.000000
367.145000	5565.000000
367.150000	5708.000000
367.155000	5986.000000
367.160000	6260.000000
367.165000	6732.000000
367.170000	6831.000000
367.175000	7891.000000
367.180000	7836.000000
367.185000	9175.000000
367.190000	10578.000000
367.195000	11599.000000
367.200000	11939.000000
367.205000	10942.000000
367.210000	10748.000000
367.215000	10691.000000
367.220000	9655.000000
367.225000	10047.000000
367.230000	9870.000000
367.235000	10129.000000
367.240000	10840.000000
367.245000	10830.000000
367.250000	11798.000000
367.255000	12052.000000
367.260000	12830.000000
367.265000	13125.000000
367.270000	14382.000000
367.275000	14447.000000
367.280000	14833.000000
367.285000	15819.000000
367.290000	16638.000000
367.295000	16961.000000
367.300000	18001.000000
367.305000	18228.000000
367.310000	19023.000000
367.315000	20213.000000
367.320000	20171.000000
367.325000	20368.000000
367.330000	23045.000000
367.335000	23844.000000
367.340000	24118.000000
367.345000	24400.000000
367.350000	24151.000000
367.355000	26421.000000
367.360000	25723.000000
367.365000	26836.000000
367.370000	27391.000000
367.375000	28448.000000
367.380000	29686.000000
367.385000	29880.000000
367.390000	31803.000000
367.395000	31981.000000
367.400000	33064.000000
367.405000	34997.000000
367.410000	35784.000000
367.415000	37328.000000
367.420000	36832.000000
367.425000	37766.000000
367.430000	38342.000000
367.435000	39689.000000
367.440000	41274.000000
367.445000	43228.000000
367.450000	42821.000000
367.455000	43114.000000
367.460000	41453.000000
367.465000	41103.000000
367.470000	40147.000000
367.475000	41872.000000
367.480000	41500.000000
367.485000	41362.000000
367.490000	42843.000000
367.495000	42740.000000
367.500000	43380.000000
367.505000	44667.000000
367.510000	46510.000000
367.515000	51478.000000
367.520000	54309.000000
367.525000	57615.000000
367.530000	58013.000000
367.535000	55584.000000
367.540000	53015.000000
367.545000	50970.000000
367.550000	52134.000000
367.555000	52891.000000
367.560000	53607.000000
367.565000	54511.000000
367.570000	56144.000000
367.575000	56341.000000
367.580000	56189.000000
367.585000	56815.000000
367.590000	57488.000000
367.595000	58114.000000
367.600000	58838.000000
367.605000	59073.000000
367.610000	58740.000000
367.615000	59203.000000
367.620000	59791.000000
367.625000	60181.000000
367.630000	60309.000000
367.635000	59157.000000
367.640000	61515.000000
367.645000	61210.000000
367.650000	60733.000000
367.655000	62591.000000
367.660000	63507.000000
367.665000	63805.000000
367.670000	63578.000000
367.675000	64407.000000
367.680000	66566.000000
367.685000	66115.000000
367.690000	65583.000000
367.695000	68217.000000
367.700000	69642.000000
367.705000	70537.000000
367.710000	70743.000000
367.715000	71665.000000
367.720000	71817.000000
367.725000	73130.000000
367.730000	74209.000000
367.735000	74979.000000
367.740000	74133.000000
367.745000	75784.000000
367.750000	76718.000000
367.755000	76776.000000
367.760000	78772.000000
367.765000	79501.000000
367.770000	78365.000000
367.775000	81781.000000
367.780000	81498.000000
367.785000	81240.000000
367.790000	82738.000000
367.795000	83424.000000
367.800000	83921.000000
367.805000	86506.000000
367.810000	86282.000000
367.815000	88222.000000
367.820000	86053.000000
367.825000	88020.000000
367.830000	89627.000000
367.835000	90363.000000
367.840000	90235.000000
367.845000	91191.000000
367.850000	92094.000000
367.855000	92930.000000
367.860000	91425.000000
367.865000	94846.000000
367.870000	94027.000000
367.875000	96344.000000
367.880000	97776.000000
367.885000	97208.000000
367.890000	98627.000000
367.895000	99095.000000
367.900000	98914.000000
367.905000	101642.000000
367.910000	103040.000000
367.915000	102776.000000
367.920000	104188.000000
367.925000	105186.000000
367.930000	106350.000000
367.935000	107182.000000
367.940000	105259.000000
367.945000	107057.000000
367.950000	107361.000000
367.955000	110280.000000
367.960000	109983.000000
367.965000	112665.000000
367.970000	111865.000000
367.975000	114807.000000
367.980000	115484.000000
367.985000	115407.000000
367.990000	115962.000000
367.995000	114671.000000
368.000000	119496.000000
368.005000	119404.000000
368.010000	120118.000000
368.015000	123484.000000
368.020000	127851.000000
368.025000	128791.000000
368.030000	134705.000000
368.035000	140278.000000
368.040000	160603.000000
368.045000	207236.000000
368.050000	259007.000000
368.055000	223149.000000
368.060000	181471.000000
368.065000	155443.000000
368.070000	141743.000000
368.075000	138839.000000
368.080000	135031.000000
368.085000	131965.000000
368.090000	133314.000000
368.095000	134991.000000
368.100000	134822.000000
368.105000	136415.000000
368.110000	136928.000000
368.115000	136728.000000
368.120000	137186.000000
368.125000	139484.000000
368.130000	138925.000000
368.135000	141762.000000
368.140000	140860.000000
368.145000	143196.000000
368.150000	144157.000000
368.155000	143322.000000
368.160000	144355.000000
368.165000	143517.000000
368.170000	146727.000000
368.175000	147231.000000
368.180000	147707.000000
368.185000	147248.000000
368.190000	148477.000000
368.195000	151178.000000
368.200000	152657.000000
368.205000	153463.000000
368.210000	154083.000000
368.215000	155975.000000
368.220000	156886.000000
368.225000	157881.000000
368.230000	158997.000000
368.235000	161223.000000
368.240000	158919.000000
368.245000	163897.000000
368.250000	160861.000000
368.255000	162010.000000
368.260000	163822.000000
368.265000	165444.000000
368.270000	162572.000000
368.275000	160024.000000
368.280000	164439.000000
368.285000	163571.000000
368.290000	161834.000000
368.295000	161573.000000
368.300000	162755.000000
368.305000	160890.000000
368.310000	160331.000000
368.315000	158844.000000
368.320000	161044.000000
368.325000	156777.000000
368.330000	156711.000000
368.335000	156274.000000
368.340000	151533.000000
368.345000	153939.000000
368.350000	152228.000000
368.355000	152036.000000
368.360000	150357.000000
368.365000	149349.000000
368.370000	146718.000000
368.375000	144248.000000
368.380000	142327.000000
368.385000	142142.000000
368.390000	141790.000000
368.395000	138850.000000
368.400000	135660.000000
368.405000	134200.000000
368.410000	134499.000000
368.415000	132121.000000
368.420000	130808.000000
368.425000	129338.000000
368.430000	128188.000000
368.435000	127250.000000
368.440000	124099.000000
368.445000	123775.000000
368.450000	120733.000000
368.455000	120465.000000
368.460000	116157.000000
368.465000	117048.000000
368.470000	116118.000000
368.475000	111226.000000
368.480000	112543.000000
368.485000	109552.000000
368.490000	109623.000000
368.495000	106974.000000
368.500000	105085.000000
368.505000	105185.000000
368.510000	100712.000000
368.515000	99429.000000
368.520000	95891.000000
368.525000	94009.000000
368.530000	91539.000000
368.535000	89260.000000
368.540000	86006.000000
368.545000	85261.000000
368.550000	82641.000000
368.555000	82355.000000
368.560000	78973.000000
368.565000	76734.000000
368.570000	78603.000000
368.575000	75069.000000
368.580000	71974.000000
368.585000	72608.000000
368.590000	71377.000000
368.595000	70527.000000
368.600000	68108.000000
368.605000	67913.000000
368.610000	66395.000000
368.615000	68202.000000
368.620000	70712.000000
368.625000	80054.000000
368.630000	79381.000000
368.635000	72362.000000
368.640000	66025.000000
368.645000	64274.000000
368.650000	64575.000000
368.655000	64422.000000
368.660000	68797.000000
368.665000	73126.000000
368.670000	73106.000000
368.675000	70213.000000
368.680000	63955.000000
368.685000	59830.000000
368.690000	57356.000000
368.695000	57946.000000
368.700000	61407.000000
368.705000	58327.000000
368.710000	54374.000000
368.715000	50980.000000
368.720000	51069.000000
368.725000	49732.000000
368.730000	51369.000000
368.735000	51458.000000
368.740000	58004.000000
368.745000	64857.000000
368.750000	58458.000000
368.755000	52040.000000
368.760000	49538.000000
368.765000	47793.000000
368.770000	46035.000000
368.775000	45619.000000
368.780000	44338.000000
368.785000	44240.000000
368.790000	44951.000000
368.795000	42546.000000
368.800000	43986.000000
368.805000	43691.000000
368.810000	41517.000000
368.815000	41633.000000
368.820000	44169.000000
368.825000	42966.000000
368.830000	42832.000000
368.835000	43880.000000
368.840000	43560.000000
368.845000	47542.000000
368.850000	46933.000000
368.855000	47358.000000
368.860000	51332.000000
368.865000	55430.000000
368.870000	64759.000000
368.875000	64741.000000
368.880000	63371.000000
368.885000	66753.000000
368.890000	77202.000000
368.895000	72150.000000
368.900000	56676.000000
368.905000	46884.000000
368.910000	43398.000000
368.915000	39335.000000
368.920000	37862.000000
368.925000	35835.000000
368.930000	35309.000000
368.935000	35215.000000
368.940000	34397.000000
368.945000	34149.000000
368.950000	33647.000000
368.955000	33864.000000
368.960000	31638.000000
368.965000	32539.000000
368.970000	32359.000000
368.975000	33412.000000
368.980000	32737.000000
368.985000	31290.000000
368.990000	31557.000000
368.995000	32870.000000
369.000000	31876.000000
369.005000	31969.000000
369.010000	31215.000000
369.015000	30813.000000
369.020000	30719.000000
369.025000	31280.000000
369.030000	31293.000000
369.035000	30524.000000
369.040000	29914.000000
369.045000	30588.000000
369.050000	30737.000000
369.055000	30217.000000
369.060000	30356.000000
369.065000	30456.000000
369.070000	29811.000000
369.075000	30180.000000
369.080000	29629.000000
369.085000	30232.000000
369.090000	29183.000000
369.095000	29894.000000
369.100000	30003.000000
369.105000	30524.000000
369.110000	29531.000000
369.115000	30914.000000
369.120000	30731.000000
369.125000	30598.000000
369.130000	30133.000000
369.135000	31592.000000
369.140000	31350.000000
369.145000	31680.000000
369.150000	32864.000000
369.155000	32813.000000
369.160000	33437.000000
369.165000	35382.000000
369.170000	35254.000000
369.175000	39233.000000
369.180000	42027.000000
369.185000	45925.000000
369.190000	51239.000000
369.195000	55562.000000
369.200000	63505.000000
369.205000	73816.000000
369.210000	88134.000000
369.215000	116829.000000
369.220000	208385.000000
369.225000	489373.000000
369.230000	543347.000000
369.235000	293784.000000
369.240000	158077.000000
369.245000	100425.000000
369.250000	68076.000000
369.255000	52280.000000
369.260000	41885.000000
369.265000	35597.000000
369.270000	32769.000000
369.275000	29279.000000
369.280000	27950.000000
369.285000	27052.000000
369.290000	26021.000000
369.295000	25127.000000
369.300000	25503.000000
369.305000	25601.000000
369.310000	24573.000000
369.315000	24684.000000
369.320000	23975.000000
369.325000	24795.000000
369.330000	23748.000000
369.335000	23252.000000
369.340000	23062.000000
369.345000	22302.000000
369.350000	22778.000000
369.355000	22221.000000
369.360000	22382.000000
369.365000	21864.000000
369.370000	21802.000000
369.375000	21944.000000
369.380000	21538.000000
369.385000	21867.000000
369.390000	21284.000000
369.395000	20534.000000
369.400000	21029.000000
369.405000	21740.000000
369.410000	20747.000000
369.415000	19469.000000
369.420000	20254.000000
369.425000	19184.000000
369.430000	20489.000000
369.435000	20175.000000
369.440000	20507.000000
369.445000	19565.000000
369.450000	19364.000000
369.455000	19895.000000
369.460000	19413.000000
369.465000	18769.000000
369.470000	19452.000000
369.475000	19400.000000
369.480000	19107.000000
369.485000	18739.000000
369.490000	19104.000000
369.495000	18109.000000
369.500000	18384.000000
369.505000	18195.000000
369.510000	18716.000000
369.515000	17650.000000
369.520000	18415.000000
369.525000	17908.000000
369.530000	17564.000000
369.535000	18121.000000
369.540000	18526.000000
369.545000	17754.000000
369.550000	17606.000000
369.555000	16910.000000
369.560000	17590.000000
369.565000	17392.000000
369.570000	17196.000000
369.575000	17083.000000
369.580000	16899.000000
369.585000	16520.000000
369.590000	17079.000000
369.595000	16961.000000
369.600000	16726.000000
369.605000	16564.000000
369.610000	15946.000000
369.615000	16847.000000
369.620000	15866.000000
369.625000	15554.000000
369.630000	15904.000000
369.635000	16137.000000
369.640000	16125.000000
369.645000	16082.000000
369.650000	15830.000000
369.655000	16596.000000
369.660000	16249.000000
369.665000	15355.000000
369.670000	15846.000000
369.675000	15650.000000
369.680000	15872.000000
369.685000	15256.000000
369.690000	15247.000000
369.695000	15424.000000
369.700000	15528.000000
369.705000	14948.000000
369.710000	15189.000000
369.715000	14597.000000
369.720000	14817.000000
369.725000	14951.000000
369.730000	14499.000000
369.735000	14462.000000
369.740000	14359.000000
369.745000	15015.000000
369.750000	14400.000000
369.755000	14769.000000
369.760000	14258.000000
369.765000	14371.000000
369.770000	13633.000000
369.775000	14135.000000
369.780000	14420.000000
369.785000	14258.000000
369.790000	13877.000000
369.795000	13801.000000
369.800000	13545.000000
369.805000	13619.000000
369.810000	13226.000000
369.815000	13728.000000
369.820000	13374.000000
369.825000	13454.000000
369.830000	14014.000000
369.835000	12867.000000
369.840000	13425.000000
369.845000	13791.000000
369.850000	13756.000000
369.855000	13801.000000
369.860000	13293.000000
369.865000	12977.000000
369.870000	13426.000000
369.875000	13684.000000
369.880000	13059.000000
369.885000	12507.000000
369.890000	12431.000000
369.895000	12207.000000
369.900000	13471.000000
369.905000	12628.000000
369.910000	12686.000000
369.915000	12407.000000
369.920000	12131.000000
369.925000	12308.000000
369.930000	11996.000000
369.935000	12360.000000
369.940000	12835.000000
369.945000	12464.000000
369.950000	12149.000000
369.955000	12281.000000
369.960000	12054.000000
369.965000	11699.000000
369.970000	11975.000000
369.975000	11681.000000
369.980000	11958.000000
369.985000	11449.000000
369.990000	11677.000000
369.995000	11882.000000
370.000000	12488.000000
