Sample ID:		H1107 20um slit 20mW power
Start Time:		Tue Jul 14 2020 11:40:32 AM
Averaging Time:		1.000s

367.000000	520.000000
367.005000	450.000000
367.010000	420.000000
367.015000	428.000000
367.020000	378.000000
367.025000	416.000000
367.030000	482.000000
367.035000	407.000000
367.040000	461.000000
367.045000	359.000000
367.050000	408.000000
367.055000	371.000000
367.060000	498.000000
367.065000	349.000000
367.070000	438.000000
367.075000	462.000000
367.080000	398.000000
367.085000	516.000000
367.090000	487.000000
367.095000	627.000000
367.100000	510.000000
367.105000	537.000000
367.110000	481.000000
367.115000	633.000000
367.120000	561.000000
367.125000	519.000000
367.130000	497.000000
367.135000	540.000000
367.140000	544.000000
367.145000	620.000000
367.150000	701.000000
367.155000	632.000000
367.160000	582.000000
367.165000	633.000000
367.170000	781.000000
367.175000	688.000000
367.180000	837.000000
367.185000	1078.000000
367.190000	896.000000
367.195000	1018.000000
367.200000	686.000000
367.205000	733.000000
367.210000	526.000000
367.215000	581.000000
367.220000	511.000000
367.225000	469.000000
367.230000	481.000000
367.235000	594.000000
367.240000	381.000000
367.245000	488.000000
367.250000	427.000000
367.255000	592.000000
367.260000	528.000000
367.265000	544.000000
367.270000	677.000000
367.275000	570.000000
367.280000	603.000000
367.285000	753.000000
367.290000	640.000000
367.295000	707.000000
367.300000	795.000000
367.305000	936.000000
367.310000	799.000000
367.315000	734.000000
367.320000	850.000000
367.325000	980.000000
367.330000	856.000000
367.335000	909.000000
367.340000	807.000000
367.345000	895.000000
367.350000	1082.000000
367.355000	1137.000000
367.360000	1107.000000
367.365000	1358.000000
367.370000	1234.000000
367.375000	1349.000000
367.380000	1251.000000
367.385000	1462.000000
367.390000	1430.000000
367.395000	1435.000000
367.400000	1489.000000
367.405000	1651.000000
367.410000	1686.000000
367.415000	1205.000000
367.420000	1681.000000
367.425000	1854.000000
367.430000	1747.000000
367.435000	2048.000000
367.440000	2133.000000
367.445000	2071.000000
367.450000	1892.000000
367.455000	1843.000000
367.460000	2258.000000
367.465000	2015.000000
367.470000	2235.000000
367.475000	2012.000000
367.480000	2318.000000
367.485000	2092.000000
367.490000	2153.000000
367.495000	2379.000000
367.500000	2634.000000
367.505000	2961.000000
367.510000	2757.000000
367.515000	2839.000000
367.520000	3280.000000
367.525000	3213.000000
367.530000	3170.000000
367.535000	2927.000000
367.540000	3124.000000
367.545000	3212.000000
367.550000	3395.000000
367.555000	3485.000000
367.560000	3417.000000
367.565000	3724.000000
367.570000	3889.000000
367.575000	3838.000000
367.580000	4363.000000
367.585000	4085.000000
367.590000	4275.000000
367.595000	4367.000000
367.600000	4602.000000
367.605000	4368.000000
367.610000	4588.000000
367.615000	4511.000000
367.620000	4663.000000
367.625000	4451.000000
367.630000	5180.000000
367.635000	4922.000000
367.640000	4968.000000
367.645000	5185.000000
367.650000	5025.000000
367.655000	5270.000000
367.660000	5485.000000
367.665000	5613.000000
367.670000	6102.000000
367.675000	6153.000000
367.680000	5942.000000
367.685000	6284.000000
367.690000	7363.000000
367.695000	6312.000000
367.700000	6803.000000
367.705000	7119.000000
367.710000	7121.000000
367.715000	7458.000000
367.720000	8079.000000
367.725000	7964.000000
367.730000	7648.000000
367.735000	7911.000000
367.740000	8518.000000
367.745000	8564.000000
367.750000	9019.000000
367.755000	9516.000000
367.760000	9172.000000
367.765000	9517.000000
367.770000	9573.000000
367.775000	9852.000000
367.780000	10572.000000
367.785000	11169.000000
367.790000	10877.000000
367.795000	11329.000000
367.800000	11179.000000
367.805000	11121.000000
367.810000	11503.000000
367.815000	12589.000000
367.820000	12157.000000
367.825000	12300.000000
367.830000	12804.000000
367.835000	12879.000000
367.840000	13953.000000
367.845000	14077.000000
367.850000	14393.000000
367.855000	14509.000000
367.860000	14896.000000
367.865000	15107.000000
367.870000	15742.000000
367.875000	16177.000000
367.880000	16259.000000
367.885000	15817.000000
367.890000	16692.000000
367.895000	16364.000000
367.900000	17665.000000
367.905000	18456.000000
367.910000	18267.000000
367.915000	18353.000000
367.920000	18265.000000
367.925000	18944.000000
367.930000	19451.000000
367.935000	20096.000000
367.940000	20394.000000
367.945000	20610.000000
367.950000	22089.000000
367.955000	21871.000000
367.960000	22155.000000
367.965000	22267.000000
367.970000	23410.000000
367.975000	23311.000000
367.980000	23991.000000
367.985000	23565.000000
367.990000	25753.000000
367.995000	25388.000000
368.000000	25905.000000
368.005000	27619.000000
368.010000	28154.000000
368.015000	29568.000000
368.020000	31021.000000
368.025000	31000.000000
368.030000	33372.000000
368.035000	37969.000000
368.040000	47551.000000
368.045000	57044.000000
368.050000	52884.000000
368.055000	43600.000000
368.060000	41348.000000
368.065000	37798.000000
368.070000	36592.000000
368.075000	35788.000000
368.080000	35392.000000
368.085000	36249.000000
368.090000	36723.000000
368.095000	37499.000000
368.100000	37958.000000
368.105000	39481.000000
368.110000	39279.000000
368.115000	40806.000000
368.120000	40578.000000
368.125000	42678.000000
368.130000	42975.000000
368.135000	43974.000000
368.140000	44365.000000
368.145000	45272.000000
368.150000	45840.000000
368.155000	47364.000000
368.160000	46413.000000
368.165000	48412.000000
368.170000	49129.000000
368.175000	51029.000000
368.180000	51820.000000
368.185000	54259.000000
368.190000	54033.000000
368.195000	57631.000000
368.200000	57944.000000
368.205000	60613.000000
368.210000	59683.000000
368.215000	61777.000000
368.220000	61326.000000
368.225000	64903.000000
368.230000	65956.000000
368.235000	66581.000000
368.240000	68240.000000
368.245000	68894.000000
368.250000	72687.000000
368.255000	71763.000000
368.260000	73262.000000
368.265000	71856.000000
368.270000	75945.000000
368.275000	76154.000000
368.280000	78839.000000
368.285000	78208.000000
368.290000	80919.000000
368.295000	80046.000000
368.300000	79735.000000
368.305000	81948.000000
368.310000	81119.000000
368.315000	82584.000000
368.320000	81918.000000
368.325000	84913.000000
368.330000	84508.000000
368.335000	81633.000000
368.340000	82937.000000
368.345000	83976.000000
368.350000	83445.000000
368.355000	83995.000000
368.360000	81999.000000
368.365000	81601.000000
368.370000	80995.000000
368.375000	78792.000000
368.380000	78993.000000
368.385000	77905.000000
368.390000	77817.000000
368.395000	78378.000000
368.400000	76485.000000
368.405000	75980.000000
368.410000	76251.000000
368.415000	76095.000000
368.420000	75348.000000
368.425000	74382.000000
368.430000	75509.000000
368.435000	75212.000000
368.440000	73472.000000
368.445000	71875.000000
368.450000	71981.000000
368.455000	71957.000000
368.460000	70313.000000
368.465000	69845.000000
368.470000	71031.000000
368.475000	68022.000000
368.480000	68956.000000
368.485000	68720.000000
368.490000	67517.000000
368.495000	65354.000000
368.500000	64605.000000
368.505000	64030.000000
368.510000	61863.000000
368.515000	59330.000000
368.520000	58141.000000
368.525000	55448.000000
368.530000	54271.000000
368.535000	52286.000000
368.540000	50224.000000
368.545000	47159.000000
368.550000	46851.000000
368.555000	42952.000000
368.560000	42979.000000
368.565000	41503.000000
368.570000	40143.000000
368.575000	36964.000000
368.580000	37091.000000
368.585000	35897.000000
368.590000	33993.000000
368.595000	34593.000000
368.600000	33460.000000
368.605000	32341.000000
368.610000	31487.000000
368.615000	31697.000000
368.620000	33078.000000
368.625000	31904.000000
368.630000	30720.000000
368.635000	29136.000000
368.640000	28777.000000
368.645000	27974.000000
368.650000	26290.000000
368.655000	26410.000000
368.660000	28013.000000
368.665000	26426.000000
368.670000	26618.000000
368.675000	24246.000000
368.680000	24890.000000
368.685000	24220.000000
368.690000	24099.000000
368.695000	24018.000000
368.700000	24119.000000
368.705000	22294.000000
368.710000	22252.000000
368.715000	20727.000000
368.720000	22092.000000
368.725000	21746.000000
368.730000	22447.000000
368.735000	23183.000000
368.740000	27080.000000
368.745000	25142.000000
368.750000	21506.000000
368.755000	20316.000000
368.760000	18589.000000
368.765000	18909.000000
368.770000	18180.000000
368.775000	17807.000000
368.780000	18336.000000
368.785000	17271.000000
368.790000	18068.000000
368.795000	17088.000000
368.800000	17949.000000
368.805000	16847.000000
368.810000	17089.000000
368.815000	17564.000000
368.820000	18122.000000
368.825000	17110.000000
368.830000	17503.000000
368.835000	18088.000000
368.840000	18315.000000
368.845000	18665.000000
368.850000	20356.000000
368.855000	19226.000000
368.860000	21131.000000
368.865000	23076.000000
368.870000	24913.000000
368.875000	27795.000000
368.880000	33347.000000
368.885000	43291.000000
368.890000	39735.000000
368.895000	31411.000000
368.900000	24110.000000
368.905000	20159.000000
368.910000	17612.000000
368.915000	16638.000000
368.920000	15345.000000
368.925000	14503.000000
368.930000	13237.000000
368.935000	13191.000000
368.940000	12852.000000
368.945000	13411.000000
368.950000	12152.000000
368.955000	11680.000000
368.960000	11809.000000
368.965000	11990.000000
368.970000	11232.000000
368.975000	10891.000000
368.980000	11801.000000
368.985000	11338.000000
368.990000	11189.000000
368.995000	10950.000000
369.000000	11430.000000
369.005000	10483.000000
369.010000	10101.000000
369.015000	10103.000000
369.020000	10335.000000
369.025000	10395.000000
369.030000	10081.000000
369.035000	10222.000000
369.040000	10105.000000
369.045000	9932.000000
369.050000	9611.000000
369.055000	9559.000000
369.060000	10076.000000
369.065000	9896.000000
369.070000	9481.000000
369.075000	9980.000000
369.080000	9614.000000
369.085000	9696.000000
369.090000	9248.000000
369.095000	9501.000000
369.100000	8981.000000
369.105000	9111.000000
369.110000	9342.000000
369.115000	9115.000000
369.120000	8789.000000
369.125000	9391.000000
369.130000	8883.000000
369.135000	9309.000000
369.140000	9556.000000
369.145000	8843.000000
369.150000	9766.000000
369.155000	9628.000000
369.160000	9905.000000
369.165000	10338.000000
369.170000	11996.000000
369.175000	12226.000000
369.180000	13136.000000
369.185000	14666.000000
369.190000	14864.000000
369.195000	16900.000000
369.200000	19362.000000
369.205000	23410.000000
369.210000	31150.000000
369.215000	54289.000000
369.220000	95910.000000
369.225000	95116.000000
369.230000	57419.000000
369.235000	36379.000000
369.240000	24965.000000
369.245000	19928.000000
369.250000	15295.000000
369.255000	12286.000000
369.260000	11834.000000
369.265000	10281.000000
369.270000	9149.000000
369.275000	9354.000000
369.280000	8806.000000
369.285000	8090.000000
369.290000	7915.000000
369.295000	8625.000000
369.300000	7766.000000
369.305000	7377.000000
369.310000	7625.000000
369.315000	7724.000000
369.320000	7133.000000
369.325000	7615.000000
369.330000	7384.000000
369.335000	7591.000000
369.340000	7292.000000
369.345000	7362.000000
369.350000	6617.000000
369.355000	7525.000000
369.360000	6587.000000
369.365000	6849.000000
369.370000	7049.000000
369.375000	6723.000000
369.380000	6664.000000
369.385000	6783.000000
369.390000	6388.000000
369.395000	6050.000000
369.400000	6688.000000
369.405000	6276.000000
369.410000	6278.000000
369.415000	5957.000000
369.420000	6686.000000
369.425000	6441.000000
369.430000	5852.000000
369.435000	6572.000000
369.440000	5755.000000
369.445000	5917.000000
369.450000	5808.000000
369.455000	5977.000000
369.460000	5911.000000
369.465000	5655.000000
369.470000	5571.000000
369.475000	5845.000000
369.480000	5654.000000
369.485000	5715.000000
369.490000	5436.000000
369.495000	5420.000000
369.500000	5746.000000
369.505000	5436.000000
369.510000	5732.000000
369.515000	6075.000000
369.520000	5540.000000
369.525000	5784.000000
369.530000	5239.000000
369.535000	5627.000000
369.540000	5412.000000
369.545000	5270.000000
369.550000	5272.000000
369.555000	5536.000000
369.560000	5078.000000
369.565000	5525.000000
369.570000	5600.000000
369.575000	5667.000000
369.580000	5120.000000
369.585000	5313.000000
369.590000	5067.000000
369.595000	4969.000000
369.600000	5175.000000
369.605000	4847.000000
369.610000	4989.000000
369.615000	4669.000000
369.620000	5049.000000
369.625000	4942.000000
369.630000	4609.000000
369.635000	4992.000000
369.640000	5292.000000
369.645000	4746.000000
369.650000	4733.000000
369.655000	4670.000000
369.660000	4716.000000
369.665000	4719.000000
369.670000	4906.000000
369.675000	4789.000000
369.680000	5048.000000
369.685000	4528.000000
369.690000	4700.000000
369.695000	4611.000000
369.700000	4391.000000
369.705000	4276.000000
369.710000	4513.000000
369.715000	4560.000000
369.720000	4241.000000
369.725000	4591.000000
369.730000	4338.000000
369.735000	4077.000000
369.740000	4477.000000
369.745000	4595.000000
369.750000	4271.000000
369.755000	4419.000000
369.760000	4124.000000
369.765000	3970.000000
369.770000	4115.000000
369.775000	4392.000000
369.780000	4449.000000
369.785000	3953.000000
369.790000	3981.000000
369.795000	4159.000000
369.800000	4417.000000
369.805000	4417.000000
369.810000	4263.000000
369.815000	4017.000000
369.820000	4127.000000
369.825000	4079.000000
369.830000	3854.000000
369.835000	3931.000000
369.840000	3999.000000
369.845000	3919.000000
369.850000	3998.000000
369.855000	4099.000000
369.860000	3957.000000
369.865000	3620.000000
369.870000	4371.000000
369.875000	3903.000000
369.880000	4230.000000
369.885000	3818.000000
369.890000	4136.000000
369.895000	3780.000000
369.900000	3627.000000
369.905000	3774.000000
369.910000	3855.000000
369.915000	3973.000000
369.920000	3855.000000
369.925000	4028.000000
369.930000	3988.000000
369.935000	3714.000000
369.940000	3755.000000
369.945000	3677.000000
369.950000	3997.000000
369.955000	3595.000000
369.960000	3837.000000
369.965000	3688.000000
369.970000	3684.000000
369.975000	3483.000000
369.980000	3904.000000
369.985000	3760.000000
369.990000	3402.000000
369.995000	3925.000000
370.000000	3538.000000
