Sample ID:		H1092 Mg coat 20um slit 20mW power
Start Time:		Fri Jul 10 2020 1:34:10 PM
Averaging Time:		1.000s

360.000000	9.000000
360.005000	4.000000
360.010000	26.000000
360.015000	3.000000
360.020000	27.000000
360.025000	9.000000
360.030000	0.000000
360.035000	18.000000
360.040000	28.000000
360.045000	54.000000
360.050000	9.000000
360.055000	20.000000
360.060000	27.000000
360.065000	5.000000
360.070000	6.000000
360.075000	3.000000
360.080000	11.000000
360.085000	27.000000
360.090000	14.000000
360.095000	36.000000
360.100000	13.000000
360.105000	11.000000
360.110000	3.000000
360.115000	8.000000
360.120000	13.000000
360.125000	26.000000
360.130000	39.000000
360.135000	36.000000
360.140000	1.000000
360.145000	6.000000
360.150000	24.000000
360.155000	9.000000
360.160000	31.000000
360.165000	141.000000
360.170000	26.000000
360.175000	11.000000
360.180000	3.000000
360.185000	3.000000
360.190000	3.000000
360.195000	14.000000
360.200000	24.000000
360.205000	15.000000
360.210000	3.000000
360.215000	17.000000
360.220000	18.000000
360.225000	8.000000
360.230000	20.000000
360.235000	10.000000
360.240000	26.000000
360.245000	22.000000
360.250000	4.000000
360.255000	28.000000
360.260000	22.000000
360.265000	14.000000
360.270000	9.000000
360.275000	21.000000
360.280000	8.000000
360.285000	1.000000
360.290000	13.000000
360.295000	0.000000
360.300000	9.000000
360.305000	2.000000
360.310000	7.000000
360.315000	23.000000
360.320000	17.000000
360.325000	14.000000
360.330000	16.000000
360.335000	11.000000
360.340000	45.000000
360.345000	9.000000
360.350000	5.000000
360.355000	29.000000
360.360000	27.000000
360.365000	19.000000
360.370000	8.000000
360.375000	17.000000
360.380000	7.000000
360.385000	13.000000
360.390000	38.000000
360.395000	45.000000
360.400000	6.000000
360.405000	10.000000
360.410000	10.000000
360.415000	38.000000
360.420000	17.000000
360.425000	7.000000
360.430000	14.000000
360.435000	26.000000
360.440000	23.000000
360.445000	36.000000
360.450000	4.000000
360.455000	16.000000
360.460000	5.000000
360.465000	4.000000
360.470000	35.000000
360.475000	0.000000
360.480000	25.000000
360.485000	8.000000
360.490000	40.000000
360.495000	14.000000
360.500000	2.000000
360.505000	20.000000
360.510000	10.000000
360.515000	4.000000
360.520000	16.000000
360.525000	33.000000
360.530000	34.000000
360.535000	1.000000
360.540000	15.000000
360.545000	11.000000
360.550000	28.000000
360.555000	3.000000
360.560000	44.000000
360.565000	45.000000
360.570000	11.000000
360.575000	17.000000
360.580000	0.000000
360.585000	14.000000
360.590000	1.000000
360.595000	12.000000
360.600000	54.000000
360.605000	16.000000
360.610000	3.000000
360.615000	24.000000
360.620000	2.000000
360.625000	18.000000
360.630000	14.000000
360.635000	32.000000
360.640000	28.000000
360.645000	10.000000
360.650000	12.000000
360.655000	8.000000
360.660000	10.000000
360.665000	19.000000
360.670000	27.000000
360.675000	24.000000
360.680000	28.000000
360.685000	12.000000
360.690000	22.000000
360.695000	5.000000
360.700000	12.000000
360.705000	57.000000
360.710000	9.000000
360.715000	0.000000
360.720000	18.000000
360.725000	8.000000
360.730000	9.000000
360.735000	2.000000
360.740000	25.000000
360.745000	43.000000
360.750000	16.000000
360.755000	16.000000
360.760000	12.000000
360.765000	8.000000
360.770000	22.000000
360.775000	0.000000
360.780000	8.000000
360.785000	10.000000
360.790000	21.000000
360.795000	9.000000
360.800000	16.000000
360.805000	8.000000
360.810000	38.000000
360.815000	7.000000
360.820000	19.000000
360.825000	16.000000
360.830000	13.000000
360.835000	12.000000
360.840000	14.000000
360.845000	19.000000
360.850000	1.000000
360.855000	24.000000
360.860000	11.000000
360.865000	5.000000
360.870000	3.000000
360.875000	6.000000
360.880000	11.000000
360.885000	7.000000
360.890000	4.000000
360.895000	16.000000
360.900000	5.000000
360.905000	35.000000
360.910000	16.000000
360.915000	10.000000
360.920000	13.000000
360.925000	4.000000
360.930000	26.000000
360.935000	13.000000
360.940000	12.000000
360.945000	2.000000
360.950000	37.000000
360.955000	9.000000
360.960000	3.000000
360.965000	61.000000
360.970000	36.000000
360.975000	60.000000
360.980000	19.000000
360.985000	10.000000
360.990000	57.000000
360.995000	16.000000
361.000000	2.000000
361.005000	22.000000
361.010000	11.000000
361.015000	9.000000
361.020000	36.000000
361.025000	3.000000
361.030000	18.000000
361.035000	1.000000
361.040000	14.000000
361.045000	26.000000
361.050000	22.000000
361.055000	6.000000
361.060000	15.000000
361.065000	8.000000
361.070000	3.000000
361.075000	5.000000
361.080000	10.000000
361.085000	14.000000
361.090000	66.000000
361.095000	80.000000
361.100000	15.000000
361.105000	7.000000
361.110000	74.000000
361.115000	37.000000
361.120000	17.000000
361.125000	17.000000
361.130000	8.000000
361.135000	1.000000
361.140000	96.000000
361.145000	10.000000
361.150000	13.000000
361.155000	4.000000
361.160000	15.000000
361.165000	25.000000
361.170000	26.000000
361.175000	8.000000
361.180000	18.000000
361.185000	15.000000
361.190000	20.000000
361.195000	80.000000
361.200000	21.000000
361.205000	13.000000
361.210000	32.000000
361.215000	16.000000
361.220000	12.000000
361.225000	9.000000
361.230000	5.000000
361.235000	4.000000
361.240000	34.000000
361.245000	13.000000
361.250000	33.000000
361.255000	4.000000
361.260000	17.000000
361.265000	7.000000
361.270000	2.000000
361.275000	29.000000
361.280000	18.000000
361.285000	4.000000
361.290000	14.000000
361.295000	25.000000
361.300000	18.000000
361.305000	12.000000
361.310000	27.000000
361.315000	26.000000
361.320000	33.000000
361.325000	1.000000
361.330000	3.000000
361.335000	16.000000
361.340000	8.000000
361.345000	11.000000
361.350000	34.000000
361.355000	28.000000
361.360000	20.000000
361.365000	17.000000
361.370000	2.000000
361.375000	5.000000
361.380000	5.000000
361.385000	3.000000
361.390000	14.000000
361.395000	16.000000
361.400000	29.000000
361.405000	8.000000
361.410000	11.000000
361.415000	4.000000
361.420000	31.000000
361.425000	2.000000
361.430000	25.000000
361.435000	34.000000
361.440000	8.000000
361.445000	14.000000
361.450000	31.000000
361.455000	35.000000
361.460000	1.000000
361.465000	5.000000
361.470000	13.000000
361.475000	22.000000
361.480000	25.000000
361.485000	1.000000
361.490000	24.000000
361.495000	50.000000
361.500000	28.000000
361.505000	37.000000
361.510000	7.000000
361.515000	45.000000
361.520000	22.000000
361.525000	5.000000
361.530000	4.000000
361.535000	26.000000
361.540000	1.000000
361.545000	13.000000
361.550000	11.000000
361.555000	27.000000
361.560000	0.000000
361.565000	7.000000
361.570000	33.000000
361.575000	28.000000
361.580000	3.000000
361.585000	11.000000
361.590000	45.000000
361.595000	41.000000
361.600000	11.000000
361.605000	5.000000
361.610000	9.000000
361.615000	23.000000
361.620000	27.000000
361.625000	2.000000
361.630000	2.000000
361.635000	11.000000
361.640000	48.000000
361.645000	43.000000
361.650000	21.000000
361.655000	15.000000
361.660000	29.000000
361.665000	7.000000
361.670000	17.000000
361.675000	7.000000
361.680000	33.000000
361.685000	10.000000
361.690000	12.000000
361.695000	11.000000
361.700000	24.000000
361.705000	35.000000
361.710000	19.000000
361.715000	53.000000
361.720000	46.000000
361.725000	20.000000
361.730000	48.000000
361.735000	32.000000
361.740000	46.000000
361.745000	48.000000
361.750000	44.000000
361.755000	1.000000
361.760000	21.000000
361.765000	7.000000
361.770000	27.000000
361.775000	16.000000
361.780000	10.000000
361.785000	14.000000
361.790000	9.000000
361.795000	7.000000
361.800000	38.000000
361.805000	50.000000
361.810000	29.000000
361.815000	15.000000
361.820000	11.000000
361.825000	65.000000
361.830000	19.000000
361.835000	36.000000
361.840000	7.000000
361.845000	17.000000
361.850000	40.000000
361.855000	7.000000
361.860000	43.000000
361.865000	1.000000
361.870000	13.000000
361.875000	22.000000
361.880000	0.000000
361.885000	27.000000
361.890000	13.000000
361.895000	12.000000
361.900000	5.000000
361.905000	3.000000
361.910000	14.000000
361.915000	13.000000
361.920000	90.000000
361.925000	2.000000
361.930000	29.000000
361.935000	18.000000
361.940000	12.000000
361.945000	23.000000
361.950000	19.000000
361.955000	33.000000
361.960000	5.000000
361.965000	22.000000
361.970000	41.000000
361.975000	17.000000
361.980000	3.000000
361.985000	47.000000
361.990000	18.000000
361.995000	39.000000
362.000000	15.000000
362.005000	3.000000
362.010000	3.000000
362.015000	7.000000
362.020000	29.000000
362.025000	94.000000
362.030000	5.000000
362.035000	16.000000
362.040000	4.000000
362.045000	31.000000
362.050000	10.000000
362.055000	21.000000
362.060000	16.000000
362.065000	8.000000
362.070000	7.000000
362.075000	15.000000
362.080000	4.000000
362.085000	4.000000
362.090000	8.000000
362.095000	20.000000
362.100000	11.000000
362.105000	4.000000
362.110000	13.000000
362.115000	19.000000
362.120000	31.000000
362.125000	29.000000
362.130000	32.000000
362.135000	17.000000
362.140000	8.000000
362.145000	20.000000
362.150000	18.000000
362.155000	23.000000
362.160000	4.000000
362.165000	8.000000
362.170000	17.000000
362.175000	26.000000
362.180000	22.000000
362.185000	45.000000
362.190000	12.000000
362.195000	12.000000
362.200000	4.000000
362.205000	19.000000
362.210000	8.000000
362.215000	5.000000
362.220000	27.000000
362.225000	0.000000
362.230000	4.000000
362.235000	40.000000
362.240000	27.000000
362.245000	4.000000
362.250000	30.000000
362.255000	12.000000
362.260000	27.000000
362.265000	7.000000
362.270000	3.000000
362.275000	0.000000
362.280000	12.000000
362.285000	16.000000
362.290000	1.000000
362.295000	10.000000
362.300000	20.000000
362.305000	12.000000
362.310000	34.000000
362.315000	16.000000
362.320000	3.000000
362.325000	10.000000
362.330000	18.000000
362.335000	23.000000
362.340000	6.000000
362.345000	12.000000
362.350000	12.000000
362.355000	27.000000
362.360000	8.000000
362.365000	22.000000
362.370000	4.000000
362.375000	24.000000
362.380000	35.000000
362.385000	41.000000
362.390000	9.000000
362.395000	4.000000
362.400000	38.000000
362.405000	19.000000
362.410000	9.000000
362.415000	12.000000
362.420000	37.000000
362.425000	18.000000
362.430000	12.000000
362.435000	27.000000
362.440000	33.000000
362.445000	12.000000
362.450000	25.000000
362.455000	40.000000
362.460000	16.000000
362.465000	10.000000
362.470000	7.000000
362.475000	25.000000
362.480000	9.000000
362.485000	61.000000
362.490000	1.000000
362.495000	12.000000
362.500000	16.000000
362.505000	8.000000
362.510000	17.000000
362.515000	19.000000
362.520000	15.000000
362.525000	19.000000
362.530000	14.000000
362.535000	21.000000
362.540000	15.000000
362.545000	30.000000
362.550000	1.000000
362.555000	5.000000
362.560000	26.000000
362.565000	6.000000
362.570000	32.000000
362.575000	13.000000
362.580000	20.000000
362.585000	1.000000
362.590000	19.000000
362.595000	30.000000
362.600000	4.000000
362.605000	64.000000
362.610000	41.000000
362.615000	46.000000
362.620000	20.000000
362.625000	5.000000
362.630000	17.000000
362.635000	47.000000
362.640000	27.000000
362.645000	23.000000
362.650000	35.000000
362.655000	8.000000
362.660000	19.000000
362.665000	30.000000
362.670000	16.000000
362.675000	14.000000
362.680000	12.000000
362.685000	25.000000
362.690000	33.000000
362.695000	41.000000
362.700000	17.000000
362.705000	4.000000
362.710000	8.000000
362.715000	20.000000
362.720000	8.000000
362.725000	57.000000
362.730000	8.000000
362.735000	13.000000
362.740000	63.000000
362.745000	23.000000
362.750000	16.000000
362.755000	3.000000
362.760000	14.000000
362.765000	14.000000
362.770000	34.000000
362.775000	27.000000
362.780000	21.000000
362.785000	6.000000
362.790000	80.000000
362.795000	21.000000
362.800000	16.000000
362.805000	31.000000
362.810000	16.000000
362.815000	30.000000
362.820000	47.000000
362.825000	9.000000
362.830000	65.000000
362.835000	4.000000
362.840000	34.000000
362.845000	10.000000
362.850000	4.000000
362.855000	6.000000
362.860000	1.000000
362.865000	17.000000
362.870000	32.000000
362.875000	18.000000
362.880000	15.000000
362.885000	2.000000
362.890000	0.000000
362.895000	11.000000
362.900000	9.000000
362.905000	3.000000
362.910000	21.000000
362.915000	22.000000
362.920000	21.000000
362.925000	12.000000
362.930000	18.000000
362.935000	22.000000
362.940000	14.000000
362.945000	2.000000
362.950000	6.000000
362.955000	18.000000
362.960000	23.000000
362.965000	36.000000
362.970000	22.000000
362.975000	1.000000
362.980000	46.000000
362.985000	1.000000
362.990000	27.000000
362.995000	17.000000
363.000000	3.000000
363.005000	11.000000
363.010000	25.000000
363.015000	36.000000
363.020000	9.000000
363.025000	19.000000
363.030000	1.000000
363.035000	7.000000
363.040000	23.000000
363.045000	54.000000
363.050000	10.000000
363.055000	13.000000
363.060000	17.000000
363.065000	2.000000
363.070000	38.000000
363.075000	7.000000
363.080000	4.000000
363.085000	8.000000
363.090000	18.000000
363.095000	24.000000
363.100000	6.000000
363.105000	11.000000
363.110000	17.000000
363.115000	11.000000
363.120000	17.000000
363.125000	6.000000
363.130000	2.000000
363.135000	60.000000
363.140000	10.000000
363.145000	7.000000
363.150000	41.000000
363.155000	45.000000
363.160000	28.000000
363.165000	10.000000
363.170000	33.000000
363.175000	19.000000
363.180000	30.000000
363.185000	7.000000
363.190000	41.000000
363.195000	1.000000
363.200000	5.000000
363.205000	39.000000
363.210000	11.000000
363.215000	35.000000
363.220000	94.000000
363.225000	24.000000
363.230000	14.000000
363.235000	6.000000
363.240000	5.000000
363.245000	19.000000
363.250000	23.000000
363.255000	18.000000
363.260000	9.000000
363.265000	26.000000
363.270000	5.000000
363.275000	49.000000
363.280000	0.000000
363.285000	10.000000
363.290000	10.000000
363.295000	16.000000
363.300000	13.000000
363.305000	13.000000
363.310000	14.000000
363.315000	19.000000
363.320000	39.000000
363.325000	7.000000
363.330000	13.000000
363.335000	28.000000
363.340000	16.000000
363.345000	21.000000
363.350000	10.000000
363.355000	13.000000
363.360000	37.000000
363.365000	11.000000
363.370000	33.000000
363.375000	4.000000
363.380000	1.000000
363.385000	13.000000
363.390000	23.000000
363.395000	10.000000
363.400000	2.000000
363.405000	5.000000
363.410000	5.000000
363.415000	11.000000
363.420000	15.000000
363.425000	12.000000
363.430000	14.000000
363.435000	15.000000
363.440000	19.000000
363.445000	24.000000
363.450000	8.000000
363.455000	5.000000
363.460000	6.000000
363.465000	12.000000
363.470000	13.000000
363.475000	4.000000
363.480000	6.000000
363.485000	29.000000
363.490000	12.000000
363.495000	12.000000
363.500000	14.000000
363.505000	21.000000
363.510000	38.000000
363.515000	1.000000
363.520000	15.000000
363.525000	50.000000
363.530000	6.000000
363.535000	8.000000
363.540000	12.000000
363.545000	6.000000
363.550000	11.000000
363.555000	15.000000
363.560000	11.000000
363.565000	34.000000
363.570000	5.000000
363.575000	16.000000
363.580000	10.000000
363.585000	4.000000
363.590000	5.000000
363.595000	11.000000
363.600000	17.000000
363.605000	11.000000
363.610000	14.000000
363.615000	8.000000
363.620000	2.000000
363.625000	25.000000
363.630000	20.000000
363.635000	7.000000
363.640000	60.000000
363.645000	7.000000
363.650000	13.000000
363.655000	7.000000
363.660000	9.000000
363.665000	1.000000
363.670000	18.000000
363.675000	5.000000
363.680000	2.000000
363.685000	13.000000
363.690000	77.000000
363.695000	10.000000
363.700000	21.000000
363.705000	28.000000
363.710000	5.000000
363.715000	8.000000
363.720000	11.000000
363.725000	26.000000
363.730000	12.000000
363.735000	15.000000
363.740000	20.000000
363.745000	3.000000
363.750000	28.000000
363.755000	5.000000
363.760000	49.000000
363.765000	15.000000
363.770000	13.000000
363.775000	7.000000
363.780000	3.000000
363.785000	11.000000
363.790000	30.000000
363.795000	1.000000
363.800000	34.000000
363.805000	62.000000
363.810000	4.000000
363.815000	2.000000
363.820000	15.000000
363.825000	34.000000
363.830000	29.000000
363.835000	2.000000
363.840000	31.000000
363.845000	29.000000
363.850000	7.000000
363.855000	39.000000
363.860000	19.000000
363.865000	8.000000
363.870000	40.000000
363.875000	18.000000
363.880000	15.000000
363.885000	7.000000
363.890000	51.000000
363.895000	3.000000
363.900000	10.000000
363.905000	32.000000
363.910000	35.000000
363.915000	24.000000
363.920000	23.000000
363.925000	17.000000
363.930000	17.000000
363.935000	11.000000
363.940000	8.000000
363.945000	27.000000
363.950000	3.000000
363.955000	19.000000
363.960000	32.000000
363.965000	4.000000
363.970000	7.000000
363.975000	4.000000
363.980000	28.000000
363.985000	19.000000
363.990000	27.000000
363.995000	13.000000
364.000000	6.000000
364.005000	12.000000
364.010000	22.000000
364.015000	12.000000
364.020000	20.000000
364.025000	1.000000
364.030000	2.000000
364.035000	17.000000
364.040000	41.000000
364.045000	7.000000
364.050000	22.000000
364.055000	10.000000
364.060000	31.000000
364.065000	20.000000
364.070000	14.000000
364.075000	22.000000
364.080000	18.000000
364.085000	42.000000
364.090000	15.000000
364.095000	18.000000
364.100000	21.000000
364.105000	8.000000
364.110000	7.000000
364.115000	1.000000
364.120000	36.000000
364.125000	7.000000
364.130000	91.000000
364.135000	19.000000
364.140000	28.000000
364.145000	21.000000
364.150000	2.000000
364.155000	17.000000
364.160000	17.000000
364.165000	17.000000
364.170000	1.000000
364.175000	21.000000
364.180000	26.000000
364.185000	7.000000
364.190000	6.000000
364.195000	10.000000
364.200000	25.000000
364.205000	15.000000
364.210000	20.000000
364.215000	39.000000
364.220000	7.000000
364.225000	8.000000
364.230000	10.000000
364.235000	17.000000
364.240000	36.000000
364.245000	23.000000
364.250000	12.000000
364.255000	7.000000
364.260000	16.000000
364.265000	14.000000
364.270000	25.000000
364.275000	19.000000
364.280000	27.000000
364.285000	10.000000
364.290000	19.000000
364.295000	55.000000
364.300000	28.000000
364.305000	46.000000
364.310000	11.000000
364.315000	21.000000
364.320000	2.000000
364.325000	17.000000
364.330000	19.000000
364.335000	41.000000
364.340000	32.000000
364.345000	20.000000
364.350000	7.000000
364.355000	56.000000
364.360000	16.000000
364.365000	39.000000
364.370000	20.000000
364.375000	21.000000
364.380000	13.000000
364.385000	12.000000
364.390000	3.000000
364.395000	7.000000
364.400000	28.000000
364.405000	17.000000
364.410000	13.000000
364.415000	3.000000
364.420000	0.000000
364.425000	6.000000
364.430000	28.000000
364.435000	20.000000
364.440000	18.000000
364.445000	55.000000
364.450000	8.000000
364.455000	3.000000
364.460000	11.000000
364.465000	4.000000
364.470000	12.000000
364.475000	6.000000
364.480000	26.000000
364.485000	28.000000
364.490000	5.000000
364.495000	10.000000
364.500000	5.000000
364.505000	37.000000
364.510000	22.000000
364.515000	22.000000
364.520000	2.000000
364.525000	4.000000
364.530000	43.000000
364.535000	2.000000
364.540000	28.000000
364.545000	16.000000
364.550000	42.000000
364.555000	6.000000
364.560000	12.000000
364.565000	2.000000
364.570000	1.000000
364.575000	30.000000
364.580000	16.000000
364.585000	21.000000
364.590000	40.000000
364.595000	29.000000
364.600000	13.000000
364.605000	16.000000
364.610000	11.000000
364.615000	2.000000
364.620000	14.000000
364.625000	10.000000
364.630000	12.000000
364.635000	2.000000
364.640000	17.000000
364.645000	18.000000
364.650000	16.000000
364.655000	22.000000
364.660000	3.000000
364.665000	0.000000
364.670000	17.000000
364.675000	15.000000
364.680000	15.000000
364.685000	9.000000
364.690000	14.000000
364.695000	42.000000
364.700000	21.000000
364.705000	6.000000
364.710000	13.000000
364.715000	11.000000
364.720000	31.000000
364.725000	52.000000
364.730000	21.000000
364.735000	9.000000
364.740000	30.000000
364.745000	29.000000
364.750000	15.000000
364.755000	19.000000
364.760000	13.000000
364.765000	52.000000
364.770000	6.000000
364.775000	14.000000
364.780000	2.000000
364.785000	14.000000
364.790000	17.000000
364.795000	45.000000
364.800000	32.000000
364.805000	15.000000
364.810000	9.000000
364.815000	3.000000
364.820000	18.000000
364.825000	25.000000
364.830000	7.000000
364.835000	5.000000
364.840000	17.000000
364.845000	2.000000
364.850000	22.000000
364.855000	27.000000
364.860000	11.000000
364.865000	19.000000
364.870000	16.000000
364.875000	40.000000
364.880000	4.000000
364.885000	10.000000
364.890000	30.000000
364.895000	8.000000
364.900000	2.000000
364.905000	15.000000
364.910000	6.000000
364.915000	35.000000
364.920000	17.000000
364.925000	31.000000
364.930000	4.000000
364.935000	20.000000
364.940000	30.000000
364.945000	5.000000
364.950000	32.000000
364.955000	19.000000
364.960000	26.000000
364.965000	33.000000
364.970000	40.000000
364.975000	21.000000
364.980000	6.000000
364.985000	18.000000
364.990000	29.000000
364.995000	44.000000
365.000000	16.000000
365.005000	24.000000
365.010000	7.000000
365.015000	25.000000
365.020000	1.000000
365.025000	16.000000
365.030000	5.000000
365.035000	37.000000
365.040000	35.000000
365.045000	6.000000
365.050000	14.000000
365.055000	13.000000
365.060000	23.000000
365.065000	26.000000
365.070000	66.000000
365.075000	0.000000
365.080000	14.000000
365.085000	39.000000
365.090000	11.000000
365.095000	5.000000
365.100000	16.000000
365.105000	17.000000
365.110000	7.000000
365.115000	9.000000
365.120000	16.000000
365.125000	73.000000
365.130000	4.000000
365.135000	19.000000
365.140000	6.000000
365.145000	16.000000
365.150000	13.000000
365.155000	31.000000
365.160000	30.000000
365.165000	27.000000
365.170000	30.000000
365.175000	12.000000
365.180000	44.000000
365.185000	46.000000
365.190000	20.000000
365.195000	58.000000
365.200000	12.000000
365.205000	9.000000
365.210000	5.000000
365.215000	11.000000
365.220000	42.000000
365.225000	16.000000
365.230000	37.000000
365.235000	14.000000
365.240000	58.000000
365.245000	15.000000
365.250000	14.000000
365.255000	46.000000
365.260000	21.000000
365.265000	79.000000
365.270000	21.000000
365.275000	18.000000
365.280000	5.000000
365.285000	28.000000
365.290000	13.000000
365.295000	33.000000
365.300000	23.000000
365.305000	20.000000
365.310000	16.000000
365.315000	23.000000
365.320000	20.000000
365.325000	33.000000
365.330000	5.000000
365.335000	12.000000
365.340000	13.000000
365.345000	19.000000
365.350000	22.000000
365.355000	6.000000
365.360000	30.000000
365.365000	18.000000
365.370000	38.000000
365.375000	7.000000
365.380000	19.000000
365.385000	22.000000
365.390000	2.000000
365.395000	26.000000
365.400000	13.000000
365.405000	38.000000
365.410000	16.000000
365.415000	4.000000
365.420000	2.000000
365.425000	12.000000
365.430000	19.000000
365.435000	20.000000
365.440000	18.000000
365.445000	24.000000
365.450000	30.000000
365.455000	37.000000
365.460000	8.000000
365.465000	24.000000
365.470000	3.000000
365.475000	21.000000
365.480000	30.000000
365.485000	23.000000
365.490000	41.000000
365.495000	28.000000
365.500000	16.000000
365.505000	25.000000
365.510000	24.000000
365.515000	32.000000
365.520000	16.000000
365.525000	50.000000
365.530000	18.000000
365.535000	33.000000
365.540000	22.000000
365.545000	31.000000
365.550000	20.000000
365.555000	33.000000
365.560000	13.000000
365.565000	17.000000
365.570000	26.000000
365.575000	33.000000
365.580000	12.000000
365.585000	18.000000
365.590000	48.000000
365.595000	20.000000
365.600000	61.000000
365.605000	38.000000
365.610000	9.000000
365.615000	56.000000
365.620000	37.000000
365.625000	28.000000
365.630000	21.000000
365.635000	28.000000
365.640000	6.000000
365.645000	18.000000
365.650000	34.000000
365.655000	11.000000
365.660000	43.000000
365.665000	18.000000
365.670000	28.000000
365.675000	35.000000
365.680000	27.000000
365.685000	12.000000
365.690000	36.000000
365.695000	30.000000
365.700000	38.000000
365.705000	41.000000
365.710000	12.000000
365.715000	17.000000
365.720000	21.000000
365.725000	31.000000
365.730000	53.000000
365.735000	10.000000
365.740000	2.000000
365.745000	29.000000
365.750000	28.000000
365.755000	18.000000
365.760000	9.000000
365.765000	47.000000
365.770000	24.000000
365.775000	23.000000
365.780000	23.000000
365.785000	50.000000
365.790000	26.000000
365.795000	2.000000
365.800000	51.000000
365.805000	29.000000
365.810000	39.000000
365.815000	53.000000
365.820000	49.000000
365.825000	26.000000
365.830000	35.000000
365.835000	48.000000
365.840000	50.000000
365.845000	26.000000
365.850000	23.000000
365.855000	28.000000
365.860000	18.000000
365.865000	36.000000
365.870000	21.000000
365.875000	103.000000
365.880000	30.000000
365.885000	39.000000
365.890000	47.000000
365.895000	15.000000
365.900000	36.000000
365.905000	34.000000
365.910000	3.000000
365.915000	41.000000
365.920000	60.000000
365.925000	35.000000
365.930000	47.000000
365.935000	54.000000
365.940000	36.000000
365.945000	55.000000
365.950000	49.000000
365.955000	76.000000
365.960000	27.000000
365.965000	45.000000
365.970000	114.000000
365.975000	55.000000
365.980000	38.000000
365.985000	37.000000
365.990000	53.000000
365.995000	32.000000
366.000000	90.000000
366.005000	31.000000
366.010000	49.000000
366.015000	79.000000
366.020000	27.000000
366.025000	53.000000
366.030000	58.000000
366.035000	46.000000
366.040000	94.000000
366.045000	46.000000
366.050000	60.000000
366.055000	45.000000
366.060000	51.000000
366.065000	23.000000
366.070000	86.000000
366.075000	67.000000
366.080000	70.000000
366.085000	17.000000
366.090000	29.000000
366.095000	71.000000
366.100000	88.000000
366.105000	28.000000
366.110000	67.000000
366.115000	69.000000
366.120000	46.000000
366.125000	22.000000
366.130000	53.000000
366.135000	79.000000
366.140000	76.000000
366.145000	45.000000
366.150000	75.000000
366.155000	68.000000
366.160000	80.000000
366.165000	44.000000
366.170000	81.000000
366.175000	37.000000
366.180000	24.000000
366.185000	73.000000
366.190000	86.000000
366.195000	48.000000
366.200000	88.000000
366.205000	76.000000
366.210000	77.000000
366.215000	107.000000
366.220000	65.000000
366.225000	95.000000
366.230000	139.000000
366.235000	55.000000
366.240000	55.000000
366.245000	79.000000
366.250000	48.000000
366.255000	77.000000
366.260000	111.000000
366.265000	59.000000
366.270000	105.000000
366.275000	168.000000
366.280000	176.000000
366.285000	142.000000
366.290000	48.000000
366.295000	94.000000
366.300000	92.000000
366.305000	136.000000
366.310000	120.000000
366.315000	133.000000
366.320000	104.000000
366.325000	70.000000
366.330000	54.000000
366.335000	127.000000
366.340000	96.000000
366.345000	60.000000
366.350000	105.000000
366.355000	120.000000
366.360000	101.000000
366.365000	62.000000
366.370000	103.000000
366.375000	170.000000
366.380000	82.000000
366.385000	72.000000
366.390000	126.000000
366.395000	137.000000
366.400000	115.000000
366.405000	152.000000
366.410000	132.000000
366.415000	164.000000
366.420000	135.000000
366.425000	165.000000
366.430000	110.000000
366.435000	112.000000
366.440000	104.000000
366.445000	158.000000
366.450000	139.000000
366.455000	157.000000
366.460000	189.000000
366.465000	255.000000
366.470000	172.000000
366.475000	174.000000
366.480000	212.000000
366.485000	222.000000
366.490000	238.000000
366.495000	144.000000
366.500000	172.000000
366.505000	406.000000
366.510000	266.000000
366.515000	224.000000
366.520000	188.000000
366.525000	266.000000
366.530000	205.000000
366.535000	213.000000
366.540000	196.000000
366.545000	271.000000
366.550000	392.000000
366.555000	222.000000
366.560000	350.000000
366.565000	384.000000
366.570000	445.000000
366.575000	401.000000
366.580000	366.000000
366.585000	501.000000
366.590000	557.000000
366.595000	376.000000
366.600000	459.000000
366.605000	523.000000
366.610000	501.000000
366.615000	560.000000
366.620000	650.000000
366.625000	789.000000
366.630000	800.000000
366.635000	815.000000
366.640000	844.000000
366.645000	1159.000000
366.650000	1038.000000
366.655000	1042.000000
366.660000	1245.000000
366.665000	1485.000000
366.670000	1196.000000
366.675000	1062.000000
366.680000	1220.000000
366.685000	1013.000000
366.690000	1117.000000
366.695000	1110.000000
366.700000	1403.000000
366.705000	1505.000000
366.710000	1180.000000
366.715000	1132.000000
366.720000	1307.000000
366.725000	1432.000000
366.730000	1258.000000
366.735000	1209.000000
366.740000	1494.000000
366.745000	1347.000000
366.750000	1296.000000
366.755000	1394.000000
366.760000	1532.000000
366.765000	1535.000000
366.770000	1544.000000
366.775000	1493.000000
366.780000	1579.000000
366.785000	1809.000000
366.790000	1895.000000
366.795000	1921.000000
366.800000	1991.000000
366.805000	1861.000000
366.810000	2151.000000
366.815000	2396.000000
366.820000	2408.000000
366.825000	2520.000000
366.830000	2923.000000
366.835000	2768.000000
366.840000	3002.000000
366.845000	3227.000000
366.850000	3397.000000
366.855000	3938.000000
366.860000	3936.000000
366.865000	4458.000000
366.870000	4481.000000
366.875000	5110.000000
366.880000	5159.000000
366.885000	5881.000000
366.890000	6199.000000
366.895000	6838.000000
366.900000	7667.000000
366.905000	8642.000000
366.910000	8670.000000
366.915000	8351.000000
366.920000	6794.000000
366.925000	6516.000000
366.930000	7628.000000
366.935000	7180.000000
366.940000	7339.000000
366.945000	7580.000000
366.950000	8074.000000
366.955000	8162.000000
366.960000	9241.000000
366.965000	9085.000000
366.970000	9554.000000
366.975000	9106.000000
366.980000	10243.000000
366.985000	10625.000000
366.990000	11049.000000
366.995000	11610.000000
367.000000	11622.000000
367.005000	12658.000000
367.010000	12544.000000
367.015000	12768.000000
367.020000	13466.000000
367.025000	13830.000000
367.030000	14628.000000
367.035000	14702.000000
367.040000	15053.000000
367.045000	15574.000000
367.050000	16593.000000
367.055000	17098.000000
367.060000	16523.000000
367.065000	16992.000000
367.070000	17590.000000
367.075000	19578.000000
367.080000	18876.000000
367.085000	19852.000000
367.090000	19653.000000
367.095000	20545.000000
367.100000	20890.000000
367.105000	21455.000000
367.110000	21190.000000
367.115000	21629.000000
367.120000	23259.000000
367.125000	23175.000000
367.130000	23247.000000
367.135000	23117.000000
367.140000	24767.000000
367.145000	25562.000000
367.150000	25013.000000
367.155000	26335.000000
367.160000	26180.000000
367.165000	26790.000000
367.170000	26933.000000
367.175000	26256.000000
367.180000	25572.000000
367.185000	26064.000000
367.190000	28104.000000
367.195000	26615.000000
367.200000	27787.000000
367.205000	27740.000000
367.210000	27947.000000
367.215000	28299.000000
367.220000	29736.000000
367.225000	31885.000000
367.230000	33113.000000
367.235000	35621.000000
367.240000	35526.000000
367.245000	33992.000000
367.250000	34099.000000
367.255000	32665.000000
367.260000	32703.000000
367.265000	32901.000000
367.270000	33066.000000
367.275000	33773.000000
367.280000	33799.000000
367.285000	34409.000000
367.290000	35507.000000
367.295000	35944.000000
367.300000	34861.000000
367.305000	35820.000000
367.310000	36702.000000
367.315000	36635.000000
367.320000	36976.000000
367.325000	37097.000000
367.330000	38224.000000
367.335000	37913.000000
367.340000	38839.000000
367.345000	39754.000000
367.350000	39172.000000
367.355000	39186.000000
367.360000	40431.000000
367.365000	41797.000000
367.370000	41662.000000
367.375000	42994.000000
367.380000	42798.000000
367.385000	43098.000000
367.390000	44774.000000
367.395000	44766.000000
367.400000	46338.000000
367.405000	48074.000000
367.410000	46400.000000
367.415000	48431.000000
367.420000	49131.000000
367.425000	49693.000000
367.430000	48847.000000
367.435000	52191.000000
367.440000	51839.000000
367.445000	52320.000000
367.450000	53907.000000
367.455000	54617.000000
367.460000	54902.000000
367.465000	56995.000000
367.470000	59008.000000
367.475000	58647.000000
367.480000	58952.000000
367.485000	60566.000000
367.490000	62100.000000
367.495000	62486.000000
367.500000	63671.000000
367.505000	65581.000000
367.510000	65062.000000
367.515000	67139.000000
367.520000	70137.000000
367.525000	70829.000000
367.530000	73225.000000
367.535000	72396.000000
367.540000	73764.000000
367.545000	77558.000000
367.550000	77739.000000
367.555000	79168.000000
367.560000	79663.000000
367.565000	81422.000000
367.570000	83070.000000
367.575000	85924.000000
367.580000	87753.000000
367.585000	87058.000000
367.590000	89953.000000
367.595000	91739.000000
367.600000	91520.000000
367.605000	94549.000000
367.610000	94281.000000
367.615000	94705.000000
367.620000	97669.000000
367.625000	96364.000000
367.630000	99748.000000
367.635000	100545.000000
367.640000	103425.000000
367.645000	103328.000000
367.650000	103302.000000
367.655000	104622.000000
367.660000	106490.000000
367.665000	106550.000000
367.670000	108236.000000
367.675000	108884.000000
367.680000	111629.000000
367.685000	110247.000000
367.690000	108262.000000
367.695000	111206.000000
367.700000	111976.000000
367.705000	113096.000000
367.710000	110377.000000
367.715000	112952.000000
367.720000	111126.000000
367.725000	111820.000000
367.730000	112174.000000
367.735000	110400.000000
367.740000	111015.000000
367.745000	113102.000000
367.750000	114252.000000
367.755000	115279.000000
367.760000	117036.000000
367.765000	118240.000000
367.770000	113644.000000
367.775000	109976.000000
367.780000	109926.000000
367.785000	110093.000000
367.790000	106642.000000
367.795000	106054.000000
367.800000	104544.000000
367.805000	104967.000000
367.810000	105403.000000
367.815000	105193.000000
367.820000	105399.000000
367.825000	101704.000000
367.830000	100367.000000
367.835000	100425.000000
367.840000	99229.000000
367.845000	96504.000000
367.850000	97407.000000
367.855000	97624.000000
367.860000	95032.000000
367.865000	94351.000000
367.870000	93787.000000
367.875000	91901.000000
367.880000	91073.000000
367.885000	90099.000000
367.890000	88651.000000
367.895000	89151.000000
367.900000	89492.000000
367.905000	88698.000000
367.910000	85239.000000
367.915000	85197.000000
367.920000	85338.000000
367.925000	84733.000000
367.930000	84107.000000
367.935000	82662.000000
367.940000	82883.000000
367.945000	81643.000000
367.950000	80906.000000
367.955000	78921.000000
367.960000	77993.000000
367.965000	78532.000000
367.970000	78100.000000
367.975000	75401.000000
367.980000	74868.000000
367.985000	74172.000000
367.990000	73049.000000
367.995000	71969.000000
368.000000	70512.000000
368.005000	71587.000000
368.010000	69249.000000
368.015000	68551.000000
368.020000	69761.000000
368.025000	66853.000000
368.030000	65999.000000
368.035000	65175.000000
368.040000	63918.000000
368.045000	64074.000000
368.050000	63781.000000
368.055000	63510.000000
368.060000	63916.000000
368.065000	61754.000000
368.070000	60260.000000
368.075000	59700.000000
368.080000	58289.000000
368.085000	58215.000000
368.090000	58277.000000
368.095000	56681.000000
368.100000	55240.000000
368.105000	56400.000000
368.110000	55124.000000
368.115000	55942.000000
368.120000	54462.000000
368.125000	53881.000000
368.130000	54708.000000
368.135000	53060.000000
368.140000	53216.000000
368.145000	50671.000000
368.150000	51802.000000
368.155000	52294.000000
368.160000	50060.000000
368.165000	50002.000000
368.170000	48496.000000
368.175000	48820.000000
368.180000	48307.000000
368.185000	50512.000000
368.190000	48430.000000
368.195000	48819.000000
368.200000	48077.000000
368.205000	47545.000000
368.210000	47506.000000
368.215000	46534.000000
368.220000	47118.000000
368.225000	46924.000000
368.230000	44125.000000
368.235000	44892.000000
368.240000	44383.000000
368.245000	44556.000000
368.250000	44507.000000
368.255000	43245.000000
368.260000	44544.000000
368.265000	44706.000000
368.270000	43293.000000
368.275000	42737.000000
368.280000	42997.000000
368.285000	41866.000000
368.290000	43523.000000
368.295000	43028.000000
368.300000	44040.000000
368.305000	42228.000000
368.310000	44094.000000
368.315000	44880.000000
368.320000	45733.000000
368.325000	46802.000000
368.330000	51890.000000
368.335000	54897.000000
368.340000	56746.000000
368.345000	51477.000000
368.350000	47190.000000
368.355000	46232.000000
368.360000	46188.000000
368.365000	49798.000000
368.370000	52015.000000
368.375000	55930.000000
368.380000	60680.000000
368.385000	56685.000000
368.390000	52625.000000
368.395000	46889.000000
368.400000	45002.000000
368.405000	44020.000000
368.410000	47918.000000
368.415000	42561.000000
368.420000	40656.000000
368.425000	37609.000000
368.430000	38992.000000
368.435000	38378.000000
368.440000	40113.000000
368.445000	38705.000000
368.450000	42784.000000
368.455000	41775.000000
368.460000	41520.000000
368.465000	37603.000000
368.470000	35433.000000
368.475000	34495.000000
368.480000	34404.000000
368.485000	33662.000000
368.490000	32726.000000
368.495000	33439.000000
368.500000	32598.000000
368.505000	32371.000000
368.510000	32305.000000
368.515000	33038.000000
368.520000	32936.000000
368.525000	33320.000000
368.530000	32394.000000
368.535000	32464.000000
368.540000	33198.000000
368.545000	32998.000000
368.550000	32542.000000
368.555000	33502.000000
368.560000	34331.000000
368.565000	36476.000000
368.570000	36886.000000
368.575000	39867.000000
368.580000	44559.000000
368.585000	45228.000000
368.590000	46532.000000
368.595000	45353.000000
368.600000	41581.000000
368.605000	41434.000000
368.610000	37960.000000
368.615000	35880.000000
368.620000	33058.000000
368.625000	31500.000000
368.630000	29512.000000
368.635000	27864.000000
368.640000	27903.000000
368.645000	27596.000000
368.650000	27899.000000
368.655000	27668.000000
368.660000	28211.000000
368.665000	26490.000000
368.670000	27284.000000
368.675000	26288.000000
368.680000	26913.000000
368.685000	26371.000000
368.690000	25863.000000
368.695000	25996.000000
368.700000	25568.000000
368.705000	24912.000000
368.710000	25231.000000
368.715000	25427.000000
368.720000	25532.000000
368.725000	25284.000000
368.730000	24832.000000
368.735000	25141.000000
368.740000	24296.000000
368.745000	24647.000000
368.750000	24761.000000
368.755000	25039.000000
368.760000	24538.000000
368.765000	24197.000000
368.770000	24947.000000
368.775000	24063.000000
368.780000	24186.000000
368.785000	24958.000000
368.790000	24120.000000
368.795000	24666.000000
368.800000	23979.000000
368.805000	24449.000000
368.810000	24406.000000
368.815000	24494.000000
368.820000	25113.000000
368.825000	24196.000000
368.830000	25696.000000
368.835000	25256.000000
368.840000	24467.000000
368.845000	24879.000000
368.850000	24517.000000
368.855000	25200.000000
368.860000	25435.000000
368.865000	24980.000000
368.870000	26534.000000
368.875000	26582.000000
368.880000	26616.000000
368.885000	27701.000000
368.890000	28261.000000
368.895000	30311.000000
368.900000	31625.000000
368.905000	32248.000000
368.910000	35485.000000
368.915000	38192.000000
368.920000	44849.000000
368.925000	50644.000000
368.930000	62036.000000
368.935000	85519.000000
368.940000	117872.000000
368.945000	98381.000000
368.950000	70145.000000
368.955000	49784.000000
368.960000	36170.000000
368.965000	31001.000000
368.970000	26716.000000
368.975000	24638.000000
368.980000	23050.000000
368.985000	21699.000000
368.990000	20750.000000
368.995000	20661.000000
369.000000	20902.000000
369.005000	19492.000000
369.010000	20201.000000
369.015000	19093.000000
369.020000	19598.000000
369.025000	18651.000000
369.030000	19119.000000
369.035000	17742.000000
369.040000	18535.000000
369.045000	18555.000000
369.050000	18293.000000
369.055000	17321.000000
369.060000	17221.000000
369.065000	16850.000000
369.070000	18301.000000
369.075000	17106.000000
369.080000	16849.000000
369.085000	16822.000000
369.090000	16956.000000
369.095000	16991.000000
369.100000	16818.000000
369.105000	16679.000000
369.110000	15885.000000
369.115000	15697.000000
369.120000	16634.000000
369.125000	15952.000000
369.130000	15857.000000
369.135000	16239.000000
369.140000	16197.000000
369.145000	16417.000000
369.150000	16148.000000
369.155000	16305.000000
369.160000	16658.000000
369.165000	15572.000000
369.170000	15512.000000
369.175000	15681.000000
369.180000	15388.000000
369.185000	15129.000000
369.190000	15596.000000
369.195000	14669.000000
369.200000	15133.000000
369.205000	15521.000000
369.210000	15492.000000
369.215000	14867.000000
369.220000	14190.000000
369.225000	14346.000000
369.230000	15144.000000
369.235000	14409.000000
369.240000	14644.000000
369.245000	14105.000000
369.250000	14319.000000
369.255000	14224.000000
369.260000	13493.000000
369.265000	13885.000000
369.270000	13401.000000
369.275000	13704.000000
369.280000	13532.000000
369.285000	14085.000000
369.290000	14228.000000
369.295000	14133.000000
369.300000	13424.000000
369.305000	13524.000000
369.310000	12872.000000
369.315000	13599.000000
369.320000	13153.000000
369.325000	13883.000000
369.330000	12974.000000
369.335000	12691.000000
369.340000	13491.000000
369.345000	13147.000000
369.350000	13190.000000
369.355000	12671.000000
369.360000	12157.000000
369.365000	12579.000000
369.370000	12699.000000
369.375000	13352.000000
369.380000	12945.000000
369.385000	12292.000000
369.390000	12264.000000
369.395000	12116.000000
369.400000	12037.000000
369.405000	11995.000000
369.410000	12451.000000
369.415000	11893.000000
369.420000	12089.000000
369.425000	11850.000000
369.430000	12035.000000
369.435000	12232.000000
369.440000	12070.000000
369.445000	11597.000000
369.450000	11272.000000
369.455000	11798.000000
369.460000	12211.000000
369.465000	11253.000000
369.470000	11600.000000
369.475000	11285.000000
369.480000	12282.000000
369.485000	10629.000000
369.490000	11573.000000
369.495000	10975.000000
369.500000	10696.000000
369.505000	11061.000000
369.510000	10911.000000
369.515000	11575.000000
369.520000	11352.000000
369.525000	10896.000000
369.530000	10744.000000
369.535000	10878.000000
369.540000	10964.000000
369.545000	10583.000000
369.550000	10616.000000
369.555000	10698.000000
369.560000	10532.000000
369.565000	10421.000000
369.570000	10438.000000
369.575000	10636.000000
369.580000	10549.000000
369.585000	10573.000000
369.590000	10819.000000
369.595000	9871.000000
369.600000	10315.000000
369.605000	10631.000000
369.610000	10283.000000
369.615000	10396.000000
369.620000	10534.000000
369.625000	10650.000000
369.630000	9999.000000
369.635000	9851.000000
369.640000	9649.000000
369.645000	10436.000000
369.650000	10144.000000
369.655000	9859.000000
369.660000	9094.000000
369.665000	9723.000000
369.670000	9753.000000
369.675000	10062.000000
369.680000	9789.000000
369.685000	9647.000000
369.690000	9649.000000
369.695000	9441.000000
369.700000	9699.000000
369.705000	9369.000000
369.710000	9720.000000
369.715000	9130.000000
369.720000	9185.000000
369.725000	9723.000000
369.730000	9270.000000
369.735000	9293.000000
369.740000	9074.000000
369.745000	8662.000000
369.750000	9234.000000
369.755000	9323.000000
369.760000	9400.000000
369.765000	8995.000000
369.770000	9871.000000
369.775000	8789.000000
369.780000	9555.000000
369.785000	8657.000000
369.790000	8411.000000
369.795000	8720.000000
369.800000	8851.000000
369.805000	8872.000000
369.810000	8676.000000
369.815000	9177.000000
369.820000	9048.000000
369.825000	8903.000000
369.830000	8643.000000
369.835000	8300.000000
369.840000	8885.000000
369.845000	8190.000000
369.850000	8761.000000
369.855000	8661.000000
369.860000	8251.000000
369.865000	8312.000000
369.870000	8140.000000
369.875000	8347.000000
369.880000	8256.000000
369.885000	8039.000000
369.890000	8340.000000
369.895000	8364.000000
369.900000	8769.000000
369.905000	8682.000000
369.910000	8090.000000
369.915000	7888.000000
369.920000	8347.000000
369.925000	7872.000000
369.930000	7552.000000
369.935000	8569.000000
369.940000	7853.000000
369.945000	8216.000000
369.950000	7950.000000
369.955000	7928.000000
369.960000	8307.000000
369.965000	8229.000000
369.970000	7884.000000
369.975000	7899.000000
369.980000	7684.000000
369.985000	7896.000000
369.990000	7657.000000
369.995000	8096.000000
370.000000	7718.000000
