Sample ID:		H1092 20um slit 20mW power
Start Time:		Tue Jul 14 2020 3:42:39 PM
Averaging Time:		1.000s

367.000000	355.000000
367.005000	243.000000
367.010000	316.000000
367.015000	278.000000
367.020000	303.000000
367.025000	330.000000
367.030000	275.000000
367.035000	471.000000
367.040000	368.000000
367.045000	377.000000
367.050000	372.000000
367.055000	374.000000
367.060000	280.000000
367.065000	302.000000
367.070000	273.000000
367.075000	518.000000
367.080000	398.000000
367.085000	344.000000
367.090000	365.000000
367.095000	422.000000
367.100000	443.000000
367.105000	488.000000
367.110000	473.000000
367.115000	519.000000
367.120000	474.000000
367.125000	509.000000
367.130000	436.000000
367.135000	512.000000
367.140000	775.000000
367.145000	612.000000
367.150000	559.000000
367.155000	615.000000
367.160000	580.000000
367.165000	703.000000
367.170000	730.000000
367.175000	878.000000
367.180000	823.000000
367.185000	806.000000
367.190000	878.000000
367.195000	918.000000
367.200000	859.000000
367.205000	862.000000
367.210000	1004.000000
367.215000	918.000000
367.220000	987.000000
367.225000	819.000000
367.230000	975.000000
367.235000	1153.000000
367.240000	1133.000000
367.245000	1120.000000
367.250000	1075.000000
367.255000	1138.000000
367.260000	1291.000000
367.265000	1400.000000
367.270000	1427.000000
367.275000	1426.000000
367.280000	1539.000000
367.285000	1889.000000
367.290000	1645.000000
367.295000	1984.000000
367.300000	1816.000000
367.305000	1928.000000
367.310000	1940.000000
367.315000	2070.000000
367.320000	2000.000000
367.325000	2156.000000
367.330000	2432.000000
367.335000	2255.000000
367.340000	2576.000000
367.345000	2582.000000
367.350000	2777.000000
367.355000	2765.000000
367.360000	2954.000000
367.365000	2973.000000
367.370000	3158.000000
367.375000	3871.000000
367.380000	3114.000000
367.385000	3406.000000
367.390000	3874.000000
367.395000	3815.000000
367.400000	3825.000000
367.405000	3923.000000
367.410000	4211.000000
367.415000	4109.000000
367.420000	4253.000000
367.425000	4741.000000
367.430000	5129.000000
367.435000	4860.000000
367.440000	5115.000000
367.445000	4686.000000
367.450000	5122.000000
367.455000	5335.000000
367.460000	5064.000000
367.465000	5180.000000
367.470000	5384.000000
367.475000	5733.000000
367.480000	5905.000000
367.485000	5401.000000
367.490000	6111.000000
367.495000	6228.000000
367.500000	6150.000000
367.505000	6759.000000
367.510000	6968.000000
367.515000	7623.000000
367.520000	8121.000000
367.525000	7548.000000
367.530000	7692.000000
367.535000	7382.000000
367.540000	7718.000000
367.545000	7431.000000
367.550000	7933.000000
367.555000	7888.000000
367.560000	8357.000000
367.565000	8704.000000
367.570000	8993.000000
367.575000	8650.000000
367.580000	9101.000000
367.585000	9153.000000
367.590000	9415.000000
367.595000	9403.000000
367.600000	9889.000000
367.605000	9453.000000
367.610000	10433.000000
367.615000	10174.000000
367.620000	10506.000000
367.625000	10772.000000
367.630000	11029.000000
367.635000	11385.000000
367.640000	12222.000000
367.645000	11698.000000
367.650000	12507.000000
367.655000	13171.000000
367.660000	12889.000000
367.665000	12885.000000
367.670000	13558.000000
367.675000	14135.000000
367.680000	14037.000000
367.685000	13859.000000
367.690000	15045.000000
367.695000	15694.000000
367.700000	15564.000000
367.705000	15728.000000
367.710000	16219.000000
367.715000	16484.000000
367.720000	16666.000000
367.725000	16950.000000
367.730000	17142.000000
367.735000	19150.000000
367.740000	18240.000000
367.745000	19065.000000
367.750000	18783.000000
367.755000	19818.000000
367.760000	19834.000000
367.765000	20581.000000
367.770000	22165.000000
367.775000	21519.000000
367.780000	22613.000000
367.785000	22763.000000
367.790000	23997.000000
367.795000	24621.000000
367.800000	24145.000000
367.805000	25247.000000
367.810000	25669.000000
367.815000	26179.000000
367.820000	27463.000000
367.825000	26416.000000
367.830000	28284.000000
367.835000	28863.000000
367.840000	29605.000000
367.845000	30639.000000
367.850000	30515.000000
367.855000	31370.000000
367.860000	31293.000000
367.865000	33331.000000
367.870000	34347.000000
367.875000	33973.000000
367.880000	35665.000000
367.885000	35657.000000
367.890000	36813.000000
367.895000	36887.000000
367.900000	38612.000000
367.905000	38351.000000
367.910000	39668.000000
367.915000	39646.000000
367.920000	40449.000000
367.925000	40192.000000
367.930000	40968.000000
367.935000	42872.000000
367.940000	42931.000000
367.945000	42142.000000
367.950000	44377.000000
367.955000	44063.000000
367.960000	44684.000000
367.965000	45025.000000
367.970000	46555.000000
367.975000	46093.000000
367.980000	46500.000000
367.985000	46962.000000
367.990000	48373.000000
367.995000	48430.000000
368.000000	47729.000000
368.005000	49207.000000
368.010000	50357.000000
368.015000	49594.000000
368.020000	49481.000000
368.025000	49861.000000
368.030000	52401.000000
368.035000	50517.000000
368.040000	50173.000000
368.045000	52179.000000
368.050000	51275.000000
368.055000	51647.000000
368.060000	51445.000000
368.065000	51784.000000
368.070000	51453.000000
368.075000	50877.000000
368.080000	52349.000000
368.085000	50535.000000
368.090000	51735.000000
368.095000	51971.000000
368.100000	49739.000000
368.105000	51010.000000
368.110000	50445.000000
368.115000	50315.000000
368.120000	49725.000000
368.125000	50473.000000
368.130000	50201.000000
368.135000	49401.000000
368.140000	49589.000000
368.145000	49772.000000
368.150000	48443.000000
368.155000	49573.000000
368.160000	47821.000000
368.165000	50306.000000
368.170000	47884.000000
368.175000	49146.000000
368.180000	47366.000000
368.185000	49320.000000
368.190000	48234.000000
368.195000	46059.000000
368.200000	48410.000000
368.205000	47699.000000
368.210000	46274.000000
368.215000	47673.000000
368.220000	46092.000000
368.225000	46783.000000
368.230000	47788.000000
368.235000	45331.000000
368.240000	45011.000000
368.245000	45118.000000
368.250000	46436.000000
368.255000	45021.000000
368.260000	45878.000000
368.265000	43999.000000
368.270000	44307.000000
368.275000	43611.000000
368.280000	42299.000000
368.285000	41931.000000
368.290000	41205.000000
368.295000	41557.000000
368.300000	40377.000000
368.305000	39622.000000
368.310000	40716.000000
368.315000	39773.000000
368.320000	38330.000000
368.325000	38840.000000
368.330000	39232.000000
368.335000	38710.000000
368.340000	38772.000000
368.345000	37475.000000
368.350000	36110.000000
368.355000	36283.000000
368.360000	36472.000000
368.365000	37404.000000
368.370000	34871.000000
368.375000	35081.000000
368.380000	34421.000000
368.385000	33921.000000
368.390000	34351.000000
368.395000	33086.000000
368.400000	32833.000000
368.405000	32107.000000
368.410000	31732.000000
368.415000	31832.000000
368.420000	30948.000000
368.425000	31255.000000
368.430000	30941.000000
368.435000	30321.000000
368.440000	28801.000000
368.445000	28988.000000
368.450000	29448.000000
368.455000	27970.000000
368.460000	27732.000000
368.465000	27644.000000
368.470000	27190.000000
368.475000	26883.000000
368.480000	27543.000000
368.485000	27518.000000
368.490000	26257.000000
368.495000	26590.000000
368.500000	24880.000000
368.505000	25852.000000
368.510000	25660.000000
368.515000	25909.000000
368.520000	25158.000000
368.525000	24430.000000
368.530000	23861.000000
368.535000	24627.000000
368.540000	24030.000000
368.545000	23707.000000
368.550000	23522.000000
368.555000	24359.000000
368.560000	23979.000000
368.565000	24414.000000
368.570000	24079.000000
368.575000	23605.000000
368.580000	22866.000000
368.585000	22607.000000
368.590000	23152.000000
368.595000	22947.000000
368.600000	22218.000000
368.605000	22980.000000
368.610000	23976.000000
368.615000	25014.000000
368.620000	25805.000000
368.625000	23866.000000
368.630000	23228.000000
368.635000	22303.000000
368.640000	22731.000000
368.645000	22648.000000
368.650000	23586.000000
368.655000	23085.000000
368.660000	24374.000000
368.665000	24828.000000
368.670000	24417.000000
368.675000	23774.000000
368.680000	21018.000000
368.685000	20777.000000
368.690000	21653.000000
368.695000	20596.000000
368.700000	20023.000000
368.705000	19923.000000
368.710000	18827.000000
368.715000	19184.000000
368.720000	19732.000000
368.725000	19178.000000
368.730000	19920.000000
368.735000	20172.000000
368.740000	18940.000000
368.745000	18188.000000
368.750000	18389.000000
368.755000	17046.000000
368.760000	16598.000000
368.765000	17319.000000
368.770000	16383.000000
368.775000	17513.000000
368.780000	16366.000000
368.785000	16679.000000
368.790000	16104.000000
368.795000	16537.000000
368.800000	16328.000000
368.805000	17159.000000
368.810000	16153.000000
368.815000	16416.000000
368.820000	16548.000000
368.825000	16403.000000
368.830000	16666.000000
368.835000	16645.000000
368.840000	16598.000000
368.845000	17005.000000
368.850000	16901.000000
368.855000	17999.000000
368.860000	18640.000000
368.865000	18642.000000
368.870000	19811.000000
368.875000	19089.000000
368.880000	19120.000000
368.885000	17535.000000
368.890000	17092.000000
368.895000	16793.000000
368.900000	15690.000000
368.905000	15321.000000
368.910000	14328.000000
368.915000	13962.000000
368.920000	14177.000000
368.925000	13603.000000
368.930000	13522.000000
368.935000	14119.000000
368.940000	13679.000000
368.945000	12873.000000
368.950000	13469.000000
368.955000	13670.000000
368.960000	13531.000000
368.965000	12614.000000
368.970000	13115.000000
368.975000	13012.000000
368.980000	12914.000000
368.985000	13051.000000
368.990000	12233.000000
368.995000	12355.000000
369.000000	12803.000000
369.005000	12757.000000
369.010000	12878.000000
369.015000	13626.000000
369.020000	12691.000000
369.025000	12955.000000
369.030000	12665.000000
369.035000	12136.000000
369.040000	12556.000000
369.045000	12796.000000
369.050000	11913.000000
369.055000	12247.000000
369.060000	12166.000000
369.065000	12747.000000
369.070000	12351.000000
369.075000	11995.000000
369.080000	12257.000000
369.085000	12136.000000
369.090000	11799.000000
369.095000	12064.000000
369.100000	12417.000000
369.105000	11892.000000
369.110000	12365.000000
369.115000	11981.000000
369.120000	12648.000000
369.125000	12189.000000
369.130000	11884.000000
369.135000	12739.000000
369.140000	12383.000000
369.145000	12474.000000
369.150000	12509.000000
369.155000	13167.000000
369.160000	14530.000000
369.165000	13473.000000
369.170000	13981.000000
369.175000	14236.000000
369.180000	14806.000000
369.185000	15825.000000
369.190000	16558.000000
369.195000	16492.000000
369.200000	18202.000000
369.205000	19243.000000
369.210000	21818.000000
369.215000	26448.000000
369.220000	30347.000000
369.225000	28810.000000
369.230000	24158.000000
369.235000	19159.000000
369.240000	16120.000000
369.245000	12886.000000
369.250000	11341.000000
369.255000	11143.000000
369.260000	11116.000000
369.265000	10018.000000
369.270000	10573.000000
369.275000	9697.000000
369.280000	9328.000000
369.285000	9449.000000
369.290000	9589.000000
369.295000	9451.000000
369.300000	9306.000000
369.305000	8822.000000
369.310000	8752.000000
369.315000	8748.000000
369.320000	8804.000000
369.325000	9230.000000
369.330000	8852.000000
369.335000	8748.000000
369.340000	9100.000000
369.345000	8975.000000
369.350000	8411.000000
369.355000	8666.000000
369.360000	9056.000000
369.365000	8531.000000
369.370000	8524.000000
369.375000	8671.000000
369.380000	8280.000000
369.385000	8324.000000
369.390000	8661.000000
369.395000	8053.000000
369.400000	8582.000000
369.405000	8547.000000
369.410000	8512.000000
369.415000	7919.000000
369.420000	8197.000000
369.425000	7704.000000
369.430000	7869.000000
369.435000	7812.000000
369.440000	7512.000000
369.445000	7852.000000
369.450000	7420.000000
369.455000	8031.000000
369.460000	8087.000000
369.465000	7737.000000
369.470000	7525.000000
369.475000	7651.000000
369.480000	7502.000000
369.485000	7402.000000
369.490000	7301.000000
369.495000	7838.000000
369.500000	6944.000000
369.505000	7873.000000
369.510000	7550.000000
369.515000	7241.000000
369.520000	7334.000000
369.525000	7238.000000
369.530000	7479.000000
369.535000	7013.000000
369.540000	7627.000000
369.545000	7528.000000
369.550000	7070.000000
369.555000	7305.000000
369.560000	7324.000000
369.565000	6955.000000
369.570000	6812.000000
369.575000	7095.000000
369.580000	7047.000000
369.585000	6746.000000
369.590000	6925.000000
369.595000	6468.000000
369.600000	7398.000000
369.605000	6697.000000
369.610000	6785.000000
369.615000	6270.000000
369.620000	7118.000000
369.625000	6698.000000
369.630000	6379.000000
369.635000	6482.000000
369.640000	6264.000000
369.645000	6434.000000
369.650000	6648.000000
369.655000	6409.000000
369.660000	6452.000000
369.665000	7156.000000
369.670000	6076.000000
369.675000	6602.000000
369.680000	6487.000000
369.685000	6090.000000
369.690000	6349.000000
369.695000	6125.000000
369.700000	6216.000000
369.705000	6331.000000
369.710000	6322.000000
369.715000	6021.000000
369.720000	6268.000000
369.725000	6133.000000
369.730000	6071.000000
369.735000	5855.000000
369.740000	6109.000000
369.745000	5519.000000
369.750000	5833.000000
369.755000	5982.000000
369.760000	5995.000000
369.765000	5665.000000
369.770000	6030.000000
369.775000	5170.000000
369.780000	5842.000000
369.785000	5905.000000
369.790000	5851.000000
369.795000	5616.000000
369.800000	5553.000000
369.805000	5657.000000
369.810000	5557.000000
369.815000	5596.000000
369.820000	5365.000000
369.825000	5476.000000
369.830000	5903.000000
369.835000	5078.000000
369.840000	6088.000000
369.845000	5779.000000
369.850000	6030.000000
369.855000	5923.000000
369.860000	5124.000000
369.865000	5122.000000
369.870000	5572.000000
369.875000	5002.000000
369.880000	5071.000000
369.885000	5232.000000
369.890000	4730.000000
369.895000	5377.000000
369.900000	5271.000000
369.905000	5374.000000
369.910000	5509.000000
369.915000	5114.000000
369.920000	5087.000000
369.925000	5345.000000
369.930000	4850.000000
369.935000	5138.000000
369.940000	5137.000000
369.945000	5123.000000
369.950000	5169.000000
369.955000	4829.000000
369.960000	5253.000000
369.965000	5164.000000
369.970000	5134.000000
369.975000	5052.000000
369.980000	5041.000000
369.985000	5010.000000
369.990000	4975.000000
369.995000	5194.000000
370.000000	4758.000000
