Sample ID:		H1090 20um slit 20mW power
Start Time:		Tue Jul 14 2020 3:01:29 PM
Averaging Time:		1.000s

360.000000	2.000000
360.005000	2.000000
360.010000	11.000000
360.015000	16.000000
360.020000	17.000000
360.025000	2.000000
360.030000	33.000000
360.035000	13.000000
360.040000	1.000000
360.045000	1.000000
360.050000	1.000000
360.055000	1.000000
360.060000	12.000000
360.065000	5.000000
360.070000	1.000000
360.075000	5.000000
360.080000	2.000000
360.085000	3.000000
360.090000	21.000000
360.095000	3.000000
360.100000	28.000000
360.105000	2.000000
360.110000	20.000000
360.115000	1.000000
360.120000	41.000000
360.125000	21.000000
360.130000	25.000000
360.135000	5.000000
360.140000	1.000000
360.145000	26.000000
360.150000	6.000000
360.155000	42.000000
360.160000	3.000000
360.165000	1.000000
360.170000	10.000000
360.175000	3.000000
360.180000	7.000000
360.185000	1.000000
360.190000	1.000000
360.195000	1.000000
360.200000	5.000000
360.205000	9.000000
360.210000	1.000000
360.215000	61.000000
360.220000	4.000000
360.225000	5.000000
360.230000	9.000000
360.235000	10.000000
360.240000	23.000000
360.245000	13.000000
360.250000	10.000000
360.255000	12.000000
360.260000	1.000000
360.265000	17.000000
360.270000	6.000000
360.275000	17.000000
360.280000	6.000000
360.285000	4.000000
360.290000	3.000000
360.295000	1.000000
360.300000	4.000000
360.305000	15.000000
360.310000	1.000000
360.315000	5.000000
360.320000	4.000000
360.325000	2.000000
360.330000	2.000000
360.335000	6.000000
360.340000	10.000000
360.345000	11.000000
360.350000	9.000000
360.355000	1.000000
360.360000	5.000000
360.365000	0.000000
360.370000	4.000000
360.375000	8.000000
360.380000	0.000000
360.385000	13.000000
360.390000	15.000000
360.395000	37.000000
360.400000	3.000000
360.405000	18.000000
360.410000	3.000000
360.415000	42.000000
360.420000	3.000000
360.425000	3.000000
360.430000	8.000000
360.435000	1.000000
360.440000	5.000000
360.445000	0.000000
360.450000	38.000000
360.455000	16.000000
360.460000	1.000000
360.465000	9.000000
360.470000	2.000000
360.475000	1.000000
360.480000	12.000000
360.485000	4.000000
360.490000	4.000000
360.495000	7.000000
360.500000	11.000000
360.505000	2.000000
360.510000	1.000000
360.515000	10.000000
360.520000	8.000000
360.525000	3.000000
360.530000	4.000000
360.535000	5.000000
360.540000	2.000000
360.545000	2.000000
360.550000	0.000000
360.555000	0.000000
360.560000	7.000000
360.565000	3.000000
360.570000	4.000000
360.575000	2.000000
360.580000	0.000000
360.585000	22.000000
360.590000	24.000000
360.595000	4.000000
360.600000	3.000000
360.605000	3.000000
360.610000	2.000000
360.615000	5.000000
360.620000	9.000000
360.625000	15.000000
360.630000	12.000000
360.635000	14.000000
360.640000	1.000000
360.645000	63.000000
360.650000	23.000000
360.655000	22.000000
360.660000	12.000000
360.665000	1.000000
360.670000	11.000000
360.675000	0.000000
360.680000	2.000000
360.685000	5.000000
360.690000	3.000000
360.695000	2.000000
360.700000	12.000000
360.705000	2.000000
360.710000	17.000000
360.715000	6.000000
360.720000	5.000000
360.725000	1.000000
360.730000	0.000000
360.735000	4.000000
360.740000	5.000000
360.745000	9.000000
360.750000	33.000000
360.755000	4.000000
360.760000	19.000000
360.765000	6.000000
360.770000	40.000000
360.775000	6.000000
360.780000	5.000000
360.785000	11.000000
360.790000	9.000000
360.795000	3.000000
360.800000	6.000000
360.805000	5.000000
360.810000	6.000000
360.815000	5.000000
360.820000	5.000000
360.825000	4.000000
360.830000	2.000000
360.835000	22.000000
360.840000	1.000000
360.845000	2.000000
360.850000	6.000000
360.855000	1.000000
360.860000	5.000000
360.865000	6.000000
360.870000	8.000000
360.875000	15.000000
360.880000	7.000000
360.885000	5.000000
360.890000	3.000000
360.895000	18.000000
360.900000	4.000000
360.905000	34.000000
360.910000	19.000000
360.915000	28.000000
360.920000	3.000000
360.925000	42.000000
360.930000	2.000000
360.935000	14.000000
360.940000	30.000000
360.945000	2.000000
360.950000	4.000000
360.955000	10.000000
360.960000	5.000000
360.965000	3.000000
360.970000	2.000000
360.975000	10.000000
360.980000	10.000000
360.985000	19.000000
360.990000	6.000000
360.995000	0.000000
361.000000	2.000000
361.005000	4.000000
361.010000	19.000000
361.015000	20.000000
361.020000	2.000000
361.025000	6.000000
361.030000	3.000000
361.035000	1.000000
361.040000	47.000000
361.045000	1.000000
361.050000	7.000000
361.055000	35.000000
361.060000	16.000000
361.065000	14.000000
361.070000	6.000000
361.075000	3.000000
361.080000	10.000000
361.085000	1.000000
361.090000	7.000000
361.095000	5.000000
361.100000	19.000000
361.105000	13.000000
361.110000	12.000000
361.115000	11.000000
361.120000	18.000000
361.125000	46.000000
361.130000	23.000000
361.135000	11.000000
361.140000	8.000000
361.145000	16.000000
361.150000	8.000000
361.155000	2.000000
361.160000	23.000000
361.165000	8.000000
361.170000	25.000000
361.175000	15.000000
361.180000	9.000000
361.185000	14.000000
361.190000	5.000000
361.195000	12.000000
361.200000	0.000000
361.205000	10.000000
361.210000	34.000000
361.215000	6.000000
361.220000	6.000000
361.225000	6.000000
361.230000	3.000000
361.235000	7.000000
361.240000	15.000000
361.245000	12.000000
361.250000	4.000000
361.255000	9.000000
361.260000	56.000000
361.265000	13.000000
361.270000	0.000000
361.275000	0.000000
361.280000	0.000000
361.285000	4.000000
361.290000	28.000000
361.295000	3.000000
361.300000	5.000000
361.305000	4.000000
361.310000	10.000000
361.315000	8.000000
361.320000	2.000000
361.325000	0.000000
361.330000	7.000000
361.335000	9.000000
361.340000	9.000000
361.345000	7.000000
361.350000	2.000000
361.355000	1.000000
361.360000	17.000000
361.365000	24.000000
361.370000	17.000000
361.375000	21.000000
361.380000	13.000000
361.385000	1.000000
361.390000	5.000000
361.395000	2.000000
361.400000	12.000000
361.405000	2.000000
361.410000	22.000000
361.415000	3.000000
361.420000	0.000000
361.425000	4.000000
361.430000	2.000000
361.435000	31.000000
361.440000	1.000000
361.445000	21.000000
361.450000	13.000000
361.455000	0.000000
361.460000	7.000000
361.465000	19.000000
361.470000	6.000000
361.475000	4.000000
361.480000	3.000000
361.485000	49.000000
361.490000	3.000000
361.495000	3.000000
361.500000	11.000000
361.505000	0.000000
361.510000	11.000000
361.515000	18.000000
361.520000	11.000000
361.525000	32.000000
361.530000	2.000000
361.535000	31.000000
361.540000	2.000000
361.545000	33.000000
361.550000	13.000000
361.555000	11.000000
361.560000	16.000000
361.565000	7.000000
361.570000	2.000000
361.575000	1.000000
361.580000	17.000000
361.585000	6.000000
361.590000	5.000000
361.595000	10.000000
361.600000	16.000000
361.605000	25.000000
361.610000	1.000000
361.615000	5.000000
361.620000	10.000000
361.625000	15.000000
361.630000	2.000000
361.635000	5.000000
361.640000	11.000000
361.645000	33.000000
361.650000	3.000000
361.655000	24.000000
361.660000	5.000000
361.665000	36.000000
361.670000	6.000000
361.675000	21.000000
361.680000	22.000000
361.685000	27.000000
361.690000	2.000000
361.695000	4.000000
361.700000	9.000000
361.705000	1.000000
361.710000	53.000000
361.715000	14.000000
361.720000	19.000000
361.725000	17.000000
361.730000	30.000000
361.735000	7.000000
361.740000	16.000000
361.745000	5.000000
361.750000	7.000000
361.755000	7.000000
361.760000	6.000000
361.765000	4.000000
361.770000	8.000000
361.775000	0.000000
361.780000	0.000000
361.785000	6.000000
361.790000	43.000000
361.795000	12.000000
361.800000	5.000000
361.805000	4.000000
361.810000	52.000000
361.815000	17.000000
361.820000	1.000000
361.825000	5.000000
361.830000	6.000000
361.835000	10.000000
361.840000	0.000000
361.845000	17.000000
361.850000	8.000000
361.855000	0.000000
361.860000	24.000000
361.865000	5.000000
361.870000	46.000000
361.875000	13.000000
361.880000	21.000000
361.885000	15.000000
361.890000	3.000000
361.895000	7.000000
361.900000	1.000000
361.905000	4.000000
361.910000	6.000000
361.915000	17.000000
361.920000	18.000000
361.925000	1.000000
361.930000	10.000000
361.935000	9.000000
361.940000	5.000000
361.945000	27.000000
361.950000	43.000000
361.955000	7.000000
361.960000	1.000000
361.965000	3.000000
361.970000	7.000000
361.975000	1.000000
361.980000	12.000000
361.985000	36.000000
361.990000	63.000000
361.995000	4.000000
362.000000	2.000000
362.005000	25.000000
362.010000	44.000000
362.015000	16.000000
362.020000	18.000000
362.025000	18.000000
362.030000	28.000000
362.035000	73.000000
362.040000	6.000000
362.045000	26.000000
362.050000	28.000000
362.055000	16.000000
362.060000	12.000000
362.065000	10.000000
362.070000	16.000000
362.075000	19.000000
362.080000	26.000000
362.085000	16.000000
362.090000	38.000000
362.095000	25.000000
362.100000	47.000000
362.105000	34.000000
362.110000	18.000000
362.115000	39.000000
362.120000	28.000000
362.125000	37.000000
362.130000	6.000000
362.135000	55.000000
362.140000	21.000000
362.145000	25.000000
362.150000	56.000000
362.155000	4.000000
362.160000	28.000000
362.165000	61.000000
362.170000	88.000000
362.175000	32.000000
362.180000	46.000000
362.185000	66.000000
362.190000	77.000000
362.195000	41.000000
362.200000	64.000000
362.205000	24.000000
362.210000	44.000000
362.215000	16.000000
362.220000	34.000000
362.225000	49.000000
362.230000	39.000000
362.235000	31.000000
362.240000	23.000000
362.245000	26.000000
362.250000	61.000000
362.255000	28.000000
362.260000	40.000000
362.265000	18.000000
362.270000	41.000000
362.275000	22.000000
362.280000	33.000000
362.285000	48.000000
362.290000	21.000000
362.295000	27.000000
362.300000	49.000000
362.305000	44.000000
362.310000	91.000000
362.315000	21.000000
362.320000	26.000000
362.325000	19.000000
362.330000	27.000000
362.335000	16.000000
362.340000	81.000000
362.345000	43.000000
362.350000	13.000000
362.355000	23.000000
362.360000	13.000000
362.365000	33.000000
362.370000	90.000000
362.375000	20.000000
362.380000	11.000000
362.385000	35.000000
362.390000	10.000000
362.395000	10.000000
362.400000	8.000000
362.405000	64.000000
362.410000	39.000000
362.415000	39.000000
362.420000	12.000000
362.425000	13.000000
362.430000	16.000000
362.435000	52.000000
362.440000	31.000000
362.445000	63.000000
362.450000	28.000000
362.455000	19.000000
362.460000	31.000000
362.465000	3.000000
362.470000	16.000000
362.475000	25.000000
362.480000	25.000000
362.485000	31.000000
362.490000	31.000000
362.495000	35.000000
362.500000	12.000000
362.505000	4.000000
362.510000	1.000000
362.515000	36.000000
362.520000	4.000000
362.525000	17.000000
362.530000	16.000000
362.535000	3.000000
362.540000	64.000000
362.545000	16.000000
362.550000	0.000000
362.555000	8.000000
362.560000	10.000000
362.565000	19.000000
362.570000	39.000000
362.575000	41.000000
362.580000	30.000000
362.585000	17.000000
362.590000	16.000000
362.595000	49.000000
362.600000	18.000000
362.605000	2.000000
362.610000	7.000000
362.615000	23.000000
362.620000	16.000000
362.625000	8.000000
362.630000	26.000000
362.635000	4.000000
362.640000	24.000000
362.645000	29.000000
362.650000	17.000000
362.655000	20.000000
362.660000	14.000000
362.665000	21.000000
362.670000	3.000000
362.675000	9.000000
362.680000	32.000000
362.685000	16.000000
362.690000	53.000000
362.695000	20.000000
362.700000	16.000000
362.705000	22.000000
362.710000	7.000000
362.715000	6.000000
362.720000	32.000000
362.725000	25.000000
362.730000	20.000000
362.735000	24.000000
362.740000	1.000000
362.745000	35.000000
362.750000	37.000000
362.755000	19.000000
362.760000	12.000000
362.765000	20.000000
362.770000	20.000000
362.775000	21.000000
362.780000	13.000000
362.785000	10.000000
362.790000	18.000000
362.795000	22.000000
362.800000	31.000000
362.805000	48.000000
362.810000	9.000000
362.815000	7.000000
362.820000	20.000000
362.825000	10.000000
362.830000	23.000000
362.835000	37.000000
362.840000	42.000000
362.845000	21.000000
362.850000	58.000000
362.855000	39.000000
362.860000	21.000000
362.865000	18.000000
362.870000	19.000000
362.875000	17.000000
362.880000	13.000000
362.885000	22.000000
362.890000	20.000000
362.895000	23.000000
362.900000	28.000000
362.905000	25.000000
362.910000	52.000000
362.915000	25.000000
362.920000	22.000000
362.925000	18.000000
362.930000	56.000000
362.935000	25.000000
362.940000	14.000000
362.945000	38.000000
362.950000	31.000000
362.955000	16.000000
362.960000	34.000000
362.965000	7.000000
362.970000	39.000000
362.975000	47.000000
362.980000	23.000000
362.985000	57.000000
362.990000	13.000000
362.995000	30.000000
363.000000	13.000000
363.005000	13.000000
363.010000	28.000000
363.015000	29.000000
363.020000	25.000000
363.025000	26.000000
363.030000	39.000000
363.035000	38.000000
363.040000	40.000000
363.045000	19.000000
363.050000	2.000000
363.055000	55.000000
363.060000	23.000000
363.065000	16.000000
363.070000	25.000000
363.075000	31.000000
363.080000	19.000000
363.085000	22.000000
363.090000	41.000000
363.095000	18.000000
363.100000	39.000000
363.105000	21.000000
363.110000	30.000000
363.115000	73.000000
363.120000	56.000000
363.125000	40.000000
363.130000	34.000000
363.135000	48.000000
363.140000	32.000000
363.145000	31.000000
363.150000	63.000000
363.155000	46.000000
363.160000	28.000000
363.165000	12.000000
363.170000	22.000000
363.175000	22.000000
363.180000	43.000000
363.185000	131.000000
363.190000	33.000000
363.195000	55.000000
363.200000	91.000000
363.205000	67.000000
363.210000	40.000000
363.215000	50.000000
363.220000	28.000000
363.225000	43.000000
363.230000	31.000000
363.235000	82.000000
363.240000	52.000000
363.245000	6.000000
363.250000	45.000000
363.255000	38.000000
363.260000	39.000000
363.265000	54.000000
363.270000	66.000000
363.275000	38.000000
363.280000	63.000000
363.285000	41.000000
363.290000	24.000000
363.295000	33.000000
363.300000	67.000000
363.305000	36.000000
363.310000	25.000000
363.315000	41.000000
363.320000	32.000000
363.325000	82.000000
363.330000	21.000000
363.335000	61.000000
363.340000	49.000000
363.345000	36.000000
363.350000	29.000000
363.355000	69.000000
363.360000	33.000000
363.365000	54.000000
363.370000	33.000000
363.375000	25.000000
363.380000	51.000000
363.385000	69.000000
363.390000	48.000000
363.395000	53.000000
363.400000	68.000000
363.405000	39.000000
363.410000	71.000000
363.415000	93.000000
363.420000	61.000000
363.425000	53.000000
363.430000	71.000000
363.435000	69.000000
363.440000	76.000000
363.445000	78.000000
363.450000	43.000000
363.455000	38.000000
363.460000	48.000000
363.465000	56.000000
363.470000	53.000000
363.475000	69.000000
363.480000	76.000000
363.485000	133.000000
363.490000	82.000000
363.495000	108.000000
363.500000	63.000000
363.505000	52.000000
363.510000	108.000000
363.515000	150.000000
363.520000	71.000000
363.525000	24.000000
363.530000	51.000000
363.535000	78.000000
363.540000	92.000000
363.545000	119.000000
363.550000	141.000000
363.555000	77.000000
363.560000	59.000000
363.565000	71.000000
363.570000	101.000000
363.575000	157.000000
363.580000	94.000000
363.585000	90.000000
363.590000	95.000000
363.595000	167.000000
363.600000	112.000000
363.605000	71.000000
363.610000	109.000000
363.615000	109.000000
363.620000	113.000000
363.625000	79.000000
363.630000	148.000000
363.635000	93.000000
363.640000	77.000000
363.645000	73.000000
363.650000	138.000000
363.655000	110.000000
363.660000	153.000000
363.665000	111.000000
363.670000	141.000000
363.675000	155.000000
363.680000	126.000000
363.685000	175.000000
363.690000	151.000000
363.695000	117.000000
363.700000	93.000000
363.705000	87.000000
363.710000	70.000000
363.715000	109.000000
363.720000	223.000000
363.725000	81.000000
363.730000	158.000000
363.735000	124.000000
363.740000	217.000000
363.745000	98.000000
363.750000	134.000000
363.755000	156.000000
363.760000	155.000000
363.765000	159.000000
363.770000	112.000000
363.775000	104.000000
363.780000	289.000000
363.785000	81.000000
363.790000	149.000000
363.795000	89.000000
363.800000	114.000000
363.805000	188.000000
363.810000	141.000000
363.815000	145.000000
363.820000	181.000000
363.825000	206.000000
363.830000	216.000000
363.835000	171.000000
363.840000	138.000000
363.845000	179.000000
363.850000	164.000000
363.855000	168.000000
363.860000	89.000000
363.865000	177.000000
363.870000	171.000000
363.875000	176.000000
363.880000	204.000000
363.885000	146.000000
363.890000	235.000000
363.895000	145.000000
363.900000	243.000000
363.905000	219.000000
363.910000	228.000000
363.915000	149.000000
363.920000	147.000000
363.925000	198.000000
363.930000	196.000000
363.935000	248.000000
363.940000	343.000000
363.945000	167.000000
363.950000	278.000000
363.955000	206.000000
363.960000	211.000000
363.965000	327.000000
363.970000	247.000000
363.975000	231.000000
363.980000	234.000000
363.985000	274.000000
363.990000	252.000000
363.995000	219.000000
364.000000	301.000000
364.005000	266.000000
364.010000	335.000000
364.015000	216.000000
364.020000	226.000000
364.025000	209.000000
364.030000	343.000000
364.035000	289.000000
364.040000	273.000000
364.045000	301.000000
364.050000	180.000000
364.055000	211.000000
364.060000	350.000000
364.065000	179.000000
364.070000	382.000000
364.075000	306.000000
364.080000	298.000000
364.085000	357.000000
364.090000	313.000000
364.095000	278.000000
364.100000	339.000000
364.105000	252.000000
364.110000	275.000000
364.115000	290.000000
364.120000	415.000000
364.125000	353.000000
364.130000	375.000000
364.135000	464.000000
364.140000	313.000000
364.145000	263.000000
364.150000	253.000000
364.155000	331.000000
364.160000	423.000000
364.165000	457.000000
364.170000	477.000000
364.175000	349.000000
364.180000	324.000000
364.185000	266.000000
364.190000	342.000000
364.195000	370.000000
364.200000	340.000000
364.205000	396.000000
364.210000	325.000000
364.215000	403.000000
364.220000	434.000000
364.225000	400.000000
364.230000	358.000000
364.235000	430.000000
364.240000	358.000000
364.245000	368.000000
364.250000	322.000000
364.255000	360.000000
364.260000	447.000000
364.265000	322.000000
364.270000	377.000000
364.275000	483.000000
364.280000	445.000000
364.285000	452.000000
364.290000	425.000000
364.295000	480.000000
364.300000	492.000000
364.305000	525.000000
364.310000	544.000000
364.315000	445.000000
364.320000	457.000000
364.325000	508.000000
364.330000	368.000000
364.335000	488.000000
364.340000	385.000000
364.345000	525.000000
364.350000	627.000000
364.355000	492.000000
364.360000	444.000000
364.365000	694.000000
364.370000	405.000000
364.375000	519.000000
364.380000	515.000000
364.385000	468.000000
364.390000	554.000000
364.395000	519.000000
364.400000	574.000000
364.405000	568.000000
364.410000	485.000000
364.415000	613.000000
364.420000	583.000000
364.425000	502.000000
364.430000	552.000000
364.435000	631.000000
364.440000	606.000000
364.445000	499.000000
364.450000	572.000000
364.455000	422.000000
364.460000	498.000000
364.465000	665.000000
364.470000	573.000000
364.475000	591.000000
364.480000	629.000000
364.485000	552.000000
364.490000	570.000000
364.495000	649.000000
364.500000	621.000000
364.505000	665.000000
364.510000	611.000000
364.515000	635.000000
364.520000	667.000000
364.525000	591.000000
364.530000	746.000000
364.535000	696.000000
364.540000	717.000000
364.545000	678.000000
364.550000	692.000000
364.555000	739.000000
364.560000	829.000000
364.565000	712.000000
364.570000	637.000000
364.575000	750.000000
364.580000	876.000000
364.585000	721.000000
364.590000	921.000000
364.595000	776.000000
364.600000	847.000000
364.605000	945.000000
364.610000	754.000000
364.615000	760.000000
364.620000	788.000000
364.625000	659.000000
364.630000	710.000000
364.635000	749.000000
364.640000	715.000000
364.645000	723.000000
364.650000	940.000000
364.655000	861.000000
364.660000	830.000000
364.665000	989.000000
364.670000	948.000000
364.675000	911.000000
364.680000	1135.000000
364.685000	790.000000
364.690000	743.000000
364.695000	876.000000
364.700000	1068.000000
364.705000	1172.000000
364.710000	772.000000
364.715000	958.000000
364.720000	864.000000
364.725000	871.000000
364.730000	1026.000000
364.735000	1048.000000
364.740000	901.000000
364.745000	980.000000
364.750000	899.000000
364.755000	1085.000000
364.760000	1010.000000
364.765000	919.000000
364.770000	1182.000000
364.775000	951.000000
364.780000	1077.000000
364.785000	1104.000000
364.790000	1018.000000
364.795000	1019.000000
364.800000	1165.000000
364.805000	970.000000
364.810000	1215.000000
364.815000	1010.000000
364.820000	1221.000000
364.825000	1176.000000
364.830000	1091.000000
364.835000	1014.000000
364.840000	1011.000000
364.845000	1097.000000
364.850000	1145.000000
364.855000	1056.000000
364.860000	1324.000000
364.865000	1043.000000
364.870000	1167.000000
364.875000	1214.000000
364.880000	1382.000000
364.885000	1258.000000
364.890000	1179.000000
364.895000	1089.000000
364.900000	1232.000000
364.905000	1325.000000
364.910000	1301.000000
364.915000	1225.000000
364.920000	1054.000000
364.925000	1269.000000
364.930000	1242.000000
364.935000	1303.000000
364.940000	1255.000000
364.945000	1171.000000
364.950000	1259.000000
364.955000	1253.000000
364.960000	1109.000000
364.965000	1325.000000
364.970000	1438.000000
364.975000	1310.000000
364.980000	1340.000000
364.985000	1455.000000
364.990000	1502.000000
364.995000	1542.000000
365.000000	1489.000000
365.005000	1394.000000
365.010000	1338.000000
365.015000	1515.000000
365.020000	1547.000000
365.025000	1438.000000
365.030000	1412.000000
365.035000	1440.000000
365.040000	1523.000000
365.045000	1588.000000
365.050000	1666.000000
365.055000	1660.000000
365.060000	1593.000000
365.065000	1466.000000
365.070000	1522.000000
365.075000	1677.000000
365.080000	1583.000000
365.085000	1512.000000
365.090000	1617.000000
365.095000	1733.000000
365.100000	1673.000000
365.105000	1514.000000
365.110000	1671.000000
365.115000	1570.000000
365.120000	1753.000000
365.125000	1682.000000
365.130000	1646.000000
365.135000	1497.000000
365.140000	1608.000000
365.145000	1735.000000
365.150000	1847.000000
365.155000	1755.000000
365.160000	1751.000000
365.165000	1722.000000
365.170000	1794.000000
365.175000	1822.000000
365.180000	1694.000000
365.185000	1476.000000
365.190000	1626.000000
365.195000	1820.000000
365.200000	1795.000000
365.205000	1819.000000
365.210000	2109.000000
365.215000	1673.000000
365.220000	1779.000000
365.225000	1872.000000
365.230000	1789.000000
365.235000	1824.000000
365.240000	1965.000000
365.245000	1872.000000
365.250000	2022.000000
365.255000	1875.000000
365.260000	1976.000000
365.265000	1778.000000
365.270000	1891.000000
365.275000	1970.000000
365.280000	2148.000000
365.285000	1858.000000
365.290000	1899.000000
365.295000	2027.000000
365.300000	2211.000000
365.305000	1784.000000
365.310000	2165.000000
365.315000	2413.000000
365.320000	1903.000000
365.325000	2065.000000
365.330000	2320.000000
365.335000	2245.000000
365.340000	2052.000000
365.345000	2339.000000
365.350000	2181.000000
365.355000	2271.000000
365.360000	1859.000000
365.365000	2531.000000
365.370000	2147.000000
365.375000	2401.000000
365.380000	2642.000000
365.385000	2030.000000
365.390000	2157.000000
365.395000	2537.000000
365.400000	2279.000000
365.405000	2118.000000
365.410000	2378.000000
365.415000	2588.000000
365.420000	2663.000000
365.425000	2203.000000
365.430000	2404.000000
365.435000	2427.000000
365.440000	2274.000000
365.445000	2210.000000
365.450000	2505.000000
365.455000	2259.000000
365.460000	2288.000000
365.465000	2366.000000
365.470000	2240.000000
365.475000	2730.000000
365.480000	2316.000000
365.485000	2445.000000
365.490000	2682.000000
365.495000	2461.000000
365.500000	2625.000000
365.505000	2625.000000
365.510000	2408.000000
365.515000	2317.000000
365.520000	2451.000000
365.525000	2380.000000
365.530000	2661.000000
365.535000	2553.000000
365.540000	3071.000000
365.545000	2588.000000
365.550000	2866.000000
365.555000	2948.000000
365.560000	2690.000000
365.565000	2804.000000
365.570000	3072.000000
365.575000	2718.000000
365.580000	2787.000000
365.585000	2894.000000
365.590000	2738.000000
365.595000	2824.000000
365.600000	2988.000000
365.605000	2869.000000
365.610000	2786.000000
365.615000	2955.000000
365.620000	3000.000000
365.625000	2945.000000
365.630000	2712.000000
365.635000	2808.000000
365.640000	2839.000000
365.645000	2891.000000
365.650000	3095.000000
365.655000	3246.000000
365.660000	3400.000000
365.665000	3205.000000
365.670000	2755.000000
365.675000	3234.000000
365.680000	2922.000000
365.685000	3084.000000
365.690000	3064.000000
365.695000	3118.000000
365.700000	3082.000000
365.705000	3011.000000
365.710000	3286.000000
365.715000	3352.000000
365.720000	3093.000000
365.725000	3124.000000
365.730000	3336.000000
365.735000	3259.000000
365.740000	3238.000000
365.745000	3217.000000
365.750000	3147.000000
365.755000	3310.000000
365.760000	3019.000000
365.765000	3069.000000
365.770000	3109.000000
365.775000	3402.000000
365.780000	2903.000000
365.785000	3384.000000
365.790000	3347.000000
365.795000	2993.000000
365.800000	3061.000000
365.805000	3152.000000
365.810000	3287.000000
365.815000	3047.000000
365.820000	3392.000000
365.825000	3407.000000
365.830000	3571.000000
365.835000	3317.000000
365.840000	3597.000000
365.845000	3509.000000
365.850000	2946.000000
365.855000	2963.000000
365.860000	3797.000000
365.865000	3133.000000
365.870000	3364.000000
365.875000	3372.000000
365.880000	3509.000000
365.885000	3529.000000
365.890000	3490.000000
365.895000	3462.000000
365.900000	3339.000000
365.905000	3697.000000
365.910000	3376.000000
365.915000	3611.000000
365.920000	3673.000000
365.925000	3690.000000
365.930000	3502.000000
365.935000	3330.000000
365.940000	3868.000000
365.945000	3461.000000
365.950000	3923.000000
365.955000	3548.000000
365.960000	3822.000000
365.965000	3414.000000
365.970000	3579.000000
365.975000	3387.000000
365.980000	3342.000000
365.985000	3608.000000
365.990000	3403.000000
365.995000	3867.000000
366.000000	3787.000000
366.005000	3489.000000
366.010000	3560.000000
366.015000	3417.000000
366.020000	3568.000000
366.025000	3781.000000
366.030000	3573.000000
366.035000	3466.000000
366.040000	3325.000000
366.045000	3382.000000
366.050000	3597.000000
366.055000	3603.000000
366.060000	3612.000000
366.065000	3580.000000
366.070000	3462.000000
366.075000	3547.000000
366.080000	3643.000000
366.085000	3887.000000
366.090000	3601.000000
366.095000	3806.000000
366.100000	3488.000000
366.105000	3503.000000
366.110000	3578.000000
366.115000	3369.000000
366.120000	3309.000000
366.125000	3175.000000
366.130000	3169.000000
366.135000	3546.000000
366.140000	3500.000000
366.145000	3636.000000
366.150000	3028.000000
366.155000	3285.000000
366.160000	3821.000000
366.165000	3516.000000
366.170000	3303.000000
366.175000	3708.000000
366.180000	3457.000000
366.185000	3608.000000
366.190000	4135.000000
366.195000	3517.000000
366.200000	3598.000000
366.205000	3548.000000
366.210000	3708.000000
366.215000	3710.000000
366.220000	3572.000000
366.225000	3619.000000
366.230000	3503.000000
366.235000	3559.000000
366.240000	3713.000000
366.245000	3453.000000
366.250000	3515.000000
366.255000	3450.000000
366.260000	4019.000000
366.265000	3499.000000
366.270000	3229.000000
366.275000	3552.000000
366.280000	3322.000000
366.285000	3546.000000
366.290000	3490.000000
366.295000	3408.000000
366.300000	3479.000000
366.305000	3609.000000
366.310000	3524.000000
366.315000	3352.000000
366.320000	3551.000000
366.325000	3610.000000
366.330000	3380.000000
366.335000	3359.000000
366.340000	3371.000000
366.345000	3624.000000
366.350000	3355.000000
366.355000	3237.000000
366.360000	3440.000000
366.365000	3392.000000
366.370000	3457.000000
366.375000	3197.000000
366.380000	3177.000000
366.385000	3443.000000
366.390000	3163.000000
366.395000	3606.000000
366.400000	3037.000000
366.405000	2971.000000
366.410000	4072.000000
366.415000	3139.000000
366.420000	3224.000000
366.425000	3124.000000
366.430000	3309.000000
366.435000	3273.000000
366.440000	3401.000000
366.445000	3204.000000
366.450000	3092.000000
366.455000	3018.000000
366.460000	2669.000000
366.465000	3178.000000
366.470000	3187.000000
366.475000	3009.000000
366.480000	2944.000000
366.485000	3354.000000
366.490000	3329.000000
366.495000	3596.000000
366.500000	3143.000000
366.505000	3152.000000
366.510000	2993.000000
366.515000	3217.000000
366.520000	3355.000000
366.525000	3096.000000
366.530000	2909.000000
366.535000	3143.000000
366.540000	3046.000000
366.545000	3018.000000
366.550000	2938.000000
366.555000	2876.000000
366.560000	3144.000000
366.565000	2916.000000
366.570000	2654.000000
366.575000	3457.000000
366.580000	2919.000000
366.585000	2817.000000
366.590000	2905.000000
366.595000	2859.000000
366.600000	2821.000000
366.605000	2779.000000
366.610000	2868.000000
366.615000	2989.000000
366.620000	3021.000000
366.625000	2978.000000
366.630000	2741.000000
366.635000	2935.000000
366.640000	3080.000000
366.645000	2942.000000
366.650000	2771.000000
366.655000	2658.000000
366.660000	2848.000000
366.665000	2993.000000
366.670000	2957.000000
366.675000	2919.000000
366.680000	2836.000000
366.685000	2865.000000
366.690000	3064.000000
366.695000	2674.000000
366.700000	3047.000000
366.705000	3017.000000
366.710000	2675.000000
366.715000	2646.000000
366.720000	2796.000000
366.725000	2891.000000
366.730000	2828.000000
366.735000	2931.000000
366.740000	2756.000000
366.745000	2995.000000
366.750000	2834.000000
366.755000	3049.000000
366.760000	2823.000000
366.765000	2756.000000
366.770000	2613.000000
366.775000	2812.000000
366.780000	2609.000000
366.785000	2550.000000
366.790000	2518.000000
366.795000	2713.000000
366.800000	3020.000000
366.805000	2575.000000
366.810000	2831.000000
366.815000	3086.000000
366.820000	2789.000000
366.825000	3399.000000
366.830000	2727.000000
366.835000	3037.000000
366.840000	2948.000000
366.845000	2959.000000
366.850000	2419.000000
366.855000	3003.000000
366.860000	3107.000000
366.865000	2959.000000
366.870000	3195.000000
366.875000	2774.000000
366.880000	3275.000000
366.885000	3142.000000
366.890000	2966.000000
366.895000	3295.000000
366.900000	3308.000000
366.905000	3796.000000
366.910000	3573.000000
366.915000	3451.000000
366.920000	3949.000000
366.925000	4069.000000
366.930000	4086.000000
366.935000	4399.000000
366.940000	4448.000000
366.945000	4755.000000
366.950000	4496.000000
366.955000	4535.000000
366.960000	4376.000000
366.965000	4851.000000
366.970000	4578.000000
366.975000	4360.000000
366.980000	4286.000000
366.985000	4432.000000
366.990000	4795.000000
366.995000	4151.000000
367.000000	4716.000000
367.005000	4355.000000
367.010000	4762.000000
367.015000	4710.000000
367.020000	4656.000000
367.025000	4460.000000
367.030000	4468.000000
367.035000	4942.000000
367.040000	4552.000000
367.045000	4843.000000
367.050000	4666.000000
367.055000	4855.000000
367.060000	4510.000000
367.065000	5240.000000
367.070000	5485.000000
367.075000	5663.000000
367.080000	5383.000000
367.085000	5718.000000
367.090000	5863.000000
367.095000	5761.000000
367.100000	5775.000000
367.105000	6488.000000
367.110000	6594.000000
367.115000	6598.000000
367.120000	7173.000000
367.125000	7699.000000
367.130000	7507.000000
367.135000	8010.000000
367.140000	8590.000000
367.145000	8570.000000
367.150000	8925.000000
367.155000	9548.000000
367.160000	10254.000000
367.165000	10748.000000
367.170000	11470.000000
367.175000	12097.000000
367.180000	13136.000000
367.185000	14469.000000
367.190000	15467.000000
367.195000	16397.000000
367.200000	15032.000000
367.205000	14258.000000
367.210000	14651.000000
367.215000	14512.000000
367.220000	14364.000000
367.225000	15065.000000
367.230000	14752.000000
367.235000	15995.000000
367.240000	16539.000000
367.245000	16559.000000
367.250000	16847.000000
367.255000	18656.000000
367.260000	18699.000000
367.265000	19742.000000
367.270000	19418.000000
367.275000	21807.000000
367.280000	22160.000000
367.285000	23231.000000
367.290000	22508.000000
367.295000	24468.000000
367.300000	23992.000000
367.305000	26398.000000
367.310000	25794.000000
367.315000	27831.000000
367.320000	29313.000000
367.325000	29875.000000
367.330000	31639.000000
367.335000	30957.000000
367.340000	32512.000000
367.345000	31872.000000
367.350000	32705.000000
367.355000	35379.000000
367.360000	34967.000000
367.365000	35029.000000
367.370000	35301.000000
367.375000	38127.000000
367.380000	38690.000000
367.385000	39024.000000
367.390000	39681.000000
367.395000	41562.000000
367.400000	41427.000000
367.405000	43619.000000
367.410000	44230.000000
367.415000	44214.000000
367.420000	44882.000000
367.425000	45465.000000
367.430000	46980.000000
367.435000	48023.000000
367.440000	47567.000000
367.445000	48170.000000
367.450000	47700.000000
367.455000	47747.000000
367.460000	48190.000000
367.465000	47933.000000
367.470000	48380.000000
367.475000	48910.000000
367.480000	50762.000000
367.485000	50139.000000
367.490000	50595.000000
367.495000	51766.000000
367.500000	53732.000000
367.505000	56288.000000
367.510000	56080.000000
367.515000	60623.000000
367.520000	62503.000000
367.525000	64699.000000
367.530000	62444.000000
367.535000	59877.000000
367.540000	58540.000000
367.545000	60065.000000
367.550000	59625.000000
367.555000	59218.000000
367.560000	61715.000000
367.565000	61032.000000
367.570000	62561.000000
367.575000	62762.000000
367.580000	64769.000000
367.585000	63739.000000
367.590000	64311.000000
367.595000	63636.000000
367.600000	63627.000000
367.605000	66162.000000
367.610000	65174.000000
367.615000	65653.000000
367.620000	66414.000000
367.625000	65718.000000
367.630000	67125.000000
367.635000	67245.000000
367.640000	67503.000000
367.645000	67226.000000
367.650000	69672.000000
367.655000	69401.000000
367.660000	67724.000000
367.665000	70653.000000
367.670000	70930.000000
367.675000	71763.000000
367.680000	73419.000000
367.685000	72801.000000
367.690000	74893.000000
367.695000	74703.000000
367.700000	75596.000000
367.705000	75030.000000
367.710000	77907.000000
367.715000	77477.000000
367.720000	79783.000000
367.725000	80303.000000
367.730000	79733.000000
367.735000	82860.000000
367.740000	82961.000000
367.745000	82588.000000
367.750000	84775.000000
367.755000	83770.000000
367.760000	87406.000000
367.765000	86377.000000
367.770000	90477.000000
367.775000	89935.000000
367.780000	91400.000000
367.785000	92441.000000
367.790000	94091.000000
367.795000	94667.000000
367.800000	96082.000000
367.805000	95958.000000
367.810000	97334.000000
367.815000	99276.000000
367.820000	101146.000000
367.825000	102309.000000
367.830000	103061.000000
367.835000	104243.000000
367.840000	105797.000000
367.845000	109137.000000
367.850000	109022.000000
367.855000	111776.000000
367.860000	110286.000000
367.865000	112773.000000
367.870000	113015.000000
367.875000	114091.000000
367.880000	112822.000000
367.885000	115431.000000
367.890000	116729.000000
367.895000	116260.000000
367.900000	116220.000000
367.905000	118173.000000
367.910000	118594.000000
367.915000	117090.000000
367.920000	118773.000000
367.925000	116948.000000
367.930000	120363.000000
367.935000	116423.000000
367.940000	117669.000000
367.945000	118182.000000
367.950000	117857.000000
367.955000	119558.000000
367.960000	121020.000000
367.965000	115924.000000
367.970000	117762.000000
367.975000	118141.000000
367.980000	117061.000000
367.985000	118924.000000
367.990000	117622.000000
367.995000	115143.000000
368.000000	116791.000000
368.005000	118827.000000
368.010000	115978.000000
368.015000	117447.000000
368.020000	119938.000000
368.025000	119383.000000
368.030000	122251.000000
368.035000	125057.000000
368.040000	132624.000000
368.045000	142329.000000
368.050000	141963.000000
368.055000	134334.000000
368.060000	124390.000000
368.065000	121681.000000
368.070000	117228.000000
368.075000	115522.000000
368.080000	115710.000000
368.085000	114597.000000
368.090000	113198.000000
368.095000	113154.000000
368.100000	113372.000000
368.105000	109760.000000
368.110000	108826.000000
368.115000	109445.000000
368.120000	108113.000000
368.125000	108122.000000
368.130000	108154.000000
368.135000	108383.000000
368.140000	106617.000000
368.145000	104384.000000
368.150000	104614.000000
368.155000	101526.000000
368.160000	103509.000000
368.165000	102573.000000
368.170000	102782.000000
368.175000	102867.000000
368.180000	100785.000000
368.185000	101919.000000
368.190000	99727.000000
368.195000	97415.000000
368.200000	99611.000000
368.205000	97250.000000
368.210000	97986.000000
368.215000	97168.000000
368.220000	96432.000000
368.225000	96582.000000
368.230000	96995.000000
368.235000	95871.000000
368.240000	91316.000000
368.245000	92488.000000
368.250000	92630.000000
368.255000	91063.000000
368.260000	88753.000000
368.265000	90589.000000
368.270000	89167.000000
368.275000	87706.000000
368.280000	85482.000000
368.285000	87513.000000
368.290000	85302.000000
368.295000	85915.000000
368.300000	83609.000000
368.305000	82780.000000
368.310000	83263.000000
368.315000	83380.000000
368.320000	80869.000000
368.325000	80037.000000
368.330000	77597.000000
368.335000	77972.000000
368.340000	77829.000000
368.345000	77228.000000
368.350000	76236.000000
368.355000	76074.000000
368.360000	76445.000000
368.365000	77137.000000
368.370000	74190.000000
368.375000	73483.000000
368.380000	74003.000000
368.385000	71564.000000
368.390000	72815.000000
368.395000	70782.000000
368.400000	71403.000000
368.405000	71111.000000
368.410000	71422.000000
368.415000	68699.000000
368.420000	71749.000000
368.425000	69309.000000
368.430000	69447.000000
368.435000	68530.000000
368.440000	68261.000000
368.445000	68547.000000
368.450000	67845.000000
368.455000	67953.000000
368.460000	67156.000000
368.465000	66389.000000
368.470000	65565.000000
368.475000	65475.000000
368.480000	65587.000000
368.485000	64545.000000
368.490000	64462.000000
368.495000	64870.000000
368.500000	63242.000000
368.505000	62530.000000
368.510000	61575.000000
368.515000	62666.000000
368.520000	62150.000000
368.525000	62689.000000
368.530000	62964.000000
368.535000	60670.000000
368.540000	61368.000000
368.545000	62323.000000
368.550000	61738.000000
368.555000	61037.000000
368.560000	63525.000000
368.565000	61606.000000
368.570000	62278.000000
368.575000	62770.000000
368.580000	60752.000000
368.585000	61273.000000
368.590000	62685.000000
368.595000	65482.000000
368.600000	66821.000000
368.605000	69449.000000
368.610000	73034.000000
368.615000	76652.000000
368.620000	80002.000000
368.625000	77261.000000
368.630000	67245.000000
368.635000	61943.000000
368.640000	61919.000000
368.645000	60843.000000
368.650000	64220.000000
368.655000	68066.000000
368.660000	72693.000000
368.665000	73071.000000
368.670000	72186.000000
368.675000	65338.000000
368.680000	62953.000000
368.685000	59757.000000
368.690000	62727.000000
368.695000	61160.000000
368.700000	56056.000000
368.705000	52879.000000
368.710000	52595.000000
368.715000	51612.000000
368.720000	51771.000000
368.725000	52197.000000
368.730000	54359.000000
368.735000	55211.000000
368.740000	56241.000000
368.745000	50557.000000
368.750000	45700.000000
368.755000	44393.000000
368.760000	42925.000000
368.765000	42640.000000
368.770000	41790.000000
368.775000	42001.000000
368.780000	41565.000000
368.785000	41595.000000
368.790000	41135.000000
368.795000	40955.000000
368.800000	40860.000000
368.805000	41421.000000
368.810000	42274.000000
368.815000	42572.000000
368.820000	43749.000000
368.825000	43891.000000
368.830000	45093.000000
368.835000	46692.000000
368.840000	49141.000000
368.845000	51853.000000
368.850000	54867.000000
368.855000	58682.000000
368.860000	64573.000000
368.865000	71248.000000
368.870000	71016.000000
368.875000	68702.000000
368.880000	66895.000000
368.885000	69648.000000
368.890000	71575.000000
368.895000	62434.000000
368.900000	52734.000000
368.905000	46814.000000
368.910000	43425.000000
368.915000	40262.000000
368.920000	37711.000000
368.925000	36142.000000
368.930000	37066.000000
368.935000	36145.000000
368.940000	34724.000000
368.945000	35134.000000
368.950000	34783.000000
368.955000	34265.000000
368.960000	32657.000000
368.965000	33569.000000
368.970000	31680.000000
368.975000	32022.000000
368.980000	33353.000000
368.985000	32077.000000
368.990000	31774.000000
368.995000	32008.000000
369.000000	30941.000000
369.005000	30756.000000
369.010000	30330.000000
369.015000	30318.000000
369.020000	30531.000000
369.025000	30435.000000
369.030000	29737.000000
369.035000	30772.000000
369.040000	30242.000000
369.045000	29119.000000
369.050000	29249.000000
369.055000	29457.000000
369.060000	29103.000000
369.065000	29039.000000
369.070000	28918.000000
369.075000	28894.000000
369.080000	29370.000000
369.085000	29152.000000
369.090000	29723.000000
369.095000	29071.000000
369.100000	28856.000000
369.105000	28907.000000
369.110000	29318.000000
369.115000	30004.000000
369.120000	29791.000000
369.125000	29307.000000
369.130000	29499.000000
369.135000	29333.000000
369.140000	29714.000000
369.145000	31147.000000
369.150000	31935.000000
369.155000	31424.000000
369.160000	33480.000000
369.165000	34581.000000
369.170000	37622.000000
369.175000	41153.000000
369.180000	45402.000000
369.185000	51006.000000
369.190000	60828.000000
369.195000	71207.000000
369.200000	86005.000000
369.205000	103492.000000
369.210000	125808.000000
369.215000	157796.000000
369.220000	226377.000000
369.225000	231487.000000
369.230000	157117.000000
369.235000	95413.000000
369.240000	68596.000000
369.245000	55070.000000
369.250000	43971.000000
369.255000	37052.000000
369.260000	33516.000000
369.265000	31537.000000
369.270000	30318.000000
369.275000	28837.000000
369.280000	28708.000000
369.285000	26835.000000
369.290000	25694.000000
369.295000	26576.000000
369.300000	25069.000000
369.305000	25503.000000
369.310000	23944.000000
369.315000	23908.000000
369.320000	23746.000000
369.325000	23705.000000
369.330000	23329.000000
369.335000	22747.000000
369.340000	22612.000000
369.345000	22339.000000
369.350000	21810.000000
369.355000	21446.000000
369.360000	22393.000000
369.365000	22414.000000
369.370000	21098.000000
369.375000	20670.000000
369.380000	20727.000000
369.385000	20992.000000
369.390000	20051.000000
369.395000	20887.000000
369.400000	21188.000000
369.405000	19678.000000
369.410000	19688.000000
369.415000	20039.000000
369.420000	19818.000000
369.425000	19282.000000
369.430000	19748.000000
369.435000	19177.000000
369.440000	20096.000000
369.445000	19041.000000
369.450000	19518.000000
369.455000	18989.000000
369.460000	19117.000000
369.465000	18316.000000
369.470000	18523.000000
369.475000	18106.000000
369.480000	18237.000000
369.485000	18059.000000
369.490000	18366.000000
369.495000	17857.000000
369.500000	18614.000000
369.505000	17742.000000
369.510000	17677.000000
369.515000	17661.000000
369.520000	17628.000000
369.525000	17972.000000
369.530000	17394.000000
369.535000	17207.000000
369.540000	17121.000000
369.545000	17202.000000
369.550000	16624.000000
369.555000	18023.000000
369.560000	16664.000000
369.565000	17195.000000
369.570000	17104.000000
369.575000	16656.000000
369.580000	16774.000000
369.585000	16614.000000
369.590000	17354.000000
369.595000	17063.000000
369.600000	16243.000000
369.605000	16298.000000
369.610000	16886.000000
369.615000	16738.000000
369.620000	15414.000000
369.625000	16252.000000
369.630000	15564.000000
369.635000	15743.000000
369.640000	15504.000000
369.645000	16263.000000
369.650000	15261.000000
369.655000	15714.000000
369.660000	15088.000000
369.665000	15121.000000
369.670000	15541.000000
369.675000	15438.000000
369.680000	14879.000000
369.685000	15039.000000
369.690000	14902.000000
369.695000	14943.000000
369.700000	14655.000000
369.705000	14519.000000
369.710000	14697.000000
369.715000	14783.000000
369.720000	14354.000000
369.725000	14881.000000
369.730000	14620.000000
369.735000	14216.000000
369.740000	14771.000000
369.745000	14542.000000
369.750000	14457.000000
369.755000	13601.000000
369.760000	14619.000000
369.765000	13678.000000
369.770000	14221.000000
369.775000	13547.000000
369.780000	13705.000000
369.785000	13160.000000
369.790000	14457.000000
369.795000	13381.000000
369.800000	13544.000000
369.805000	13990.000000
369.810000	14159.000000
369.815000	13163.000000
369.820000	12967.000000
369.825000	13321.000000
369.830000	13507.000000
369.835000	13654.000000
369.840000	13503.000000
369.845000	12920.000000
369.850000	12716.000000
369.855000	13165.000000
369.860000	13424.000000
369.865000	13318.000000
369.870000	13039.000000
369.875000	12699.000000
369.880000	12501.000000
369.885000	12859.000000
369.890000	12869.000000
369.895000	12791.000000
369.900000	12937.000000
369.905000	12614.000000
369.910000	12378.000000
369.915000	12316.000000
369.920000	12454.000000
369.925000	12414.000000
369.930000	12763.000000
369.935000	12877.000000
369.940000	12192.000000
369.945000	12142.000000
369.950000	12073.000000
369.955000	12406.000000
369.960000	11906.000000
369.965000	12351.000000
369.970000	13045.000000
369.975000	12317.000000
369.980000	11814.000000
369.985000	11077.000000
369.990000	12581.000000
369.995000	11917.000000
370.000000	12088.000000
