Sample ID:		H1088 20um slit 20mW power
Start Time:		Tue Jul 14 2020 1:28:42 PM
Averaging Time:		1.000s

367.000000	1115.000000
367.005000	998.000000
367.010000	895.000000
367.015000	943.000000
367.020000	1111.000000
367.025000	1152.000000
367.030000	1025.000000
367.035000	1135.000000
367.040000	1247.000000
367.045000	1394.000000
367.050000	1349.000000
367.055000	1137.000000
367.060000	1405.000000
367.065000	1391.000000
367.070000	1094.000000
367.075000	1355.000000
367.080000	1205.000000
367.085000	1353.000000
367.090000	1687.000000
367.095000	1458.000000
367.100000	1474.000000
367.105000	1453.000000
367.110000	1745.000000
367.115000	1567.000000
367.120000	1701.000000
367.125000	1858.000000
367.130000	1787.000000
367.135000	1904.000000
367.140000	2118.000000
367.145000	2421.000000
367.150000	2232.000000
367.155000	2494.000000
367.160000	2629.000000
367.165000	2635.000000
367.170000	2953.000000
367.175000	3145.000000
367.180000	3322.000000
367.185000	3696.000000
367.190000	3620.000000
367.195000	3816.000000
367.200000	3525.000000
367.205000	3588.000000
367.210000	3137.000000
367.215000	3569.000000
367.220000	3401.000000
367.225000	3521.000000
367.230000	3883.000000
367.235000	4011.000000
367.240000	3977.000000
367.245000	4653.000000
367.250000	4424.000000
367.255000	4407.000000
367.260000	5142.000000
367.265000	5000.000000
367.270000	5224.000000
367.275000	5808.000000
367.280000	6035.000000
367.285000	5992.000000
367.290000	6594.000000
367.295000	6639.000000
367.300000	6937.000000
367.305000	6985.000000
367.310000	7128.000000
367.315000	7429.000000
367.320000	7564.000000
367.325000	7860.000000
367.330000	8088.000000
367.335000	8605.000000
367.340000	9109.000000
367.345000	9351.000000
367.350000	9891.000000
367.355000	9683.000000
367.360000	9814.000000
367.365000	9545.000000
367.370000	10542.000000
367.375000	10787.000000
367.380000	11082.000000
367.385000	11944.000000
367.390000	11506.000000
367.395000	12305.000000
367.400000	12484.000000
367.405000	13203.000000
367.410000	12861.000000
367.415000	13510.000000
367.420000	13346.000000
367.425000	14579.000000
367.430000	14848.000000
367.435000	15379.000000
367.440000	15463.000000
367.445000	14740.000000
367.450000	15126.000000
367.455000	15412.000000
367.460000	15342.000000
367.465000	16077.000000
367.470000	16414.000000
367.475000	16567.000000
367.480000	17211.000000
367.485000	17571.000000
367.490000	17847.000000
367.495000	18357.000000
367.500000	19815.000000
367.505000	19809.000000
367.510000	20796.000000
367.515000	21041.000000
367.520000	22034.000000
367.525000	22439.000000
367.530000	21552.000000
367.535000	21520.000000
367.540000	21532.000000
367.545000	21891.000000
367.550000	22312.000000
367.555000	22315.000000
367.560000	22884.000000
367.565000	23090.000000
367.570000	23987.000000
367.575000	24571.000000
367.580000	24240.000000
367.585000	25302.000000
367.590000	23989.000000
367.595000	25518.000000
367.600000	25887.000000
367.605000	25618.000000
367.610000	25686.000000
367.615000	25886.000000
367.620000	27311.000000
367.625000	27513.000000
367.630000	28633.000000
367.635000	27945.000000
367.640000	28358.000000
367.645000	28646.000000
367.650000	29242.000000
367.655000	29976.000000
367.660000	29125.000000
367.665000	30885.000000
367.670000	31288.000000
367.675000	31488.000000
367.680000	32577.000000
367.685000	34633.000000
367.690000	34347.000000
367.695000	35389.000000
367.700000	35133.000000
367.705000	35596.000000
367.710000	34352.000000
367.715000	36704.000000
367.720000	36939.000000
367.725000	37756.000000
367.730000	37318.000000
367.735000	39163.000000
367.740000	39152.000000
367.745000	39735.000000
367.750000	39817.000000
367.755000	41105.000000
367.760000	41264.000000
367.765000	40833.000000
367.770000	43131.000000
367.775000	43645.000000
367.780000	42973.000000
367.785000	44222.000000
367.790000	44498.000000
367.795000	46397.000000
367.800000	47926.000000
367.805000	46499.000000
367.810000	48996.000000
367.815000	49205.000000
367.820000	49629.000000
367.825000	51003.000000
367.830000	50733.000000
367.835000	51695.000000
367.840000	52724.000000
367.845000	52651.000000
367.850000	54095.000000
367.855000	54394.000000
367.860000	56238.000000
367.865000	56589.000000
367.870000	57811.000000
367.875000	59401.000000
367.880000	60026.000000
367.885000	61020.000000
367.890000	61407.000000
367.895000	62816.000000
367.900000	63977.000000
367.905000	65224.000000
367.910000	65649.000000
367.915000	64733.000000
367.920000	67220.000000
367.925000	66173.000000
367.930000	68145.000000
367.935000	66910.000000
367.940000	68407.000000
367.945000	68745.000000
367.950000	69216.000000
367.955000	69629.000000
367.960000	69744.000000
367.965000	68860.000000
367.970000	70456.000000
367.975000	69090.000000
367.980000	69203.000000
367.985000	69908.000000
367.990000	70798.000000
367.995000	69493.000000
368.000000	69119.000000
368.005000	67202.000000
368.010000	68736.000000
368.015000	70184.000000
368.020000	69383.000000
368.025000	70138.000000
368.030000	70509.000000
368.035000	70062.000000
368.040000	73751.000000
368.045000	76022.000000
368.050000	77670.000000
368.055000	72933.000000
368.060000	69488.000000
368.065000	68019.000000
368.070000	66045.000000
368.075000	65161.000000
368.080000	62915.000000
368.085000	62729.000000
368.090000	62030.000000
368.095000	61202.000000
368.100000	61216.000000
368.105000	61332.000000
368.110000	59940.000000
368.115000	58836.000000
368.120000	59310.000000
368.125000	58771.000000
368.130000	58206.000000
368.135000	57023.000000
368.140000	57758.000000
368.145000	56844.000000
368.150000	57785.000000
368.155000	56200.000000
368.160000	55473.000000
368.165000	56000.000000
368.170000	56384.000000
368.175000	55372.000000
368.180000	55712.000000
368.185000	55131.000000
368.190000	54754.000000
368.195000	53779.000000
368.200000	53906.000000
368.205000	55141.000000
368.210000	54467.000000
368.215000	54533.000000
368.220000	54634.000000
368.225000	53780.000000
368.230000	54086.000000
368.235000	53487.000000
368.240000	52809.000000
368.245000	51722.000000
368.250000	51227.000000
368.255000	51212.000000
368.260000	51948.000000
368.265000	48900.000000
368.270000	50235.000000
368.275000	49608.000000
368.280000	49918.000000
368.285000	49699.000000
368.290000	49286.000000
368.295000	47771.000000
368.300000	48349.000000
368.305000	47711.000000
368.310000	48273.000000
368.315000	47486.000000
368.320000	45927.000000
368.325000	46999.000000
368.330000	45137.000000
368.335000	45706.000000
368.340000	43617.000000
368.345000	44471.000000
368.350000	44303.000000
368.355000	42547.000000
368.360000	43966.000000
368.365000	41556.000000
368.370000	42584.000000
368.375000	44070.000000
368.380000	43006.000000
368.385000	42734.000000
368.390000	43115.000000
368.395000	42026.000000
368.400000	41681.000000
368.405000	41817.000000
368.410000	42237.000000
368.415000	42292.000000
368.420000	41608.000000
368.425000	40544.000000
368.430000	39948.000000
368.435000	39715.000000
368.440000	39803.000000
368.445000	38947.000000
368.450000	38653.000000
368.455000	38564.000000
368.460000	40041.000000
368.465000	37254.000000
368.470000	38364.000000
368.475000	36918.000000
368.480000	36876.000000
368.485000	36411.000000
368.490000	37228.000000
368.495000	35563.000000
368.500000	35353.000000
368.505000	35952.000000
368.510000	35480.000000
368.515000	35016.000000
368.520000	35092.000000
368.525000	34809.000000
368.530000	34490.000000
368.535000	35228.000000
368.540000	34197.000000
368.545000	35529.000000
368.550000	34763.000000
368.555000	34353.000000
368.560000	34991.000000
368.565000	34925.000000
368.570000	34956.000000
368.575000	34457.000000
368.580000	35018.000000
368.585000	35228.000000
368.590000	35010.000000
368.595000	36805.000000
368.600000	36027.000000
368.605000	37683.000000
368.610000	38795.000000
368.615000	40551.000000
368.620000	41826.000000
368.625000	41206.000000
368.630000	38789.000000
368.635000	37333.000000
368.640000	38092.000000
368.645000	36071.000000
368.650000	39082.000000
368.655000	39729.000000
368.660000	42583.000000
368.665000	42194.000000
368.670000	40028.000000
368.675000	38844.000000
368.680000	37905.000000
368.685000	37974.000000
368.690000	37914.000000
368.695000	37905.000000
368.700000	36411.000000
368.705000	36313.000000
368.710000	35810.000000
368.715000	36290.000000
368.720000	36584.000000
368.725000	37833.000000
368.730000	36874.000000
368.735000	39533.000000
368.740000	39637.000000
368.745000	37757.000000
368.750000	38364.000000
368.755000	37161.000000
368.760000	38551.000000
368.765000	37793.000000
368.770000	40200.000000
368.775000	39484.000000
368.780000	41176.000000
368.785000	42457.000000
368.790000	44543.000000
368.795000	47471.000000
368.800000	48901.000000
368.805000	53049.000000
368.810000	56204.000000
368.815000	61952.000000
368.820000	66632.000000
368.825000	72911.000000
368.830000	79365.000000
368.835000	83154.000000
368.840000	83949.000000
368.845000	83284.000000
368.850000	81899.000000
368.855000	78287.000000
368.860000	71292.000000
368.865000	64908.000000
368.870000	57814.000000
368.875000	54218.000000
368.880000	51417.000000
368.885000	50222.000000
368.890000	46665.000000
368.895000	42510.000000
368.900000	37683.000000
368.905000	34457.000000
368.910000	32214.000000
368.915000	30972.000000
368.920000	28614.000000
368.925000	28252.000000
368.930000	26944.000000
368.935000	27445.000000
368.940000	26307.000000
368.945000	25548.000000
368.950000	25671.000000
368.955000	25405.000000
368.960000	25559.000000
368.965000	23728.000000
368.970000	23613.000000
368.975000	23495.000000
368.980000	23191.000000
368.985000	23284.000000
368.990000	23237.000000
368.995000	21872.000000
369.000000	21888.000000
369.005000	21196.000000
369.010000	21238.000000
369.015000	21782.000000
369.020000	21706.000000
369.025000	20700.000000
369.030000	20787.000000
369.035000	20676.000000
369.040000	20875.000000
369.045000	20730.000000
369.050000	20946.000000
369.055000	20087.000000
369.060000	19462.000000
369.065000	19362.000000
369.070000	20668.000000
369.075000	20475.000000
369.080000	18853.000000
369.085000	19735.000000
369.090000	19063.000000
369.095000	19054.000000
369.100000	19466.000000
369.105000	18780.000000
369.110000	19154.000000
369.115000	19672.000000
369.120000	19270.000000
369.125000	18656.000000
369.130000	19789.000000
369.135000	20172.000000
369.140000	20427.000000
369.145000	21625.000000
369.150000	21555.000000
369.155000	23287.000000
369.160000	25092.000000
369.165000	24607.000000
369.170000	27797.000000
369.175000	32132.000000
369.180000	36296.000000
369.185000	43866.000000
369.190000	51570.000000
369.195000	57051.000000
369.200000	65134.000000
369.205000	73169.000000
369.210000	84004.000000
369.215000	99635.000000
369.220000	128110.000000
369.225000	150513.000000
369.230000	119988.000000
369.235000	82609.000000
369.240000	56281.000000
369.245000	42377.000000
369.250000	32204.000000
369.255000	25198.000000
369.260000	21608.000000
369.265000	19978.000000
369.270000	17896.000000
369.275000	17826.000000
369.280000	17276.000000
369.285000	16697.000000
369.290000	16120.000000
369.295000	14966.000000
369.300000	14690.000000
369.305000	14562.000000
369.310000	14220.000000
369.315000	14201.000000
369.320000	13824.000000
369.325000	13825.000000
369.330000	13913.000000
369.335000	13155.000000
369.340000	13171.000000
369.345000	13582.000000
369.350000	12124.000000
369.355000	12938.000000
369.360000	12922.000000
369.365000	12853.000000
369.370000	12174.000000
369.375000	11843.000000
369.380000	12499.000000
369.385000	12860.000000
369.390000	12690.000000
369.395000	11866.000000
369.400000	11883.000000
369.405000	11356.000000
369.410000	11475.000000
369.415000	11516.000000
369.420000	11623.000000
369.425000	10889.000000
369.430000	11034.000000
369.435000	11447.000000
369.440000	10739.000000
369.445000	11475.000000
369.450000	11250.000000
369.455000	10570.000000
369.460000	10865.000000
369.465000	10187.000000
369.470000	10162.000000
369.475000	10747.000000
369.480000	10385.000000
369.485000	10404.000000
369.490000	10484.000000
369.495000	10053.000000
369.500000	10155.000000
369.505000	10454.000000
369.510000	10027.000000
369.515000	10181.000000
369.520000	9901.000000
369.525000	9720.000000
369.530000	9657.000000
369.535000	9653.000000
369.540000	9834.000000
369.545000	10117.000000
369.550000	9709.000000
369.555000	9565.000000
369.560000	9500.000000
369.565000	9622.000000
369.570000	9041.000000
369.575000	8922.000000
369.580000	9020.000000
369.585000	9815.000000
369.590000	9298.000000
369.595000	9676.000000
369.600000	9075.000000
369.605000	8669.000000
369.610000	9319.000000
369.615000	9320.000000
369.620000	9194.000000
369.625000	8858.000000
369.630000	8984.000000
369.635000	8833.000000
369.640000	8242.000000
369.645000	8513.000000
369.650000	8291.000000
369.655000	8753.000000
369.660000	8383.000000
369.665000	8455.000000
369.670000	8353.000000
369.675000	8211.000000
369.680000	8342.000000
369.685000	7841.000000
369.690000	8049.000000
369.695000	7828.000000
369.700000	7971.000000
369.705000	7868.000000
369.710000	8250.000000
369.715000	8078.000000
369.720000	8230.000000
369.725000	7960.000000
369.730000	8136.000000
369.735000	8271.000000
369.740000	8077.000000
369.745000	8322.000000
369.750000	7925.000000
369.755000	7984.000000
369.760000	7728.000000
369.765000	7239.000000
369.770000	7738.000000
369.775000	7447.000000
369.780000	7068.000000
369.785000	7710.000000
369.790000	7667.000000
369.795000	6980.000000
369.800000	7095.000000
369.805000	7114.000000
369.810000	7064.000000
369.815000	6995.000000
369.820000	7339.000000
369.825000	7453.000000
369.830000	7574.000000
369.835000	7429.000000
369.840000	6863.000000
369.845000	6868.000000
369.850000	6854.000000
369.855000	6913.000000
369.860000	6806.000000
369.865000	6759.000000
369.870000	7144.000000
369.875000	6789.000000
369.880000	6656.000000
369.885000	6523.000000
369.890000	6995.000000
369.895000	7062.000000
369.900000	6604.000000
369.905000	6801.000000
369.910000	6915.000000
369.915000	6557.000000
369.920000	6016.000000
369.925000	6878.000000
369.930000	6724.000000
369.935000	7044.000000
369.940000	6840.000000
369.945000	6011.000000
369.950000	6166.000000
369.955000	6209.000000
369.960000	6360.000000
369.965000	6633.000000
369.970000	6486.000000
369.975000	6244.000000
369.980000	6290.000000
369.985000	6187.000000
369.990000	6130.000000
369.995000	6308.000000
370.000000	6225.000000
