Sample ID:		None
Start Time:		Mon Jun 15 2020 4:25:18 PM
Averaging Time:		1.000s

364.800000	1071.000000
364.805000	1027.000000
364.810000	1073.000000
364.815000	1161.000000
364.820000	1507.000000
364.825000	1283.000000
364.830000	1478.000000
364.835000	1781.000000
364.840000	2427.000000
364.845000	4162.000000
364.850000	4528.000000
364.855000	7646.000000
364.860000	12769.000000
364.865000	19451.000000
364.870000	28117.000000
364.875000	40259.000000
364.880000	52331.000000
364.885000	60922.000000
364.890000	71725.000000
364.895000	90325.000000
364.900000	142542.000000
364.905000	221225.000000
364.910000	572471.000000
364.915000	605048.000000
364.920000	269713.000000
364.925000	127608.000000
364.930000	73260.000000
364.935000	45912.000000
364.940000	21222.000000
364.945000	15831.000000
364.950000	11509.000000
364.955000	9013.000000
364.960000	6337.000000
364.965000	6159.000000
364.970000	5091.000000
364.975000	4586.000000
364.980000	4473.000000
364.985000	3750.000000
364.990000	3645.000000
364.995000	3619.000000
365.000000	3212.000000
365.005000	3242.000000
365.010000	2766.000000
365.015000	2822.000000
365.020000	2407.000000
365.025000	2130.000000
365.030000	2084.000000
365.035000	2270.000000
365.040000	1831.000000
365.045000	1645.000000
365.050000	1751.000000
365.055000	1695.000000
365.060000	1504.000000
365.065000	1509.000000
365.070000	1300.000000
365.075000	1212.000000
365.080000	1305.000000
365.085000	1342.000000
365.090000	1102.000000
365.095000	1043.000000
365.100000	1006.000000
365.105000	876.000000
365.110000	1102.000000
365.115000	916.000000
365.120000	934.000000
365.125000	953.000000
365.130000	862.000000
365.135000	955.000000
365.140000	1169.000000
365.145000	1029.000000
365.150000	869.000000
365.155000	1044.000000
365.160000	948.000000
365.165000	997.000000
365.170000	796.000000
365.175000	1088.000000
365.180000	875.000000
365.185000	929.000000
365.190000	798.000000
365.195000	802.000000
365.200000	744.000000
365.205000	785.000000
365.210000	763.000000
365.215000	876.000000
365.220000	837.000000
365.225000	683.000000
365.230000	650.000000
365.235000	775.000000
365.240000	799.000000
365.245000	910.000000
365.250000	908.000000
365.255000	768.000000
365.260000	855.000000
365.265000	884.000000
365.270000	682.000000
365.275000	929.000000
365.280000	828.000000
365.285000	820.000000
365.290000	808.000000
365.295000	904.000000
365.300000	954.000000
365.305000	1007.000000
365.310000	1421.000000
365.315000	1636.000000
365.320000	2224.000000
365.325000	3950.000000
365.330000	5498.000000
365.335000	7461.000000
365.340000	10414.000000
365.345000	12259.000000
365.350000	13534.000000
365.355000	17643.000000
365.360000	22716.000000
365.365000	35890.000000
365.370000	57498.000000
365.375000	128861.000000
365.380000	113858.000000
365.385000	59570.000000
365.390000	26649.000000
365.395000	14686.000000
365.400000	8454.000000
365.405000	5717.000000
365.410000	3089.000000
365.415000	2239.000000
365.420000	1685.000000
365.425000	1407.000000
365.430000	1512.000000
365.435000	1229.000000
365.440000	1033.000000
365.445000	1127.000000
365.450000	1068.000000
365.455000	1168.000000
365.460000	937.000000
365.465000	1033.000000
365.470000	895.000000
365.475000	1069.000000
365.480000	802.000000
365.485000	1044.000000
365.490000	900.000000
365.495000	1043.000000
365.500000	946.000000
365.505000	1048.000000
365.510000	829.000000
365.515000	797.000000
365.520000	862.000000
365.525000	715.000000
365.530000	756.000000
365.535000	941.000000
365.540000	740.000000
365.545000	641.000000
365.550000	854.000000
365.555000	652.000000
365.560000	899.000000
365.565000	821.000000
365.570000	926.000000
365.575000	759.000000
365.580000	899.000000
365.585000	668.000000
365.590000	765.000000
365.595000	692.000000
365.600000	770.000000
365.605000	838.000000
365.610000	902.000000
365.615000	712.000000
365.620000	759.000000
365.625000	739.000000
365.630000	885.000000
365.635000	573.000000
365.640000	549.000000
365.645000	427.000000
365.650000	442.000000
365.655000	366.000000
365.660000	369.000000
365.665000	349.000000
365.670000	373.000000
365.675000	375.000000
365.680000	324.000000
365.685000	355.000000
365.690000	377.000000
365.695000	300.000000
365.700000	389.000000
365.705000	382.000000
365.710000	349.000000
365.715000	315.000000
365.720000	264.000000
365.725000	352.000000
365.730000	266.000000
365.735000	279.000000
365.740000	349.000000
365.745000	319.000000
365.750000	241.000000
365.755000	446.000000
365.760000	340.000000
365.765000	404.000000
365.770000	298.000000
365.775000	263.000000
365.780000	298.000000
365.785000	342.000000
365.790000	235.000000
365.795000	256.000000
365.800000	342.000000
