Sample ID:		None
Start Time:		Mon Jun 15 2020 4:33:04 PM
Averaging Time:		1.000s

364.800000	317.000000
364.805000	445.000000
364.810000	435.000000
364.815000	495.000000
364.820000	508.000000
364.825000	535.000000
364.830000	636.000000
364.835000	426.000000
364.840000	720.000000
364.845000	627.000000
364.850000	645.000000
364.855000	684.000000
364.860000	728.000000
364.865000	569.000000
364.870000	564.000000
364.875000	750.000000
364.880000	824.000000
364.885000	708.000000
364.890000	833.000000
364.895000	913.000000
364.900000	926.000000
364.905000	979.000000
364.910000	1066.000000
364.915000	941.000000
364.920000	1275.000000
364.925000	1088.000000
364.930000	1482.000000
364.935000	1608.000000
364.940000	2014.000000
364.945000	2483.000000
364.950000	3384.000000
364.955000	5140.000000
364.960000	7696.000000
364.965000	15026.000000
364.970000	20545.000000
364.975000	29242.000000
364.980000	44845.000000
364.985000	54450.000000
364.990000	62951.000000
364.995000	79327.000000
365.000000	99536.000000
365.005000	144223.000000
365.010000	277852.000000
365.015000	655554.000000
365.020000	453875.000000
365.025000	157872.000000
365.030000	107661.000000
365.035000	67145.000000
365.040000	33397.000000
365.045000	20107.000000
365.050000	15881.000000
365.055000	11205.000000
365.060000	6942.000000
365.065000	6808.000000
365.070000	5903.000000
365.075000	5134.000000
365.080000	4506.000000
365.085000	4397.000000
365.090000	4210.000000
365.095000	3672.000000
365.100000	3317.000000
365.105000	2847.000000
365.110000	2712.000000
365.115000	2649.000000
365.120000	2305.000000
365.125000	2386.000000
365.130000	2250.000000
365.135000	2029.000000
365.140000	1907.000000
365.145000	1934.000000
365.150000	1914.000000
365.155000	1609.000000
365.160000	1425.000000
365.165000	1263.000000
365.170000	1608.000000
365.175000	1216.000000
365.180000	1221.000000
365.185000	1227.000000
365.190000	956.000000
365.195000	1016.000000
365.200000	1116.000000
365.205000	1085.000000
365.210000	980.000000
365.215000	906.000000
365.220000	848.000000
365.225000	826.000000
365.230000	934.000000
365.235000	863.000000
365.240000	871.000000
365.245000	896.000000
365.250000	1231.000000
365.255000	877.000000
365.260000	903.000000
365.265000	1044.000000
365.270000	1070.000000
365.275000	840.000000
365.280000	787.000000
365.285000	802.000000
365.290000	790.000000
365.295000	714.000000
365.300000	871.000000
365.305000	820.000000
365.310000	779.000000
365.315000	753.000000
365.320000	687.000000
365.325000	872.000000
365.330000	695.000000
365.335000	918.000000
365.340000	749.000000
365.345000	920.000000
365.350000	787.000000
365.355000	928.000000
365.360000	909.000000
365.365000	997.000000
365.370000	803.000000
365.375000	775.000000
365.380000	852.000000
365.385000	912.000000
365.390000	1032.000000
365.395000	853.000000
365.400000	936.000000
365.405000	975.000000
365.410000	1263.000000
365.415000	1574.000000
365.420000	2017.000000
365.425000	3589.000000
365.430000	4436.000000
365.435000	6404.000000
365.440000	8621.000000
365.445000	12185.000000
365.450000	13398.000000
365.455000	16127.000000
365.460000	20094.000000
365.465000	29339.000000
365.470000	47341.000000
365.475000	91496.000000
365.480000	142375.000000
365.485000	85429.000000
365.490000	44569.000000
365.495000	22138.000000
365.500000	12262.000000
365.505000	7777.000000
365.510000	4003.000000
365.515000	2921.000000
365.520000	2117.000000
365.525000	1747.000000
365.530000	1519.000000
365.535000	1241.000000
365.540000	1108.000000
365.545000	1215.000000
365.550000	1099.000000
365.555000	938.000000
365.560000	953.000000
365.565000	963.000000
365.570000	1001.000000
365.575000	858.000000
365.580000	807.000000
365.585000	1083.000000
365.590000	1059.000000
365.595000	787.000000
365.600000	757.000000
365.605000	859.000000
365.610000	864.000000
365.615000	740.000000
365.620000	888.000000
365.625000	679.000000
365.630000	745.000000
365.635000	879.000000
365.640000	641.000000
365.645000	801.000000
365.650000	763.000000
365.655000	706.000000
365.660000	970.000000
365.665000	734.000000
365.670000	664.000000
365.675000	654.000000
365.680000	672.000000
365.685000	837.000000
365.690000	795.000000
365.695000	784.000000
365.700000	847.000000
365.705000	831.000000
365.710000	871.000000
365.715000	972.000000
365.720000	937.000000
365.725000	706.000000
365.730000	662.000000
365.735000	813.000000
365.740000	567.000000
365.745000	511.000000
365.750000	446.000000
365.755000	341.000000
365.760000	332.000000
365.765000	320.000000
365.770000	319.000000
365.775000	290.000000
365.780000	358.000000
365.785000	227.000000
365.790000	251.000000
365.795000	292.000000
365.800000	217.000000
