Sample ID:		Hg lamp
Start Time:		Mon Jul 13 2020 1:38:01 PM
Averaging Time:		1.000s

364.800000	60.000000
364.805000	157.000000
364.810000	207.000000
364.815000	153.000000
364.820000	185.000000
364.825000	256.000000
364.830000	211.000000
364.835000	203.000000
364.840000	229.000000
364.845000	249.000000
364.850000	242.000000
364.855000	239.000000
364.860000	229.000000
364.865000	158.000000
364.870000	311.000000
364.875000	299.000000
364.880000	321.000000
364.885000	244.000000
364.890000	282.000000
364.895000	324.000000
364.900000	292.000000
364.905000	282.000000
364.910000	324.000000
364.915000	345.000000
364.920000	354.000000
364.925000	384.000000
364.930000	345.000000
364.935000	388.000000
364.940000	467.000000
364.945000	545.000000
364.950000	853.000000
364.955000	1091.000000
364.960000	1495.000000
364.965000	2649.000000
364.970000	4849.000000
364.975000	7043.000000
364.980000	9211.000000
364.985000	13297.000000
364.990000	16742.000000
364.995000	19981.000000
365.000000	23184.000000
365.005000	29130.000000
365.010000	42439.000000
365.015000	98846.000000
365.020000	183336.000000
365.025000	115212.000000
365.030000	44472.000000
365.035000	23794.000000
365.040000	14475.000000
365.045000	8535.000000
365.050000	4984.000000
365.055000	3298.000000
365.060000	2501.000000
365.065000	1870.000000
365.070000	1783.000000
365.075000	1493.000000
365.080000	1184.000000
365.085000	1456.000000
365.090000	1063.000000
365.095000	981.000000
365.100000	951.000000
365.105000	846.000000
365.110000	734.000000
365.115000	882.000000
365.120000	705.000000
365.125000	626.000000
365.130000	733.000000
365.135000	593.000000
365.140000	594.000000
365.145000	528.000000
365.150000	442.000000
365.155000	491.000000
365.160000	481.000000
365.165000	381.000000
365.170000	501.000000
365.175000	335.000000
365.180000	440.000000
365.185000	264.000000
365.190000	285.000000
365.195000	392.000000
365.200000	329.000000
365.205000	345.000000
365.210000	255.000000
365.215000	344.000000
365.220000	271.000000
365.225000	266.000000
365.230000	275.000000
365.235000	251.000000
365.240000	291.000000
365.245000	334.000000
365.250000	372.000000
365.255000	267.000000
365.260000	254.000000
365.265000	236.000000
365.270000	265.000000
365.275000	355.000000
365.280000	308.000000
365.285000	224.000000
365.290000	284.000000
365.295000	252.000000
365.300000	274.000000
365.305000	165.000000
365.310000	294.000000
365.315000	349.000000
365.320000	290.000000
365.325000	185.000000
365.330000	195.000000
365.335000	132.000000
365.340000	357.000000
365.345000	326.000000
365.350000	172.000000
365.355000	316.000000
365.360000	146.000000
365.365000	278.000000
365.370000	206.000000
365.375000	247.000000
365.380000	258.000000
365.385000	183.000000
365.390000	175.000000
365.395000	257.000000
365.400000	264.000000
365.405000	238.000000
365.410000	375.000000
365.415000	369.000000
365.420000	452.000000
365.425000	615.000000
365.430000	770.000000
365.435000	1055.000000
365.440000	1925.000000
365.445000	2794.000000
365.450000	3563.000000
365.455000	3823.000000
365.460000	4597.000000
365.465000	5678.000000
365.470000	7825.000000
365.475000	12864.000000
365.480000	24257.000000
365.485000	34378.000000
365.490000	18716.000000
365.495000	9577.000000
365.500000	4440.000000
365.505000	2673.000000
365.510000	1698.000000
365.515000	1096.000000
365.520000	817.000000
365.525000	490.000000
365.530000	475.000000
365.535000	512.000000
365.540000	345.000000
365.545000	367.000000
365.550000	411.000000
365.555000	378.000000
365.560000	334.000000
365.565000	354.000000
365.570000	215.000000
365.575000	260.000000
365.580000	245.000000
365.585000	275.000000
365.590000	271.000000
365.595000	370.000000
365.600000	343.000000
