Sample ID:		Hg lamp
Start Time:		Mon Jul 13 2020 1:33:13 PM
Averaging Time:		1.000s

364.800000	161.000000
364.805000	177.000000
364.810000	242.000000
364.815000	286.000000
364.820000	199.000000
364.825000	224.000000
364.830000	274.000000
364.835000	248.000000
364.840000	193.000000
364.845000	264.000000
364.850000	269.000000
364.855000	210.000000
364.860000	175.000000
364.865000	250.000000
364.870000	280.000000
364.875000	446.000000
364.880000	263.000000
364.885000	417.000000
364.890000	246.000000
364.895000	340.000000
364.900000	327.000000
364.905000	272.000000
364.910000	341.000000
364.915000	431.000000
364.920000	396.000000
364.925000	414.000000
364.930000	417.000000
364.935000	485.000000
364.940000	581.000000
364.945000	682.000000
364.950000	894.000000
364.955000	1223.000000
364.960000	2163.000000
364.965000	3552.000000
364.970000	5433.000000
364.975000	8349.000000
364.980000	11312.000000
364.985000	14768.000000
364.990000	17703.000000
364.995000	21235.000000
365.000000	24728.000000
365.005000	32983.000000
365.010000	56442.000000
365.015000	145542.000000
365.020000	175793.000000
365.025000	77033.000000
365.030000	35254.000000
365.035000	20100.000000
365.040000	12533.000000
365.045000	6950.000000
365.050000	4627.000000
365.055000	2906.000000
365.060000	2378.000000
365.065000	1574.000000
365.070000	1757.000000
365.075000	1235.000000
365.080000	1252.000000
365.085000	1070.000000
365.090000	1205.000000
365.095000	994.000000
365.100000	1011.000000
365.105000	982.000000
365.110000	761.000000
365.115000	747.000000
365.120000	699.000000
365.125000	600.000000
365.130000	533.000000
365.135000	578.000000
365.140000	593.000000
365.145000	420.000000
365.150000	689.000000
365.155000	504.000000
365.160000	391.000000
365.165000	457.000000
365.170000	397.000000
365.175000	405.000000
365.180000	412.000000
365.185000	396.000000
365.190000	350.000000
365.195000	296.000000
365.200000	338.000000
365.205000	311.000000
365.210000	265.000000
365.215000	264.000000
365.220000	287.000000
365.225000	325.000000
365.230000	266.000000
365.235000	240.000000
365.240000	202.000000
365.245000	462.000000
365.250000	233.000000
365.255000	273.000000
365.260000	333.000000
365.265000	298.000000
365.270000	266.000000
365.275000	267.000000
365.280000	353.000000
365.285000	236.000000
365.290000	294.000000
365.295000	248.000000
365.300000	239.000000
365.305000	293.000000
365.310000	336.000000
365.315000	289.000000
365.320000	136.000000
365.325000	239.000000
365.330000	361.000000
365.335000	266.000000
365.340000	168.000000
365.345000	165.000000
365.350000	234.000000
365.355000	175.000000
365.360000	163.000000
365.365000	183.000000
365.370000	206.000000
365.375000	256.000000
365.380000	318.000000
365.385000	143.000000
365.390000	294.000000
365.395000	292.000000
365.400000	251.000000
365.405000	303.000000
365.410000	363.000000
365.415000	352.000000
365.420000	564.000000
365.425000	660.000000
365.430000	951.000000
365.435000	1269.000000
365.440000	2058.000000
365.445000	2878.000000
365.450000	3265.000000
365.455000	3723.000000
365.460000	4509.000000
365.465000	5992.000000
365.470000	8692.000000
365.475000	13473.000000
365.480000	28646.000000
365.485000	32857.000000
365.490000	16224.000000
365.495000	8218.000000
365.500000	4048.000000
365.505000	2405.000000
365.510000	1660.000000
365.515000	999.000000
365.520000	598.000000
365.525000	378.000000
365.530000	503.000000
365.535000	372.000000
365.540000	400.000000
365.545000	388.000000
365.550000	307.000000
365.555000	376.000000
365.560000	351.000000
365.565000	324.000000
365.570000	240.000000
365.575000	247.000000
365.580000	280.000000
365.585000	261.000000
365.590000	259.000000
365.595000	357.000000
365.600000	399.000000
