Sample ID:		Hg lamp
Start Time:		Mon Jul 13 2020 12:50:35 PM
Averaging Time:		1.000s

364.800000	236.000000
364.805000	99.000000
364.810000	282.000000
364.815000	261.000000
364.820000	269.000000
364.825000	214.000000
364.830000	169.000000
364.835000	226.000000
364.840000	234.000000
364.845000	180.000000
364.850000	185.000000
364.855000	279.000000
364.860000	217.000000
364.865000	307.000000
364.870000	236.000000
364.875000	258.000000
364.880000	323.000000
364.885000	315.000000
364.890000	417.000000
364.895000	312.000000
364.900000	266.000000
364.905000	265.000000
364.910000	348.000000
364.915000	367.000000
364.920000	285.000000
364.925000	446.000000
364.930000	471.000000
364.935000	538.000000
364.940000	781.000000
364.945000	787.000000
364.950000	837.000000
364.955000	1274.000000
364.960000	2044.000000
364.965000	3002.000000
364.970000	5652.000000
364.975000	8322.000000
364.980000	11517.000000
364.985000	15499.000000
364.990000	19151.000000
364.995000	23373.000000
365.000000	26441.000000
365.005000	33869.000000
365.010000	55650.000000
365.015000	144982.000000
365.020000	207083.000000
365.025000	101256.000000
365.030000	42800.000000
365.035000	23434.000000
365.040000	13712.000000
365.045000	8658.000000
365.050000	5767.000000
365.055000	3494.000000
365.060000	2587.000000
365.065000	2262.000000
365.070000	2184.000000
365.075000	1630.000000
365.080000	1436.000000
365.085000	1522.000000
365.090000	1118.000000
365.095000	1196.000000
365.100000	1059.000000
365.105000	994.000000
365.110000	968.000000
365.115000	905.000000
365.120000	862.000000
365.125000	699.000000
365.130000	657.000000
365.135000	799.000000
365.140000	761.000000
365.145000	563.000000
365.150000	657.000000
365.155000	552.000000
365.160000	566.000000
365.165000	431.000000
365.170000	488.000000
365.175000	462.000000
365.180000	535.000000
365.185000	410.000000
365.190000	470.000000
365.195000	380.000000
365.200000	350.000000
