Sample ID:		Hg lamp
Start Time:		Mon Jul 13 2020 12:40:34 PM
Averaging Time:		1.000s

364.800000	118.000000
364.805000	118.000000
364.810000	182.000000
364.815000	318.000000
364.820000	200.000000
364.825000	241.000000
364.830000	304.000000
364.835000	259.000000
364.840000	270.000000
364.845000	213.000000
364.850000	313.000000
364.855000	304.000000
364.860000	184.000000
364.865000	291.000000
364.870000	271.000000
364.875000	324.000000
364.880000	384.000000
364.885000	361.000000
364.890000	297.000000
364.895000	377.000000
364.900000	277.000000
364.905000	239.000000
364.910000	483.000000
364.915000	445.000000
364.920000	486.000000
364.925000	466.000000
364.930000	478.000000
364.935000	570.000000
364.940000	542.000000
364.945000	805.000000
364.950000	994.000000
364.955000	1292.000000
364.960000	2061.000000
364.965000	3280.000000
364.970000	5561.000000
364.975000	9137.000000
364.980000	11224.000000
364.985000	15378.000000
364.990000	20641.000000
364.995000	23343.000000
365.000000	27577.000000
365.005000	35948.000000
365.010000	58091.000000
365.015000	147502.000000
365.020000	204907.000000
365.025000	100893.000000
365.030000	41922.000000
365.035000	23304.000000
365.040000	15048.000000
365.045000	8100.000000
365.050000	5392.000000
365.055000	3544.000000
365.060000	2789.000000
365.065000	2387.000000
365.070000	1858.000000
365.075000	1658.000000
365.080000	1441.000000
365.085000	1028.000000
365.090000	1169.000000
365.095000	1331.000000
365.100000	919.000000
365.105000	866.000000
365.110000	1051.000000
365.115000	742.000000
365.120000	872.000000
365.125000	889.000000
365.130000	616.000000
365.135000	695.000000
365.140000	505.000000
365.145000	571.000000
365.150000	717.000000
365.155000	500.000000
365.160000	594.000000
365.165000	576.000000
365.170000	426.000000
365.175000	433.000000
365.180000	467.000000
365.185000	446.000000
365.190000	377.000000
365.195000	335.000000
365.200000	369.000000
