Sample ID:		Hg lamp
Start Time:		Mon Jul 13 2020 12:37:14 PM
Averaging Time:		1.000s

364.800000	109.000000
364.805000	92.000000
364.810000	198.000000
364.815000	262.000000
364.820000	299.000000
364.825000	216.000000
364.830000	226.000000
364.835000	363.000000
364.840000	204.000000
364.845000	250.000000
364.850000	224.000000
364.855000	223.000000
364.860000	280.000000
364.865000	229.000000
364.870000	353.000000
364.875000	366.000000
364.880000	276.000000
364.885000	238.000000
364.890000	313.000000
364.895000	423.000000
364.900000	369.000000
364.905000	413.000000
364.910000	368.000000
364.915000	382.000000
364.920000	347.000000
364.925000	402.000000
364.930000	435.000000
364.935000	674.000000
364.940000	545.000000
364.945000	641.000000
364.950000	941.000000
364.955000	1169.000000
364.960000	1872.000000
364.965000	2665.000000
364.970000	5093.000000
364.975000	7980.000000
364.980000	10770.000000
364.985000	14852.000000
364.990000	18265.000000
364.995000	21298.000000
365.000000	26028.000000
365.005000	32421.000000
365.010000	50862.000000
365.015000	123019.000000
365.020000	205600.000000
365.025000	115979.000000
365.030000	47524.000000
365.035000	25056.000000
365.040000	15497.000000
365.045000	9247.000000
365.050000	5709.000000
365.055000	3893.000000
365.060000	2954.000000
365.065000	2052.000000
365.070000	1924.000000
365.075000	1441.000000
365.080000	1545.000000
365.085000	1324.000000
365.090000	1431.000000
365.095000	1013.000000
365.100000	1010.000000
365.105000	904.000000
365.110000	983.000000
365.115000	841.000000
365.120000	825.000000
365.125000	835.000000
365.130000	871.000000
365.135000	799.000000
365.140000	677.000000
365.145000	606.000000
365.150000	472.000000
365.155000	493.000000
365.160000	634.000000
365.165000	470.000000
365.170000	343.000000
365.175000	541.000000
365.180000	458.000000
365.185000	378.000000
365.190000	432.000000
365.195000	293.000000
365.200000	446.000000
