Sample ID:		Hg lamp
Start Time:		Mon Jul 13 2020 12:47:14 PM
Averaging Time:		1.000s

364.800000	139.000000
364.805000	220.000000
364.810000	247.000000
364.815000	299.000000
364.820000	193.000000
364.825000	203.000000
364.830000	319.000000
364.835000	369.000000
364.840000	344.000000
364.845000	258.000000
364.850000	228.000000
364.855000	196.000000
364.860000	291.000000
364.865000	170.000000
364.870000	333.000000
364.875000	291.000000
364.880000	257.000000
364.885000	337.000000
364.890000	366.000000
364.895000	503.000000
364.900000	271.000000
364.905000	416.000000
364.910000	394.000000
364.915000	499.000000
364.920000	376.000000
364.925000	469.000000
364.930000	601.000000
364.935000	566.000000
364.940000	528.000000
364.945000	721.000000
364.950000	943.000000
364.955000	1305.000000
364.960000	2020.000000
364.965000	3600.000000
364.970000	5975.000000
364.975000	8989.000000
364.980000	11695.000000
364.985000	16755.000000
364.990000	19499.000000
364.995000	24357.000000
365.000000	27549.000000
365.005000	37942.000000
365.010000	66749.000000
365.015000	168947.000000
365.020000	192037.000000
365.025000	82076.000000
365.030000	36746.000000
365.035000	20089.000000
365.040000	12791.000000
365.045000	8082.000000
365.050000	4811.000000
365.055000	3668.000000
365.060000	2573.000000
365.065000	2148.000000
365.070000	1864.000000
365.075000	1331.000000
365.080000	1424.000000
365.085000	1301.000000
365.090000	1363.000000
365.095000	1315.000000
365.100000	1017.000000
365.105000	951.000000
365.110000	1019.000000
365.115000	943.000000
365.120000	807.000000
365.125000	823.000000
365.130000	818.000000
365.135000	654.000000
365.140000	531.000000
365.145000	667.000000
365.150000	527.000000
365.155000	613.000000
365.160000	587.000000
365.165000	673.000000
365.170000	406.000000
365.175000	477.000000
365.180000	466.000000
365.185000	370.000000
365.190000	400.000000
365.195000	451.000000
365.200000	511.000000
