Sample ID:		Hg lamp
Start Time:		Mon Jul 13 2020 12:57:15 PM
Averaging Time:		1.000s

364.800000	123.000000
364.805000	166.000000
364.810000	254.000000
364.815000	239.000000
364.820000	201.000000
364.825000	180.000000
364.830000	259.000000
364.835000	294.000000
364.840000	164.000000
364.845000	238.000000
364.850000	255.000000
364.855000	238.000000
364.860000	306.000000
364.865000	316.000000
364.870000	385.000000
364.875000	253.000000
364.880000	222.000000
364.885000	171.000000
364.890000	290.000000
364.895000	332.000000
364.900000	293.000000
364.905000	285.000000
364.910000	308.000000
364.915000	350.000000
364.920000	486.000000
364.925000	638.000000
364.930000	470.000000
364.935000	476.000000
364.940000	621.000000
364.945000	498.000000
364.950000	777.000000
364.955000	1071.000000
364.960000	1738.000000
364.965000	2244.000000
364.970000	4850.000000
364.975000	7555.000000
364.980000	10190.000000
364.985000	13973.000000
364.990000	17392.000000
364.995000	21497.000000
365.000000	24622.000000
365.005000	30090.000000
365.010000	43973.000000
365.015000	89454.000000
365.020000	187422.000000
365.025000	164276.000000
365.030000	64116.000000
365.035000	33083.000000
365.040000	18716.000000
365.045000	12036.000000
365.050000	7379.000000
365.055000	5048.000000
365.060000	3413.000000
365.065000	2662.000000
365.070000	2194.000000
365.075000	1618.000000
365.080000	1482.000000
365.085000	1664.000000
365.090000	1242.000000
365.095000	1149.000000
365.100000	1078.000000
365.105000	1125.000000
365.110000	1013.000000
365.115000	719.000000
365.120000	780.000000
365.125000	701.000000
365.130000	745.000000
365.135000	668.000000
365.140000	826.000000
365.145000	738.000000
365.150000	708.000000
365.155000	475.000000
365.160000	662.000000
365.165000	484.000000
365.170000	461.000000
365.175000	525.000000
365.180000	320.000000
365.185000	483.000000
365.190000	362.000000
365.195000	469.000000
365.200000	377.000000
