Sample ID:		Hg lamp
Start Time:		Mon Jul 13 2020 1:47:36 PM
Averaging Time:		1.000s

364.800000	77.000000
364.805000	185.000000
364.810000	110.000000
364.815000	173.000000
364.820000	154.000000
364.825000	241.000000
364.830000	198.000000
364.835000	118.000000
364.840000	253.000000
364.845000	345.000000
364.850000	243.000000
364.855000	181.000000
364.860000	302.000000
364.865000	227.000000
364.870000	272.000000
364.875000	285.000000
364.880000	253.000000
364.885000	256.000000
364.890000	289.000000
364.895000	276.000000
364.900000	279.000000
364.905000	277.000000
364.910000	346.000000
364.915000	300.000000
364.920000	420.000000
364.925000	349.000000
364.930000	466.000000
364.935000	510.000000
364.940000	577.000000
364.945000	816.000000
364.950000	688.000000
364.955000	1246.000000
364.960000	1842.000000
364.965000	2971.000000
364.970000	5473.000000
364.975000	7630.000000
364.980000	10903.000000
364.985000	14593.000000
364.990000	17568.000000
364.995000	20864.000000
365.000000	25421.000000
365.005000	30226.000000
365.010000	50944.000000
365.015000	135833.000000
365.020000	183002.000000
365.025000	81896.000000
365.030000	34548.000000
365.035000	20295.000000
365.040000	12323.000000
365.045000	7272.000000
365.050000	4653.000000
365.055000	3275.000000
365.060000	2636.000000
365.065000	1939.000000
365.070000	1458.000000
365.075000	1453.000000
365.080000	1264.000000
365.085000	1269.000000
365.090000	988.000000
365.095000	935.000000
365.100000	988.000000
365.105000	996.000000
365.110000	835.000000
365.115000	925.000000
365.120000	719.000000
365.125000	698.000000
365.130000	737.000000
365.135000	545.000000
365.140000	460.000000
365.145000	540.000000
365.150000	566.000000
365.155000	416.000000
365.160000	600.000000
365.165000	432.000000
365.170000	401.000000
365.175000	360.000000
365.180000	312.000000
365.185000	460.000000
365.190000	499.000000
365.195000	277.000000
365.200000	335.000000
365.205000	311.000000
365.210000	388.000000
365.215000	259.000000
365.220000	281.000000
365.225000	383.000000
365.230000	292.000000
365.235000	385.000000
365.240000	323.000000
365.245000	232.000000
365.250000	346.000000
365.255000	309.000000
365.260000	288.000000
365.265000	241.000000
365.270000	225.000000
365.275000	218.000000
365.280000	315.000000
365.285000	308.000000
365.290000	265.000000
365.295000	184.000000
365.300000	168.000000
365.305000	339.000000
365.310000	278.000000
365.315000	354.000000
365.320000	244.000000
365.325000	214.000000
365.330000	250.000000
365.335000	211.000000
365.340000	320.000000
365.345000	153.000000
365.350000	184.000000
365.355000	191.000000
365.360000	142.000000
365.365000	296.000000
365.370000	251.000000
365.375000	224.000000
365.380000	238.000000
365.385000	186.000000
365.390000	364.000000
365.395000	300.000000
365.400000	273.000000
365.405000	330.000000
365.410000	349.000000
365.415000	319.000000
365.420000	586.000000
365.425000	561.000000
365.430000	960.000000
365.435000	1496.000000
365.440000	1891.000000
365.445000	2348.000000
365.450000	2965.000000
365.455000	3915.000000
365.460000	4434.000000
365.465000	5499.000000
365.470000	8023.000000
365.475000	12210.000000
365.480000	23321.000000
365.485000	35593.000000
365.490000	18839.000000
365.495000	8842.000000
365.500000	5017.000000
365.505000	2811.000000
365.510000	1745.000000
365.515000	1157.000000
365.520000	864.000000
365.525000	515.000000
365.530000	537.000000
365.535000	417.000000
365.540000	441.000000
365.545000	367.000000
365.550000	338.000000
365.555000	406.000000
365.560000	328.000000
365.565000	286.000000
365.570000	316.000000
365.575000	307.000000
365.580000	327.000000
365.585000	408.000000
365.590000	366.000000
365.595000	342.000000
365.600000	366.000000
