Sample ID:		Hg lamp
Start Time:		Mon Jul 13 2020 1:11:59 PM
Averaging Time:		1.000s

364.800000	164.000000
364.805000	136.000000
364.810000	282.000000
364.815000	200.000000
364.820000	205.000000
364.825000	138.000000
364.830000	285.000000
364.835000	287.000000
364.840000	209.000000
364.845000	196.000000
364.850000	177.000000
364.855000	352.000000
364.860000	265.000000
364.865000	262.000000
364.870000	370.000000
364.875000	259.000000
364.880000	302.000000
364.885000	397.000000
364.890000	250.000000
364.895000	253.000000
364.900000	300.000000
364.905000	305.000000
364.910000	367.000000
364.915000	433.000000
364.920000	450.000000
364.925000	426.000000
364.930000	414.000000
364.935000	518.000000
364.940000	470.000000
364.945000	592.000000
364.950000	756.000000
364.955000	1278.000000
364.960000	1748.000000
364.965000	2977.000000
364.970000	5117.000000
364.975000	7771.000000
364.980000	11031.000000
364.985000	14226.000000
364.990000	17846.000000
364.995000	21331.000000
365.000000	25268.000000
365.005000	31825.000000
365.010000	51948.000000
365.015000	132053.000000
365.020000	190505.000000
365.025000	90556.000000
365.030000	37778.000000
365.035000	20334.000000
365.040000	12424.000000
365.045000	7843.000000
365.050000	4362.000000
365.055000	3368.000000
365.060000	2479.000000
365.065000	1930.000000
365.070000	1587.000000
365.075000	1288.000000
365.080000	1467.000000
365.085000	1275.000000
365.090000	1119.000000
365.095000	996.000000
365.100000	960.000000
365.105000	1000.000000
365.110000	729.000000
365.115000	580.000000
365.120000	725.000000
365.125000	702.000000
365.130000	471.000000
365.135000	519.000000
365.140000	543.000000
365.145000	580.000000
365.150000	483.000000
365.155000	565.000000
365.160000	525.000000
365.165000	360.000000
365.170000	415.000000
365.175000	380.000000
365.180000	487.000000
365.185000	495.000000
365.190000	420.000000
365.195000	277.000000
365.200000	358.000000
365.205000	269.000000
365.210000	346.000000
365.215000	339.000000
365.220000	239.000000
365.225000	311.000000
365.230000	443.000000
365.235000	292.000000
365.240000	244.000000
365.245000	216.000000
365.250000	319.000000
365.255000	249.000000
365.260000	310.000000
365.265000	242.000000
365.270000	253.000000
365.275000	380.000000
365.280000	284.000000
365.285000	298.000000
365.290000	226.000000
365.295000	248.000000
365.300000	187.000000
365.305000	210.000000
365.310000	343.000000
365.315000	249.000000
365.320000	319.000000
365.325000	257.000000
365.330000	214.000000
365.335000	223.000000
365.340000	172.000000
365.345000	246.000000
365.350000	182.000000
365.355000	205.000000
365.360000	214.000000
365.365000	272.000000
365.370000	351.000000
365.375000	334.000000
365.380000	330.000000
365.385000	215.000000
365.390000	297.000000
365.395000	286.000000
365.400000	299.000000
365.405000	382.000000
365.410000	306.000000
365.415000	370.000000
365.420000	466.000000
365.425000	582.000000
365.430000	950.000000
365.435000	1322.000000
365.440000	1871.000000
365.445000	2756.000000
365.450000	3059.000000
365.455000	3523.000000
365.460000	4801.000000
365.465000	5515.000000
365.470000	9176.000000
365.475000	14722.000000
365.480000	29984.000000
365.485000	33853.000000
365.490000	16734.000000
365.495000	7426.000000
365.500000	4090.000000
365.505000	2415.000000
365.510000	1470.000000
365.515000	1036.000000
365.520000	701.000000
365.525000	612.000000
365.530000	459.000000
365.535000	416.000000
365.540000	444.000000
365.545000	344.000000
365.550000	409.000000
365.555000	217.000000
365.560000	409.000000
365.565000	379.000000
365.570000	296.000000
365.575000	396.000000
365.580000	485.000000
365.585000	377.000000
365.590000	478.000000
365.595000	317.000000
365.600000	367.000000
