Sample ID:		Hg lamp
Start Time:		Mon Jul 13 2020 12:53:55 PM
Averaging Time:		1.000s

364.800000	165.000000
364.805000	176.000000
364.810000	187.000000
364.815000	241.000000
364.820000	308.000000
364.825000	186.000000
364.830000	339.000000
364.835000	192.000000
364.840000	216.000000
364.845000	363.000000
364.850000	166.000000
364.855000	173.000000
364.860000	252.000000
364.865000	278.000000
364.870000	271.000000
364.875000	415.000000
364.880000	273.000000
364.885000	269.000000
364.890000	315.000000
364.895000	381.000000
364.900000	314.000000
364.905000	336.000000
364.910000	433.000000
364.915000	499.000000
364.920000	407.000000
364.925000	442.000000
364.930000	430.000000
364.935000	587.000000
364.940000	587.000000
364.945000	666.000000
364.950000	845.000000
364.955000	1179.000000
364.960000	1898.000000
364.965000	2947.000000
364.970000	4744.000000
364.975000	8425.000000
364.980000	10874.000000
364.985000	14402.000000
364.990000	18706.000000
364.995000	22784.000000
365.000000	26258.000000
365.005000	32989.000000
365.010000	50291.000000
365.015000	119448.000000
365.020000	205153.000000
365.025000	122813.000000
365.030000	47914.000000
365.035000	26069.000000
365.040000	16011.000000
365.045000	9930.000000
365.050000	5735.000000
365.055000	4065.000000
365.060000	2787.000000
365.065000	2342.000000
365.070000	1988.000000
365.075000	1626.000000
365.080000	1390.000000
365.085000	1284.000000
365.090000	1143.000000
365.095000	1165.000000
365.100000	1009.000000
365.105000	1118.000000
365.110000	892.000000
365.115000	958.000000
365.120000	917.000000
365.125000	858.000000
365.130000	843.000000
365.135000	588.000000
365.140000	623.000000
365.145000	656.000000
365.150000	558.000000
365.155000	657.000000
365.160000	451.000000
365.165000	542.000000
365.170000	633.000000
365.175000	463.000000
365.180000	469.000000
365.185000	447.000000
365.190000	379.000000
365.195000	350.000000
365.200000	389.000000
