Sample ID:		Hg lamp
Start Time:		Mon Jul 13 2020 1:28:26 PM
Averaging Time:		1.000s

364.800000	105.000000
364.805000	149.000000
364.810000	192.000000
364.815000	193.000000
364.820000	292.000000
364.825000	214.000000
364.830000	271.000000
364.835000	273.000000
364.840000	164.000000
364.845000	214.000000
364.850000	273.000000
364.855000	285.000000
364.860000	138.000000
364.865000	216.000000
364.870000	258.000000
364.875000	287.000000
364.880000	278.000000
364.885000	386.000000
364.890000	322.000000
364.895000	328.000000
364.900000	280.000000
364.905000	279.000000
364.910000	293.000000
364.915000	432.000000
364.920000	372.000000
364.925000	372.000000
364.930000	368.000000
364.935000	353.000000
364.940000	496.000000
364.945000	657.000000
364.950000	795.000000
364.955000	1289.000000
364.960000	1637.000000
364.965000	2982.000000
364.970000	4738.000000
364.975000	7242.000000
364.980000	9912.000000
364.985000	13560.000000
364.990000	16760.000000
364.995000	20661.000000
365.000000	23810.000000
365.005000	30568.000000
365.010000	48422.000000
365.015000	120211.000000
365.020000	186069.000000
365.025000	96386.000000
365.030000	39712.000000
365.035000	21724.000000
365.040000	13171.000000
365.045000	7652.000000
365.050000	4829.000000
365.055000	2970.000000
365.060000	2365.000000
365.065000	1973.000000
365.070000	1440.000000
365.075000	1601.000000
365.080000	1291.000000
365.085000	1138.000000
365.090000	1061.000000
365.095000	1062.000000
365.100000	1005.000000
365.105000	1068.000000
365.110000	760.000000
365.115000	740.000000
365.120000	708.000000
365.125000	630.000000
365.130000	668.000000
365.135000	744.000000
365.140000	465.000000
365.145000	693.000000
365.150000	461.000000
365.155000	466.000000
365.160000	625.000000
365.165000	368.000000
365.170000	468.000000
365.175000	372.000000
365.180000	346.000000
365.185000	365.000000
365.190000	422.000000
365.195000	395.000000
365.200000	341.000000
365.205000	363.000000
365.210000	262.000000
365.215000	293.000000
365.220000	316.000000
365.225000	258.000000
365.230000	299.000000
365.235000	304.000000
365.240000	299.000000
365.245000	282.000000
365.250000	232.000000
365.255000	269.000000
365.260000	226.000000
365.265000	332.000000
365.270000	213.000000
365.275000	415.000000
365.280000	252.000000
365.285000	229.000000
365.290000	230.000000
365.295000	216.000000
365.300000	313.000000
365.305000	316.000000
365.310000	310.000000
365.315000	250.000000
365.320000	262.000000
365.325000	265.000000
365.330000	322.000000
365.335000	326.000000
365.340000	262.000000
365.345000	239.000000
365.350000	205.000000
365.355000	220.000000
365.360000	215.000000
365.365000	245.000000
365.370000	195.000000
365.375000	336.000000
365.380000	239.000000
365.385000	320.000000
365.390000	279.000000
365.395000	315.000000
365.400000	349.000000
365.405000	198.000000
365.410000	296.000000
365.415000	379.000000
365.420000	484.000000
365.425000	506.000000
365.430000	742.000000
365.435000	1360.000000
365.440000	1905.000000
365.445000	2709.000000
365.450000	3425.000000
365.455000	3963.000000
365.460000	4639.000000
365.465000	5262.000000
365.470000	7810.000000
365.475000	13240.000000
365.480000	25970.000000
365.485000	35320.000000
365.490000	18506.000000
365.495000	8943.000000
365.500000	4514.000000
365.505000	2614.000000
365.510000	1675.000000
365.515000	937.000000
365.520000	645.000000
365.525000	342.000000
365.530000	412.000000
365.535000	402.000000
365.540000	305.000000
365.545000	292.000000
365.550000	326.000000
365.555000	303.000000
365.560000	326.000000
365.565000	395.000000
365.570000	258.000000
365.575000	245.000000
365.580000	195.000000
365.585000	364.000000
365.590000	337.000000
365.595000	360.000000
365.600000	217.000000
