Sample ID:		Hg lamp
Start Time:		Mon Jul 13 2020 12:33:06 PM
Averaging Time:		1.000s

364.800000	127.000000
364.805000	194.000000
364.810000	263.000000
364.815000	277.000000
364.820000	287.000000
364.825000	189.000000
364.830000	317.000000
364.835000	264.000000
364.840000	164.000000
364.845000	262.000000
364.850000	284.000000
364.855000	178.000000
364.860000	220.000000
364.865000	303.000000
364.870000	249.000000
364.875000	243.000000
364.880000	288.000000
364.885000	435.000000
364.890000	328.000000
364.895000	376.000000
364.900000	296.000000
364.905000	323.000000
364.910000	334.000000
364.915000	406.000000
364.920000	409.000000
364.925000	543.000000
364.930000	393.000000
364.935000	451.000000
364.940000	595.000000
364.945000	753.000000
364.950000	1011.000000
364.955000	1246.000000
364.960000	1978.000000
364.965000	3047.000000
364.970000	5235.000000
364.975000	8484.000000
364.980000	11538.000000
364.985000	15295.000000
364.990000	19228.000000
364.995000	21725.000000
365.000000	26901.000000
365.005000	34265.000000
365.010000	55804.000000
365.015000	144992.000000
365.020000	204036.000000
365.025000	98192.000000
365.030000	40549.000000
365.035000	22462.000000
365.040000	13147.000000
365.045000	7850.000000
365.050000	5262.000000
365.055000	3588.000000
365.060000	2484.000000
365.065000	2095.000000
365.070000	2000.000000
365.075000	1602.000000
365.080000	1538.000000
365.085000	1438.000000
365.090000	1160.000000
365.095000	1119.000000
365.100000	1147.000000
365.105000	1244.000000
365.110000	1003.000000
365.115000	931.000000
365.120000	691.000000
365.125000	636.000000
365.130000	661.000000
365.135000	795.000000
365.140000	729.000000
365.145000	660.000000
365.150000	717.000000
365.155000	614.000000
365.160000	539.000000
365.165000	521.000000
365.170000	361.000000
365.175000	386.000000
365.180000	507.000000
365.185000	397.000000
365.190000	349.000000
365.195000	402.000000
365.200000	416.000000
