Sample ID:		Hg lamp
Start Time:		Mon Jul 13 2020 1:42:49 PM
Averaging Time:		1.000s

364.800000	133.000000
364.805000	162.000000
364.810000	222.000000
364.815000	195.000000
364.820000	252.000000
364.825000	229.000000
364.830000	186.000000
364.835000	149.000000
364.840000	243.000000
364.845000	199.000000
364.850000	208.000000
364.855000	218.000000
364.860000	220.000000
364.865000	283.000000
364.870000	251.000000
364.875000	229.000000
364.880000	330.000000
364.885000	294.000000
364.890000	261.000000
364.895000	400.000000
364.900000	343.000000
364.905000	361.000000
364.910000	372.000000
364.915000	462.000000
364.920000	406.000000
364.925000	390.000000
364.930000	363.000000
364.935000	407.000000
364.940000	581.000000
364.945000	568.000000
364.950000	826.000000
364.955000	913.000000
364.960000	1593.000000
364.965000	2642.000000
364.970000	4648.000000
364.975000	7137.000000
364.980000	10011.000000
364.985000	12917.000000
364.990000	16756.000000
364.995000	19968.000000
365.000000	22823.000000
365.005000	29606.000000
365.010000	40896.000000
365.015000	91762.000000
365.020000	180392.000000
365.025000	124848.000000
365.030000	46651.000000
365.035000	25104.000000
365.040000	14889.000000
365.045000	9008.000000
365.050000	5095.000000
365.055000	3582.000000
365.060000	2590.000000
365.065000	2146.000000
365.070000	1701.000000
365.075000	1440.000000
365.080000	1206.000000
365.085000	1300.000000
365.090000	1228.000000
365.095000	980.000000
365.100000	1000.000000
365.105000	944.000000
365.110000	744.000000
365.115000	678.000000
365.120000	674.000000
365.125000	697.000000
365.130000	651.000000
365.135000	633.000000
365.140000	602.000000
365.145000	672.000000
365.150000	500.000000
365.155000	519.000000
365.160000	527.000000
365.165000	353.000000
365.170000	395.000000
365.175000	302.000000
365.180000	422.000000
365.185000	456.000000
365.190000	315.000000
365.195000	456.000000
365.200000	336.000000
365.205000	376.000000
365.210000	316.000000
365.215000	258.000000
365.220000	320.000000
365.225000	253.000000
365.230000	292.000000
365.235000	290.000000
365.240000	243.000000
365.245000	387.000000
365.250000	246.000000
365.255000	311.000000
365.260000	255.000000
365.265000	328.000000
365.270000	238.000000
365.275000	374.000000
365.280000	303.000000
365.285000	384.000000
365.290000	277.000000
365.295000	215.000000
365.300000	294.000000
365.305000	396.000000
365.310000	291.000000
365.315000	251.000000
365.320000	170.000000
365.325000	280.000000
365.330000	383.000000
365.335000	364.000000
365.340000	180.000000
365.345000	197.000000
365.350000	188.000000
365.355000	152.000000
365.360000	204.000000
365.365000	209.000000
365.370000	258.000000
365.375000	231.000000
365.380000	248.000000
365.385000	252.000000
365.390000	227.000000
365.395000	300.000000
365.400000	290.000000
365.405000	259.000000
365.410000	272.000000
365.415000	297.000000
365.420000	470.000000
365.425000	606.000000
365.430000	891.000000
365.435000	1537.000000
365.440000	1952.000000
365.445000	2425.000000
365.450000	3392.000000
365.455000	3719.000000
365.460000	4413.000000
365.465000	5582.000000
365.470000	8073.000000
365.475000	12571.000000
365.480000	26198.000000
365.485000	35014.000000
365.490000	19003.000000
365.495000	9750.000000
365.500000	4850.000000
365.505000	2500.000000
365.510000	1529.000000
365.515000	1070.000000
365.520000	602.000000
365.525000	685.000000
365.530000	502.000000
365.535000	422.000000
365.540000	343.000000
365.545000	401.000000
365.550000	375.000000
365.555000	327.000000
365.560000	304.000000
365.565000	218.000000
365.570000	374.000000
365.575000	205.000000
365.580000	228.000000
365.585000	310.000000
365.590000	341.000000
365.595000	250.000000
365.600000	341.000000
