Sample ID:		Hg lamp
Start Time:		Mon Jul 13 2020 1:52:24 PM
Averaging Time:		1.000s

364.800000	123.000000
364.805000	133.000000
364.810000	217.000000
364.815000	223.000000
364.820000	196.000000
364.825000	185.000000
364.830000	221.000000
364.835000	196.000000
364.840000	198.000000
364.845000	217.000000
364.850000	230.000000
364.855000	205.000000
364.860000	246.000000
364.865000	261.000000
364.870000	223.000000
364.875000	273.000000
364.880000	349.000000
364.885000	234.000000
364.890000	298.000000
364.895000	353.000000
364.900000	252.000000
364.905000	371.000000
364.910000	394.000000
364.915000	407.000000
364.920000	238.000000
364.925000	373.000000
364.930000	422.000000
364.935000	523.000000
364.940000	591.000000
364.945000	594.000000
364.950000	879.000000
364.955000	1534.000000
364.960000	1866.000000
364.965000	3585.000000
364.970000	5939.000000
364.975000	7682.000000
364.980000	11218.000000
364.985000	14570.000000
364.990000	18116.000000
364.995000	21286.000000
365.000000	24761.000000
365.005000	31132.000000
365.010000	51627.000000
365.015000	138151.000000
365.020000	179962.000000
365.025000	78301.000000
365.030000	34408.000000
365.035000	19201.000000
365.040000	11263.000000
365.045000	7230.000000
365.050000	4623.000000
365.055000	3094.000000
365.060000	2494.000000
365.065000	1846.000000
365.070000	1600.000000
365.075000	1432.000000
365.080000	1242.000000
365.085000	1088.000000
365.090000	1145.000000
365.095000	1053.000000
365.100000	876.000000
365.105000	936.000000
365.110000	1176.000000
365.115000	813.000000
365.120000	611.000000
365.125000	763.000000
365.130000	703.000000
365.135000	745.000000
365.140000	503.000000
365.145000	381.000000
365.150000	496.000000
365.155000	438.000000
365.160000	466.000000
365.165000	429.000000
365.170000	514.000000
365.175000	444.000000
365.180000	343.000000
365.185000	510.000000
365.190000	440.000000
365.195000	399.000000
365.200000	291.000000
365.205000	217.000000
365.210000	311.000000
365.215000	298.000000
365.220000	275.000000
365.225000	266.000000
365.230000	207.000000
365.235000	215.000000
365.240000	279.000000
365.245000	353.000000
365.250000	348.000000
365.255000	370.000000
365.260000	200.000000
365.265000	372.000000
365.270000	374.000000
365.275000	347.000000
365.280000	290.000000
365.285000	313.000000
365.290000	323.000000
365.295000	196.000000
365.300000	239.000000
365.305000	279.000000
365.310000	179.000000
365.315000	172.000000
365.320000	193.000000
365.325000	193.000000
365.330000	252.000000
365.335000	221.000000
365.340000	173.000000
365.345000	282.000000
365.350000	346.000000
365.355000	281.000000
365.360000	343.000000
365.365000	151.000000
365.370000	301.000000
365.375000	268.000000
365.380000	248.000000
365.385000	339.000000
365.390000	275.000000
365.395000	235.000000
365.400000	254.000000
365.405000	256.000000
365.410000	370.000000
365.415000	437.000000
365.420000	419.000000
365.425000	668.000000
365.430000	894.000000
365.435000	1266.000000
365.440000	2049.000000
365.445000	2545.000000
365.450000	2970.000000
365.455000	3846.000000
365.460000	4195.000000
365.465000	5460.000000
365.470000	7783.000000
365.475000	11812.000000
365.480000	23033.000000
365.485000	35242.000000
365.490000	19701.000000
365.495000	9344.000000
365.500000	4768.000000
365.505000	2520.000000
365.510000	1689.000000
365.515000	919.000000
365.520000	887.000000
365.525000	536.000000
365.530000	539.000000
365.535000	489.000000
365.540000	332.000000
365.545000	317.000000
365.550000	346.000000
365.555000	472.000000
365.560000	436.000000
365.565000	326.000000
365.570000	208.000000
365.575000	302.000000
365.580000	408.000000
365.585000	281.000000
365.590000	337.000000
365.595000	210.000000
365.600000	354.000000
