Sample ID:		Hg lamp
Start Time:		Mon Jul 13 2020 12:43:54 PM
Averaging Time:		1.000s

364.800000	198.000000
364.805000	202.000000
364.810000	203.000000
364.815000	202.000000
364.820000	248.000000
364.825000	209.000000
364.830000	259.000000
364.835000	327.000000
364.840000	264.000000
364.845000	318.000000
364.850000	243.000000
364.855000	384.000000
364.860000	273.000000
364.865000	270.000000
364.870000	258.000000
364.875000	366.000000
364.880000	305.000000
364.885000	321.000000
364.890000	310.000000
364.895000	252.000000
364.900000	267.000000
364.905000	331.000000
364.910000	417.000000
364.915000	384.000000
364.920000	361.000000
364.925000	435.000000
364.930000	451.000000
364.935000	588.000000
364.940000	624.000000
364.945000	758.000000
364.950000	936.000000
364.955000	1275.000000
364.960000	1831.000000
364.965000	3339.000000
364.970000	5738.000000
364.975000	8667.000000
364.980000	12198.000000
364.985000	15511.000000
364.990000	18854.000000
364.995000	23242.000000
365.000000	26749.000000
365.005000	34058.000000
365.010000	57584.000000
365.015000	145731.000000
365.020000	203598.000000
365.025000	99743.000000
365.030000	42825.000000
365.035000	23136.000000
365.040000	14327.000000
365.045000	8613.000000
365.050000	4988.000000
365.055000	3726.000000
365.060000	2633.000000
365.065000	2206.000000
365.070000	1940.000000
365.075000	1467.000000
365.080000	1645.000000
365.085000	1411.000000
365.090000	1281.000000
365.095000	989.000000
365.100000	911.000000
365.105000	1040.000000
365.110000	788.000000
365.115000	957.000000
365.120000	598.000000
365.125000	644.000000
365.130000	658.000000
365.135000	686.000000
365.140000	634.000000
365.145000	865.000000
365.150000	527.000000
365.155000	762.000000
365.160000	487.000000
365.165000	636.000000
365.170000	380.000000
365.175000	417.000000
365.180000	424.000000
365.185000	512.000000
365.190000	367.000000
365.195000	465.000000
365.200000	387.000000
