Sample ID:		Hg lamp
Start Time:		Mon Jul 13 2020 1:03:56 PM
Averaging Time:		1.000s

364.800000	158.000000
364.805000	132.000000
364.810000	232.000000
364.815000	202.000000
364.820000	161.000000
364.825000	287.000000
364.830000	255.000000
364.835000	226.000000
364.840000	259.000000
364.845000	395.000000
364.850000	164.000000
364.855000	283.000000
364.860000	305.000000
364.865000	209.000000
364.870000	305.000000
364.875000	189.000000
364.880000	224.000000
364.885000	327.000000
364.890000	321.000000
364.895000	275.000000
364.900000	334.000000
364.905000	356.000000
364.910000	467.000000
364.915000	380.000000
364.920000	481.000000
364.925000	471.000000
364.930000	636.000000
364.935000	508.000000
364.940000	602.000000
364.945000	842.000000
364.950000	756.000000
364.955000	1460.000000
364.960000	1939.000000
364.965000	3215.000000
364.970000	4860.000000
364.975000	7968.000000
364.980000	10877.000000
364.985000	14160.000000
364.990000	19149.000000
364.995000	22538.000000
365.000000	26622.000000
365.005000	33001.000000
365.010000	50609.000000
365.015000	122326.000000
365.020000	209888.000000
365.025000	121782.000000
365.030000	47824.000000
365.035000	25181.000000
365.040000	15596.000000
365.045000	10059.000000
365.050000	5804.000000
365.055000	3945.000000
365.060000	3063.000000
365.065000	2534.000000
365.070000	2077.000000
365.075000	1752.000000
365.080000	1439.000000
365.085000	1246.000000
365.090000	1455.000000
365.095000	1277.000000
365.100000	961.000000
365.105000	1327.000000
365.110000	860.000000
365.115000	1094.000000
365.120000	771.000000
365.125000	837.000000
365.130000	744.000000
365.135000	620.000000
365.140000	710.000000
365.145000	648.000000
365.150000	685.000000
365.155000	693.000000
365.160000	519.000000
365.165000	488.000000
365.170000	556.000000
365.175000	475.000000
365.180000	443.000000
365.185000	374.000000
365.190000	328.000000
365.195000	388.000000
365.200000	282.000000
