Sample ID:		Hg lamp
Start Time:		Mon Jul 13 2020 1:07:16 PM
Averaging Time:		1.000s

364.800000	135.000000
364.805000	221.000000
364.810000	240.000000
364.815000	250.000000
364.820000	200.000000
364.825000	242.000000
364.830000	212.000000
364.835000	242.000000
364.840000	217.000000
364.845000	153.000000
364.850000	197.000000
364.855000	219.000000
364.860000	312.000000
364.865000	207.000000
364.870000	264.000000
364.875000	242.000000
364.880000	322.000000
364.885000	263.000000
364.890000	294.000000
364.895000	206.000000
364.900000	274.000000
364.905000	332.000000
364.910000	327.000000
364.915000	371.000000
364.920000	347.000000
364.925000	351.000000
364.930000	428.000000
364.935000	470.000000
364.940000	670.000000
364.945000	765.000000
364.950000	1009.000000
364.955000	1213.000000
364.960000	2124.000000
364.965000	3285.000000
364.970000	5556.000000
364.975000	8389.000000
364.980000	11799.000000
364.985000	15577.000000
364.990000	19238.000000
364.995000	22172.000000
365.000000	27624.000000
365.005000	35100.000000
365.010000	63422.000000
365.015000	160214.000000
365.020000	188245.000000
365.025000	79993.000000
365.030000	35119.000000
365.035000	19762.000000
365.040000	11193.000000
365.045000	6841.000000
365.050000	4290.000000
365.055000	3401.000000
365.060000	2789.000000
365.065000	1956.000000
365.070000	1641.000000
365.075000	1508.000000
365.080000	1277.000000
365.085000	1329.000000
365.090000	1089.000000
365.095000	1016.000000
365.100000	1077.000000
365.105000	772.000000
365.110000	940.000000
365.115000	786.000000
365.120000	728.000000
365.125000	713.000000
365.130000	677.000000
365.135000	639.000000
365.140000	493.000000
365.145000	432.000000
365.150000	582.000000
365.155000	460.000000
365.160000	402.000000
365.165000	375.000000
365.170000	516.000000
365.175000	355.000000
365.180000	341.000000
365.185000	409.000000
365.190000	404.000000
365.195000	433.000000
365.200000	407.000000
