Sample ID:		Hg lamp
Start Time:		Mon Jul 13 2020 12:22:39 PM
Averaging Time:		1.000s

364.800000	275.000000
364.805000	303.000000
364.810000	246.000000
364.815000	219.000000
364.820000	337.000000
364.825000	229.000000
364.830000	214.000000
364.835000	446.000000
364.840000	428.000000
364.845000	454.000000
364.850000	517.000000
364.855000	618.000000
364.860000	640.000000
364.865000	450.000000
364.870000	734.000000
364.875000	1334.000000
364.880000	1699.000000
364.885000	2921.000000
364.890000	4818.000000
364.895000	7200.000000
364.900000	10711.000000
364.905000	13429.000000
364.910000	18332.000000
364.915000	22900.000000
364.920000	26138.000000
364.925000	33008.000000
364.930000	48395.000000
364.935000	121240.000000
364.940000	208416.000000
364.945000	127208.000000
364.950000	47308.000000
364.955000	25155.000000
364.960000	15278.000000
364.965000	9543.000000
364.970000	5725.000000
364.975000	3967.000000
364.980000	2780.000000
364.985000	2311.000000
364.990000	2037.000000
364.995000	1693.000000
365.000000	1500.000000
365.005000	1426.000000
365.010000	1276.000000
365.015000	1259.000000
365.020000	1052.000000
365.025000	1028.000000
365.030000	1000.000000
365.035000	928.000000
365.040000	769.000000
365.045000	637.000000
365.050000	704.000000
365.055000	657.000000
365.060000	619.000000
365.065000	670.000000
365.070000	508.000000
365.075000	483.000000
365.080000	617.000000
365.085000	478.000000
365.090000	431.000000
365.095000	521.000000
365.100000	477.000000
365.105000	458.000000
365.110000	439.000000
365.115000	395.000000
365.120000	280.000000
365.125000	280.000000
365.130000	400.000000
365.135000	328.000000
365.140000	374.000000
365.145000	212.000000
365.150000	225.000000
365.155000	207.000000
365.160000	231.000000
365.165000	448.000000
365.170000	351.000000
365.175000	354.000000
365.180000	285.000000
365.185000	320.000000
365.190000	250.000000
365.195000	438.000000
365.200000	367.000000
