Sample ID:		Hg lamp
Start Time:		Mon Jul 13 2020 1:00:35 PM
Averaging Time:		1.000s

364.800000	123.000000
364.805000	126.000000
364.810000	366.000000
364.815000	324.000000
364.820000	311.000000
364.825000	224.000000
364.830000	233.000000
364.835000	284.000000
364.840000	307.000000
364.845000	216.000000
364.850000	249.000000
364.855000	201.000000
364.860000	371.000000
364.865000	232.000000
364.870000	201.000000
364.875000	258.000000
364.880000	278.000000
364.885000	298.000000
364.890000	332.000000
364.895000	374.000000
364.900000	220.000000
364.905000	373.000000
364.910000	346.000000
364.915000	437.000000
364.920000	304.000000
364.925000	433.000000
364.930000	537.000000
364.935000	564.000000
364.940000	706.000000
364.945000	903.000000
364.950000	908.000000
364.955000	1188.000000
364.960000	1746.000000
364.965000	3023.000000
364.970000	5236.000000
364.975000	7747.000000
364.980000	11017.000000
364.985000	14136.000000
364.990000	18597.000000
364.995000	22992.000000
365.000000	26279.000000
365.005000	32698.000000
365.010000	50981.000000
365.015000	125600.000000
365.020000	208421.000000
365.025000	122054.000000
365.030000	48911.000000
365.035000	26399.000000
365.040000	15720.000000
365.045000	9956.000000
365.050000	5742.000000
365.055000	4107.000000
365.060000	2946.000000
365.065000	2527.000000
365.070000	2221.000000
365.075000	1565.000000
365.080000	1532.000000
365.085000	1560.000000
365.090000	1325.000000
365.095000	1046.000000
365.100000	845.000000
365.105000	1077.000000
365.110000	1039.000000
365.115000	856.000000
365.120000	761.000000
365.125000	746.000000
365.130000	704.000000
365.135000	624.000000
365.140000	705.000000
365.145000	796.000000
365.150000	568.000000
365.155000	505.000000
365.160000	550.000000
365.165000	604.000000
365.170000	368.000000
365.175000	477.000000
365.180000	434.000000
365.185000	393.000000
365.190000	500.000000
365.195000	350.000000
365.200000	386.000000
