Sample ID:		None
Start Time:		Wed Jul 08 2020 4:02:11 PM
Averaging Time:		1.000s

364.800000	208.000000
364.805000	298.000000
364.810000	170.000000
364.815000	333.000000
364.820000	272.000000
364.825000	291.000000
364.830000	225.000000
364.835000	311.000000
364.840000	286.000000
364.845000	332.000000
364.850000	334.000000
364.855000	339.000000
364.860000	231.000000
364.865000	420.000000
364.870000	545.000000
364.875000	341.000000
364.880000	293.000000
364.885000	335.000000
364.890000	331.000000
364.895000	415.000000
364.900000	614.000000
364.905000	478.000000
364.910000	506.000000
364.915000	520.000000
364.920000	571.000000
364.925000	869.000000
364.930000	1133.000000
364.935000	1135.000000
364.940000	1678.000000
364.945000	4196.000000
364.950000	4811.000000
364.955000	7723.000000
364.960000	13827.000000
364.965000	17601.000000
364.970000	21210.000000
364.975000	28381.000000
364.980000	31418.000000
364.985000	36578.000000
364.990000	46870.000000
364.995000	82838.000000
365.000000	198133.000000
365.005000	176567.000000
365.010000	78443.000000
365.015000	36791.000000
365.020000	23500.000000
365.025000	14432.000000
365.030000	8165.000000
365.035000	5527.000000
365.040000	3402.000000
365.045000	2628.000000
365.050000	2224.000000
365.055000	1763.000000
365.060000	1929.000000
365.065000	1819.000000
365.070000	1468.000000
365.075000	1513.000000
365.080000	1295.000000
365.085000	1033.000000
365.090000	927.000000
365.095000	960.000000
365.100000	893.000000
365.105000	868.000000
365.110000	819.000000
365.115000	803.000000
365.120000	711.000000
365.125000	609.000000
365.130000	607.000000
365.135000	622.000000
365.140000	533.000000
365.145000	582.000000
365.150000	602.000000
365.155000	493.000000
365.160000	582.000000
365.165000	475.000000
365.170000	435.000000
365.175000	562.000000
365.180000	404.000000
365.185000	446.000000
365.190000	482.000000
365.195000	335.000000
365.200000	480.000000
