Sample ID:		None
Start Time:		Wed Jul 08 2020 4:25:37 PM
Averaging Time:		1.000s

364.800000	315.000000
364.805000	230.000000
364.810000	196.000000
364.815000	303.000000
364.820000	278.000000
364.825000	327.000000
364.830000	401.000000
364.835000	442.000000
364.840000	254.000000
364.845000	300.000000
364.850000	397.000000
364.855000	368.000000
364.860000	428.000000
364.865000	307.000000
364.870000	305.000000
364.875000	342.000000
364.880000	360.000000
364.885000	576.000000
364.890000	620.000000
364.895000	646.000000
364.900000	601.000000
364.905000	691.000000
364.910000	869.000000
364.915000	919.000000
364.920000	1220.000000
364.925000	1680.000000
364.930000	2682.000000
364.935000	4523.000000
364.940000	7613.000000
364.945000	11693.000000
364.950000	15581.000000
364.955000	19587.000000
364.960000	26119.000000
364.965000	30875.000000
364.970000	33132.000000
364.975000	44500.000000
364.980000	70862.000000
364.985000	152654.000000
364.990000	207977.000000
364.995000	82330.000000
365.000000	46998.000000
365.005000	27472.000000
365.010000	16841.000000
365.015000	9228.000000
365.020000	6636.000000
365.025000	3510.000000
365.030000	3326.000000
365.035000	2432.000000
365.040000	1954.000000
365.045000	1783.000000
365.050000	1452.000000
365.055000	1433.000000
365.060000	1349.000000
365.065000	1207.000000
365.070000	1259.000000
365.075000	894.000000
365.080000	873.000000
365.085000	838.000000
365.090000	877.000000
365.095000	691.000000
365.100000	719.000000
365.105000	840.000000
365.110000	546.000000
365.115000	593.000000
365.120000	510.000000
365.125000	574.000000
365.130000	480.000000
365.135000	516.000000
365.140000	530.000000
365.145000	570.000000
365.150000	527.000000
365.155000	466.000000
365.160000	379.000000
365.165000	360.000000
365.170000	359.000000
365.175000	393.000000
365.180000	460.000000
365.185000	316.000000
365.190000	313.000000
365.195000	341.000000
365.200000	369.000000
