Sample ID:		None
Start Time:		Wed Jul 08 2020 3:58:51 PM
Averaging Time:		1.000s

364.800000	208.000000
364.805000	225.000000
364.810000	332.000000
364.815000	335.000000
364.820000	286.000000
364.825000	364.000000
364.830000	248.000000
364.835000	307.000000
364.840000	292.000000
364.845000	284.000000
364.850000	329.000000
364.855000	261.000000
364.860000	291.000000
364.865000	360.000000
364.870000	197.000000
364.875000	410.000000
364.880000	259.000000
364.885000	439.000000
364.890000	313.000000
364.895000	446.000000
364.900000	490.000000
364.905000	526.000000
364.910000	467.000000
364.915000	675.000000
364.920000	624.000000
364.925000	711.000000
364.930000	881.000000
364.935000	1247.000000
364.940000	1572.000000
364.945000	2409.000000
364.950000	4757.000000
364.955000	7655.000000
364.960000	11352.000000
364.965000	16115.000000
364.970000	20269.000000
364.975000	27379.000000
364.980000	30236.000000
364.985000	33997.000000
364.990000	42954.000000
364.995000	67776.000000
365.000000	163406.000000
365.005000	206633.000000
365.010000	105645.000000
365.015000	46276.000000
365.020000	28983.000000
365.025000	16333.000000
365.030000	10386.000000
365.035000	5983.000000
365.040000	4023.000000
365.045000	2523.000000
365.050000	2386.000000
365.055000	2165.000000
365.060000	1628.000000
365.065000	1522.000000
365.070000	1506.000000
365.075000	1304.000000
365.080000	1371.000000
365.085000	1276.000000
365.090000	944.000000
365.095000	1094.000000
365.100000	952.000000
365.105000	866.000000
365.110000	871.000000
365.115000	726.000000
365.120000	750.000000
365.125000	688.000000
365.130000	659.000000
365.135000	575.000000
365.140000	553.000000
365.145000	536.000000
365.150000	624.000000
365.155000	389.000000
365.160000	577.000000
365.165000	437.000000
365.170000	292.000000
365.175000	482.000000
365.180000	356.000000
365.185000	399.000000
365.190000	323.000000
365.195000	479.000000
365.200000	245.000000
