Sample ID:		None
Start Time:		Wed Jul 08 2020 3:52:09 PM
Averaging Time:		1.000s

364.800000	228.000000
364.805000	232.000000
364.810000	247.000000
364.815000	195.000000
364.820000	256.000000
364.825000	234.000000
364.830000	239.000000
364.835000	316.000000
364.840000	310.000000
364.845000	260.000000
364.850000	229.000000
364.855000	281.000000
364.860000	279.000000
364.865000	262.000000
364.870000	277.000000
364.875000	412.000000
364.880000	372.000000
364.885000	466.000000
364.890000	439.000000
364.895000	417.000000
364.900000	442.000000
364.905000	633.000000
364.910000	453.000000
364.915000	654.000000
364.920000	669.000000
364.925000	787.000000
364.930000	904.000000
364.935000	1087.000000
364.940000	1462.000000
364.945000	2484.000000
364.950000	4086.000000
364.955000	6743.000000
364.960000	11674.000000
364.965000	17393.000000
364.970000	20660.000000
364.975000	25420.000000
364.980000	30724.000000
364.985000	33866.000000
364.990000	42878.000000
364.995000	71352.000000
365.000000	167459.000000
365.005000	214108.000000
365.010000	97975.000000
365.015000	44037.000000
365.020000	25859.000000
365.025000	11586.000000
365.030000	9000.000000
365.035000	6301.000000
365.040000	4042.000000
365.045000	2738.000000
365.050000	2482.000000
365.055000	2218.000000
365.060000	1789.000000
365.065000	1514.000000
365.070000	1303.000000
365.075000	1624.000000
365.080000	1037.000000
365.085000	1328.000000
365.090000	1185.000000
365.095000	1083.000000
365.100000	851.000000
365.105000	737.000000
365.110000	862.000000
365.115000	931.000000
365.120000	687.000000
365.125000	703.000000
365.130000	588.000000
365.135000	620.000000
365.140000	658.000000
365.145000	552.000000
365.150000	486.000000
365.155000	488.000000
365.160000	550.000000
365.165000	563.000000
365.170000	562.000000
365.175000	314.000000
365.180000	410.000000
365.185000	308.000000
365.190000	359.000000
365.195000	429.000000
365.200000	262.000000
