Sample ID:		None
Start Time:		Wed Jul 08 2020 3:04:21 PM
Averaging Time:		1.000s

364.800000	451.000000
364.805000	368.000000
364.810000	400.000000
364.815000	478.000000
364.820000	409.000000
364.825000	625.000000
364.830000	649.000000
364.835000	526.000000
364.840000	665.000000
364.845000	870.000000
364.850000	890.000000
364.855000	1339.000000
364.860000	1701.000000
364.865000	2737.000000
364.870000	4257.000000
364.875000	7418.000000
364.880000	11620.000000
364.885000	15789.000000
364.890000	19948.000000
364.895000	26838.000000
364.900000	29316.000000
364.905000	32786.000000
364.910000	47830.000000
364.915000	57665.000000
364.920000	118834.000000
364.925000	218775.000000
364.930000	151574.000000
364.935000	60114.000000
364.940000	33231.000000
364.945000	18892.000000
364.950000	12320.000000
364.955000	8152.000000
364.960000	4317.000000
364.965000	3635.000000
364.970000	2929.000000
364.975000	2282.000000
364.980000	1782.000000
364.985000	1681.000000
364.990000	1795.000000
364.995000	1411.000000
365.000000	1468.000000
365.005000	1131.000000
365.010000	1162.000000
365.015000	1067.000000
365.020000	1046.000000
365.025000	960.000000
365.030000	855.000000
365.035000	818.000000
365.040000	851.000000
365.045000	765.000000
365.050000	737.000000
365.055000	633.000000
365.060000	690.000000
365.065000	570.000000
365.070000	602.000000
365.075000	561.000000
365.080000	406.000000
365.085000	577.000000
365.090000	463.000000
365.095000	470.000000
365.100000	599.000000
365.105000	369.000000
365.110000	516.000000
365.115000	349.000000
365.120000	263.000000
365.125000	354.000000
365.130000	367.000000
365.135000	401.000000
365.140000	381.000000
365.145000	328.000000
365.150000	352.000000
365.155000	375.000000
365.160000	395.000000
365.165000	340.000000
365.170000	528.000000
365.175000	437.000000
365.180000	356.000000
365.185000	408.000000
365.190000	418.000000
365.195000	422.000000
365.200000	313.000000
