Sample ID:		None
Start Time:		Wed Jul 08 2020 4:08:53 PM
Averaging Time:		1.000s

364.800000	260.000000
364.805000	254.000000
364.810000	214.000000
364.815000	336.000000
364.820000	267.000000
364.825000	321.000000
364.830000	284.000000
364.835000	231.000000
364.840000	278.000000
364.845000	224.000000
364.850000	337.000000
364.855000	281.000000
364.860000	333.000000
364.865000	358.000000
364.870000	359.000000
364.875000	398.000000
364.880000	399.000000
364.885000	492.000000
364.890000	395.000000
364.895000	580.000000
364.900000	559.000000
364.905000	505.000000
364.910000	604.000000
364.915000	568.000000
364.920000	731.000000
364.925000	1096.000000
364.930000	1419.000000
364.935000	2603.000000
364.940000	3265.000000
364.945000	6926.000000
364.950000	10088.000000
364.955000	14306.000000
364.960000	19317.000000
364.965000	23727.000000
364.970000	28261.000000
364.975000	32609.000000
364.980000	48843.000000
364.985000	58513.000000
364.990000	122497.000000
364.995000	214821.000000
365.000000	136644.000000
365.005000	54115.000000
365.010000	32340.000000
365.015000	19237.000000
365.020000	12750.000000
365.025000	6854.000000
365.030000	5123.000000
365.035000	3465.000000
365.040000	2835.000000
365.045000	1831.000000
365.050000	1672.000000
365.055000	1662.000000
365.060000	1380.000000
365.065000	1201.000000
365.070000	1194.000000
365.075000	1101.000000
365.080000	1052.000000
365.085000	1008.000000
365.090000	959.000000
365.095000	1003.000000
365.100000	801.000000
365.105000	753.000000
365.110000	727.000000
365.115000	856.000000
365.120000	575.000000
365.125000	656.000000
365.130000	578.000000
365.135000	699.000000
365.140000	564.000000
365.145000	514.000000
365.150000	464.000000
365.155000	446.000000
365.160000	514.000000
365.165000	389.000000
365.170000	398.000000
365.175000	402.000000
365.180000	385.000000
365.185000	439.000000
365.190000	263.000000
365.195000	330.000000
365.200000	339.000000
