Sample ID:		None
Start Time:		Wed Jul 08 2020 3:45:27 PM
Averaging Time:		1.000s

364.800000	170.000000
364.805000	185.000000
364.810000	243.000000
364.815000	226.000000
364.820000	206.000000
364.825000	346.000000
364.830000	174.000000
364.835000	232.000000
364.840000	259.000000
364.845000	292.000000
364.850000	305.000000
364.855000	289.000000
364.860000	332.000000
364.865000	336.000000
364.870000	297.000000
364.875000	454.000000
364.880000	391.000000
364.885000	312.000000
364.890000	375.000000
364.895000	389.000000
364.900000	486.000000
364.905000	539.000000
364.910000	473.000000
364.915000	523.000000
364.920000	575.000000
364.925000	549.000000
364.930000	595.000000
364.935000	1024.000000
364.940000	952.000000
364.945000	1806.000000
364.950000	2543.000000
364.955000	4049.000000
364.960000	8996.000000
364.965000	11326.000000
364.970000	14050.000000
364.975000	21551.000000
364.980000	26028.000000
364.985000	29613.000000
364.990000	33749.000000
364.995000	42808.000000
365.000000	69771.000000
365.005000	151107.000000
365.010000	210285.000000
365.015000	108858.000000
365.020000	51731.000000
365.025000	22028.000000
365.030000	16783.000000
365.035000	10903.000000
365.040000	5584.000000
365.045000	3683.000000
365.050000	3145.000000
365.055000	2549.000000
365.060000	2109.000000
365.065000	1747.000000
365.070000	1798.000000
365.075000	1370.000000
365.080000	1523.000000
365.085000	1130.000000
365.090000	1086.000000
365.095000	1256.000000
365.100000	970.000000
365.105000	963.000000
365.110000	790.000000
365.115000	697.000000
365.120000	823.000000
365.125000	689.000000
365.130000	727.000000
365.135000	802.000000
365.140000	655.000000
365.145000	456.000000
365.150000	539.000000
365.155000	526.000000
365.160000	511.000000
365.165000	572.000000
365.170000	487.000000
365.175000	488.000000
365.180000	434.000000
365.185000	543.000000
365.190000	403.000000
365.195000	330.000000
365.200000	311.000000
