Sample ID:		None
Start Time:		Wed Jul 08 2020 4:12:14 PM
Averaging Time:		1.000s

364.800000	205.000000
364.805000	249.000000
364.810000	251.000000
364.815000	297.000000
364.820000	369.000000
364.825000	284.000000
364.830000	201.000000
364.835000	301.000000
364.840000	284.000000
364.845000	418.000000
364.850000	375.000000
364.855000	358.000000
364.860000	347.000000
364.865000	439.000000
364.870000	436.000000
364.875000	406.000000
364.880000	379.000000
364.885000	524.000000
364.890000	352.000000
364.895000	587.000000
364.900000	414.000000
364.905000	458.000000
364.910000	638.000000
364.915000	579.000000
364.920000	767.000000
364.925000	938.000000
364.930000	1408.000000
364.935000	1912.000000
364.940000	3319.000000
364.945000	6020.000000
364.950000	8355.000000
364.955000	12438.000000
364.960000	18876.000000
364.965000	24135.000000
364.970000	26888.000000
364.975000	32195.000000
364.980000	37128.000000
364.985000	47796.000000
364.990000	80675.000000
364.995000	190074.000000
365.000000	178760.000000
365.005000	68535.000000
365.010000	40637.000000
365.015000	22599.000000
365.020000	14033.000000
365.025000	8241.000000
365.030000	5719.000000
365.035000	3909.000000
365.040000	2541.000000
365.045000	1984.000000
365.050000	2070.000000
365.055000	1698.000000
365.060000	1637.000000
365.065000	1480.000000
365.070000	1282.000000
365.075000	952.000000
365.080000	1024.000000
365.085000	1111.000000
365.090000	1030.000000
365.095000	818.000000
365.100000	748.000000
365.105000	793.000000
365.110000	670.000000
365.115000	708.000000
365.120000	652.000000
365.125000	537.000000
365.130000	630.000000
365.135000	650.000000
365.140000	517.000000
365.145000	592.000000
365.150000	553.000000
365.155000	448.000000
365.160000	607.000000
365.165000	477.000000
365.170000	355.000000
365.175000	351.000000
365.180000	309.000000
365.185000	277.000000
365.190000	380.000000
365.195000	397.000000
365.200000	229.000000
