Sample ID:		None
Start Time:		Wed Jul 08 2020 4:15:34 PM
Averaging Time:		1.000s

364.800000	208.000000
364.805000	134.000000
364.810000	212.000000
364.815000	320.000000
364.820000	246.000000
364.825000	364.000000
364.830000	325.000000
364.835000	259.000000
364.840000	366.000000
364.845000	333.000000
364.850000	318.000000
364.855000	348.000000
364.860000	360.000000
364.865000	292.000000
364.870000	272.000000
364.875000	320.000000
364.880000	432.000000
364.885000	395.000000
364.890000	526.000000
364.895000	478.000000
364.900000	403.000000
364.905000	665.000000
364.910000	511.000000
364.915000	570.000000
364.920000	1054.000000
364.925000	1125.000000
364.930000	1433.000000
364.935000	2606.000000
364.940000	4041.000000
364.945000	8554.000000
364.950000	10941.000000
364.955000	15361.000000
364.960000	21199.000000
364.965000	24216.000000
364.970000	29247.000000
364.975000	34994.000000
364.980000	43130.000000
364.985000	59442.000000
364.990000	128071.000000
364.995000	215237.000000
365.000000	127391.000000
365.005000	55734.000000
365.010000	29688.000000
365.015000	18216.000000
365.020000	11143.000000
365.025000	6199.000000
365.030000	4722.000000
365.035000	3337.000000
365.040000	2293.000000
365.045000	1962.000000
365.050000	1791.000000
365.055000	1552.000000
365.060000	1497.000000
365.065000	1403.000000
365.070000	1068.000000
365.075000	1180.000000
365.080000	1012.000000
365.085000	1056.000000
365.090000	912.000000
365.095000	1044.000000
365.100000	838.000000
365.105000	745.000000
365.110000	707.000000
365.115000	645.000000
365.120000	640.000000
365.125000	754.000000
365.130000	576.000000
365.135000	559.000000
365.140000	501.000000
365.145000	606.000000
365.150000	598.000000
365.155000	472.000000
365.160000	319.000000
365.165000	490.000000
365.170000	464.000000
365.175000	447.000000
365.180000	410.000000
365.185000	487.000000
365.190000	265.000000
365.195000	305.000000
365.200000	316.000000
