Sample ID:		None
Start Time:		Wed Jul 08 2020 3:30:30 PM
Averaging Time:		1.000s

364.800000	136.000000
364.805000	352.000000
364.810000	204.000000
364.815000	238.000000
364.820000	218.000000
364.825000	215.000000
364.830000	203.000000
364.835000	308.000000
364.840000	165.000000
364.845000	341.000000
364.850000	269.000000
364.855000	236.000000
364.860000	298.000000
364.865000	307.000000
364.870000	263.000000
364.875000	369.000000
364.880000	349.000000
364.885000	279.000000
364.890000	331.000000
364.895000	401.000000
364.900000	417.000000
364.905000	449.000000
364.910000	506.000000
364.915000	455.000000
364.920000	582.000000
364.925000	515.000000
364.930000	479.000000
364.935000	749.000000
364.940000	674.000000
364.945000	1059.000000
364.950000	1494.000000
364.955000	2616.000000
364.960000	4499.000000
364.965000	6848.000000
364.970000	11131.000000
364.975000	15714.000000
364.980000	21249.000000
364.985000	24855.000000
364.990000	29805.000000
364.995000	33116.000000
365.000000	40811.000000
365.005000	65718.000000
365.010000	140679.000000
365.015000	217407.000000
365.020000	129626.000000
365.025000	51720.000000
365.030000	28382.000000
365.035000	18931.000000
365.040000	8413.000000
365.045000	5953.000000
365.050000	4324.000000
365.055000	3154.000000
365.060000	2713.000000
365.065000	2155.000000
365.070000	1852.000000
365.075000	1377.000000
365.080000	1376.000000
365.085000	1207.000000
365.090000	1464.000000
365.095000	1078.000000
365.100000	1015.000000
365.105000	988.000000
365.110000	962.000000
365.115000	801.000000
365.120000	767.000000
365.125000	613.000000
365.130000	823.000000
365.135000	788.000000
365.140000	704.000000
365.145000	645.000000
365.150000	549.000000
365.155000	584.000000
365.160000	509.000000
365.165000	532.000000
365.170000	458.000000
365.175000	350.000000
365.180000	326.000000
365.185000	457.000000
365.190000	387.000000
365.195000	405.000000
365.200000	336.000000
