Sample ID:		None
Start Time:		Wed Jul 08 2020 3:48:48 PM
Averaging Time:		1.000s

364.800000	255.000000
364.805000	197.000000
364.810000	242.000000
364.815000	257.000000
364.820000	305.000000
364.825000	229.000000
364.830000	316.000000
364.835000	389.000000
364.840000	339.000000
364.845000	367.000000
364.850000	190.000000
364.855000	275.000000
364.860000	343.000000
364.865000	317.000000
364.870000	299.000000
364.875000	377.000000
364.880000	331.000000
364.885000	466.000000
364.890000	416.000000
364.895000	417.000000
364.900000	606.000000
364.905000	432.000000
364.910000	422.000000
364.915000	761.000000
364.920000	589.000000
364.925000	701.000000
364.930000	905.000000
364.935000	1149.000000
364.940000	1990.000000
364.945000	3434.000000
364.950000	4927.000000
364.955000	8356.000000
364.960000	12513.000000
364.965000	17041.000000
364.970000	21123.000000
364.975000	26424.000000
364.980000	30595.000000
364.985000	35233.000000
364.990000	44542.000000
364.995000	72988.000000
365.000000	183752.000000
365.005000	206312.000000
365.010000	89239.000000
365.015000	42931.000000
365.020000	23394.000000
365.025000	12737.000000
365.030000	9040.000000
365.035000	5694.000000
365.040000	3825.000000
365.045000	2528.000000
365.050000	2316.000000
365.055000	1983.000000
365.060000	1749.000000
365.065000	1507.000000
365.070000	1507.000000
365.075000	1483.000000
365.080000	1385.000000
365.085000	1042.000000
365.090000	1223.000000
365.095000	961.000000
365.100000	884.000000
365.105000	706.000000
365.110000	725.000000
365.115000	832.000000
365.120000	785.000000
365.125000	676.000000
365.130000	564.000000
365.135000	493.000000
365.140000	562.000000
365.145000	459.000000
365.150000	571.000000
365.155000	470.000000
365.160000	420.000000
365.165000	503.000000
365.170000	458.000000
365.175000	511.000000
365.180000	484.000000
365.185000	218.000000
365.190000	396.000000
365.195000	344.000000
365.200000	279.000000
