Sample ID:		None
Start Time:		Wed Jul 08 2020 4:32:19 PM
Averaging Time:		1.000s

364.800000	0.000000
364.805000	0.000000
364.810000	0.000000
364.815000	0.000000
364.820000	0.000000
364.825000	0.000000
364.830000	0.000000
364.835000	0.000000
364.840000	0.000000
364.845000	0.000000
364.850000	0.000000
364.855000	0.000000
364.860000	0.000000
364.865000	0.000000
364.870000	0.000000
364.875000	0.000000
364.880000	0.000000
364.885000	0.000000
364.890000	0.000000
364.895000	0.000000
364.900000	0.000000
364.905000	0.000000
364.910000	0.000000
364.915000	0.000000
364.920000	0.000000
364.925000	0.000000
364.930000	0.000000
364.935000	0.000000
364.940000	0.000000
364.945000	0.000000
364.950000	0.000000
364.955000	0.000000
364.960000	0.000000
364.965000	0.000000
364.970000	0.000000
364.975000	0.000000
364.980000	0.000000
364.985000	0.000000
364.990000	0.000000
364.995000	0.000000
365.000000	0.000000
365.005000	0.000000
365.010000	0.000000
365.015000	0.000000
365.020000	0.000000
365.025000	0.000000
365.030000	0.000000
365.035000	0.000000
365.040000	0.000000
365.045000	0.000000
365.050000	0.000000
365.055000	0.000000
365.060000	0.000000
365.065000	0.000000
365.070000	0.000000
365.075000	0.000000
365.080000	0.000000
365.085000	0.000000
365.090000	0.000000
365.095000	0.000000
365.100000	0.000000
365.105000	0.000000
365.110000	0.000000
365.115000	0.000000
365.120000	0.000000
365.125000	0.000000
365.130000	0.000000
365.135000	0.000000
365.140000	0.000000
365.145000	0.000000
365.150000	0.000000
365.155000	0.000000
365.160000	0.000000
365.165000	0.000000
365.170000	0.000000
365.175000	0.000000
365.180000	0.000000
365.185000	0.000000
365.190000	0.000000
365.195000	0.000000
365.200000	0.000000
