Sample ID:		None
Start Time:		Wed Jul 08 2020 3:55:30 PM
Averaging Time:		1.000s

364.800000	225.000000
364.805000	219.000000
364.810000	334.000000
364.815000	274.000000
364.820000	281.000000
364.825000	246.000000
364.830000	273.000000
364.835000	365.000000
364.840000	339.000000
364.845000	463.000000
364.850000	278.000000
364.855000	363.000000
364.860000	302.000000
364.865000	345.000000
364.870000	347.000000
364.875000	323.000000
364.880000	305.000000
364.885000	309.000000
364.890000	333.000000
364.895000	444.000000
364.900000	504.000000
364.905000	553.000000
364.910000	652.000000
364.915000	587.000000
364.920000	625.000000
364.925000	889.000000
364.930000	807.000000
364.935000	1071.000000
364.940000	1549.000000
364.945000	3003.000000
364.950000	5236.000000
364.955000	7980.000000
364.960000	14059.000000
364.965000	16524.000000
364.970000	21281.000000
364.975000	25620.000000
364.980000	29587.000000
364.985000	35648.000000
364.990000	45838.000000
364.995000	81145.000000
365.000000	203525.000000
365.005000	193856.000000
365.010000	83569.000000
365.015000	39595.000000
365.020000	22622.000000
365.025000	12768.000000
365.030000	8824.000000
365.035000	5355.000000
365.040000	3978.000000
365.045000	2659.000000
365.050000	2216.000000
365.055000	2043.000000
365.060000	1637.000000
365.065000	1468.000000
365.070000	1129.000000
365.075000	1311.000000
365.080000	1093.000000
365.085000	1166.000000
365.090000	977.000000
365.095000	990.000000
365.100000	916.000000
365.105000	826.000000
365.110000	806.000000
365.115000	771.000000
365.120000	826.000000
365.125000	678.000000
365.130000	750.000000
365.135000	718.000000
365.140000	502.000000
365.145000	594.000000
365.150000	455.000000
365.155000	580.000000
365.160000	519.000000
365.165000	465.000000
365.170000	406.000000
365.175000	451.000000
365.180000	426.000000
365.185000	323.000000
365.190000	340.000000
365.195000	372.000000
365.200000	322.000000
