Sample ID:		None
Start Time:		Wed Jul 08 2020 4:18:55 PM
Averaging Time:		1.000s

364.800000	192.000000
364.805000	184.000000
364.810000	196.000000
364.815000	286.000000
364.820000	282.000000
364.825000	282.000000
364.830000	294.000000
364.835000	379.000000
364.840000	357.000000
364.845000	268.000000
364.850000	272.000000
364.855000	366.000000
364.860000	422.000000
364.865000	287.000000
364.870000	297.000000
364.875000	348.000000
364.880000	315.000000
364.885000	376.000000
364.890000	585.000000
364.895000	510.000000
364.900000	484.000000
364.905000	589.000000
364.910000	502.000000
364.915000	892.000000
364.920000	954.000000
364.925000	1349.000000
364.930000	2007.000000
364.935000	3129.000000
364.940000	5053.000000
364.945000	8815.000000
364.950000	12728.000000
364.955000	17411.000000
364.960000	23110.000000
364.965000	26931.000000
364.970000	31343.000000
364.975000	36039.000000
364.980000	49040.000000
364.985000	85224.000000
364.990000	184828.000000
364.995000	172136.000000
365.000000	68848.000000
365.005000	37572.000000
365.010000	22923.000000
365.015000	14175.000000
365.020000	8132.000000
365.025000	5100.000000
365.030000	3770.000000
365.035000	2808.000000
365.040000	2334.000000
365.045000	1591.000000
365.050000	1822.000000
365.055000	1531.000000
365.060000	1382.000000
365.065000	1275.000000
365.070000	1133.000000
365.075000	1205.000000
365.080000	1207.000000
365.085000	933.000000
365.090000	932.000000
365.095000	819.000000
365.100000	641.000000
365.105000	612.000000
365.110000	625.000000
365.115000	614.000000
365.120000	670.000000
365.125000	673.000000
365.130000	608.000000
365.135000	454.000000
365.140000	585.000000
365.145000	478.000000
365.150000	437.000000
365.155000	403.000000
365.160000	403.000000
365.165000	413.000000
365.170000	498.000000
365.175000	443.000000
365.180000	256.000000
365.185000	265.000000
365.190000	474.000000
365.195000	330.000000
365.200000	334.000000
