Sample ID:		None
Start Time:		Wed Jul 08 2020 4:28:58 PM
Averaging Time:		1.000s

364.800000	273.000000
364.805000	276.000000
364.810000	276.000000
364.815000	168.000000
364.820000	331.000000
364.825000	259.000000
364.830000	249.000000
364.835000	343.000000
364.840000	305.000000
364.845000	302.000000
364.850000	450.000000
364.855000	359.000000
364.860000	382.000000
364.865000	372.000000
364.870000	234.000000
364.875000	314.000000
364.880000	362.000000
364.885000	409.000000
364.890000	465.000000
364.895000	469.000000
364.900000	455.000000
364.905000	703.000000
364.910000	644.000000
364.915000	1002.000000
364.920000	1298.000000
364.925000	1455.000000
364.930000	2884.000000
364.935000	4424.000000
364.940000	7561.000000
364.945000	11064.000000
364.950000	15526.000000
364.955000	19465.000000
364.960000	26978.000000
364.965000	30062.000000
364.970000	32799.000000
364.975000	41996.000000
364.980000	68914.000000
364.985000	148804.000000
364.990000	210031.000000
364.995000	95444.000000
365.000000	47953.000000
365.005000	27493.000000
365.010000	17677.000000
365.015000	10928.000000
365.020000	6056.000000
365.025000	4346.000000
365.030000	3170.000000
365.035000	2533.000000
365.040000	1909.000000
365.045000	1623.000000
365.050000	1544.000000
365.055000	1300.000000
365.060000	1188.000000
365.065000	1083.000000
365.070000	1188.000000
365.075000	1192.000000
365.080000	1128.000000
365.085000	862.000000
365.090000	892.000000
365.095000	836.000000
365.100000	814.000000
365.105000	818.000000
365.110000	529.000000
365.115000	612.000000
365.120000	719.000000
365.125000	587.000000
365.130000	525.000000
365.135000	624.000000
365.140000	496.000000
365.145000	586.000000
365.150000	631.000000
365.155000	416.000000
365.160000	403.000000
365.165000	449.000000
365.170000	400.000000
365.175000	336.000000
365.180000	415.000000
365.185000	312.000000
365.190000	309.000000
365.195000	359.000000
365.200000	423.000000
