Sample ID:		None
Start Time:		Wed Jul 08 2020 3:42:06 PM
Averaging Time:		1.000s

364.800000	206.000000
364.805000	266.000000
364.810000	262.000000
364.815000	226.000000
364.820000	269.000000
364.825000	290.000000
364.830000	257.000000
364.835000	259.000000
364.840000	257.000000
364.845000	260.000000
364.850000	309.000000
364.855000	245.000000
364.860000	345.000000
364.865000	270.000000
364.870000	384.000000
364.875000	463.000000
364.880000	366.000000
364.885000	332.000000
364.890000	424.000000
364.895000	425.000000
364.900000	550.000000
364.905000	553.000000
364.910000	417.000000
364.915000	620.000000
364.920000	614.000000
364.925000	603.000000
364.930000	671.000000
364.935000	849.000000
364.940000	1143.000000
364.945000	1802.000000
364.950000	2211.000000
364.955000	3641.000000
364.960000	7570.000000
364.965000	11652.000000
364.970000	13974.000000
364.975000	18591.000000
364.980000	24656.000000
364.985000	28450.000000
364.990000	32315.000000
364.995000	38567.000000
365.000000	51717.000000
365.005000	98340.000000
365.010000	213983.000000
365.015000	147772.000000
365.020000	60109.000000
365.025000	35812.000000
365.030000	18404.000000
365.035000	12962.000000
365.040000	7013.000000
365.045000	4285.000000
365.050000	3658.000000
365.055000	2640.000000
365.060000	2135.000000
365.065000	2054.000000
365.070000	1660.000000
365.075000	1327.000000
365.080000	1554.000000
365.085000	1386.000000
365.090000	1091.000000
365.095000	1124.000000
365.100000	861.000000
365.105000	890.000000
365.110000	901.000000
365.115000	855.000000
365.120000	825.000000
365.125000	636.000000
365.130000	872.000000
365.135000	744.000000
365.140000	605.000000
365.145000	588.000000
365.150000	552.000000
365.155000	525.000000
365.160000	521.000000
365.165000	676.000000
365.170000	384.000000
365.175000	468.000000
365.180000	590.000000
365.185000	447.000000
365.190000	382.000000
365.195000	340.000000
365.200000	306.000000
