Sample ID:		None
Start Time:		Wed Jul 08 2020 4:22:16 PM
Averaging Time:		1.000s

364.800000	205.000000
364.805000	216.000000
364.810000	191.000000
364.815000	215.000000
364.820000	339.000000
364.825000	191.000000
364.830000	222.000000
364.835000	326.000000
364.840000	307.000000
364.845000	394.000000
364.850000	392.000000
364.855000	336.000000
364.860000	353.000000
364.865000	234.000000
364.870000	301.000000
364.875000	318.000000
364.880000	301.000000
364.885000	401.000000
364.890000	489.000000
364.895000	521.000000
364.900000	600.000000
364.905000	700.000000
364.910000	673.000000
364.915000	860.000000
364.920000	862.000000
364.925000	1356.000000
364.930000	2346.000000
364.935000	3650.000000
364.940000	6455.000000
364.945000	9332.000000
364.950000	14244.000000
364.955000	17944.000000
364.960000	24444.000000
364.965000	29492.000000
364.970000	31565.000000
364.975000	39626.000000
364.980000	56700.000000
364.985000	103678.000000
364.990000	202789.000000
364.995000	148252.000000
365.000000	61991.000000
365.005000	35979.000000
365.010000	20437.000000
365.015000	12673.000000
365.020000	7511.000000
365.025000	4857.000000
365.030000	3337.000000
365.035000	2532.000000
365.040000	2311.000000
365.045000	1868.000000
365.050000	2142.000000
365.055000	1725.000000
365.060000	1234.000000
365.065000	1195.000000
365.070000	1139.000000
365.075000	1165.000000
365.080000	1066.000000
365.085000	1195.000000
365.090000	858.000000
365.095000	786.000000
365.100000	767.000000
365.105000	787.000000
365.110000	785.000000
365.115000	654.000000
365.120000	643.000000
365.125000	507.000000
365.130000	586.000000
365.135000	569.000000
365.140000	563.000000
365.145000	431.000000
365.150000	428.000000
365.155000	471.000000
365.160000	445.000000
365.165000	421.000000
365.170000	378.000000
365.175000	337.000000
365.180000	418.000000
365.185000	346.000000
365.190000	311.000000
365.195000	316.000000
365.200000	371.000000
