Sample ID:		None
Start Time:		Wed Jul 08 2020 4:05:32 PM
Averaging Time:		1.000s

364.800000	264.000000
364.805000	256.000000
364.810000	375.000000
364.815000	308.000000
364.820000	213.000000
364.825000	313.000000
364.830000	353.000000
364.835000	296.000000
364.840000	322.000000
364.845000	303.000000
364.850000	236.000000
364.855000	274.000000
364.860000	341.000000
364.865000	401.000000
364.870000	236.000000
364.875000	397.000000
364.880000	325.000000
364.885000	390.000000
364.890000	409.000000
364.895000	475.000000
364.900000	506.000000
364.905000	454.000000
364.910000	491.000000
364.915000	614.000000
364.920000	582.000000
364.925000	1049.000000
364.930000	1100.000000
364.935000	1632.000000
364.940000	2073.000000
364.945000	3610.000000
364.950000	6752.000000
364.955000	9726.000000
364.960000	16534.000000
364.965000	19617.000000
364.970000	24212.000000
364.975000	30222.000000
364.980000	31031.000000
364.985000	40655.000000
364.990000	55685.000000
364.995000	114587.000000
365.000000	216976.000000
365.005000	157099.000000
365.010000	64102.000000
365.015000	33377.000000
365.020000	18736.000000
365.025000	11243.000000
365.030000	7521.000000
365.035000	4731.000000
365.040000	3388.000000
365.045000	2666.000000
365.050000	2695.000000
365.055000	2011.000000
365.060000	1612.000000
365.065000	1535.000000
365.070000	1319.000000
365.075000	1343.000000
365.080000	1269.000000
365.085000	1229.000000
365.090000	1013.000000
365.095000	1068.000000
365.100000	808.000000
365.105000	740.000000
365.110000	672.000000
365.115000	908.000000
365.120000	583.000000
365.125000	621.000000
365.130000	726.000000
365.135000	624.000000
365.140000	465.000000
365.145000	558.000000
365.150000	522.000000
365.155000	398.000000
365.160000	419.000000
365.165000	472.000000
365.170000	562.000000
365.175000	447.000000
365.180000	403.000000
365.185000	377.000000
365.190000	305.000000
365.195000	272.000000
365.200000	378.000000
