Sample ID:		H1092 Mg coat 20um slit 20mW power
Start Time:		Fri Jul 10 2020 1:08:40 PM
Averaging Time:		1.000s

366.500000	120.000000
366.505000	105.000000
366.510000	98.000000
366.515000	110.000000
366.520000	109.000000
366.525000	90.000000
366.530000	173.000000
366.535000	114.000000
366.540000	89.000000
366.545000	164.000000
366.550000	118.000000
366.555000	124.000000
366.560000	217.000000
366.565000	243.000000
366.570000	106.000000
366.575000	131.000000
366.580000	149.000000
366.585000	222.000000
366.590000	111.000000
366.595000	131.000000
366.600000	180.000000
366.605000	158.000000
366.610000	222.000000
366.615000	238.000000
366.620000	193.000000
366.625000	232.000000
366.630000	260.000000
366.635000	242.000000
366.640000	229.000000
366.645000	230.000000
366.650000	398.000000
366.655000	174.000000
366.660000	271.000000
366.665000	242.000000
366.670000	279.000000
366.675000	265.000000
366.680000	277.000000
366.685000	280.000000
366.690000	221.000000
366.695000	212.000000
366.700000	406.000000
366.705000	354.000000
366.710000	433.000000
366.715000	564.000000
366.720000	503.000000
366.725000	691.000000
366.730000	478.000000
366.735000	549.000000
366.740000	592.000000
366.745000	528.000000
366.750000	912.000000
366.755000	633.000000
366.760000	938.000000
366.765000	1002.000000
366.770000	892.000000
366.775000	1047.000000
366.780000	1186.000000
366.785000	1024.000000
366.790000	1101.000000
366.795000	1353.000000
366.800000	1304.000000
366.805000	1356.000000
366.810000	1148.000000
366.815000	1223.000000
366.820000	1086.000000
366.825000	1270.000000
366.830000	1163.000000
366.835000	1266.000000
366.840000	1166.000000
366.845000	1327.000000
366.850000	1236.000000
366.855000	1344.000000
366.860000	1346.000000
366.865000	1455.000000
366.870000	1445.000000
366.875000	1266.000000
366.880000	1608.000000
366.885000	1398.000000
366.890000	1459.000000
366.895000	1611.000000
366.900000	1421.000000
366.905000	1760.000000
366.910000	1726.000000
366.915000	1843.000000
366.920000	2065.000000
366.925000	2122.000000
366.930000	2114.000000
366.935000	2278.000000
366.940000	2246.000000
366.945000	2503.000000
366.950000	2612.000000
366.955000	2520.000000
366.960000	2891.000000
366.965000	2951.000000
366.970000	3211.000000
366.975000	3225.000000
366.980000	3423.000000
366.985000	3747.000000
366.990000	3492.000000
366.995000	4102.000000
367.000000	4668.000000
367.005000	4508.000000
367.010000	5253.000000
367.015000	5508.000000
367.020000	6175.000000
367.025000	6629.000000
367.030000	6816.000000
367.035000	7175.000000
367.040000	5905.000000
367.045000	5834.000000
367.050000	6307.000000
367.055000	6596.000000
367.060000	6470.000000
367.065000	6302.000000
367.070000	6523.000000
367.075000	6977.000000
367.080000	6987.000000
367.085000	7376.000000
367.090000	8172.000000
367.095000	7992.000000
367.100000	8990.000000
367.105000	8243.000000
367.110000	9125.000000
367.115000	10035.000000
367.120000	9810.000000
367.125000	10161.000000
367.130000	10676.000000
367.135000	11376.000000
367.140000	11739.000000
367.145000	12574.000000
367.150000	12652.000000
367.155000	12849.000000
367.160000	13254.000000
367.165000	14115.000000
367.170000	14532.000000
367.175000	14058.000000
367.180000	15106.000000
367.185000	15815.000000
367.190000	15200.000000
367.195000	17035.000000
367.200000	16546.000000
367.205000	16776.000000
367.210000	18613.000000
367.215000	18903.000000
367.220000	19341.000000
367.225000	20372.000000
367.230000	20257.000000
367.235000	20709.000000
367.240000	21972.000000
367.245000	21456.000000
367.250000	21847.000000
367.255000	23030.000000
367.260000	23405.000000
367.265000	23402.000000
367.270000	24273.000000
367.275000	26209.000000
367.280000	24921.000000
367.285000	25585.000000
367.290000	26045.000000
367.295000	25748.000000
367.300000	25996.000000
367.305000	26415.000000
367.310000	26466.000000
367.315000	26319.000000
367.320000	27040.000000
367.325000	27265.000000
367.330000	28109.000000
367.335000	29200.000000
367.340000	29554.000000
367.345000	30953.000000
367.350000	33778.000000
367.355000	35498.000000
367.360000	36461.000000
367.365000	35883.000000
367.370000	34451.000000
367.375000	34000.000000
367.380000	34294.000000
367.385000	32935.000000
367.390000	35024.000000
367.395000	34497.000000
367.400000	35110.000000
367.405000	36620.000000
367.410000	36756.000000
367.415000	36742.000000
367.420000	36953.000000
367.425000	38528.000000
367.430000	39711.000000
367.435000	37405.000000
367.440000	39137.000000
367.445000	40557.000000
367.450000	39859.000000
367.455000	40957.000000
367.460000	41835.000000
367.465000	41033.000000
367.470000	42323.000000
367.475000	44073.000000
367.480000	43772.000000
367.485000	44016.000000
367.490000	46143.000000
367.495000	44601.000000
367.500000	46310.000000
367.505000	47299.000000
367.510000	47648.000000
367.515000	48038.000000
367.520000	50427.000000
367.525000	50501.000000
367.530000	50710.000000
367.535000	52333.000000
367.540000	52633.000000
367.545000	53707.000000
367.550000	53454.000000
367.555000	54555.000000
367.560000	55915.000000
367.565000	56133.000000
367.570000	57522.000000
367.575000	57518.000000
367.580000	60678.000000
367.585000	59567.000000
367.590000	60827.000000
367.595000	63084.000000
367.600000	62942.000000
367.605000	65141.000000
367.610000	64037.000000
367.615000	66184.000000
367.620000	68818.000000
367.625000	67924.000000
367.630000	69679.000000
367.635000	70554.000000
367.640000	72532.000000
367.645000	74149.000000
367.650000	75920.000000
367.655000	76633.000000
367.660000	76741.000000
367.665000	79609.000000
367.670000	81731.000000
367.675000	81580.000000
367.680000	82324.000000
367.685000	85623.000000
367.690000	88064.000000
367.695000	87727.000000
367.700000	89642.000000
367.705000	89986.000000
367.710000	92899.000000
367.715000	92528.000000
367.720000	96245.000000
367.725000	96303.000000
367.730000	98723.000000
367.735000	98322.000000
367.740000	99694.000000
367.745000	101768.000000
367.750000	102785.000000
367.755000	104587.000000
367.760000	105181.000000
367.765000	106119.000000
367.770000	107039.000000
367.775000	106028.000000
367.780000	108138.000000
367.785000	110167.000000
367.790000	111121.000000
367.795000	111402.000000
367.800000	110360.000000
367.805000	114383.000000
367.810000	112741.000000
367.815000	114282.000000
367.820000	113914.000000
367.825000	116122.000000
367.830000	113521.000000
367.835000	115546.000000
367.840000	115534.000000
367.845000	117825.000000
367.850000	116283.000000
367.855000	115567.000000
367.860000	117079.000000
367.865000	117939.000000
367.870000	119295.000000
367.875000	117678.000000
367.880000	121182.000000
367.885000	121981.000000
367.890000	119685.000000
367.895000	115012.000000
367.900000	117047.000000
367.905000	113404.000000
367.910000	110640.000000
367.915000	110191.000000
367.920000	110556.000000
367.925000	110433.000000
367.930000	110091.000000
367.935000	108538.000000
367.940000	108156.000000
367.945000	105962.000000
367.950000	107142.000000
367.955000	103258.000000
367.960000	104777.000000
367.965000	104555.000000
367.970000	103208.000000
367.975000	101522.000000
367.980000	100772.000000
367.985000	99349.000000
367.990000	100064.000000
367.995000	99861.000000
368.000000	96143.000000
368.005000	95857.000000
368.010000	95009.000000
368.015000	93133.000000
368.020000	93541.000000
368.025000	94355.000000
368.030000	91448.000000
368.035000	92620.000000
368.040000	91716.000000
368.045000	88917.000000
368.050000	90670.000000
368.055000	88323.000000
368.060000	86727.000000
368.065000	85943.000000
368.070000	85671.000000
368.075000	86127.000000
368.080000	83449.000000
368.085000	83358.000000
368.090000	83713.000000
368.095000	81423.000000
368.100000	81153.000000
368.105000	79169.000000
368.110000	79589.000000
368.115000	80198.000000
368.120000	78738.000000
368.125000	77281.000000
368.130000	76186.000000
368.135000	76768.000000
368.140000	74895.000000
368.145000	75532.000000
368.150000	73960.000000
368.155000	71670.000000
368.160000	72387.000000
368.165000	70843.000000
368.170000	69293.000000
368.175000	68414.000000
368.180000	69772.000000
368.185000	66649.000000
368.190000	66686.000000
368.195000	66656.000000
368.200000	64732.000000
368.205000	65058.000000
368.210000	65676.000000
368.215000	62632.000000
368.220000	62645.000000
368.225000	60880.000000
368.230000	62236.000000
368.235000	60468.000000
368.240000	62000.000000
368.245000	60528.000000
368.250000	59560.000000
368.255000	60226.000000
368.260000	57258.000000
368.265000	57433.000000
368.270000	56365.000000
368.275000	56895.000000
368.280000	55608.000000
368.285000	56044.000000
368.290000	55219.000000
368.295000	54386.000000
368.300000	54653.000000
368.305000	54126.000000
368.310000	53432.000000
368.315000	53207.000000
368.320000	52765.000000
368.325000	51884.000000
368.330000	51739.000000
368.335000	52502.000000
368.340000	51188.000000
368.345000	51692.000000
368.350000	50508.000000
368.355000	49807.000000
368.360000	49871.000000
368.365000	49648.000000
368.370000	48108.000000
368.375000	49836.000000
368.380000	48873.000000
368.385000	49202.000000
368.390000	48230.000000
368.395000	47969.000000
368.400000	47832.000000
368.405000	48201.000000
368.410000	48504.000000
368.415000	47287.000000
368.420000	46495.000000
368.425000	46803.000000
368.430000	46834.000000
368.435000	47999.000000
368.440000	48966.000000
368.445000	50587.000000
368.450000	51209.000000
368.455000	55189.000000
368.460000	57325.000000
368.465000	56425.000000
368.470000	51820.000000
368.475000	49094.000000
368.480000	50646.000000
368.485000	50716.000000
368.490000	54439.000000
368.495000	57597.000000
368.500000	61617.000000
368.505000	62511.000000
368.510000	58732.000000
368.515000	52282.000000
368.520000	47982.000000
368.525000	47903.000000
368.530000	47901.000000
368.535000	47342.000000
368.540000	45071.000000
368.545000	42238.000000
368.550000	41073.000000
368.555000	43560.000000
368.560000	41187.000000
368.565000	44536.000000
368.570000	45066.000000
368.575000	46590.000000
368.580000	44823.000000
368.585000	41428.000000
368.590000	38656.000000
368.595000	38742.000000
368.600000	37157.000000
368.605000	37737.000000
368.610000	36541.000000
368.615000	36020.000000
368.620000	36110.000000
368.625000	36326.000000
368.630000	35190.000000
368.635000	35005.000000
368.640000	35663.000000
368.645000	36030.000000
368.650000	35508.000000
368.655000	35510.000000
368.660000	36020.000000
368.665000	36071.000000
368.670000	36411.000000
368.675000	36889.000000
368.680000	36082.000000
368.685000	39220.000000
368.690000	39003.000000
368.695000	41498.000000
368.700000	45663.000000
368.705000	47654.000000
368.710000	48480.000000
368.715000	47505.000000
368.720000	47506.000000
368.725000	45586.000000
368.730000	42472.000000
368.735000	38272.000000
368.740000	35127.000000
368.745000	33448.000000
368.750000	32151.000000
368.755000	31493.000000
368.760000	30688.000000
368.765000	30922.000000
368.770000	30360.000000
368.775000	29591.000000
368.780000	29905.000000
368.785000	30121.000000
368.790000	30403.000000
368.795000	30286.000000
368.800000	29210.000000
368.805000	29876.000000
368.810000	29072.000000
368.815000	28424.000000
368.820000	29156.000000
368.825000	28980.000000
368.830000	27950.000000
368.835000	28677.000000
368.840000	27848.000000
368.845000	28033.000000
368.850000	28186.000000
368.855000	28323.000000
368.860000	28106.000000
368.865000	27713.000000
368.870000	28181.000000
368.875000	26876.000000
368.880000	27623.000000
368.885000	26733.000000
368.890000	27430.000000
368.895000	27589.000000
368.900000	26657.000000
368.905000	27122.000000
368.910000	28907.000000
368.915000	27251.000000
368.920000	26065.000000
368.925000	27683.000000
368.930000	26704.000000
368.935000	27861.000000
368.940000	26237.000000
368.945000	26973.000000
368.950000	27033.000000
368.955000	27182.000000
368.960000	27639.000000
368.965000	27485.000000
368.970000	28381.000000
368.975000	27097.000000
368.980000	28599.000000
368.985000	28205.000000
368.990000	30313.000000
368.995000	29433.000000
369.000000	30013.000000
369.005000	29364.000000
369.010000	30514.000000
369.015000	31797.000000
369.020000	33369.000000
369.025000	34743.000000
369.030000	36491.000000
369.035000	40281.000000
369.040000	41814.000000
369.045000	48417.000000
369.050000	58760.000000
369.055000	74202.000000
369.060000	103048.000000
369.065000	102131.000000
369.070000	81303.000000
369.075000	57619.000000
369.080000	41413.000000
369.085000	34535.000000
369.090000	29579.000000
369.095000	25980.000000
369.100000	24871.000000
369.105000	23821.000000
369.110000	23522.000000
369.115000	23002.000000
369.120000	22418.000000
369.125000	22193.000000
369.130000	21281.000000
369.135000	21230.000000
369.140000	20906.000000
369.145000	21270.000000
369.150000	20825.000000
369.155000	20913.000000
369.160000	20646.000000
369.165000	20270.000000
369.170000	20179.000000
369.175000	19244.000000
369.180000	19447.000000
369.185000	20541.000000
369.190000	19370.000000
369.195000	19954.000000
369.200000	19877.000000
369.205000	19663.000000
369.210000	19012.000000
369.215000	18786.000000
369.220000	19133.000000
369.225000	18912.000000
369.230000	18688.000000
369.235000	18654.000000
369.240000	18427.000000
369.245000	18713.000000
369.250000	18272.000000
369.255000	18712.000000
369.260000	18398.000000
369.265000	18027.000000
369.270000	16894.000000
369.275000	17614.000000
369.280000	17907.000000
369.285000	17132.000000
369.290000	16743.000000
369.295000	17757.000000
369.300000	17777.000000
369.305000	17637.000000
369.310000	16812.000000
369.315000	17539.000000
369.320000	17394.000000
369.325000	16429.000000
369.330000	16889.000000
369.335000	17520.000000
369.340000	16888.000000
369.345000	16472.000000
369.350000	16812.000000
369.355000	16326.000000
369.360000	16980.000000
369.365000	16036.000000
369.370000	15769.000000
369.375000	15924.000000
369.380000	16262.000000
369.385000	15429.000000
369.390000	16299.000000
369.395000	16496.000000
369.400000	15839.000000
369.405000	16080.000000
369.410000	15828.000000
369.415000	15494.000000
369.420000	15104.000000
369.425000	15815.000000
369.430000	15164.000000
369.435000	15529.000000
369.440000	14349.000000
369.445000	15480.000000
369.450000	15208.000000
369.455000	14870.000000
369.460000	14706.000000
369.465000	15008.000000
369.470000	14404.000000
369.475000	14758.000000
369.480000	14552.000000
369.485000	14535.000000
369.490000	14217.000000
369.495000	15048.000000
369.500000	14737.000000
369.505000	14286.000000
369.510000	13707.000000
369.515000	13993.000000
369.520000	14540.000000
369.525000	14131.000000
369.530000	13604.000000
369.535000	14058.000000
369.540000	14018.000000
369.545000	13398.000000
369.550000	13849.000000
369.555000	13286.000000
369.560000	13998.000000
369.565000	13953.000000
369.570000	13259.000000
369.575000	13075.000000
369.580000	12925.000000
369.585000	13309.000000
369.590000	13101.000000
369.595000	13195.000000
369.600000	13047.000000
369.605000	13473.000000
369.610000	13351.000000
369.615000	13190.000000
369.620000	12823.000000
369.625000	13179.000000
369.630000	12557.000000
369.635000	12241.000000
369.640000	12137.000000
369.645000	12182.000000
369.650000	12461.000000
369.655000	11343.000000
369.660000	12272.000000
369.665000	12748.000000
369.670000	11253.000000
369.675000	12590.000000
369.680000	12635.000000
369.685000	12945.000000
369.690000	12545.000000
369.695000	11621.000000
369.700000	11939.000000
369.705000	12625.000000
369.710000	12215.000000
369.715000	12240.000000
369.720000	12335.000000
369.725000	11431.000000
369.730000	11751.000000
369.735000	11748.000000
369.740000	11911.000000
369.745000	12030.000000
369.750000	11474.000000
369.755000	11976.000000
369.760000	11420.000000
369.765000	11551.000000
369.770000	11149.000000
369.775000	11265.000000
369.780000	11092.000000
369.785000	11063.000000
369.790000	11075.000000
369.795000	11555.000000
369.800000	11043.000000
369.805000	10769.000000
369.810000	11559.000000
369.815000	12125.000000
369.820000	10660.000000
369.825000	10606.000000
369.830000	11182.000000
369.835000	10918.000000
369.840000	11696.000000
369.845000	10638.000000
369.850000	10940.000000
369.855000	11091.000000
369.860000	10656.000000
369.865000	10674.000000
369.870000	10153.000000
369.875000	11127.000000
369.880000	10461.000000
369.885000	10727.000000
369.890000	10816.000000
369.895000	10616.000000
369.900000	10340.000000
369.905000	10814.000000
369.910000	10411.000000
369.915000	10671.000000
369.920000	10218.000000
369.925000	9685.000000
369.930000	10291.000000
369.935000	10451.000000
369.940000	9344.000000
369.945000	10115.000000
369.950000	10537.000000
369.955000	10413.000000
369.960000	10154.000000
369.965000	10190.000000
369.970000	9745.000000
369.975000	10348.000000
369.980000	10362.000000
369.985000	10702.000000
369.990000	10389.000000
369.995000	10169.000000
370.000000	10454.000000
370.005000	10138.000000
370.010000	9901.000000
370.015000	9736.000000
370.020000	9308.000000
370.025000	10214.000000
370.030000	9720.000000
370.035000	9218.000000
370.040000	9558.000000
370.045000	9349.000000
370.050000	9751.000000
370.055000	9931.000000
370.060000	9211.000000
370.065000	9210.000000
370.070000	9463.000000
370.075000	9216.000000
370.080000	9606.000000
370.085000	9595.000000
370.090000	9744.000000
370.095000	8792.000000
370.100000	9845.000000
370.105000	9195.000000
370.110000	9335.000000
370.115000	9556.000000
370.120000	9482.000000
370.125000	8807.000000
370.130000	9053.000000
370.135000	8901.000000
370.140000	8746.000000
370.145000	9126.000000
370.150000	9334.000000
370.155000	9193.000000
370.160000	9039.000000
370.165000	9190.000000
370.170000	9193.000000
370.175000	8674.000000
370.180000	9249.000000
370.185000	8446.000000
370.190000	8863.000000
370.195000	8569.000000
370.200000	8522.000000
370.205000	8501.000000
370.210000	8943.000000
370.215000	8826.000000
370.220000	9185.000000
370.225000	8041.000000
370.230000	8772.000000
370.235000	8128.000000
370.240000	8550.000000
370.245000	8231.000000
370.250000	8250.000000
370.255000	8151.000000
370.260000	8442.000000
370.265000	7774.000000
370.270000	8669.000000
370.275000	8134.000000
370.280000	7723.000000
370.285000	8044.000000
370.290000	8393.000000
370.295000	8253.000000
370.300000	8282.000000
370.305000	8520.000000
370.310000	8449.000000
370.315000	7827.000000
370.320000	8315.000000
370.325000	7905.000000
370.330000	7827.000000
370.335000	7967.000000
370.340000	8708.000000
370.345000	7634.000000
370.350000	7803.000000
370.355000	7883.000000
370.360000	8456.000000
370.365000	7824.000000
370.370000	7451.000000
370.375000	7847.000000
370.380000	8067.000000
370.385000	7625.000000
370.390000	7795.000000
370.395000	7783.000000
370.400000	8024.000000
370.405000	7237.000000
370.410000	7581.000000
370.415000	7353.000000
370.420000	7492.000000
370.425000	7886.000000
370.430000	7443.000000
370.435000	8433.000000
370.440000	7978.000000
370.445000	7848.000000
370.450000	7117.000000
370.455000	7914.000000
370.460000	6914.000000
370.465000	7365.000000
370.470000	7956.000000
370.475000	7602.000000
370.480000	7388.000000
370.485000	7425.000000
370.490000	7594.000000
370.495000	7524.000000
370.500000	7413.000000
370.505000	7041.000000
370.510000	7445.000000
370.515000	7557.000000
370.520000	7322.000000
370.525000	7026.000000
370.530000	7015.000000
370.535000	7189.000000
370.540000	7191.000000
370.545000	7752.000000
370.550000	7818.000000
370.555000	7285.000000
370.560000	8122.000000
370.565000	7603.000000
370.570000	7534.000000
370.575000	7189.000000
370.580000	7720.000000
370.585000	7506.000000
370.590000	7182.000000
370.595000	7027.000000
370.600000	7255.000000
370.605000	7137.000000
370.610000	7307.000000
370.615000	6681.000000
370.620000	7162.000000
370.625000	7028.000000
370.630000	6958.000000
370.635000	7258.000000
370.640000	6765.000000
370.645000	6914.000000
370.650000	7233.000000
370.655000	7063.000000
370.660000	6982.000000
370.665000	6851.000000
370.670000	6917.000000
370.675000	6424.000000
370.680000	6843.000000
370.685000	6715.000000
370.690000	6204.000000
370.695000	6430.000000
370.700000	6742.000000
370.705000	6640.000000
370.710000	6943.000000
370.715000	6787.000000
370.720000	6542.000000
370.725000	6577.000000
370.730000	6454.000000
370.735000	6201.000000
370.740000	6141.000000
370.745000	6957.000000
370.750000	6621.000000
370.755000	6575.000000
370.760000	6469.000000
370.765000	6297.000000
370.770000	6034.000000
370.775000	6751.000000
370.780000	5929.000000
370.785000	6419.000000
370.790000	6365.000000
370.795000	6522.000000
370.800000	6333.000000
370.805000	6330.000000
370.810000	6609.000000
370.815000	6361.000000
370.820000	6603.000000
370.825000	6095.000000
370.830000	5793.000000
370.835000	6400.000000
370.840000	6501.000000
370.845000	6462.000000
370.850000	5935.000000
370.855000	6637.000000
370.860000	6177.000000
370.865000	6301.000000
370.870000	5732.000000
370.875000	6589.000000
370.880000	6117.000000
370.885000	6187.000000
370.890000	6084.000000
370.895000	6163.000000
370.900000	6327.000000
370.905000	5749.000000
370.910000	6098.000000
370.915000	5990.000000
370.920000	5804.000000
370.925000	6075.000000
370.930000	5785.000000
370.935000	6212.000000
370.940000	5873.000000
370.945000	5868.000000
370.950000	5676.000000
370.955000	6082.000000
370.960000	5760.000000
370.965000	5284.000000
370.970000	5709.000000
370.975000	5675.000000
370.980000	5516.000000
370.985000	5469.000000
370.990000	5945.000000
370.995000	5466.000000
371.000000	5670.000000
371.005000	5530.000000
371.010000	6098.000000
371.015000	5710.000000
371.020000	5413.000000
371.025000	5866.000000
371.030000	5562.000000
371.035000	5799.000000
371.040000	6067.000000
371.045000	5854.000000
371.050000	5455.000000
371.055000	5207.000000
371.060000	5985.000000
371.065000	5590.000000
371.070000	5567.000000
371.075000	5373.000000
371.080000	5837.000000
371.085000	5599.000000
371.090000	5425.000000
371.095000	5665.000000
371.100000	5509.000000
371.105000	5439.000000
371.110000	5627.000000
371.115000	5663.000000
371.120000	5757.000000
371.125000	5112.000000
371.130000	5359.000000
371.135000	5652.000000
371.140000	5758.000000
371.145000	5675.000000
371.150000	5126.000000
371.155000	5783.000000
371.160000	5500.000000
371.165000	5999.000000
371.170000	5171.000000
371.175000	5218.000000
371.180000	5273.000000
371.185000	5575.000000
371.190000	5394.000000
371.195000	5504.000000
371.200000	5434.000000
371.205000	5450.000000
371.210000	5106.000000
371.215000	5521.000000
371.220000	5291.000000
371.225000	5275.000000
371.230000	5372.000000
371.235000	5556.000000
371.240000	5529.000000
371.245000	5727.000000
371.250000	5022.000000
371.255000	5185.000000
371.260000	5373.000000
371.265000	5681.000000
371.270000	5647.000000
371.275000	5976.000000
371.280000	5194.000000
371.285000	5884.000000
371.290000	5377.000000
371.295000	5363.000000
371.300000	5845.000000
371.305000	5285.000000
371.310000	5684.000000
371.315000	5257.000000
371.320000	5393.000000
371.325000	5502.000000
371.330000	5420.000000
371.335000	5137.000000
371.340000	5500.000000
371.345000	5022.000000
371.350000	5775.000000
371.355000	5307.000000
371.360000	4912.000000
371.365000	5343.000000
371.370000	5601.000000
371.375000	5312.000000
371.380000	5541.000000
371.385000	5386.000000
371.390000	4928.000000
371.395000	5010.000000
371.400000	5351.000000
371.405000	5484.000000
371.410000	5803.000000
371.415000	5516.000000
371.420000	5137.000000
371.425000	5432.000000
371.430000	5529.000000
371.435000	5720.000000
371.440000	5669.000000
371.445000	5475.000000
371.450000	5164.000000
371.455000	5319.000000
371.460000	5201.000000
371.465000	5242.000000
371.470000	4969.000000
371.475000	5611.000000
371.480000	5498.000000
371.485000	6015.000000
371.490000	5314.000000
371.495000	5048.000000
371.500000	5984.000000
371.505000	5431.000000
371.510000	6152.000000
371.515000	5703.000000
371.520000	5434.000000
371.525000	5660.000000
371.530000	5695.000000
371.535000	5540.000000
371.540000	6045.000000
371.545000	5488.000000
371.550000	5798.000000
371.555000	5785.000000
371.560000	6491.000000
371.565000	5693.000000
371.570000	5420.000000
371.575000	5864.000000
371.580000	6153.000000
371.585000	6228.000000
371.590000	6432.000000
371.595000	6573.000000
371.600000	6806.000000
371.605000	6849.000000
371.610000	6777.000000
371.615000	6475.000000
371.620000	6941.000000
371.625000	7002.000000
371.630000	7295.000000
371.635000	7574.000000
371.640000	7612.000000
371.645000	7580.000000
371.650000	7886.000000
371.655000	8451.000000
371.660000	8434.000000
371.665000	9779.000000
371.670000	9251.000000
371.675000	10133.000000
371.680000	11681.000000
371.685000	12059.000000
371.690000	12761.000000
371.695000	14397.000000
371.700000	16951.000000
371.705000	20073.000000
371.710000	22324.000000
371.715000	26116.000000
371.720000	30749.000000
371.725000	40207.000000
371.730000	56640.000000
371.735000	84275.000000
371.740000	83042.000000
371.745000	60059.000000
371.750000	34253.000000
371.755000	20189.000000
371.760000	13962.000000
371.765000	11656.000000
371.770000	9076.000000
371.775000	8150.000000
371.780000	8446.000000
371.785000	8202.000000
371.790000	7344.000000
371.795000	7290.000000
371.800000	7693.000000
371.805000	7286.000000
371.810000	7091.000000
371.815000	7366.000000
371.820000	7266.000000
371.825000	7703.000000
371.830000	7435.000000
371.835000	7293.000000
371.840000	7595.000000
371.845000	7372.000000
371.850000	7583.000000
371.855000	7675.000000
371.860000	7350.000000
371.865000	7905.000000
371.870000	7670.000000
371.875000	7691.000000
371.880000	7107.000000
371.885000	7178.000000
371.890000	7698.000000
371.895000	7970.000000
371.900000	7542.000000
371.905000	7804.000000
371.910000	7595.000000
371.915000	7493.000000
371.920000	7216.000000
371.925000	7378.000000
371.930000	7816.000000
371.935000	7912.000000
371.940000	7536.000000
371.945000	7759.000000
371.950000	7886.000000
371.955000	7957.000000
371.960000	7289.000000
371.965000	8012.000000
371.970000	7013.000000
371.975000	7284.000000
371.980000	7319.000000
371.985000	8104.000000
371.990000	7258.000000
371.995000	7003.000000
372.000000	6948.000000
372.005000	7113.000000
372.010000	6976.000000
372.015000	7047.000000
372.020000	6924.000000
372.025000	6545.000000
372.030000	7211.000000
372.035000	6092.000000
372.040000	6325.000000
372.045000	6409.000000
372.050000	6313.000000
372.055000	6237.000000
372.060000	5887.000000
372.065000	6393.000000
372.070000	6352.000000
372.075000	6383.000000
372.080000	5887.000000
372.085000	6041.000000
372.090000	5804.000000
372.095000	5908.000000
372.100000	5991.000000
372.105000	5823.000000
372.110000	5688.000000
372.115000	5249.000000
372.120000	5555.000000
372.125000	5634.000000
372.130000	5724.000000
372.135000	5766.000000
372.140000	5651.000000
372.145000	5237.000000
372.150000	5376.000000
372.155000	5965.000000
372.160000	5636.000000
372.165000	5263.000000
372.170000	5137.000000
372.175000	4991.000000
372.180000	5323.000000
372.185000	5567.000000
372.190000	5420.000000
372.195000	4924.000000
372.200000	5126.000000
372.205000	5349.000000
372.210000	4919.000000
372.215000	5021.000000
372.220000	5131.000000
372.225000	4647.000000
372.230000	4753.000000
372.235000	5006.000000
372.240000	4815.000000
372.245000	4875.000000
372.250000	4951.000000
372.255000	5023.000000
372.260000	4669.000000
372.265000	5075.000000
372.270000	5110.000000
372.275000	5092.000000
372.280000	5006.000000
372.285000	4967.000000
372.290000	4355.000000
372.295000	4417.000000
372.300000	4654.000000
