Sample ID:		H1090 Mg coat 20um slit 20mW power
Start Time:		Fri Jul 10 2020 10:55:59 AM
Averaging Time:		1.000s

360.000000	4.000000
360.005000	9.000000
360.010000	0.000000
360.015000	6.000000
360.020000	11.000000
360.025000	11.000000
360.030000	7.000000
360.035000	12.000000
360.040000	7.000000
360.045000	19.000000
360.050000	13.000000
360.055000	8.000000
360.060000	1.000000
360.065000	20.000000
360.070000	5.000000
360.075000	29.000000
360.080000	14.000000
360.085000	1.000000
360.090000	22.000000
360.095000	13.000000
360.100000	8.000000
360.105000	4.000000
360.110000	16.000000
360.115000	2.000000
360.120000	10.000000
360.125000	4.000000
360.130000	5.000000
360.135000	0.000000
360.140000	1.000000
360.145000	6.000000
360.150000	13.000000
360.155000	6.000000
360.160000	17.000000
360.165000	1.000000
360.170000	11.000000
360.175000	1.000000
360.180000	2.000000
360.185000	9.000000
360.190000	33.000000
360.195000	10.000000
360.200000	3.000000
360.205000	8.000000
360.210000	57.000000
360.215000	26.000000
360.220000	2.000000
360.225000	2.000000
360.230000	65.000000
360.235000	8.000000
360.240000	3.000000
360.245000	2.000000
360.250000	17.000000
360.255000	4.000000
360.260000	0.000000
360.265000	1.000000
360.270000	1.000000
360.275000	2.000000
360.280000	4.000000
360.285000	7.000000
360.290000	0.000000
360.295000	2.000000
360.300000	23.000000
360.305000	65.000000
360.310000	0.000000
360.315000	29.000000
360.320000	5.000000
360.325000	4.000000
360.330000	5.000000
360.335000	18.000000
360.340000	12.000000
360.345000	2.000000
360.350000	1.000000
360.355000	30.000000
360.360000	1.000000
360.365000	9.000000
360.370000	34.000000
360.375000	2.000000
360.380000	0.000000
360.385000	4.000000
360.390000	9.000000
360.395000	3.000000
360.400000	73.000000
360.405000	10.000000
360.410000	1.000000
360.415000	29.000000
360.420000	16.000000
360.425000	1.000000
360.430000	4.000000
360.435000	4.000000
360.440000	4.000000
360.445000	4.000000
360.450000	8.000000
360.455000	2.000000
360.460000	19.000000
360.465000	186.000000
360.470000	8.000000
360.475000	37.000000
360.480000	7.000000
360.485000	3.000000
360.490000	8.000000
360.495000	5.000000
360.500000	14.000000
360.505000	7.000000
360.510000	2.000000
360.515000	8.000000
360.520000	21.000000
360.525000	12.000000
360.530000	28.000000
360.535000	1.000000
360.540000	13.000000
360.545000	2.000000
360.550000	26.000000
360.555000	0.000000
360.560000	13.000000
360.565000	6.000000
360.570000	6.000000
360.575000	3.000000
360.580000	19.000000
360.585000	10.000000
360.590000	40.000000
360.595000	1.000000
360.600000	1.000000
360.605000	0.000000
360.610000	19.000000
360.615000	36.000000
360.620000	19.000000
360.625000	2.000000
360.630000	2.000000
360.635000	22.000000
360.640000	16.000000
360.645000	16.000000
360.650000	3.000000
360.655000	42.000000
360.660000	7.000000
360.665000	4.000000
360.670000	26.000000
360.675000	9.000000
360.680000	1.000000
360.685000	3.000000
360.690000	21.000000
360.695000	11.000000
360.700000	69.000000
360.705000	13.000000
360.710000	3.000000
360.715000	14.000000
360.720000	2.000000
360.725000	2.000000
360.730000	31.000000
360.735000	24.000000
360.740000	29.000000
360.745000	13.000000
360.750000	7.000000
360.755000	8.000000
360.760000	10.000000
360.765000	57.000000
360.770000	6.000000
360.775000	24.000000
360.780000	10.000000
360.785000	0.000000
360.790000	18.000000
360.795000	23.000000
360.800000	3.000000
360.805000	48.000000
360.810000	15.000000
360.815000	3.000000
360.820000	1.000000
360.825000	54.000000
360.830000	2.000000
360.835000	8.000000
360.840000	11.000000
360.845000	4.000000
360.850000	6.000000
360.855000	6.000000
360.860000	1.000000
360.865000	3.000000
360.870000	2.000000
360.875000	7.000000
360.880000	16.000000
360.885000	2.000000
360.890000	10.000000
360.895000	21.000000
360.900000	24.000000
360.905000	46.000000
360.910000	2.000000
360.915000	32.000000
360.920000	11.000000
360.925000	28.000000
360.930000	6.000000
360.935000	5.000000
360.940000	14.000000
360.945000	14.000000
360.950000	13.000000
360.955000	4.000000
360.960000	4.000000
360.965000	2.000000
360.970000	4.000000
360.975000	11.000000
360.980000	3.000000
360.985000	2.000000
360.990000	3.000000
360.995000	4.000000
361.000000	6.000000
361.005000	5.000000
361.010000	22.000000
361.015000	1.000000
361.020000	6.000000
361.025000	0.000000
361.030000	10.000000
361.035000	20.000000
361.040000	9.000000
361.045000	2.000000
361.050000	25.000000
361.055000	3.000000
361.060000	114.000000
361.065000	5.000000
361.070000	21.000000
361.075000	5.000000
361.080000	3.000000
361.085000	8.000000
361.090000	13.000000
361.095000	4.000000
361.100000	10.000000
361.105000	11.000000
361.110000	20.000000
361.115000	26.000000
361.120000	8.000000
361.125000	2.000000
361.130000	1.000000
361.135000	3.000000
361.140000	3.000000
361.145000	16.000000
361.150000	1.000000
361.155000	3.000000
361.160000	24.000000
361.165000	12.000000
361.170000	5.000000
361.175000	2.000000
361.180000	8.000000
361.185000	8.000000
361.190000	17.000000
361.195000	46.000000
361.200000	6.000000
361.205000	11.000000
361.210000	44.000000
361.215000	49.000000
361.220000	1.000000
361.225000	7.000000
361.230000	3.000000
361.235000	1.000000
361.240000	9.000000
361.245000	7.000000
361.250000	10.000000
361.255000	6.000000
361.260000	23.000000
361.265000	6.000000
361.270000	3.000000
361.275000	18.000000
361.280000	0.000000
361.285000	14.000000
361.290000	4.000000
361.295000	9.000000
361.300000	9.000000
361.305000	2.000000
361.310000	4.000000
361.315000	14.000000
361.320000	2.000000
361.325000	26.000000
361.330000	4.000000
361.335000	54.000000
361.340000	9.000000
361.345000	38.000000
361.350000	1.000000
361.355000	8.000000
361.360000	21.000000
361.365000	41.000000
361.370000	10.000000
361.375000	4.000000
361.380000	2.000000
361.385000	23.000000
361.390000	24.000000
361.395000	10.000000
361.400000	20.000000
361.405000	30.000000
361.410000	9.000000
361.415000	13.000000
361.420000	7.000000
361.425000	0.000000
361.430000	2.000000
361.435000	9.000000
361.440000	3.000000
361.445000	3.000000
361.450000	1.000000
361.455000	18.000000
361.460000	3.000000
361.465000	21.000000
361.470000	7.000000
361.475000	3.000000
361.480000	0.000000
361.485000	3.000000
361.490000	10.000000
361.495000	24.000000
361.500000	9.000000
361.505000	12.000000
361.510000	50.000000
361.515000	14.000000
361.520000	27.000000
361.525000	3.000000
361.530000	7.000000
361.535000	14.000000
361.540000	21.000000
361.545000	2.000000
361.550000	23.000000
361.555000	15.000000
361.560000	3.000000
361.565000	19.000000
361.570000	3.000000
361.575000	29.000000
361.580000	17.000000
361.585000	65.000000
361.590000	0.000000
361.595000	3.000000
361.600000	20.000000
361.605000	34.000000
361.610000	4.000000
361.615000	17.000000
361.620000	0.000000
361.625000	24.000000
361.630000	5.000000
361.635000	3.000000
361.640000	2.000000
361.645000	10.000000
361.650000	6.000000
361.655000	6.000000
361.660000	2.000000
361.665000	19.000000
361.670000	21.000000
361.675000	3.000000
361.680000	11.000000
361.685000	23.000000
361.690000	34.000000
361.695000	0.000000
361.700000	4.000000
361.705000	3.000000
361.710000	8.000000
361.715000	18.000000
361.720000	10.000000
361.725000	2.000000
361.730000	13.000000
361.735000	12.000000
361.740000	15.000000
361.745000	7.000000
361.750000	14.000000
361.755000	55.000000
361.760000	51.000000
361.765000	33.000000
361.770000	10.000000
361.775000	21.000000
361.780000	15.000000
361.785000	23.000000
361.790000	15.000000
361.795000	19.000000
361.800000	20.000000
361.805000	55.000000
361.810000	37.000000
361.815000	54.000000
361.820000	14.000000
361.825000	39.000000
361.830000	8.000000
361.835000	16.000000
361.840000	42.000000
361.845000	3.000000
361.850000	20.000000
361.855000	28.000000
361.860000	33.000000
361.865000	69.000000
361.870000	96.000000
361.875000	41.000000
361.880000	20.000000
361.885000	22.000000
361.890000	16.000000
361.895000	28.000000
361.900000	38.000000
361.905000	29.000000
361.910000	27.000000
361.915000	6.000000
361.920000	22.000000
361.925000	97.000000
361.930000	37.000000
361.935000	15.000000
361.940000	25.000000
361.945000	51.000000
361.950000	61.000000
361.955000	9.000000
361.960000	6.000000
361.965000	45.000000
361.970000	68.000000
361.975000	25.000000
361.980000	73.000000
361.985000	53.000000
361.990000	37.000000
361.995000	15.000000
362.000000	8.000000
362.005000	2.000000
362.010000	24.000000
362.015000	13.000000
362.020000	24.000000
362.025000	21.000000
362.030000	4.000000
362.035000	13.000000
362.040000	0.000000
362.045000	18.000000
362.050000	43.000000
362.055000	11.000000
362.060000	23.000000
362.065000	34.000000
362.070000	13.000000
362.075000	8.000000
362.080000	40.000000
362.085000	30.000000
362.090000	8.000000
362.095000	22.000000
362.100000	6.000000
362.105000	56.000000
362.110000	4.000000
362.115000	10.000000
362.120000	13.000000
362.125000	34.000000
362.130000	22.000000
362.135000	14.000000
362.140000	24.000000
362.145000	24.000000
362.150000	8.000000
362.155000	11.000000
362.160000	25.000000
362.165000	25.000000
362.170000	0.000000
362.175000	25.000000
362.180000	14.000000
362.185000	26.000000
362.190000	28.000000
362.195000	26.000000
362.200000	24.000000
362.205000	38.000000
362.210000	21.000000
362.215000	4.000000
362.220000	18.000000
362.225000	43.000000
362.230000	16.000000
362.235000	10.000000
362.240000	26.000000
362.245000	14.000000
362.250000	7.000000
362.255000	12.000000
362.260000	29.000000
362.265000	22.000000
362.270000	2.000000
362.275000	16.000000
362.280000	19.000000
362.285000	38.000000
362.290000	13.000000
362.295000	47.000000
362.300000	19.000000
362.305000	12.000000
362.310000	6.000000
362.315000	7.000000
362.320000	9.000000
362.325000	4.000000
362.330000	12.000000
362.335000	17.000000
362.340000	24.000000
362.345000	6.000000
362.350000	25.000000
362.355000	12.000000
362.360000	23.000000
362.365000	16.000000
362.370000	14.000000
362.375000	14.000000
362.380000	1.000000
362.385000	13.000000
362.390000	32.000000
362.395000	34.000000
362.400000	65.000000
362.405000	3.000000
362.410000	5.000000
362.415000	40.000000
362.420000	26.000000
362.425000	18.000000
362.430000	17.000000
362.435000	4.000000
362.440000	13.000000
362.445000	5.000000
362.450000	12.000000
362.455000	43.000000
362.460000	12.000000
362.465000	10.000000
362.470000	8.000000
362.475000	3.000000
362.480000	30.000000
362.485000	24.000000
362.490000	15.000000
362.495000	11.000000
362.500000	14.000000
362.505000	23.000000
362.510000	28.000000
362.515000	41.000000
362.520000	53.000000
362.525000	19.000000
362.530000	41.000000
362.535000	7.000000
362.540000	28.000000
362.545000	33.000000
362.550000	9.000000
362.555000	14.000000
362.560000	9.000000
362.565000	26.000000
362.570000	4.000000
362.575000	13.000000
362.580000	21.000000
362.585000	11.000000
362.590000	21.000000
362.595000	92.000000
362.600000	22.000000
362.605000	14.000000
362.610000	16.000000
362.615000	8.000000
362.620000	35.000000
362.625000	26.000000
362.630000	15.000000
362.635000	11.000000
362.640000	24.000000
362.645000	11.000000
362.650000	13.000000
362.655000	14.000000
362.660000	34.000000
362.665000	16.000000
362.670000	33.000000
362.675000	23.000000
362.680000	50.000000
362.685000	57.000000
362.690000	10.000000
362.695000	64.000000
362.700000	19.000000
362.705000	25.000000
362.710000	20.000000
362.715000	42.000000
362.720000	31.000000
362.725000	36.000000
362.730000	32.000000
362.735000	22.000000
362.740000	11.000000
362.745000	11.000000
362.750000	6.000000
362.755000	18.000000
362.760000	46.000000
362.765000	13.000000
362.770000	17.000000
362.775000	53.000000
362.780000	18.000000
362.785000	42.000000
362.790000	35.000000
362.795000	10.000000
362.800000	48.000000
362.805000	27.000000
362.810000	20.000000
362.815000	11.000000
362.820000	22.000000
362.825000	14.000000
362.830000	3.000000
362.835000	49.000000
362.840000	42.000000
362.845000	9.000000
362.850000	13.000000
362.855000	69.000000
362.860000	87.000000
362.865000	40.000000
362.870000	70.000000
362.875000	21.000000
362.880000	54.000000
362.885000	20.000000
362.890000	17.000000
362.895000	25.000000
362.900000	19.000000
362.905000	37.000000
362.910000	79.000000
362.915000	31.000000
362.920000	30.000000
362.925000	48.000000
362.930000	25.000000
362.935000	46.000000
362.940000	94.000000
362.945000	95.000000
362.950000	77.000000
362.955000	85.000000
362.960000	107.000000
362.965000	65.000000
362.970000	11.000000
362.975000	57.000000
362.980000	36.000000
362.985000	71.000000
362.990000	100.000000
362.995000	30.000000
363.000000	30.000000
363.005000	33.000000
363.010000	78.000000
363.015000	56.000000
363.020000	14.000000
363.025000	98.000000
363.030000	31.000000
363.035000	71.000000
363.040000	10.000000
363.045000	61.000000
363.050000	34.000000
363.055000	65.000000
363.060000	19.000000
363.065000	58.000000
363.070000	41.000000
363.075000	36.000000
363.080000	91.000000
363.085000	26.000000
363.090000	26.000000
363.095000	50.000000
363.100000	56.000000
363.105000	32.000000
363.110000	105.000000
363.115000	65.000000
363.120000	86.000000
363.125000	119.000000
363.130000	69.000000
363.135000	63.000000
363.140000	37.000000
363.145000	65.000000
363.150000	33.000000
363.155000	71.000000
363.160000	27.000000
363.165000	29.000000
363.170000	38.000000
363.175000	28.000000
363.180000	44.000000
363.185000	27.000000
363.190000	66.000000
363.195000	45.000000
363.200000	126.000000
363.205000	47.000000
363.210000	81.000000
363.215000	42.000000
363.220000	57.000000
363.225000	68.000000
363.230000	44.000000
363.235000	44.000000
363.240000	53.000000
363.245000	54.000000
363.250000	98.000000
363.255000	65.000000
363.260000	96.000000
363.265000	84.000000
363.270000	129.000000
363.275000	58.000000
363.280000	17.000000
363.285000	46.000000
363.290000	92.000000
363.295000	36.000000
363.300000	113.000000
363.305000	50.000000
363.310000	60.000000
363.315000	90.000000
363.320000	67.000000
363.325000	89.000000
363.330000	61.000000
363.335000	79.000000
363.340000	77.000000
363.345000	40.000000
363.350000	108.000000
363.355000	64.000000
363.360000	118.000000
363.365000	133.000000
363.370000	77.000000
363.375000	55.000000
363.380000	141.000000
363.385000	85.000000
363.390000	102.000000
363.395000	122.000000
363.400000	36.000000
363.405000	122.000000
363.410000	59.000000
363.415000	46.000000
363.420000	223.000000
363.425000	54.000000
363.430000	58.000000
363.435000	137.000000
363.440000	58.000000
363.445000	76.000000
363.450000	77.000000
363.455000	74.000000
363.460000	122.000000
363.465000	94.000000
363.470000	37.000000
363.475000	153.000000
363.480000	120.000000
363.485000	159.000000
363.490000	144.000000
363.495000	106.000000
363.500000	145.000000
363.505000	150.000000
363.510000	104.000000
363.515000	159.000000
363.520000	164.000000
363.525000	147.000000
363.530000	124.000000
363.535000	223.000000
363.540000	221.000000
363.545000	102.000000
363.550000	109.000000
363.555000	150.000000
363.560000	168.000000
363.565000	185.000000
363.570000	92.000000
363.575000	110.000000
363.580000	124.000000
363.585000	82.000000
363.590000	158.000000
363.595000	104.000000
363.600000	168.000000
363.605000	120.000000
363.610000	138.000000
363.615000	222.000000
363.620000	160.000000
363.625000	177.000000
363.630000	108.000000
363.635000	245.000000
363.640000	160.000000
363.645000	139.000000
363.650000	274.000000
363.655000	229.000000
363.660000	201.000000
363.665000	98.000000
363.670000	201.000000
363.675000	251.000000
363.680000	166.000000
363.685000	211.000000
363.690000	190.000000
363.695000	269.000000
363.700000	222.000000
363.705000	159.000000
363.710000	217.000000
363.715000	203.000000
363.720000	231.000000
363.725000	209.000000
363.730000	184.000000
363.735000	203.000000
363.740000	189.000000
363.745000	136.000000
363.750000	171.000000
363.755000	192.000000
363.760000	234.000000
363.765000	184.000000
363.770000	172.000000
363.775000	194.000000
363.780000	180.000000
363.785000	224.000000
363.790000	162.000000
363.795000	236.000000
363.800000	169.000000
363.805000	201.000000
363.810000	203.000000
363.815000	228.000000
363.820000	299.000000
363.825000	260.000000
363.830000	212.000000
363.835000	271.000000
363.840000	200.000000
363.845000	256.000000
363.850000	203.000000
363.855000	251.000000
363.860000	254.000000
363.865000	158.000000
363.870000	235.000000
363.875000	223.000000
363.880000	249.000000
363.885000	283.000000
363.890000	257.000000
363.895000	318.000000
363.900000	323.000000
363.905000	284.000000
363.910000	195.000000
363.915000	334.000000
363.920000	315.000000
363.925000	225.000000
363.930000	306.000000
363.935000	365.000000
363.940000	360.000000
363.945000	266.000000
363.950000	339.000000
363.955000	260.000000
363.960000	261.000000
363.965000	271.000000
363.970000	245.000000
363.975000	249.000000
363.980000	258.000000
363.985000	276.000000
363.990000	326.000000
363.995000	440.000000
364.000000	433.000000
364.005000	439.000000
364.010000	261.000000
364.015000	336.000000
364.020000	358.000000
364.025000	290.000000
364.030000	289.000000
364.035000	262.000000
364.040000	357.000000
364.045000	373.000000
364.050000	345.000000
364.055000	367.000000
364.060000	430.000000
364.065000	267.000000
364.070000	385.000000
364.075000	363.000000
364.080000	350.000000
364.085000	384.000000
364.090000	352.000000
364.095000	462.000000
364.100000	426.000000
364.105000	459.000000
364.110000	423.000000
364.115000	423.000000
364.120000	325.000000
364.125000	378.000000
364.130000	427.000000
364.135000	416.000000
364.140000	372.000000
364.145000	376.000000
364.150000	466.000000
364.155000	319.000000
364.160000	540.000000
364.165000	427.000000
364.170000	478.000000
364.175000	349.000000
364.180000	383.000000
364.185000	336.000000
364.190000	529.000000
364.195000	405.000000
364.200000	333.000000
364.205000	484.000000
364.210000	480.000000
364.215000	445.000000
364.220000	430.000000
364.225000	421.000000
364.230000	394.000000
364.235000	463.000000
364.240000	654.000000
364.245000	575.000000
364.250000	466.000000
364.255000	421.000000
364.260000	519.000000
364.265000	522.000000
364.270000	467.000000
364.275000	573.000000
364.280000	672.000000
364.285000	569.000000
364.290000	573.000000
364.295000	550.000000
364.300000	545.000000
364.305000	488.000000
364.310000	500.000000
364.315000	498.000000
364.320000	506.000000
364.325000	537.000000
364.330000	540.000000
364.335000	484.000000
364.340000	597.000000
364.345000	681.000000
364.350000	608.000000
364.355000	672.000000
364.360000	521.000000
364.365000	586.000000
364.370000	564.000000
364.375000	623.000000
364.380000	486.000000
364.385000	485.000000
364.390000	644.000000
364.395000	592.000000
364.400000	612.000000
364.405000	631.000000
364.410000	617.000000
364.415000	641.000000
364.420000	595.000000
364.425000	591.000000
364.430000	630.000000
364.435000	637.000000
364.440000	766.000000
364.445000	683.000000
364.450000	560.000000
364.455000	750.000000
364.460000	707.000000
364.465000	660.000000
364.470000	610.000000
364.475000	748.000000
364.480000	711.000000
364.485000	679.000000
364.490000	773.000000
364.495000	826.000000
364.500000	797.000000
364.505000	673.000000
364.510000	828.000000
364.515000	638.000000
364.520000	749.000000
364.525000	788.000000
364.530000	780.000000
364.535000	750.000000
364.540000	651.000000
364.545000	780.000000
364.550000	820.000000
364.555000	762.000000
364.560000	892.000000
364.565000	977.000000
364.570000	786.000000
364.575000	896.000000
364.580000	1049.000000
364.585000	700.000000
364.590000	953.000000
364.595000	773.000000
364.600000	1057.000000
364.605000	665.000000
364.610000	889.000000
364.615000	778.000000
364.620000	993.000000
364.625000	998.000000
364.630000	946.000000
364.635000	918.000000
364.640000	955.000000
364.645000	741.000000
364.650000	1119.000000
364.655000	950.000000
364.660000	869.000000
364.665000	887.000000
364.670000	931.000000
364.675000	994.000000
364.680000	872.000000
364.685000	1005.000000
364.690000	1007.000000
364.695000	870.000000
364.700000	1009.000000
364.705000	981.000000
364.710000	1188.000000
364.715000	803.000000
364.720000	1095.000000
364.725000	1119.000000
364.730000	1069.000000
364.735000	1099.000000
364.740000	1181.000000
364.745000	1008.000000
364.750000	869.000000
364.755000	1074.000000
364.760000	977.000000
364.765000	1106.000000
364.770000	1210.000000
364.775000	1144.000000
364.780000	1060.000000
364.785000	1034.000000
364.790000	919.000000
364.795000	1092.000000
364.800000	1125.000000
364.805000	1057.000000
364.810000	1060.000000
364.815000	1280.000000
364.820000	1158.000000
364.825000	1244.000000
364.830000	1051.000000
364.835000	1428.000000
364.840000	1358.000000
364.845000	1175.000000
364.850000	1112.000000
364.855000	1250.000000
364.860000	1194.000000
364.865000	1155.000000
364.870000	1215.000000
364.875000	1235.000000
364.880000	1278.000000
364.885000	1145.000000
364.890000	1108.000000
364.895000	1222.000000
364.900000	1126.000000
364.905000	1238.000000
364.910000	1375.000000
364.915000	1220.000000
364.920000	1092.000000
364.925000	1259.000000
364.930000	1373.000000
364.935000	1169.000000
364.940000	1173.000000
364.945000	1273.000000
364.950000	1204.000000
364.955000	1280.000000
364.960000	1073.000000
364.965000	1185.000000
364.970000	1291.000000
364.975000	1516.000000
364.980000	1296.000000
364.985000	1476.000000
364.990000	1071.000000
364.995000	1468.000000
365.000000	1633.000000
365.005000	1223.000000
365.010000	1485.000000
365.015000	1270.000000
365.020000	1251.000000
365.025000	1431.000000
365.030000	1577.000000
365.035000	1401.000000
365.040000	1338.000000
365.045000	1460.000000
365.050000	1401.000000
365.055000	1540.000000
365.060000	1633.000000
365.065000	1438.000000
365.070000	1494.000000
365.075000	1276.000000
365.080000	1407.000000
365.085000	1677.000000
365.090000	1651.000000
365.095000	1568.000000
365.100000	1781.000000
365.105000	1482.000000
365.110000	1445.000000
365.115000	1325.000000
365.120000	1378.000000
365.125000	1423.000000
365.130000	1518.000000
365.135000	1629.000000
365.140000	1584.000000
365.145000	1496.000000
365.150000	1383.000000
365.155000	1550.000000
365.160000	1385.000000
365.165000	1673.000000
365.170000	1538.000000
365.175000	1603.000000
365.180000	1734.000000
365.185000	1607.000000
365.190000	1542.000000
365.195000	1622.000000
365.200000	1474.000000
365.205000	1528.000000
365.210000	1707.000000
365.215000	1459.000000
365.220000	1455.000000
365.225000	1547.000000
365.230000	1811.000000
365.235000	1728.000000
365.240000	1504.000000
365.245000	1743.000000
365.250000	1421.000000
365.255000	1762.000000
365.260000	1642.000000
365.265000	1584.000000
365.270000	1496.000000
365.275000	2053.000000
365.280000	1530.000000
365.285000	1675.000000
365.290000	1511.000000
365.295000	1809.000000
365.300000	1642.000000
365.305000	1689.000000
365.310000	1722.000000
365.315000	1762.000000
365.320000	1799.000000
365.325000	2151.000000
365.330000	1763.000000
365.335000	1909.000000
365.340000	1870.000000
365.345000	1779.000000
365.350000	1764.000000
365.355000	1927.000000
365.360000	1803.000000
365.365000	1794.000000
365.370000	1804.000000
365.375000	1886.000000
365.380000	1947.000000
365.385000	1858.000000
365.390000	1713.000000
365.395000	1959.000000
365.400000	1814.000000
365.405000	1708.000000
365.410000	1751.000000
365.415000	1840.000000
365.420000	1798.000000
365.425000	1831.000000
365.430000	1649.000000
365.435000	1843.000000
365.440000	2006.000000
365.445000	2024.000000
365.450000	1692.000000
365.455000	1929.000000
365.460000	1886.000000
365.465000	1988.000000
365.470000	1791.000000
365.475000	2101.000000
365.480000	1977.000000
365.485000	2127.000000
365.490000	1970.000000
365.495000	2093.000000
365.500000	2217.000000
365.505000	1852.000000
365.510000	2212.000000
365.515000	1856.000000
365.520000	2008.000000
365.525000	1979.000000
365.530000	2108.000000
365.535000	2209.000000
365.540000	1849.000000
365.545000	2263.000000
365.550000	1971.000000
365.555000	2005.000000
365.560000	2084.000000
365.565000	2057.000000
365.570000	2215.000000
365.575000	2094.000000
365.580000	2139.000000
365.585000	1976.000000
365.590000	2007.000000
365.595000	2012.000000
365.600000	1896.000000
365.605000	2012.000000
365.610000	2033.000000
365.615000	1646.000000
365.620000	2019.000000
365.625000	2128.000000
365.630000	2200.000000
365.635000	2169.000000
365.640000	1989.000000
365.645000	2135.000000
365.650000	2045.000000
365.655000	2046.000000
365.660000	2090.000000
365.665000	2069.000000
365.670000	2037.000000
365.675000	2299.000000
365.680000	2381.000000
365.685000	2015.000000
365.690000	2014.000000
365.695000	2139.000000
365.700000	2208.000000
365.705000	2088.000000
365.710000	2099.000000
365.715000	2103.000000
365.720000	1766.000000
365.725000	1895.000000
365.730000	1899.000000
365.735000	1871.000000
365.740000	2060.000000
365.745000	1927.000000
365.750000	2158.000000
365.755000	2047.000000
365.760000	1883.000000
365.765000	2290.000000
365.770000	2283.000000
365.775000	2108.000000
365.780000	1889.000000
365.785000	1784.000000
365.790000	2009.000000
365.795000	1976.000000
365.800000	2387.000000
365.805000	2107.000000
365.810000	1942.000000
365.815000	2254.000000
365.820000	1793.000000
365.825000	2113.000000
365.830000	2130.000000
365.835000	2069.000000
365.840000	2036.000000
365.845000	1943.000000
365.850000	1890.000000
365.855000	2139.000000
365.860000	2068.000000
365.865000	2061.000000
365.870000	2080.000000
365.875000	2089.000000
365.880000	1923.000000
365.885000	1768.000000
365.890000	1853.000000
365.895000	2145.000000
365.900000	2162.000000
365.905000	1831.000000
365.910000	1928.000000
365.915000	2081.000000
365.920000	2028.000000
365.925000	2115.000000
365.930000	1988.000000
365.935000	2028.000000
365.940000	2259.000000
365.945000	1892.000000
365.950000	2271.000000
365.955000	2025.000000
365.960000	1923.000000
365.965000	2187.000000
365.970000	1921.000000
365.975000	1705.000000
365.980000	1808.000000
365.985000	1988.000000
365.990000	1707.000000
365.995000	1873.000000
366.000000	1993.000000
366.005000	1872.000000
366.010000	2021.000000
366.015000	1610.000000
366.020000	1974.000000
366.025000	2043.000000
366.030000	1981.000000
366.035000	1874.000000
366.040000	1787.000000
366.045000	1878.000000
366.050000	1801.000000
366.055000	1942.000000
366.060000	1881.000000
366.065000	1668.000000
366.070000	1813.000000
366.075000	1704.000000
366.080000	1869.000000
366.085000	1935.000000
366.090000	1758.000000
366.095000	1729.000000
366.100000	1889.000000
366.105000	1742.000000
366.110000	1854.000000
366.115000	1652.000000
366.120000	1631.000000
366.125000	1666.000000
366.130000	1828.000000
366.135000	1746.000000
366.140000	1611.000000
366.145000	1657.000000
366.150000	1819.000000
366.155000	1639.000000
366.160000	1791.000000
366.165000	1751.000000
366.170000	1705.000000
366.175000	1823.000000
366.180000	1605.000000
366.185000	1590.000000
366.190000	1823.000000
366.195000	1842.000000
366.200000	1816.000000
366.205000	1510.000000
366.210000	1778.000000
366.215000	1668.000000
366.220000	1561.000000
366.225000	1692.000000
366.230000	1689.000000
366.235000	1545.000000
366.240000	1852.000000
366.245000	1671.000000
366.250000	1635.000000
366.255000	1566.000000
366.260000	1614.000000
366.265000	1796.000000
366.270000	1484.000000
366.275000	1831.000000
366.280000	1836.000000
366.285000	1410.000000
366.290000	1661.000000
366.295000	1471.000000
366.300000	1373.000000
366.305000	1851.000000
366.310000	1738.000000
366.315000	1692.000000
366.320000	1382.000000
366.325000	1719.000000
366.330000	1505.000000
366.335000	1570.000000
366.340000	1540.000000
366.345000	1850.000000
366.350000	1688.000000
366.355000	1496.000000
366.360000	1547.000000
366.365000	1432.000000
366.370000	1434.000000
366.375000	1625.000000
366.380000	1441.000000
366.385000	1574.000000
366.390000	1494.000000
366.395000	1497.000000
366.400000	1456.000000
366.405000	1525.000000
366.410000	1477.000000
366.415000	1476.000000
366.420000	1347.000000
366.425000	1447.000000
366.430000	1280.000000
366.435000	1529.000000
366.440000	1520.000000
366.445000	1368.000000
366.450000	1559.000000
366.455000	1579.000000
366.460000	1346.000000
366.465000	1560.000000
366.470000	1382.000000
366.475000	1504.000000
366.480000	1744.000000
366.485000	1265.000000
366.490000	1506.000000
366.495000	1519.000000
366.500000	1460.000000
366.505000	1569.000000
366.510000	1507.000000
366.515000	1761.000000
366.520000	1409.000000
366.525000	1503.000000
366.530000	1511.000000
366.535000	1604.000000
366.540000	1487.000000
366.545000	1568.000000
366.550000	1368.000000
366.555000	1490.000000
366.560000	1465.000000
366.565000	1698.000000
366.570000	1624.000000
366.575000	1760.000000
366.580000	1566.000000
366.585000	1498.000000
366.590000	1658.000000
366.595000	1718.000000
366.600000	1826.000000
366.605000	1994.000000
366.610000	1896.000000
366.615000	1930.000000
366.620000	2119.000000
366.625000	2128.000000
366.630000	2256.000000
366.635000	1989.000000
366.640000	1897.000000
366.645000	2040.000000
366.650000	2323.000000
366.655000	2179.000000
366.660000	2056.000000
366.665000	2026.000000
366.670000	2071.000000
366.675000	2136.000000
366.680000	2210.000000
366.685000	2224.000000
366.690000	2015.000000
366.695000	2025.000000
366.700000	2561.000000
366.705000	2458.000000
366.710000	2052.000000
366.715000	2176.000000
366.720000	2412.000000
366.725000	2206.000000
366.730000	2417.000000
366.735000	2178.000000
366.740000	2243.000000
366.745000	2203.000000
366.750000	2287.000000
366.755000	2066.000000
366.760000	2501.000000
366.765000	2531.000000
366.770000	2483.000000
366.775000	2768.000000
366.780000	2443.000000
366.785000	2382.000000
366.790000	2445.000000
366.795000	2752.000000
366.800000	2576.000000
366.805000	2615.000000
366.810000	3035.000000
366.815000	2916.000000
366.820000	3010.000000
366.825000	3113.000000
366.830000	3650.000000
366.835000	3662.000000
366.840000	3246.000000
366.845000	3922.000000
366.850000	3795.000000
366.855000	4170.000000
366.860000	3815.000000
366.865000	4580.000000
366.870000	5125.000000
366.875000	4926.000000
366.880000	5648.000000
366.885000	5868.000000
366.890000	6124.000000
366.895000	6101.000000
366.900000	5830.000000
366.905000	5470.000000
366.910000	5465.000000
366.915000	5999.000000
366.920000	5783.000000
366.925000	6432.000000
366.930000	6111.000000
366.935000	6436.000000
366.940000	6532.000000
366.945000	6841.000000
366.950000	7825.000000
366.955000	7771.000000
366.960000	7628.000000
366.965000	7858.000000
366.970000	8652.000000
366.975000	9266.000000
366.980000	9066.000000
366.985000	9847.000000
366.990000	9854.000000
366.995000	9981.000000
367.000000	10765.000000
367.005000	11450.000000
367.010000	10826.000000
367.015000	11324.000000
367.020000	11659.000000
367.025000	12513.000000
367.030000	13392.000000
367.035000	13957.000000
367.040000	13643.000000
367.045000	14348.000000
367.050000	14420.000000
367.055000	14522.000000
367.060000	14818.000000
367.065000	15780.000000
367.070000	15771.000000
367.075000	16141.000000
367.080000	16563.000000
367.085000	17042.000000
367.090000	16679.000000
367.095000	18062.000000
367.100000	17403.000000
367.105000	18584.000000
367.110000	17756.000000
367.115000	19196.000000
367.120000	18616.000000
367.125000	19242.000000
367.130000	19202.000000
367.135000	20360.000000
367.140000	19942.000000
367.145000	20875.000000
367.150000	20612.000000
367.155000	20553.000000
367.160000	20662.000000
367.165000	21196.000000
367.170000	20586.000000
367.175000	21195.000000
367.180000	21737.000000
367.185000	22408.000000
367.190000	22731.000000
367.195000	23341.000000
367.200000	22848.000000
367.205000	24325.000000
367.210000	24897.000000
367.215000	26154.000000
367.220000	27840.000000
367.225000	27681.000000
367.230000	27023.000000
367.235000	26624.000000
367.240000	26526.000000
367.245000	26558.000000
367.250000	27473.000000
367.255000	28224.000000
367.260000	27612.000000
367.265000	28851.000000
367.270000	28053.000000
367.275000	27625.000000
367.280000	28872.000000
367.285000	28464.000000
367.290000	29620.000000
367.295000	29223.000000
367.300000	30630.000000
367.305000	30014.000000
367.310000	30530.000000
367.315000	32058.000000
367.320000	31163.000000
367.325000	31623.000000
367.330000	31200.000000
367.335000	31961.000000
367.340000	33666.000000
367.345000	32658.000000
367.350000	33444.000000
367.355000	33646.000000
367.360000	34464.000000
367.365000	34229.000000
367.370000	35482.000000
367.375000	35832.000000
367.380000	36432.000000
367.385000	37408.000000
367.390000	37989.000000
367.395000	38029.000000
367.400000	39579.000000
367.405000	39264.000000
367.410000	40447.000000
367.415000	40483.000000
367.420000	40731.000000
367.425000	42493.000000
367.430000	42546.000000
367.435000	43090.000000
367.440000	44569.000000
367.445000	44932.000000
367.450000	46186.000000
367.455000	46174.000000
367.460000	47357.000000
367.465000	47795.000000
367.470000	50415.000000
367.475000	50365.000000
367.480000	52854.000000
367.485000	52196.000000
367.490000	52630.000000
367.495000	53339.000000
367.500000	54685.000000
367.505000	56469.000000
367.510000	57451.000000
367.515000	57393.000000
367.520000	58489.000000
367.525000	60521.000000
367.530000	61337.000000
367.535000	63290.000000
367.540000	62604.000000
367.545000	65397.000000
367.550000	65102.000000
367.555000	68074.000000
367.560000	68016.000000
367.565000	69524.000000
367.570000	68760.000000
367.575000	71664.000000
367.580000	72745.000000
367.585000	72870.000000
367.590000	72559.000000
367.595000	73265.000000
367.600000	74560.000000
367.605000	74869.000000
367.610000	74344.000000
367.615000	75512.000000
367.620000	75419.000000
367.625000	75245.000000
367.630000	75803.000000
367.635000	76019.000000
367.640000	76130.000000
367.645000	75968.000000
367.650000	75602.000000
367.655000	76494.000000
367.660000	76776.000000
367.665000	78307.000000
367.670000	77448.000000
367.675000	77831.000000
367.680000	76288.000000
367.685000	75056.000000
367.690000	78314.000000
367.695000	77259.000000
367.700000	76584.000000
367.705000	76859.000000
367.710000	79725.000000
367.715000	78999.000000
367.720000	79460.000000
367.725000	81032.000000
367.730000	81432.000000
367.735000	82734.000000
367.740000	87087.000000
367.745000	88632.000000
367.750000	85751.000000
367.755000	82936.000000
367.760000	81871.000000
367.765000	78934.000000
367.770000	78590.000000
367.775000	79243.000000
367.780000	76774.000000
367.785000	77972.000000
367.790000	77699.000000
367.795000	77844.000000
367.800000	78849.000000
367.805000	77527.000000
367.810000	76022.000000
367.815000	75245.000000
367.820000	75202.000000
367.825000	74408.000000
367.830000	74112.000000
367.835000	73626.000000
367.840000	72978.000000
367.845000	72219.000000
367.850000	71595.000000
367.855000	68588.000000
367.860000	71078.000000
367.865000	70526.000000
367.870000	69540.000000
367.875000	67976.000000
367.880000	68731.000000
367.885000	66359.000000
367.890000	69496.000000
367.895000	66534.000000
367.900000	66871.000000
367.905000	67469.000000
367.910000	66911.000000
367.915000	65872.000000
367.920000	64453.000000
367.925000	64636.000000
367.930000	63465.000000
367.935000	62196.000000
367.940000	61931.000000
367.945000	60877.000000
367.950000	62598.000000
367.955000	60144.000000
367.960000	60206.000000
367.965000	57589.000000
367.970000	57161.000000
367.975000	58433.000000
367.980000	57155.000000
367.985000	55419.000000
367.990000	55179.000000
367.995000	54446.000000
368.000000	54707.000000
368.005000	52612.000000
368.010000	53109.000000
368.015000	51661.000000
368.020000	52558.000000
368.025000	51807.000000
368.030000	51493.000000
368.035000	48340.000000
368.040000	51251.000000
368.045000	48363.000000
368.050000	49525.000000
368.055000	48800.000000
368.060000	48504.000000
368.065000	47883.000000
368.070000	46771.000000
368.075000	47155.000000
368.080000	45921.000000
368.085000	46601.000000
368.090000	44505.000000
368.095000	46096.000000
368.100000	44962.000000
368.105000	44084.000000
368.110000	43715.000000
368.115000	44837.000000
368.120000	42882.000000
368.125000	42350.000000
368.130000	42007.000000
368.135000	42694.000000
368.140000	41880.000000
368.145000	41993.000000
368.150000	39925.000000
368.155000	41025.000000
368.160000	40071.000000
368.165000	40417.000000
368.170000	39223.000000
368.175000	41363.000000
368.180000	40357.000000
368.185000	39984.000000
368.190000	39468.000000
368.195000	39797.000000
368.200000	39582.000000
368.205000	38500.000000
368.210000	37590.000000
368.215000	38517.000000
368.220000	37847.000000
368.225000	37527.000000
368.230000	36537.000000
368.235000	38354.000000
368.240000	37971.000000
368.245000	37152.000000
368.250000	36925.000000
368.255000	36515.000000
368.260000	37501.000000
368.265000	37189.000000
368.270000	36630.000000
368.275000	36967.000000
368.280000	37975.000000
368.285000	37302.000000
368.290000	39166.000000
368.295000	39533.000000
368.300000	40471.000000
368.305000	42197.000000
368.310000	43585.000000
368.315000	44079.000000
368.320000	45125.000000
368.325000	43516.000000
368.330000	38945.000000
368.335000	36848.000000
368.340000	35170.000000
368.345000	35435.000000
368.350000	36570.000000
368.355000	38451.000000
368.360000	40100.000000
368.365000	39817.000000
368.370000	39310.000000
368.375000	37096.000000
368.380000	35375.000000
368.385000	35273.000000
368.390000	36402.000000
368.395000	34067.000000
368.400000	32594.000000
368.405000	30623.000000
368.410000	30114.000000
368.415000	30176.000000
368.420000	29096.000000
368.425000	30605.000000
368.430000	30623.000000
368.435000	31447.000000
368.440000	31083.000000
368.445000	29317.000000
368.450000	26827.000000
368.455000	27035.000000
368.460000	25906.000000
368.465000	25056.000000
368.470000	24592.000000
368.475000	24737.000000
368.480000	23760.000000
368.485000	24673.000000
368.490000	25265.000000
368.495000	24219.000000
368.500000	23786.000000
368.505000	24388.000000
368.510000	24852.000000
368.515000	25744.000000
368.520000	25913.000000
368.525000	26459.000000
368.530000	26835.000000
368.535000	28330.000000
368.540000	29571.000000
368.545000	31110.000000
368.550000	32612.000000
368.555000	34969.000000
368.560000	36743.000000
368.565000	38448.000000
368.570000	37531.000000
368.575000	36379.000000
368.580000	35781.000000
368.585000	37519.000000
368.590000	37796.000000
368.595000	32959.000000
368.600000	31040.000000
368.605000	27131.000000
368.610000	24620.000000
368.615000	23963.000000
368.620000	21289.000000
368.625000	21517.000000
368.630000	20869.000000
368.635000	20024.000000
368.640000	20309.000000
368.645000	20062.000000
368.650000	19600.000000
368.655000	18649.000000
368.660000	18280.000000
368.665000	18569.000000
368.670000	18880.000000
368.675000	18271.000000
368.680000	18182.000000
368.685000	17264.000000
368.690000	17783.000000
368.695000	18001.000000
368.700000	17221.000000
368.705000	17316.000000
368.710000	17223.000000
368.715000	17826.000000
368.720000	17211.000000
368.725000	17501.000000
368.730000	16842.000000
368.735000	16503.000000
368.740000	17482.000000
368.745000	17131.000000
368.750000	16802.000000
368.755000	17147.000000
368.760000	15990.000000
368.765000	16459.000000
368.770000	16585.000000
368.775000	17160.000000
368.780000	15932.000000
368.785000	16763.000000
368.790000	16145.000000
368.795000	16612.000000
368.800000	16885.000000
368.805000	16663.000000
368.810000	16902.000000
368.815000	17157.000000
368.820000	16109.000000
368.825000	17068.000000
368.830000	16622.000000
368.835000	16775.000000
368.840000	17412.000000
368.845000	17670.000000
368.850000	18002.000000
368.855000	19371.000000
368.860000	19429.000000
368.865000	20269.000000
368.870000	20627.000000
368.875000	23165.000000
368.880000	25894.000000
368.885000	28704.000000
368.890000	34224.000000
368.895000	40901.000000
368.900000	47939.000000
368.905000	57803.000000
368.910000	67184.000000
368.915000	79116.000000
368.920000	102505.000000
368.925000	113719.000000
368.930000	84636.000000
368.935000	53631.000000
368.940000	38023.000000
368.945000	30383.000000
368.950000	22846.000000
368.955000	21532.000000
368.960000	19215.000000
368.965000	18097.000000
368.970000	17824.000000
368.975000	16314.000000
368.980000	16191.000000
368.985000	14946.000000
368.990000	14737.000000
368.995000	14411.000000
369.000000	14632.000000
369.005000	14392.000000
369.010000	14006.000000
369.015000	14102.000000
369.020000	14696.000000
369.025000	14089.000000
369.030000	13618.000000
369.035000	13681.000000
369.040000	12971.000000
369.045000	13092.000000
369.050000	12066.000000
369.055000	12759.000000
369.060000	12465.000000
369.065000	12898.000000
369.070000	11868.000000
369.075000	12310.000000
369.080000	11634.000000
369.085000	12030.000000
369.090000	11281.000000
369.095000	11317.000000
369.100000	11517.000000
369.105000	11632.000000
369.110000	11467.000000
369.115000	11908.000000
369.120000	11747.000000
369.125000	11072.000000
369.130000	11178.000000
369.135000	11072.000000
369.140000	11310.000000
369.145000	11317.000000
369.150000	10370.000000
369.155000	10274.000000
369.160000	11054.000000
369.165000	10581.000000
369.170000	10482.000000
369.175000	10340.000000
369.180000	10691.000000
369.185000	10279.000000
369.190000	9937.000000
369.195000	10245.000000
369.200000	10713.000000
369.205000	10232.000000
369.210000	9881.000000
369.215000	9794.000000
369.220000	9809.000000
369.225000	10086.000000
369.230000	9996.000000
369.235000	9961.000000
369.240000	9477.000000
369.245000	9662.000000
369.250000	9458.000000
369.255000	9650.000000
369.260000	9797.000000
369.265000	9513.000000
369.270000	9720.000000
369.275000	9412.000000
369.280000	9587.000000
369.285000	9096.000000
369.290000	9063.000000
369.295000	9626.000000
369.300000	9525.000000
369.305000	8933.000000
369.310000	8686.000000
369.315000	8971.000000
369.320000	8709.000000
369.325000	8618.000000
369.330000	8758.000000
369.335000	8590.000000
369.340000	9659.000000
369.345000	8431.000000
369.350000	8965.000000
369.355000	8611.000000
369.360000	8627.000000
369.365000	8465.000000
369.370000	8801.000000
369.375000	8666.000000
369.380000	8342.000000
369.385000	8413.000000
369.390000	8144.000000
369.395000	8514.000000
369.400000	8076.000000
369.405000	7870.000000
369.410000	8448.000000
369.415000	7985.000000
369.420000	8091.000000
369.425000	7765.000000
369.430000	8068.000000
369.435000	7804.000000
369.440000	7380.000000
369.445000	8050.000000
369.450000	8482.000000
369.455000	7422.000000
369.460000	8244.000000
369.465000	7517.000000
369.470000	8105.000000
369.475000	7390.000000
369.480000	8016.000000
369.485000	7543.000000
369.490000	7747.000000
369.495000	7639.000000
369.500000	7937.000000
369.505000	7471.000000
369.510000	7852.000000
369.515000	7406.000000
369.520000	7355.000000
369.525000	7137.000000
369.530000	7084.000000
369.535000	7111.000000
369.540000	7208.000000
369.545000	7142.000000
369.550000	7202.000000
369.555000	6749.000000
369.560000	6907.000000
369.565000	7337.000000
369.570000	7291.000000
369.575000	6906.000000
369.580000	6717.000000
369.585000	7074.000000
369.590000	6559.000000
369.595000	6630.000000
369.600000	6671.000000
369.605000	7369.000000
369.610000	6887.000000
369.615000	6897.000000
369.620000	6730.000000
369.625000	7153.000000
369.630000	6791.000000
369.635000	6561.000000
369.640000	6466.000000
369.645000	6395.000000
369.650000	6611.000000
369.655000	6840.000000
369.660000	6999.000000
369.665000	6484.000000
369.670000	6434.000000
369.675000	6952.000000
369.680000	6546.000000
369.685000	5798.000000
369.690000	6418.000000
369.695000	6463.000000
369.700000	6292.000000
369.705000	6417.000000
369.710000	6035.000000
369.715000	6340.000000
369.720000	6189.000000
369.725000	6072.000000
369.730000	6192.000000
369.735000	6735.000000
369.740000	5732.000000
369.745000	6405.000000
369.750000	6250.000000
369.755000	6112.000000
369.760000	6644.000000
369.765000	6270.000000
369.770000	5595.000000
369.775000	5961.000000
369.780000	6074.000000
369.785000	5941.000000
369.790000	6075.000000
369.795000	5831.000000
369.800000	5849.000000
369.805000	5884.000000
369.810000	5902.000000
369.815000	5536.000000
369.820000	6135.000000
369.825000	5992.000000
369.830000	5629.000000
369.835000	5512.000000
369.840000	6104.000000
369.845000	5299.000000
369.850000	5976.000000
369.855000	5777.000000
369.860000	5584.000000
369.865000	5643.000000
369.870000	5680.000000
369.875000	5407.000000
369.880000	5279.000000
369.885000	5399.000000
369.890000	5202.000000
369.895000	5615.000000
369.900000	5725.000000
369.905000	5587.000000
369.910000	4980.000000
369.915000	5531.000000
369.920000	5658.000000
369.925000	5732.000000
369.930000	5275.000000
369.935000	5448.000000
369.940000	5276.000000
369.945000	5477.000000
369.950000	5476.000000
369.955000	5078.000000
369.960000	5229.000000
369.965000	5305.000000
369.970000	5392.000000
369.975000	5384.000000
369.980000	5368.000000
369.985000	5346.000000
369.990000	5487.000000
369.995000	5517.000000
370.000000	5333.000000
