Sample ID:		H1092 Mg coat 20um slit 20mW power
Start Time:		Fri Jul 10 2020 12:32:55 PM
Averaging Time:		1.000s

366.500000	17.000000
366.505000	30.000000
366.510000	3.000000
366.515000	26.000000
366.520000	32.000000
366.525000	37.000000
366.530000	40.000000
366.535000	13.000000
366.540000	25.000000
366.545000	13.000000
366.550000	11.000000
366.555000	17.000000
366.560000	6.000000
366.565000	12.000000
366.570000	8.000000
366.575000	4.000000
366.580000	13.000000
366.585000	28.000000
366.590000	32.000000
366.595000	12.000000
366.600000	12.000000
366.605000	0.000000
366.610000	19.000000
366.615000	19.000000
366.620000	5.000000
366.625000	6.000000
366.630000	2.000000
366.635000	27.000000
366.640000	19.000000
366.645000	33.000000
366.650000	31.000000
366.655000	2.000000
366.660000	11.000000
366.665000	19.000000
366.670000	15.000000
366.675000	19.000000
366.680000	15.000000
366.685000	8.000000
366.690000	16.000000
366.695000	6.000000
366.700000	3.000000
366.705000	15.000000
366.710000	9.000000
366.715000	11.000000
366.720000	14.000000
366.725000	34.000000
366.730000	20.000000
366.735000	17.000000
366.740000	20.000000
366.745000	8.000000
366.750000	14.000000
366.755000	33.000000
366.760000	27.000000
366.765000	9.000000
366.770000	46.000000
366.775000	46.000000
366.780000	27.000000
366.785000	17.000000
366.790000	24.000000
366.795000	59.000000
366.800000	11.000000
366.805000	32.000000
366.810000	43.000000
366.815000	30.000000
366.820000	34.000000
366.825000	46.000000
366.830000	22.000000
366.835000	101.000000
366.840000	58.000000
366.845000	38.000000
366.850000	35.000000
366.855000	87.000000
366.860000	67.000000
366.865000	25.000000
366.870000	50.000000
366.875000	41.000000
366.880000	21.000000
366.885000	34.000000
366.890000	55.000000
366.895000	80.000000
366.900000	88.000000
366.905000	111.000000
366.910000	25.000000
366.915000	62.000000
366.920000	58.000000
366.925000	103.000000
366.930000	102.000000
366.935000	102.000000
366.940000	119.000000
366.945000	150.000000
366.950000	151.000000
366.955000	128.000000
366.960000	134.000000
366.965000	140.000000
366.970000	118.000000
366.975000	147.000000
366.980000	140.000000
366.985000	148.000000
366.990000	115.000000
366.995000	59.000000
367.000000	85.000000
367.005000	138.000000
367.010000	125.000000
367.015000	132.000000
367.020000	110.000000
367.025000	111.000000
367.030000	145.000000
367.035000	143.000000
367.040000	148.000000
367.045000	134.000000
367.050000	170.000000
367.055000	137.000000
367.060000	212.000000
367.065000	225.000000
367.070000	144.000000
367.075000	182.000000
367.080000	179.000000
367.085000	154.000000
367.090000	153.000000
367.095000	255.000000
367.100000	219.000000
367.105000	218.000000
367.110000	189.000000
367.115000	298.000000
367.120000	291.000000
367.125000	273.000000
367.130000	314.000000
367.135000	277.000000
367.140000	245.000000
367.145000	300.000000
367.150000	302.000000
367.155000	418.000000
367.160000	419.000000
367.165000	346.000000
367.170000	359.000000
367.175000	626.000000
367.180000	418.000000
367.185000	541.000000
367.190000	571.000000
367.195000	577.000000
367.200000	579.000000
367.205000	689.000000
367.210000	594.000000
367.215000	484.000000
367.220000	512.000000
367.225000	421.000000
367.230000	587.000000
367.235000	648.000000
367.240000	581.000000
367.245000	449.000000
367.250000	599.000000
367.255000	723.000000
367.260000	776.000000
367.265000	808.000000
367.270000	653.000000
367.275000	752.000000
367.280000	802.000000
367.285000	834.000000
367.290000	947.000000
367.295000	841.000000
367.300000	1092.000000
367.305000	925.000000
367.310000	976.000000
367.315000	1024.000000
367.320000	1125.000000
367.325000	1113.000000
367.330000	1159.000000
367.335000	1326.000000
367.340000	1218.000000
367.345000	1311.000000
367.350000	1269.000000
367.355000	1317.000000
367.360000	1448.000000
367.365000	1218.000000
367.370000	1427.000000
367.375000	1349.000000
367.380000	1920.000000
367.385000	1638.000000
367.390000	1775.000000
367.395000	1782.000000
367.400000	1995.000000
367.405000	1995.000000
367.410000	2029.000000
367.415000	1830.000000
367.420000	2199.000000
367.425000	1906.000000
367.430000	2333.000000
367.435000	2304.000000
367.440000	2322.000000
367.445000	2333.000000
367.450000	2120.000000
367.455000	2507.000000
367.460000	2615.000000
367.465000	2423.000000
367.470000	2787.000000
367.475000	2593.000000
367.480000	2575.000000
367.485000	2285.000000
367.490000	2614.000000
367.495000	2714.000000
367.500000	2578.000000
367.505000	2763.000000
367.510000	2813.000000
367.515000	3277.000000
367.520000	3116.000000
367.525000	3660.000000
367.530000	3375.000000
367.535000	3361.000000
367.540000	3544.000000
367.545000	3481.000000
367.550000	3214.000000
367.555000	3566.000000
367.560000	3609.000000
367.565000	3328.000000
367.570000	3378.000000
367.575000	3927.000000
367.580000	3624.000000
367.585000	4008.000000
367.590000	3603.000000
367.595000	3759.000000
367.600000	3571.000000
367.605000	4021.000000
367.610000	3574.000000
367.615000	4034.000000
367.620000	4196.000000
367.625000	4247.000000
367.630000	4337.000000
367.635000	4207.000000
367.640000	4632.000000
367.645000	4572.000000
367.650000	4518.000000
367.655000	4643.000000
367.660000	5057.000000
367.665000	5063.000000
367.670000	4544.000000
367.675000	5150.000000
367.680000	5363.000000
367.685000	4937.000000
367.690000	5213.000000
367.695000	5574.000000
367.700000	5945.000000
367.705000	5468.000000
367.710000	6067.000000
367.715000	5645.000000
367.720000	5663.000000
367.725000	6029.000000
367.730000	6213.000000
367.735000	6522.000000
367.740000	5907.000000
367.745000	6736.000000
367.750000	6556.000000
367.755000	6772.000000
367.760000	7151.000000
367.765000	6748.000000
367.770000	7284.000000
367.775000	7339.000000
367.780000	7765.000000
367.785000	7717.000000
367.790000	7352.000000
367.795000	7828.000000
367.800000	7796.000000
367.805000	8083.000000
367.810000	8767.000000
367.815000	8652.000000
367.820000	9001.000000
367.825000	9080.000000
367.830000	8970.000000
367.835000	9583.000000
367.840000	9493.000000
367.845000	9442.000000
367.850000	9474.000000
367.855000	10079.000000
367.860000	10324.000000
367.865000	10386.000000
367.870000	9833.000000
367.875000	9923.000000
367.880000	10210.000000
367.885000	11222.000000
367.890000	10898.000000
367.895000	11384.000000
367.900000	11928.000000
367.905000	12050.000000
367.910000	12155.000000
367.915000	11952.000000
367.920000	12186.000000
367.925000	12127.000000
367.930000	11840.000000
367.935000	12534.000000
367.940000	12643.000000
367.945000	12978.000000
367.950000	13609.000000
367.955000	13255.000000
367.960000	13105.000000
367.965000	13189.000000
367.970000	13277.000000
367.975000	13790.000000
367.980000	13606.000000
367.985000	13144.000000
367.990000	13664.000000
367.995000	13153.000000
368.000000	13634.000000
368.005000	13729.000000
368.010000	14080.000000
368.015000	13579.000000
368.020000	13815.000000
368.025000	14504.000000
368.030000	13983.000000
368.035000	14379.000000
368.040000	15090.000000
368.045000	15192.000000
368.050000	15420.000000
368.055000	15378.000000
368.060000	15904.000000
368.065000	14562.000000
368.070000	13914.000000
368.075000	13406.000000
368.080000	13409.000000
368.085000	14035.000000
368.090000	13309.000000
368.095000	13832.000000
368.100000	13598.000000
368.105000	13630.000000
368.110000	13286.000000
368.115000	13540.000000
368.120000	13943.000000
368.125000	13221.000000
368.130000	13669.000000
368.135000	12935.000000
368.140000	13450.000000
368.145000	12733.000000
368.150000	14254.000000
368.155000	13018.000000
368.160000	12948.000000
368.165000	12810.000000
368.170000	12489.000000
368.175000	12797.000000
368.180000	12186.000000
368.185000	13182.000000
368.190000	12723.000000
368.195000	12491.000000
368.200000	12440.000000
368.205000	11978.000000
368.210000	12443.000000
368.215000	12378.000000
368.220000	12100.000000
368.225000	12611.000000
368.230000	11871.000000
368.235000	12530.000000
368.240000	12011.000000
368.245000	11624.000000
368.250000	11662.000000
368.255000	11565.000000
368.260000	11197.000000
368.265000	10941.000000
368.270000	11368.000000
368.275000	11037.000000
368.280000	11116.000000
368.285000	10849.000000
368.290000	10871.000000
368.295000	10605.000000
368.300000	10212.000000
368.305000	10728.000000
368.310000	9704.000000
368.315000	9753.000000
368.320000	10565.000000
368.325000	9993.000000
368.330000	10081.000000
368.335000	9774.000000
368.340000	9820.000000
368.345000	9583.000000
368.350000	9455.000000
368.355000	9525.000000
368.360000	9177.000000
368.365000	9165.000000
368.370000	9454.000000
368.375000	8446.000000
368.380000	8572.000000
368.385000	8938.000000
368.390000	8372.000000
368.395000	8281.000000
368.400000	8113.000000
368.405000	8378.000000
368.410000	8609.000000
368.415000	7820.000000
368.420000	7827.000000
368.425000	8233.000000
368.430000	7918.000000
368.435000	8016.000000
368.440000	7289.000000
368.445000	7326.000000
368.450000	7811.000000
368.455000	7536.000000
368.460000	7259.000000
368.465000	7317.000000
368.470000	7301.000000
368.475000	7159.000000
368.480000	6643.000000
368.485000	6659.000000
368.490000	6767.000000
368.495000	7069.000000
368.500000	6970.000000
368.505000	7224.000000
368.510000	6889.000000
368.515000	6649.000000
368.520000	6870.000000
368.525000	6698.000000
368.530000	5931.000000
368.535000	6261.000000
368.540000	6466.000000
368.545000	6275.000000
368.550000	5973.000000
368.555000	6174.000000
368.560000	6289.000000
368.565000	5912.000000
368.570000	6132.000000
368.575000	5769.000000
368.580000	5934.000000
368.585000	5848.000000
368.590000	6158.000000
368.595000	5289.000000
368.600000	6303.000000
368.605000	5884.000000
368.610000	5761.000000
368.615000	6235.000000
368.620000	6920.000000
368.625000	6543.000000
368.630000	6510.000000
368.635000	6362.000000
368.640000	5895.000000
368.645000	5549.000000
368.650000	6116.000000
368.655000	6131.000000
368.660000	5499.000000
368.665000	6780.000000
368.670000	6359.000000
368.675000	5946.000000
368.680000	6282.000000
368.685000	5346.000000
368.690000	5502.000000
368.695000	5441.000000
368.700000	5809.000000
368.705000	5137.000000
368.710000	5271.000000
368.715000	5038.000000
368.720000	5253.000000
368.725000	4698.000000
368.730000	5511.000000
368.735000	5142.000000
368.740000	5393.000000
368.745000	5323.000000
368.750000	5411.000000
368.755000	4839.000000
368.760000	4657.000000
368.765000	4253.000000
368.770000	4780.000000
368.775000	4519.000000
368.780000	3828.000000
368.785000	4229.000000
368.790000	4415.000000
368.795000	4350.000000
368.800000	4179.000000
368.805000	4427.000000
368.810000	4565.000000
368.815000	4328.000000
368.820000	4221.000000
368.825000	4391.000000
368.830000	4068.000000
368.835000	4607.000000
368.840000	4088.000000
368.845000	3909.000000
368.850000	4316.000000
368.855000	4167.000000
368.860000	4431.000000
368.865000	5009.000000
368.870000	5142.000000
368.875000	5068.000000
368.880000	5140.000000
368.885000	4699.000000
368.890000	5091.000000
368.895000	4673.000000
368.900000	4656.000000
368.905000	4599.000000
368.910000	3577.000000
368.915000	4092.000000
368.920000	3971.000000
368.925000	3976.000000
368.930000	3826.000000
368.935000	3922.000000
368.940000	3618.000000
368.945000	3529.000000
368.950000	3641.000000
368.955000	3723.000000
368.960000	3399.000000
368.965000	3768.000000
368.970000	3789.000000
368.975000	3808.000000
368.980000	3099.000000
368.985000	3423.000000
368.990000	3365.000000
368.995000	3334.000000
369.000000	3440.000000
369.005000	3484.000000
369.010000	3484.000000
369.015000	3743.000000
369.020000	3220.000000
369.025000	3238.000000
369.030000	3379.000000
369.035000	3042.000000
369.040000	3508.000000
369.045000	3399.000000
369.050000	3270.000000
369.055000	3160.000000
369.060000	3007.000000
369.065000	3113.000000
369.070000	3023.000000
369.075000	3367.000000
369.080000	3264.000000
369.085000	3320.000000
369.090000	3102.000000
369.095000	3031.000000
369.100000	3087.000000
369.105000	3082.000000
369.110000	3245.000000
369.115000	3763.000000
369.120000	3033.000000
369.125000	3228.000000
369.130000	3159.000000
369.135000	3305.000000
369.140000	3099.000000
369.145000	3178.000000
369.150000	3369.000000
369.155000	3150.000000
369.160000	3227.000000
369.165000	3646.000000
369.170000	3588.000000
369.175000	3937.000000
369.180000	3578.000000
369.185000	3786.000000
369.190000	3848.000000
369.195000	3798.000000
369.200000	4725.000000
369.205000	4494.000000
369.210000	5050.000000
369.215000	6272.000000
369.220000	7244.000000
369.225000	9170.000000
369.230000	10929.000000
369.235000	8310.000000
369.240000	6459.000000
369.245000	5052.000000
369.250000	3992.000000
369.255000	3479.000000
369.260000	2891.000000
369.265000	2631.000000
369.270000	2535.000000
369.275000	2464.000000
369.280000	2413.000000
369.285000	2523.000000
369.290000	2404.000000
369.295000	2519.000000
369.300000	2584.000000
369.305000	2183.000000
369.310000	2170.000000
369.315000	2698.000000
369.320000	2441.000000
369.325000	2405.000000
369.330000	2511.000000
369.335000	2660.000000
369.340000	2624.000000
369.345000	2117.000000
369.350000	2520.000000
369.355000	2247.000000
369.360000	2441.000000
369.365000	2408.000000
369.370000	2137.000000
369.375000	2140.000000
369.380000	2072.000000
369.385000	2180.000000
369.390000	2142.000000
369.395000	2183.000000
369.400000	2104.000000
369.405000	2261.000000
369.410000	2292.000000
369.415000	2306.000000
369.420000	2400.000000
369.425000	2256.000000
369.430000	1948.000000
369.435000	2129.000000
369.440000	2229.000000
369.445000	1890.000000
369.450000	1919.000000
369.455000	2227.000000
369.460000	2105.000000
369.465000	1872.000000
369.470000	2129.000000
369.475000	1968.000000
369.480000	2166.000000
369.485000	2060.000000
369.490000	1994.000000
369.495000	1821.000000
369.500000	2093.000000
369.505000	1941.000000
369.510000	1877.000000
369.515000	1880.000000
369.520000	1936.000000
369.525000	1799.000000
369.530000	2108.000000
369.535000	1860.000000
369.540000	1945.000000
369.545000	1632.000000
369.550000	1887.000000
369.555000	1484.000000
369.560000	1949.000000
369.565000	1645.000000
369.570000	1989.000000
369.575000	1859.000000
369.580000	2050.000000
369.585000	1845.000000
369.590000	1973.000000
369.595000	2002.000000
369.600000	1741.000000
369.605000	2065.000000
369.610000	1929.000000
369.615000	1941.000000
369.620000	1716.000000
369.625000	1830.000000
369.630000	1687.000000
369.635000	1775.000000
369.640000	1863.000000
369.645000	1948.000000
369.650000	1967.000000
369.655000	1731.000000
369.660000	2013.000000
369.665000	1704.000000
369.670000	1533.000000
369.675000	1858.000000
369.680000	1620.000000
369.685000	1522.000000
369.690000	1621.000000
369.695000	1543.000000
369.700000	1522.000000
369.705000	1686.000000
369.710000	1573.000000
369.715000	1684.000000
369.720000	1804.000000
369.725000	1531.000000
369.730000	1971.000000
369.735000	1696.000000
369.740000	1406.000000
369.745000	1590.000000
369.750000	1676.000000
369.755000	1670.000000
369.760000	1570.000000
369.765000	1481.000000
369.770000	1842.000000
369.775000	1647.000000
369.780000	1702.000000
369.785000	1702.000000
369.790000	1679.000000
369.795000	1515.000000
369.800000	1523.000000
369.805000	1440.000000
369.810000	1568.000000
369.815000	1496.000000
369.820000	1746.000000
369.825000	1270.000000
369.830000	1518.000000
369.835000	1518.000000
369.840000	1342.000000
369.845000	1427.000000
369.850000	1420.000000
369.855000	1365.000000
369.860000	1245.000000
369.865000	1458.000000
369.870000	1482.000000
369.875000	1547.000000
369.880000	1346.000000
369.885000	1377.000000
369.890000	1352.000000
369.895000	1584.000000
369.900000	1320.000000
369.905000	1410.000000
369.910000	1331.000000
369.915000	1448.000000
369.920000	1378.000000
369.925000	1367.000000
369.930000	1547.000000
369.935000	1367.000000
369.940000	1566.000000
369.945000	1348.000000
369.950000	1424.000000
369.955000	1458.000000
369.960000	1523.000000
369.965000	1168.000000
369.970000	1430.000000
369.975000	1411.000000
369.980000	1429.000000
369.985000	1269.000000
369.990000	1314.000000
369.995000	1306.000000
370.000000	1298.000000
370.005000	1314.000000
370.010000	1352.000000
370.015000	1123.000000
370.020000	1217.000000
370.025000	1319.000000
370.030000	1189.000000
370.035000	1278.000000
370.040000	1152.000000
370.045000	1466.000000
370.050000	1378.000000
370.055000	1527.000000
370.060000	1461.000000
370.065000	1378.000000
370.070000	1179.000000
370.075000	1423.000000
370.080000	1315.000000
370.085000	1076.000000
370.090000	1255.000000
370.095000	1184.000000
370.100000	1220.000000
370.105000	1037.000000
370.110000	1152.000000
370.115000	1269.000000
370.120000	1269.000000
370.125000	1467.000000
370.130000	1321.000000
370.135000	1191.000000
370.140000	1350.000000
370.145000	1025.000000
370.150000	1205.000000
370.155000	1347.000000
370.160000	1294.000000
370.165000	1057.000000
370.170000	1325.000000
370.175000	1169.000000
370.180000	1373.000000
370.185000	1143.000000
370.190000	1123.000000
370.195000	1207.000000
370.200000	1029.000000
370.205000	1030.000000
370.210000	1329.000000
370.215000	1263.000000
370.220000	1128.000000
370.225000	1173.000000
370.230000	1202.000000
370.235000	1293.000000
370.240000	1290.000000
370.245000	1040.000000
370.250000	1168.000000
370.255000	1262.000000
370.260000	1433.000000
370.265000	1243.000000
370.270000	1313.000000
370.275000	1093.000000
370.280000	1204.000000
370.285000	1050.000000
370.290000	1074.000000
370.295000	1121.000000
370.300000	1241.000000
370.305000	1120.000000
370.310000	1168.000000
370.315000	1080.000000
370.320000	1061.000000
370.325000	1211.000000
370.330000	1075.000000
370.335000	1249.000000
370.340000	1208.000000
370.345000	936.000000
370.350000	1046.000000
370.355000	1106.000000
370.360000	1214.000000
370.365000	1141.000000
370.370000	1135.000000
370.375000	984.000000
370.380000	978.000000
370.385000	1145.000000
370.390000	1178.000000
370.395000	920.000000
370.400000	970.000000
370.405000	1127.000000
370.410000	1017.000000
370.415000	969.000000
370.420000	1059.000000
370.425000	983.000000
370.430000	1084.000000
370.435000	913.000000
370.440000	1083.000000
370.445000	1145.000000
370.450000	1071.000000
370.455000	1020.000000
370.460000	1087.000000
370.465000	1114.000000
370.470000	983.000000
370.475000	1012.000000
370.480000	1043.000000
370.485000	979.000000
370.490000	1055.000000
370.495000	1060.000000
370.500000	813.000000
370.505000	890.000000
370.510000	970.000000
370.515000	1018.000000
370.520000	963.000000
370.525000	936.000000
370.530000	1113.000000
370.535000	1030.000000
370.540000	789.000000
370.545000	934.000000
370.550000	1009.000000
370.555000	1133.000000
370.560000	809.000000
370.565000	1010.000000
370.570000	847.000000
370.575000	859.000000
370.580000	1017.000000
370.585000	855.000000
370.590000	948.000000
370.595000	877.000000
370.600000	885.000000
370.605000	939.000000
370.610000	847.000000
370.615000	1084.000000
370.620000	1110.000000
370.625000	885.000000
370.630000	891.000000
370.635000	890.000000
370.640000	877.000000
370.645000	853.000000
370.650000	998.000000
370.655000	956.000000
370.660000	736.000000
370.665000	864.000000
370.670000	819.000000
370.675000	854.000000
370.680000	832.000000
370.685000	755.000000
370.690000	829.000000
370.695000	895.000000
370.700000	1003.000000
370.705000	744.000000
370.710000	912.000000
370.715000	1013.000000
370.720000	742.000000
370.725000	932.000000
370.730000	997.000000
370.735000	829.000000
370.740000	845.000000
370.745000	894.000000
370.750000	855.000000
370.755000	872.000000
370.760000	735.000000
370.765000	989.000000
370.770000	960.000000
370.775000	888.000000
370.780000	831.000000
370.785000	1063.000000
370.790000	872.000000
370.795000	811.000000
370.800000	819.000000
370.805000	886.000000
370.810000	968.000000
370.815000	916.000000
370.820000	813.000000
370.825000	902.000000
370.830000	903.000000
370.835000	711.000000
370.840000	947.000000
370.845000	857.000000
370.850000	952.000000
370.855000	854.000000
370.860000	913.000000
370.865000	839.000000
370.870000	631.000000
370.875000	1018.000000
370.880000	671.000000
370.885000	851.000000
370.890000	846.000000
370.895000	708.000000
370.900000	870.000000
370.905000	955.000000
370.910000	942.000000
370.915000	883.000000
370.920000	738.000000
370.925000	834.000000
370.930000	785.000000
370.935000	1008.000000
370.940000	817.000000
370.945000	767.000000
370.950000	652.000000
370.955000	807.000000
370.960000	819.000000
370.965000	879.000000
370.970000	841.000000
370.975000	741.000000
370.980000	811.000000
370.985000	631.000000
370.990000	726.000000
370.995000	807.000000
371.000000	947.000000
371.005000	611.000000
371.010000	887.000000
371.015000	849.000000
371.020000	723.000000
371.025000	646.000000
371.030000	848.000000
371.035000	822.000000
371.040000	726.000000
371.045000	776.000000
371.050000	789.000000
371.055000	709.000000
371.060000	746.000000
371.065000	781.000000
371.070000	874.000000
371.075000	761.000000
371.080000	604.000000
371.085000	779.000000
371.090000	679.000000
371.095000	689.000000
371.100000	693.000000
371.105000	722.000000
371.110000	925.000000
371.115000	884.000000
371.120000	793.000000
371.125000	845.000000
371.130000	841.000000
371.135000	602.000000
371.140000	736.000000
371.145000	709.000000
371.150000	745.000000
371.155000	651.000000
371.160000	636.000000
371.165000	899.000000
371.170000	746.000000
371.175000	657.000000
371.180000	563.000000
371.185000	719.000000
371.190000	781.000000
371.195000	703.000000
371.200000	595.000000
371.205000	721.000000
371.210000	646.000000
371.215000	750.000000
371.220000	716.000000
371.225000	596.000000
371.230000	769.000000
371.235000	672.000000
371.240000	730.000000
371.245000	604.000000
371.250000	835.000000
371.255000	716.000000
371.260000	720.000000
371.265000	644.000000
371.270000	778.000000
371.275000	604.000000
371.280000	655.000000
371.285000	598.000000
371.290000	669.000000
371.295000	765.000000
371.300000	763.000000
371.305000	649.000000
371.310000	535.000000
371.315000	727.000000
371.320000	757.000000
371.325000	689.000000
371.330000	609.000000
371.335000	630.000000
371.340000	624.000000
371.345000	608.000000
371.350000	843.000000
371.355000	835.000000
371.360000	619.000000
371.365000	554.000000
371.370000	779.000000
371.375000	728.000000
371.380000	641.000000
371.385000	748.000000
371.390000	547.000000
371.395000	627.000000
371.400000	570.000000
371.405000	652.000000
371.410000	699.000000
371.415000	717.000000
371.420000	802.000000
371.425000	650.000000
371.430000	769.000000
371.435000	574.000000
371.440000	641.000000
371.445000	778.000000
371.450000	711.000000
371.455000	705.000000
371.460000	617.000000
371.465000	754.000000
371.470000	778.000000
371.475000	522.000000
371.480000	657.000000
371.485000	641.000000
371.490000	714.000000
371.495000	598.000000
371.500000	599.000000
371.505000	628.000000
371.510000	652.000000
371.515000	573.000000
371.520000	652.000000
371.525000	756.000000
371.530000	654.000000
371.535000	769.000000
371.540000	509.000000
371.545000	592.000000
371.550000	680.000000
371.555000	552.000000
371.560000	606.000000
371.565000	665.000000
371.570000	614.000000
371.575000	667.000000
371.580000	500.000000
371.585000	604.000000
371.590000	679.000000
371.595000	598.000000
371.600000	667.000000
371.605000	651.000000
371.610000	508.000000
371.615000	673.000000
371.620000	735.000000
371.625000	708.000000
371.630000	577.000000
371.635000	777.000000
371.640000	754.000000
371.645000	496.000000
371.650000	571.000000
371.655000	625.000000
371.660000	625.000000
371.665000	789.000000
371.670000	705.000000
371.675000	659.000000
371.680000	709.000000
371.685000	645.000000
371.690000	659.000000
371.695000	720.000000
371.700000	782.000000
371.705000	602.000000
371.710000	840.000000
371.715000	832.000000
371.720000	772.000000
371.725000	725.000000
371.730000	634.000000
371.735000	584.000000
371.740000	719.000000
371.745000	783.000000
371.750000	639.000000
371.755000	595.000000
371.760000	760.000000
371.765000	828.000000
371.770000	622.000000
371.775000	765.000000
371.780000	773.000000
371.785000	808.000000
371.790000	671.000000
371.795000	901.000000
371.800000	860.000000
371.805000	927.000000
371.810000	834.000000
371.815000	1020.000000
371.820000	900.000000
371.825000	977.000000
371.830000	1061.000000
371.835000	1158.000000
371.840000	1051.000000
371.845000	1387.000000
371.850000	1377.000000
371.855000	1718.000000
371.860000	1588.000000
371.865000	1969.000000
371.870000	2136.000000
371.875000	2610.000000
371.880000	2906.000000
371.885000	3782.000000
371.890000	4558.000000
371.895000	5547.000000
371.900000	7875.000000
371.905000	8906.000000
371.910000	7136.000000
371.915000	4132.000000
371.920000	2848.000000
371.925000	1954.000000
371.930000	1423.000000
371.935000	1073.000000
371.940000	1008.000000
371.945000	838.000000
371.950000	1010.000000
371.955000	813.000000
371.960000	789.000000
371.965000	928.000000
371.970000	813.000000
371.975000	781.000000
371.980000	751.000000
371.985000	695.000000
371.990000	915.000000
371.995000	931.000000
372.000000	863.000000
372.005000	815.000000
372.010000	887.000000
372.015000	756.000000
372.020000	967.000000
372.025000	928.000000
372.030000	731.000000
372.035000	808.000000
372.040000	873.000000
372.045000	872.000000
372.050000	889.000000
372.055000	826.000000
372.060000	1114.000000
372.065000	870.000000
372.070000	766.000000
372.075000	825.000000
372.080000	911.000000
372.085000	702.000000
372.090000	776.000000
372.095000	984.000000
372.100000	875.000000
372.105000	793.000000
372.110000	864.000000
372.115000	972.000000
372.120000	770.000000
372.125000	781.000000
372.130000	801.000000
372.135000	936.000000
372.140000	757.000000
372.145000	848.000000
372.150000	834.000000
372.155000	944.000000
372.160000	777.000000
372.165000	922.000000
372.170000	842.000000
372.175000	720.000000
372.180000	766.000000
372.185000	734.000000
372.190000	645.000000
372.195000	746.000000
372.200000	850.000000
372.205000	642.000000
372.210000	863.000000
372.215000	676.000000
372.220000	653.000000
372.225000	745.000000
372.230000	727.000000
372.235000	778.000000
372.240000	846.000000
372.245000	659.000000
372.250000	709.000000
372.255000	791.000000
372.260000	643.000000
372.265000	629.000000
372.270000	609.000000
372.275000	605.000000
372.280000	536.000000
372.285000	597.000000
372.290000	713.000000
372.295000	631.000000
372.300000	608.000000
