Sample ID:		H1090 Mg coat 20um slit 20mW power
Start Time:		Fri Jul 10 2020 10:19:28 AM
Averaging Time:		1.000s

366.500000	1685.000000
366.505000	1724.000000
366.510000	1734.000000
366.515000	1815.000000
366.520000	1479.000000
366.525000	1812.000000
366.530000	1785.000000
366.535000	1609.000000
366.540000	1777.000000
366.545000	1434.000000
366.550000	1726.000000
366.555000	1605.000000
366.560000	1862.000000
366.565000	1391.000000
366.570000	1744.000000
366.575000	1666.000000
366.580000	1689.000000
366.585000	1584.000000
366.590000	1670.000000
366.595000	1735.000000
366.600000	1755.000000
366.605000	1656.000000
366.610000	1826.000000
366.615000	1626.000000
366.620000	1615.000000
366.625000	1644.000000
366.630000	1660.000000
366.635000	1746.000000
366.640000	1563.000000
366.645000	1501.000000
366.650000	1756.000000
366.655000	1659.000000
366.660000	1497.000000
366.665000	1571.000000
366.670000	1655.000000
366.675000	1680.000000
366.680000	1610.000000
366.685000	1580.000000
366.690000	1616.000000
366.695000	1588.000000
366.700000	1542.000000
366.705000	1756.000000
366.710000	1691.000000
366.715000	1529.000000
366.720000	1678.000000
366.725000	1546.000000
366.730000	1607.000000
366.735000	1546.000000
366.740000	1624.000000
366.745000	1501.000000
366.750000	1513.000000
366.755000	1546.000000
366.760000	1643.000000
366.765000	1709.000000
366.770000	1462.000000
366.775000	1565.000000
366.780000	1342.000000
366.785000	1418.000000
366.790000	1637.000000
366.795000	1414.000000
366.800000	1593.000000
366.805000	1658.000000
366.810000	1559.000000
366.815000	1560.000000
366.820000	1594.000000
366.825000	1579.000000
366.830000	1490.000000
366.835000	1652.000000
366.840000	1702.000000
366.845000	1619.000000
366.850000	1601.000000
366.855000	1530.000000
366.860000	1555.000000
366.865000	1508.000000
366.870000	1644.000000
366.875000	1656.000000
366.880000	1975.000000
366.885000	2037.000000
366.890000	1666.000000
366.895000	1890.000000
366.900000	1974.000000
366.905000	2065.000000
366.910000	2004.000000
366.915000	2118.000000
366.920000	2610.000000
366.925000	2295.000000
366.930000	2493.000000
366.935000	2710.000000
366.940000	2751.000000
366.945000	2537.000000
366.950000	2917.000000
366.955000	2536.000000
366.960000	2419.000000
366.965000	2223.000000
366.970000	2505.000000
366.975000	2211.000000
366.980000	2104.000000
366.985000	2333.000000
366.990000	2664.000000
366.995000	2340.000000
367.000000	2494.000000
367.005000	2565.000000
367.010000	2475.000000
367.015000	2244.000000
367.020000	2600.000000
367.025000	2367.000000
367.030000	2542.000000
367.035000	2551.000000
367.040000	2840.000000
367.045000	2549.000000
367.050000	2695.000000
367.055000	2562.000000
367.060000	2762.000000
367.065000	2672.000000
367.070000	2485.000000
367.075000	2440.000000
367.080000	2747.000000
367.085000	2831.000000
367.090000	3020.000000
367.095000	3059.000000
367.100000	3071.000000
367.105000	3157.000000
367.110000	3287.000000
367.115000	3571.000000
367.120000	3130.000000
367.125000	3556.000000
367.130000	3881.000000
367.135000	3673.000000
367.140000	3880.000000
367.145000	3920.000000
367.150000	4265.000000
367.155000	4472.000000
367.160000	4495.000000
367.165000	4624.000000
367.170000	5408.000000
367.175000	5787.000000
367.180000	5772.000000
367.185000	6406.000000
367.190000	6355.000000
367.195000	5978.000000
367.200000	5839.000000
367.205000	5474.000000
367.210000	5826.000000
367.215000	5616.000000
367.220000	6431.000000
367.225000	6209.000000
367.230000	7137.000000
367.235000	6702.000000
367.240000	6921.000000
367.245000	6661.000000
367.250000	7050.000000
367.255000	8055.000000
367.260000	8789.000000
367.265000	8662.000000
367.270000	9086.000000
367.275000	8890.000000
367.280000	9636.000000
367.285000	10626.000000
367.290000	10551.000000
367.295000	10977.000000
367.300000	11286.000000
367.305000	11687.000000
367.310000	12075.000000
367.315000	12654.000000
367.320000	13347.000000
367.325000	14291.000000
367.330000	13786.000000
367.335000	14313.000000
367.340000	14929.000000
367.345000	14443.000000
367.350000	14969.000000
367.355000	15172.000000
367.360000	16045.000000
367.365000	16449.000000
367.370000	16702.000000
367.375000	17428.000000
367.380000	17820.000000
367.385000	18439.000000
367.390000	18573.000000
367.395000	18452.000000
367.400000	20473.000000
367.405000	20363.000000
367.410000	20175.000000
367.415000	21409.000000
367.420000	21438.000000
367.425000	21977.000000
367.430000	21260.000000
367.435000	22116.000000
367.440000	22958.000000
367.445000	23067.000000
367.450000	23283.000000
367.455000	22756.000000
367.460000	23705.000000
367.465000	24045.000000
367.470000	23503.000000
367.475000	24282.000000
367.480000	25362.000000
367.485000	25175.000000
367.490000	25598.000000
367.495000	26298.000000
367.500000	27818.000000
367.505000	29140.000000
367.510000	29841.000000
367.515000	31252.000000
367.520000	32320.000000
367.525000	31239.000000
367.530000	30302.000000
367.535000	30330.000000
367.540000	30046.000000
367.545000	30990.000000
367.550000	30729.000000
367.555000	30770.000000
367.560000	31464.000000
367.565000	32253.000000
367.570000	32576.000000
367.575000	33289.000000
367.580000	33974.000000
367.585000	32684.000000
367.590000	33963.000000
367.595000	34197.000000
367.600000	33936.000000
367.605000	33358.000000
367.610000	35195.000000
367.615000	35757.000000
367.620000	35967.000000
367.625000	36154.000000
367.630000	36612.000000
367.635000	36863.000000
367.640000	38769.000000
367.645000	37957.000000
367.650000	39458.000000
367.655000	39433.000000
367.660000	39125.000000
367.665000	39154.000000
367.670000	40039.000000
367.675000	41060.000000
367.680000	42504.000000
367.685000	41968.000000
367.690000	42523.000000
367.695000	42231.000000
367.700000	43465.000000
367.705000	43819.000000
367.710000	44393.000000
367.715000	44829.000000
367.720000	46592.000000
367.725000	46684.000000
367.730000	45602.000000
367.735000	47215.000000
367.740000	48869.000000
367.745000	48751.000000
367.750000	49547.000000
367.755000	50166.000000
367.760000	51042.000000
367.765000	51289.000000
367.770000	52733.000000
367.775000	51164.000000
367.780000	54364.000000
367.785000	54089.000000
367.790000	55691.000000
367.795000	57050.000000
367.800000	56190.000000
367.805000	56877.000000
367.810000	57640.000000
367.815000	60243.000000
367.820000	61542.000000
367.825000	59981.000000
367.830000	61167.000000
367.835000	63314.000000
367.840000	63318.000000
367.845000	63309.000000
367.850000	67061.000000
367.855000	65731.000000
367.860000	67088.000000
367.865000	67045.000000
367.870000	67113.000000
367.875000	69076.000000
367.880000	68152.000000
367.885000	69703.000000
367.890000	70319.000000
367.895000	69625.000000
367.900000	69943.000000
367.905000	71360.000000
367.910000	69882.000000
367.915000	69904.000000
367.920000	70730.000000
367.925000	71840.000000
367.930000	70702.000000
367.935000	69680.000000
367.940000	70360.000000
367.945000	71848.000000
367.950000	70730.000000
367.955000	68910.000000
367.960000	69561.000000
367.965000	70114.000000
367.970000	68687.000000
367.975000	69292.000000
367.980000	69207.000000
367.985000	68709.000000
367.990000	68088.000000
367.995000	69049.000000
368.000000	67990.000000
368.005000	67392.000000
368.010000	68470.000000
368.015000	69324.000000
368.020000	69972.000000
368.025000	69707.000000
368.030000	73861.000000
368.035000	75541.000000
368.040000	79250.000000
368.045000	78095.000000
368.050000	75251.000000
368.055000	70143.000000
368.060000	69760.000000
368.065000	68026.000000
368.070000	66233.000000
368.075000	66091.000000
368.080000	67396.000000
368.085000	65190.000000
368.090000	65067.000000
368.095000	64120.000000
368.100000	64603.000000
368.105000	63527.000000
368.110000	65143.000000
368.115000	63288.000000
368.120000	62624.000000
368.125000	61912.000000
368.130000	63122.000000
368.135000	61358.000000
368.140000	61867.000000
368.145000	60916.000000
368.150000	59605.000000
368.155000	59223.000000
368.160000	59543.000000
368.165000	59157.000000
368.170000	59330.000000
368.175000	58672.000000
368.180000	58869.000000
368.185000	58875.000000
368.190000	57832.000000
368.195000	59037.000000
368.200000	59082.000000
368.205000	59445.000000
368.210000	57675.000000
368.215000	56721.000000
368.220000	56878.000000
368.225000	56699.000000
368.230000	56206.000000
368.235000	57464.000000
368.240000	55311.000000
368.245000	56513.000000
368.250000	55962.000000
368.255000	56388.000000
368.260000	54164.000000
368.265000	54085.000000
368.270000	54365.000000
368.275000	53330.000000
368.280000	53223.000000
368.285000	51800.000000
368.290000	51050.000000
368.295000	51304.000000
368.300000	50185.000000
368.305000	52108.000000
368.310000	49964.000000
368.315000	50270.000000
368.320000	48962.000000
368.325000	49873.000000
368.330000	47365.000000
368.335000	48100.000000
368.340000	47195.000000
368.345000	46613.000000
368.350000	47660.000000
368.355000	47750.000000
368.360000	45986.000000
368.365000	46304.000000
368.370000	46223.000000
368.375000	45407.000000
368.380000	45113.000000
368.385000	46121.000000
368.390000	45478.000000
368.395000	45680.000000
368.400000	45490.000000
368.405000	43245.000000
368.410000	44080.000000
368.415000	43985.000000
368.420000	43482.000000
368.425000	43618.000000
368.430000	43068.000000
368.435000	43105.000000
368.440000	41313.000000
368.445000	42653.000000
368.450000	42062.000000
368.455000	41656.000000
368.460000	42036.000000
368.465000	42337.000000
368.470000	40058.000000
368.475000	40709.000000
368.480000	40920.000000
368.485000	39888.000000
368.490000	40199.000000
368.495000	39813.000000
368.500000	38751.000000
368.505000	38129.000000
368.510000	39365.000000
368.515000	39935.000000
368.520000	38058.000000
368.525000	39317.000000
368.530000	39322.000000
368.535000	39546.000000
368.540000	38458.000000
368.545000	37787.000000
368.550000	37785.000000
368.555000	37839.000000
368.560000	37563.000000
368.565000	38153.000000
368.570000	38851.000000
368.575000	38914.000000
368.580000	38362.000000
368.585000	39643.000000
368.590000	40960.000000
368.595000	42221.000000
368.600000	43787.000000
368.605000	44754.000000
368.610000	45928.000000
368.615000	45361.000000
368.620000	44846.000000
368.625000	41449.000000
368.630000	37589.000000
368.635000	36516.000000
368.640000	36541.000000
368.645000	38272.000000
368.650000	39311.000000
368.655000	41600.000000
368.660000	41799.000000
368.665000	41613.000000
368.670000	39551.000000
368.675000	38332.000000
368.680000	37081.000000
368.685000	36443.000000
368.690000	35721.000000
368.695000	33008.000000
368.700000	31795.000000
368.705000	31680.000000
368.710000	31676.000000
368.715000	31916.000000
368.720000	32395.000000
368.725000	32903.000000
368.730000	32203.000000
368.735000	31729.000000
368.740000	30110.000000
368.745000	29771.000000
368.750000	27458.000000
368.755000	25798.000000
368.760000	24965.000000
368.765000	25714.000000
368.770000	25861.000000
368.775000	24414.000000
368.780000	24601.000000
368.785000	25777.000000
368.790000	25467.000000
368.795000	25112.000000
368.800000	25500.000000
368.805000	25481.000000
368.810000	25587.000000
368.815000	26209.000000
368.820000	26675.000000
368.825000	27693.000000
368.830000	29174.000000
368.835000	30065.000000
368.840000	32126.000000
368.845000	33780.000000
368.850000	35033.000000
368.855000	37687.000000
368.860000	38928.000000
368.865000	38809.000000
368.870000	38383.000000
368.875000	38465.000000
368.880000	37884.000000
368.885000	39087.000000
368.890000	34831.000000
368.895000	31741.000000
368.900000	28230.000000
368.905000	26046.000000
368.910000	23922.000000
368.915000	21455.000000
368.920000	22461.000000
368.925000	22519.000000
368.930000	21382.000000
368.935000	20848.000000
368.940000	21310.000000
368.945000	20626.000000
368.950000	20711.000000
368.955000	20376.000000
368.960000	19846.000000
368.965000	20544.000000
368.970000	19486.000000
368.975000	19888.000000
368.980000	19048.000000
368.985000	19560.000000
368.990000	18928.000000
368.995000	19143.000000
369.000000	18630.000000
369.005000	18519.000000
369.010000	18486.000000
369.015000	19021.000000
369.020000	18824.000000
369.025000	17444.000000
369.030000	17925.000000
369.035000	17836.000000
369.040000	17900.000000
369.045000	17577.000000
369.050000	18283.000000
369.055000	16927.000000
369.060000	18351.000000
369.065000	17230.000000
369.070000	18313.000000
369.075000	17231.000000
369.080000	17973.000000
369.085000	17485.000000
369.090000	17191.000000
369.095000	18343.000000
369.100000	17086.000000
369.105000	18106.000000
369.110000	17641.000000
369.115000	17393.000000
369.120000	17580.000000
369.125000	17946.000000
369.130000	17658.000000
369.135000	18225.000000
369.140000	18002.000000
369.145000	19362.000000
369.150000	19748.000000
369.155000	19672.000000
369.160000	21785.000000
369.165000	22150.000000
369.170000	23833.000000
369.175000	28727.000000
369.180000	31230.000000
369.185000	35462.000000
369.190000	42560.000000
369.195000	51433.000000
369.200000	59935.000000
369.205000	70244.000000
369.210000	82420.000000
369.215000	104765.000000
369.220000	110771.000000
369.225000	80804.000000
369.230000	53515.000000
369.235000	35326.000000
369.240000	29591.000000
369.245000	24727.000000
369.250000	22002.000000
369.255000	19751.000000
369.260000	18497.000000
369.265000	18093.000000
369.270000	16778.000000
369.275000	16484.000000
369.280000	16263.000000
369.285000	16498.000000
369.290000	15855.000000
369.295000	15028.000000
369.300000	14282.000000
369.305000	14065.000000
369.310000	14016.000000
369.315000	13828.000000
369.320000	14426.000000
369.325000	13884.000000
369.330000	14222.000000
369.335000	13542.000000
369.340000	13848.000000
369.345000	13060.000000
369.350000	13038.000000
369.355000	13359.000000
369.360000	13829.000000
369.365000	12981.000000
369.370000	12902.000000
369.375000	12638.000000
369.380000	12602.000000
369.385000	12309.000000
369.390000	12773.000000
369.395000	12836.000000
369.400000	12322.000000
369.405000	13099.000000
369.410000	12694.000000
369.415000	12651.000000
369.420000	12694.000000
369.425000	11761.000000
369.430000	12016.000000
369.435000	12040.000000
369.440000	11807.000000
369.445000	11729.000000
369.450000	11664.000000
369.455000	11546.000000
369.460000	11573.000000
369.465000	11643.000000
369.470000	11464.000000
369.475000	11379.000000
369.480000	11404.000000
369.485000	11083.000000
369.490000	10855.000000
369.495000	10997.000000
369.500000	10907.000000
369.505000	11307.000000
369.510000	11305.000000
369.515000	11162.000000
369.520000	10551.000000
369.525000	11099.000000
369.530000	10972.000000
369.535000	10813.000000
369.540000	10232.000000
369.545000	10481.000000
369.550000	10272.000000
369.555000	10379.000000
369.560000	10364.000000
369.565000	10186.000000
369.570000	10038.000000
369.575000	9940.000000
369.580000	10532.000000
369.585000	10306.000000
369.590000	10165.000000
369.595000	9880.000000
369.600000	10415.000000
369.605000	10100.000000
369.610000	10115.000000
369.615000	9797.000000
369.620000	9850.000000
369.625000	10430.000000
369.630000	9976.000000
369.635000	9939.000000
369.640000	9497.000000
369.645000	9951.000000
369.650000	9776.000000
369.655000	10047.000000
369.660000	9362.000000
369.665000	9472.000000
369.670000	9348.000000
369.675000	9644.000000
369.680000	9658.000000
369.685000	9361.000000
369.690000	9553.000000
369.695000	9576.000000
369.700000	9106.000000
369.705000	9316.000000
369.710000	8769.000000
369.715000	8707.000000
369.720000	8830.000000
369.725000	9238.000000
369.730000	9026.000000
369.735000	9236.000000
369.740000	8902.000000
369.745000	9000.000000
369.750000	8618.000000
369.755000	8809.000000
369.760000	8570.000000
369.765000	8167.000000
369.770000	8346.000000
369.775000	8652.000000
369.780000	8446.000000
369.785000	7916.000000
369.790000	8385.000000
369.795000	7816.000000
369.800000	8935.000000
369.805000	8656.000000
369.810000	7971.000000
369.815000	7926.000000
369.820000	8040.000000
369.825000	8321.000000
369.830000	8270.000000
369.835000	7936.000000
369.840000	8226.000000
369.845000	8567.000000
369.850000	8382.000000
369.855000	7839.000000
369.860000	8189.000000
369.865000	7403.000000
369.870000	8080.000000
369.875000	8063.000000
369.880000	7889.000000
369.885000	7775.000000
369.890000	7544.000000
369.895000	7785.000000
369.900000	7967.000000
369.905000	7916.000000
369.910000	7719.000000
369.915000	7952.000000
369.920000	7973.000000
369.925000	7474.000000
369.930000	7735.000000
369.935000	7325.000000
369.940000	8105.000000
369.945000	7718.000000
369.950000	8039.000000
369.955000	7426.000000
369.960000	7523.000000
369.965000	7808.000000
369.970000	7608.000000
369.975000	7425.000000
369.980000	7427.000000
369.985000	7448.000000
369.990000	7505.000000
369.995000	7058.000000
370.000000	7268.000000
370.005000	7538.000000
370.010000	7110.000000
370.015000	6844.000000
370.020000	7487.000000
370.025000	7390.000000
370.030000	6902.000000
370.035000	7227.000000
370.040000	7010.000000
370.045000	7267.000000
370.050000	6793.000000
370.055000	6765.000000
370.060000	7061.000000
370.065000	7172.000000
370.070000	6631.000000
370.075000	6550.000000
370.080000	7032.000000
370.085000	7015.000000
370.090000	6818.000000
370.095000	6785.000000
370.100000	6973.000000
370.105000	6417.000000
370.110000	6977.000000
370.115000	6753.000000
370.120000	6582.000000
370.125000	6466.000000
370.130000	7089.000000
370.135000	6823.000000
370.140000	6904.000000
370.145000	6569.000000
370.150000	6763.000000
370.155000	6692.000000
370.160000	6630.000000
370.165000	6854.000000
370.170000	6783.000000
370.175000	6287.000000
370.180000	6780.000000
370.185000	6149.000000
370.190000	6651.000000
370.195000	6441.000000
370.200000	6043.000000
370.205000	6294.000000
370.210000	6297.000000
370.215000	6606.000000
370.220000	6627.000000
370.225000	6224.000000
370.230000	6157.000000
370.235000	6378.000000
370.240000	6140.000000
370.245000	6312.000000
370.250000	6316.000000
370.255000	6143.000000
370.260000	6114.000000
370.265000	6303.000000
370.270000	6366.000000
370.275000	6089.000000
370.280000	5894.000000
370.285000	6280.000000
370.290000	5860.000000
370.295000	6082.000000
370.300000	6113.000000
370.305000	6747.000000
370.310000	5895.000000
370.315000	5927.000000
370.320000	6026.000000
370.325000	5268.000000
370.330000	5663.000000
370.335000	6586.000000
370.340000	6118.000000
370.345000	5735.000000
370.350000	5996.000000
370.355000	6163.000000
370.360000	6173.000000
370.365000	5962.000000
370.370000	5613.000000
370.375000	5827.000000
370.380000	5474.000000
370.385000	6015.000000
370.390000	5868.000000
370.395000	5674.000000
370.400000	5422.000000
370.405000	5489.000000
370.410000	5244.000000
370.415000	5555.000000
370.420000	5532.000000
370.425000	5418.000000
370.430000	5770.000000
370.435000	5479.000000
370.440000	5580.000000
370.445000	5883.000000
370.450000	5421.000000
370.455000	5579.000000
370.460000	5311.000000
370.465000	5218.000000
370.470000	5728.000000
370.475000	5321.000000
370.480000	5551.000000
370.485000	5626.000000
370.490000	5465.000000
370.495000	5517.000000
370.500000	5237.000000
370.505000	5233.000000
370.510000	5241.000000
370.515000	5474.000000
370.520000	5804.000000
370.525000	5487.000000
370.530000	5362.000000
370.535000	5092.000000
370.540000	5345.000000
370.545000	5221.000000
370.550000	5344.000000
370.555000	5178.000000
370.560000	4870.000000
370.565000	5274.000000
370.570000	5605.000000
370.575000	5277.000000
370.580000	5122.000000
370.585000	5224.000000
370.590000	5405.000000
370.595000	4894.000000
370.600000	5381.000000
370.605000	5451.000000
370.610000	5360.000000
370.615000	4911.000000
370.620000	5157.000000
370.625000	5037.000000
370.630000	5429.000000
370.635000	5271.000000
370.640000	4849.000000
370.645000	4770.000000
370.650000	5089.000000
370.655000	4958.000000
370.660000	4832.000000
370.665000	5071.000000
370.670000	5060.000000
370.675000	4871.000000
370.680000	4391.000000
370.685000	4987.000000
370.690000	5026.000000
370.695000	4682.000000
370.700000	4980.000000
370.705000	4684.000000
370.710000	4816.000000
370.715000	5259.000000
370.720000	4896.000000
370.725000	5296.000000
370.730000	5304.000000
370.735000	5340.000000
370.740000	4736.000000
370.745000	5006.000000
370.750000	4734.000000
370.755000	5067.000000
370.760000	4748.000000
370.765000	4656.000000
370.770000	4518.000000
370.775000	5163.000000
370.780000	4635.000000
370.785000	4936.000000
370.790000	4718.000000
370.795000	4641.000000
370.800000	4452.000000
370.805000	4594.000000
370.810000	4597.000000
370.815000	5032.000000
370.820000	4675.000000
370.825000	4736.000000
370.830000	4470.000000
370.835000	4336.000000
370.840000	4245.000000
370.845000	4990.000000
370.850000	4785.000000
370.855000	4545.000000
370.860000	4757.000000
370.865000	4522.000000
370.870000	4808.000000
370.875000	4690.000000
370.880000	4653.000000
370.885000	4442.000000
370.890000	4801.000000
370.895000	4445.000000
370.900000	4520.000000
370.905000	4097.000000
370.910000	4455.000000
370.915000	4162.000000
370.920000	4235.000000
370.925000	4319.000000
370.930000	4668.000000
370.935000	4233.000000
370.940000	4563.000000
370.945000	4476.000000
370.950000	4521.000000
370.955000	4210.000000
370.960000	4326.000000
370.965000	4301.000000
370.970000	4300.000000
370.975000	4742.000000
370.980000	3940.000000
370.985000	4253.000000
370.990000	4389.000000
370.995000	3985.000000
371.000000	4387.000000
371.005000	4572.000000
371.010000	4054.000000
371.015000	4147.000000
371.020000	4337.000000
371.025000	4614.000000
371.030000	4246.000000
371.035000	4155.000000
371.040000	3952.000000
371.045000	4186.000000
371.050000	4287.000000
371.055000	4234.000000
371.060000	4099.000000
371.065000	4146.000000
371.070000	3951.000000
371.075000	3786.000000
371.080000	4190.000000
371.085000	4007.000000
371.090000	4233.000000
371.095000	4281.000000
371.100000	4201.000000
371.105000	4123.000000
371.110000	4032.000000
371.115000	3957.000000
371.120000	3994.000000
371.125000	3915.000000
371.130000	4344.000000
371.135000	4054.000000
371.140000	3635.000000
371.145000	4395.000000
371.150000	3849.000000
371.155000	3885.000000
371.160000	3809.000000
371.165000	4200.000000
371.170000	4360.000000
371.175000	4467.000000
371.180000	4166.000000
371.185000	4173.000000
371.190000	3975.000000
371.195000	3879.000000
371.200000	3779.000000
371.205000	4115.000000
371.210000	4036.000000
371.215000	4132.000000
371.220000	3751.000000
371.225000	3966.000000
371.230000	3837.000000
371.235000	3852.000000
371.240000	4340.000000
371.245000	3891.000000
371.250000	4219.000000
371.255000	4001.000000
371.260000	3846.000000
371.265000	3971.000000
371.270000	3875.000000
371.275000	3835.000000
371.280000	3986.000000
371.285000	3779.000000
371.290000	3936.000000
371.295000	3671.000000
371.300000	3784.000000
371.305000	3973.000000
371.310000	4114.000000
371.315000	3624.000000
371.320000	3863.000000
371.325000	3855.000000
371.330000	3759.000000
371.335000	4032.000000
371.340000	4094.000000
371.345000	3753.000000
371.350000	3533.000000
371.355000	4202.000000
371.360000	3984.000000
371.365000	3776.000000
371.370000	3562.000000
371.375000	3717.000000
371.380000	4003.000000
371.385000	4081.000000
371.390000	4027.000000
371.395000	3704.000000
371.400000	3833.000000
371.405000	4004.000000
371.410000	3984.000000
371.415000	3557.000000
371.420000	4027.000000
371.425000	3774.000000
371.430000	3929.000000
371.435000	4432.000000
371.440000	4116.000000
371.445000	4230.000000
371.450000	4263.000000
371.455000	3884.000000
371.460000	4074.000000
371.465000	4001.000000
371.470000	3962.000000
371.475000	4048.000000
371.480000	3668.000000
371.485000	3905.000000
371.490000	3661.000000
371.495000	4016.000000
371.500000	3872.000000
371.505000	3608.000000
371.510000	3844.000000
371.515000	3843.000000
371.520000	3725.000000
371.525000	4219.000000
371.530000	4004.000000
371.535000	3720.000000
371.540000	3920.000000
371.545000	4011.000000
371.550000	3841.000000
371.555000	3691.000000
371.560000	4000.000000
371.565000	3791.000000
371.570000	3896.000000
371.575000	4029.000000
371.580000	3749.000000
371.585000	4152.000000
371.590000	3829.000000
371.595000	3891.000000
371.600000	3969.000000
371.605000	3606.000000
371.610000	4398.000000
371.615000	4062.000000
371.620000	3853.000000
371.625000	3675.000000
371.630000	4016.000000
371.635000	3888.000000
371.640000	3701.000000
371.645000	3990.000000
371.650000	3955.000000
371.655000	4228.000000
371.660000	4155.000000
371.665000	3992.000000
371.670000	4025.000000
371.675000	4180.000000
371.680000	4609.000000
371.685000	4113.000000
371.690000	4198.000000
371.695000	4178.000000
371.700000	4032.000000
371.705000	4035.000000
371.710000	4270.000000
371.715000	4273.000000
371.720000	4138.000000
371.725000	4234.000000
371.730000	5094.000000
371.735000	4719.000000
371.740000	4510.000000
371.745000	4839.000000
371.750000	4371.000000
371.755000	4190.000000
371.760000	4606.000000
371.765000	4352.000000
371.770000	4045.000000
371.775000	4554.000000
371.780000	4520.000000
371.785000	4149.000000
371.790000	4508.000000
371.795000	4768.000000
371.800000	4680.000000
371.805000	5342.000000
371.810000	5350.000000
371.815000	4902.000000
371.820000	5524.000000
371.825000	5581.000000
371.830000	5611.000000
371.835000	6536.000000
371.840000	6255.000000
371.845000	7105.000000
371.850000	7845.000000
371.855000	8982.000000
371.860000	10460.000000
371.865000	12423.000000
371.870000	14416.000000
371.875000	19002.000000
371.880000	24011.000000
371.885000	30431.000000
371.890000	41496.000000
371.895000	57855.000000
371.900000	56295.000000
371.905000	39215.000000
371.910000	23637.000000
371.915000	14155.000000
371.920000	10872.000000
371.925000	8702.000000
371.930000	7427.000000
371.935000	6519.000000
371.940000	6118.000000
371.945000	6041.000000
371.950000	6052.000000
371.955000	5426.000000
371.960000	5562.000000
371.965000	5780.000000
371.970000	5256.000000
371.975000	5287.000000
371.980000	5515.000000
371.985000	5592.000000
371.990000	5286.000000
371.995000	5114.000000
372.000000	5675.000000
372.005000	5229.000000
372.010000	5185.000000
372.015000	5031.000000
372.020000	5567.000000
372.025000	5811.000000
372.030000	5363.000000
372.035000	5696.000000
372.040000	5741.000000
372.045000	5597.000000
372.050000	5482.000000
372.055000	5897.000000
372.060000	5704.000000
372.065000	5232.000000
372.070000	5397.000000
372.075000	5109.000000
372.080000	5358.000000
372.085000	5514.000000
372.090000	5316.000000
372.095000	5408.000000
372.100000	5331.000000
372.105000	5447.000000
372.110000	5010.000000
372.115000	5288.000000
372.120000	5434.000000
372.125000	5063.000000
372.130000	5288.000000
372.135000	5833.000000
372.140000	5173.000000
372.145000	5015.000000
372.150000	5023.000000
372.155000	5172.000000
372.160000	5695.000000
372.165000	4803.000000
372.170000	4775.000000
372.175000	4953.000000
372.180000	4837.000000
372.185000	4982.000000
372.190000	4499.000000
372.195000	4641.000000
372.200000	4852.000000
372.205000	4555.000000
372.210000	4699.000000
372.215000	4548.000000
372.220000	4337.000000
372.225000	4406.000000
372.230000	4511.000000
372.235000	4320.000000
372.240000	4334.000000
372.245000	4085.000000
372.250000	4304.000000
372.255000	4038.000000
372.260000	4708.000000
372.265000	4262.000000
372.270000	3936.000000
372.275000	4385.000000
372.280000	4062.000000
372.285000	4162.000000
372.290000	4321.000000
372.295000	3945.000000
372.300000	4095.000000
