Sample ID:		None
Start Time:		Tue Jun 16 2020 3:25:09 PM
Averaging Time:		1.000s

364.400000	244.000000
364.405000	279.000000
364.410000	189.000000
364.415000	308.000000
364.420000	197.000000
364.425000	206.000000
364.430000	146.000000
364.435000	214.000000
364.440000	321.000000
364.445000	164.000000
364.450000	246.000000
364.455000	220.000000
364.460000	228.000000
364.465000	222.000000
364.470000	182.000000
364.475000	374.000000
364.480000	204.000000
364.485000	200.000000
364.490000	236.000000
364.495000	174.000000
364.500000	219.000000
364.505000	188.000000
364.510000	205.000000
364.515000	212.000000
364.520000	169.000000
364.525000	265.000000
364.530000	195.000000
364.535000	170.000000
364.540000	238.000000
364.545000	223.000000
364.550000	194.000000
364.555000	273.000000
364.560000	223.000000
364.565000	276.000000
364.570000	268.000000
364.575000	222.000000
364.580000	228.000000
364.585000	288.000000
364.590000	203.000000
364.595000	221.000000
364.600000	222.000000
364.605000	300.000000
364.610000	214.000000
364.615000	166.000000
364.620000	261.000000
364.625000	224.000000
364.630000	191.000000
364.635000	223.000000
364.640000	258.000000
364.645000	226.000000
364.650000	293.000000
364.655000	199.000000
364.660000	242.000000
364.665000	229.000000
364.670000	182.000000
364.675000	215.000000
364.680000	215.000000
364.685000	245.000000
364.690000	147.000000
364.695000	232.000000
364.700000	160.000000
364.705000	141.000000
364.710000	173.000000
364.715000	167.000000
364.720000	126.000000
364.725000	91.000000
364.730000	217.000000
364.735000	212.000000
364.740000	172.000000
364.745000	120.000000
364.750000	214.000000
364.755000	117.000000
364.760000	81.000000
364.765000	166.000000
364.770000	95.000000
364.775000	94.000000
364.780000	238.000000
364.785000	211.000000
364.790000	115.000000
364.795000	197.000000
364.800000	148.000000
364.805000	142.000000
364.810000	170.000000
364.815000	113.000000
364.820000	160.000000
364.825000	145.000000
364.830000	174.000000
364.835000	82.000000
364.840000	214.000000
364.845000	199.000000
364.850000	145.000000
364.855000	177.000000
364.860000	197.000000
364.865000	73.000000
364.870000	132.000000
364.875000	123.000000
364.880000	211.000000
364.885000	144.000000
364.890000	191.000000
364.895000	141.000000
364.900000	179.000000
364.905000	124.000000
364.910000	98.000000
364.915000	130.000000
364.920000	153.000000
364.925000	152.000000
364.930000	160.000000
364.935000	108.000000
364.940000	195.000000
364.945000	205.000000
364.950000	129.000000
364.955000	175.000000
364.960000	103.000000
364.965000	159.000000
364.970000	151.000000
364.975000	170.000000
364.980000	86.000000
364.985000	172.000000
364.990000	178.000000
364.995000	108.000000
365.000000	127.000000
365.005000	142.000000
365.010000	176.000000
365.015000	234.000000
365.020000	171.000000
365.025000	111.000000
365.030000	118.000000
365.035000	204.000000
365.040000	124.000000
365.045000	137.000000
365.050000	172.000000
365.055000	136.000000
365.060000	179.000000
365.065000	66.000000
365.070000	139.000000
365.075000	127.000000
365.080000	162.000000
365.085000	159.000000
365.090000	206.000000
365.095000	123.000000
365.100000	146.000000
365.105000	82.000000
365.110000	140.000000
365.115000	153.000000
365.120000	135.000000
365.125000	85.000000
365.130000	137.000000
365.135000	145.000000
365.140000	123.000000
365.145000	145.000000
365.150000	124.000000
365.155000	125.000000
365.160000	169.000000
365.165000	156.000000
365.170000	169.000000
365.175000	256.000000
365.180000	193.000000
365.185000	111.000000
365.190000	71.000000
365.195000	109.000000
365.200000	158.000000
365.205000	197.000000
365.210000	138.000000
365.215000	145.000000
365.220000	157.000000
365.225000	98.000000
365.230000	127.000000
365.235000	198.000000
365.240000	248.000000
365.245000	214.000000
365.250000	163.000000
365.255000	177.000000
365.260000	164.000000
365.265000	216.000000
365.270000	102.000000
365.275000	140.000000
365.280000	133.000000
365.285000	201.000000
365.290000	191.000000
365.295000	176.000000
365.300000	196.000000
365.305000	186.000000
365.310000	174.000000
365.315000	133.000000
365.320000	197.000000
365.325000	195.000000
365.330000	160.000000
365.335000	135.000000
365.340000	153.000000
365.345000	172.000000
365.350000	129.000000
365.355000	280.000000
365.360000	129.000000
365.365000	130.000000
365.370000	129.000000
365.375000	216.000000
365.380000	160.000000
365.385000	155.000000
365.390000	178.000000
365.395000	183.000000
365.400000	259.000000
365.405000	125.000000
365.410000	158.000000
365.415000	99.000000
365.420000	163.000000
365.425000	177.000000
365.430000	92.000000
365.435000	105.000000
365.440000	111.000000
365.445000	190.000000
365.450000	140.000000
365.455000	129.000000
365.460000	134.000000
365.465000	198.000000
365.470000	172.000000
365.475000	177.000000
365.480000	135.000000
365.485000	212.000000
365.490000	85.000000
365.495000	143.000000
365.500000	87.000000
365.505000	192.000000
365.510000	95.000000
365.515000	203.000000
365.520000	104.000000
365.525000	139.000000
365.530000	161.000000
365.535000	118.000000
365.540000	173.000000
365.545000	147.000000
365.550000	202.000000
365.555000	137.000000
365.560000	158.000000
365.565000	116.000000
365.570000	164.000000
365.575000	159.000000
365.580000	111.000000
365.585000	199.000000
365.590000	178.000000
365.595000	131.000000
365.600000	127.000000
