Sample ID:		None
Start Time:		Tue Jun 16 2020 2:47:24 PM
Averaging Time:		1.000s

364.400000	8585.000000
364.405000	17775.000000
364.410000	23117.000000
364.415000	16451.000000
364.420000	12476.000000
364.425000	12621.000000
364.430000	14692.000000
364.435000	21053.000000
364.440000	39272.000000
364.445000	97531.000000
364.450000	88854.000000
364.455000	33107.000000
364.460000	15920.000000
364.465000	8561.000000
364.470000	4618.000000
364.475000	3123.000000
364.480000	1755.000000
364.485000	1219.000000
364.490000	684.000000
364.495000	714.000000
364.500000	762.000000
364.505000	637.000000
364.510000	650.000000
364.515000	526.000000
364.520000	654.000000
364.525000	682.000000
364.530000	356.000000
364.535000	592.000000
364.540000	516.000000
364.545000	393.000000
364.550000	351.000000
364.555000	466.000000
364.560000	515.000000
364.565000	333.000000
364.570000	383.000000
364.575000	381.000000
364.580000	318.000000
364.585000	301.000000
364.590000	390.000000
364.595000	280.000000
364.600000	409.000000
364.605000	255.000000
364.610000	350.000000
364.615000	227.000000
364.620000	356.000000
364.625000	325.000000
364.630000	221.000000
364.635000	319.000000
364.640000	209.000000
364.645000	270.000000
364.650000	199.000000
364.655000	300.000000
364.660000	207.000000
364.665000	240.000000
364.670000	214.000000
364.675000	276.000000
364.680000	217.000000
364.685000	250.000000
364.690000	362.000000
364.695000	227.000000
364.700000	265.000000
364.705000	295.000000
364.710000	251.000000
364.715000	285.000000
364.720000	295.000000
364.725000	262.000000
364.730000	282.000000
364.735000	203.000000
364.740000	219.000000
364.745000	296.000000
364.750000	300.000000
364.755000	284.000000
364.760000	246.000000
364.765000	241.000000
364.770000	180.000000
364.775000	276.000000
364.780000	236.000000
364.785000	185.000000
364.790000	256.000000
364.795000	236.000000
364.800000	199.000000
364.805000	268.000000
364.810000	307.000000
364.815000	274.000000
364.820000	288.000000
364.825000	282.000000
364.830000	179.000000
364.835000	162.000000
364.840000	212.000000
364.845000	173.000000
364.850000	194.000000
364.855000	233.000000
364.860000	198.000000
364.865000	235.000000
364.870000	252.000000
364.875000	250.000000
364.880000	181.000000
364.885000	227.000000
364.890000	211.000000
364.895000	260.000000
364.900000	178.000000
364.905000	138.000000
364.910000	254.000000
364.915000	274.000000
364.920000	164.000000
364.925000	256.000000
364.930000	218.000000
364.935000	199.000000
364.940000	390.000000
364.945000	285.000000
364.950000	268.000000
364.955000	292.000000
364.960000	180.000000
364.965000	290.000000
364.970000	243.000000
364.975000	214.000000
364.980000	279.000000
364.985000	233.000000
364.990000	176.000000
364.995000	228.000000
365.000000	245.000000
365.005000	190.000000
365.010000	263.000000
365.015000	217.000000
365.020000	193.000000
365.025000	263.000000
365.030000	184.000000
365.035000	258.000000
365.040000	284.000000
365.045000	174.000000
365.050000	146.000000
365.055000	266.000000
365.060000	172.000000
365.065000	169.000000
365.070000	262.000000
365.075000	205.000000
365.080000	170.000000
365.085000	279.000000
365.090000	200.000000
365.095000	226.000000
365.100000	193.000000
365.105000	239.000000
365.110000	153.000000
365.115000	258.000000
365.120000	277.000000
365.125000	240.000000
365.130000	112.000000
365.135000	266.000000
365.140000	215.000000
365.145000	233.000000
365.150000	165.000000
365.155000	197.000000
365.160000	139.000000
365.165000	189.000000
365.170000	209.000000
365.175000	250.000000
365.180000	234.000000
365.185000	150.000000
365.190000	137.000000
365.195000	104.000000
365.200000	173.000000
365.205000	179.000000
365.210000	189.000000
365.215000	163.000000
365.220000	163.000000
365.225000	121.000000
365.230000	129.000000
365.235000	125.000000
365.240000	161.000000
365.245000	164.000000
365.250000	136.000000
365.255000	193.000000
365.260000	254.000000
365.265000	184.000000
365.270000	203.000000
365.275000	133.000000
365.280000	135.000000
365.285000	156.000000
365.290000	114.000000
365.295000	161.000000
365.300000	189.000000
365.305000	185.000000
365.310000	169.000000
365.315000	182.000000
365.320000	161.000000
365.325000	111.000000
365.330000	135.000000
365.335000	137.000000
365.340000	158.000000
365.345000	133.000000
365.350000	194.000000
365.355000	154.000000
365.360000	157.000000
365.365000	178.000000
365.370000	145.000000
365.375000	170.000000
365.380000	128.000000
365.385000	145.000000
365.390000	166.000000
365.395000	222.000000
365.400000	114.000000
365.405000	140.000000
365.410000	140.000000
365.415000	107.000000
365.420000	226.000000
365.425000	206.000000
365.430000	200.000000
365.435000	190.000000
365.440000	108.000000
365.445000	132.000000
365.450000	128.000000
365.455000	164.000000
365.460000	142.000000
365.465000	168.000000
365.470000	108.000000
365.475000	189.000000
365.480000	167.000000
365.485000	119.000000
365.490000	183.000000
365.495000	197.000000
365.500000	111.000000
365.505000	85.000000
365.510000	107.000000
365.515000	189.000000
365.520000	98.000000
365.525000	251.000000
365.530000	205.000000
365.535000	114.000000
365.540000	173.000000
365.545000	141.000000
365.550000	149.000000
365.555000	126.000000
365.560000	192.000000
365.565000	144.000000
365.570000	120.000000
365.575000	146.000000
365.580000	134.000000
365.585000	149.000000
365.590000	115.000000
365.595000	204.000000
365.600000	123.000000
