Sample ID:		None
Start Time:		Tue Jun 16 2020 2:28:33 PM
Averaging Time:		1.000s

364.400000	206.000000
364.405000	239.000000
364.410000	207.000000
364.415000	489.000000
364.420000	325.000000
364.425000	270.000000
364.430000	295.000000
364.435000	296.000000
364.440000	295.000000
364.445000	304.000000
364.450000	331.000000
364.455000	328.000000
364.460000	320.000000
364.465000	338.000000
364.470000	323.000000
364.475000	398.000000
364.480000	382.000000
364.485000	298.000000
364.490000	371.000000
364.495000	367.000000
364.500000	521.000000
364.505000	462.000000
364.510000	400.000000
364.515000	344.000000
364.520000	352.000000
364.525000	527.000000
364.530000	419.000000
364.535000	383.000000
364.540000	345.000000
364.545000	400.000000
364.550000	467.000000
364.555000	713.000000
364.560000	801.000000
364.565000	1078.000000
364.570000	1188.000000
364.575000	2091.000000
364.580000	2089.000000
364.585000	2860.000000
364.590000	3954.000000
364.595000	5197.000000
364.600000	8604.000000
364.605000	16861.000000
364.610000	23856.000000
364.615000	18664.000000
364.620000	13419.000000
364.625000	13037.000000
364.630000	14205.000000
364.635000	18225.000000
364.640000	26846.000000
364.645000	68407.000000
364.650000	100034.000000
364.655000	40601.000000
364.660000	19322.000000
364.665000	10874.000000
364.670000	4940.000000
364.675000	3612.000000
364.680000	2024.000000
364.685000	1029.000000
364.690000	1093.000000
364.695000	765.000000
364.700000	742.000000
364.705000	730.000000
364.710000	605.000000
364.715000	478.000000
364.720000	588.000000
364.725000	562.000000
364.730000	419.000000
364.735000	500.000000
364.740000	365.000000
364.745000	483.000000
364.750000	390.000000
364.755000	533.000000
364.760000	439.000000
364.765000	391.000000
364.770000	324.000000
364.775000	496.000000
364.780000	222.000000
364.785000	288.000000
364.790000	300.000000
364.795000	376.000000
364.800000	293.000000
364.805000	305.000000
364.810000	421.000000
364.815000	397.000000
364.820000	213.000000
364.825000	328.000000
364.830000	238.000000
364.835000	210.000000
364.840000	324.000000
364.845000	344.000000
364.850000	225.000000
364.855000	299.000000
364.860000	274.000000
364.865000	248.000000
364.870000	254.000000
364.875000	303.000000
364.880000	269.000000
364.885000	246.000000
364.890000	346.000000
364.895000	207.000000
364.900000	251.000000
364.905000	311.000000
364.910000	253.000000
364.915000	239.000000
364.920000	241.000000
364.925000	321.000000
364.930000	240.000000
364.935000	229.000000
364.940000	154.000000
364.945000	216.000000
364.950000	262.000000
364.955000	200.000000
364.960000	332.000000
364.965000	214.000000
364.970000	150.000000
364.975000	206.000000
364.980000	243.000000
364.985000	283.000000
364.990000	256.000000
364.995000	205.000000
365.000000	220.000000
365.005000	228.000000
365.010000	189.000000
365.015000	209.000000
365.020000	205.000000
365.025000	361.000000
365.030000	245.000000
365.035000	195.000000
365.040000	173.000000
365.045000	196.000000
365.050000	184.000000
365.055000	197.000000
365.060000	167.000000
365.065000	196.000000
365.070000	243.000000
365.075000	224.000000
365.080000	147.000000
365.085000	168.000000
365.090000	257.000000
365.095000	183.000000
365.100000	135.000000
365.105000	226.000000
365.110000	211.000000
365.115000	250.000000
365.120000	179.000000
365.125000	205.000000
365.130000	151.000000
365.135000	176.000000
365.140000	210.000000
365.145000	137.000000
365.150000	259.000000
365.155000	211.000000
365.160000	256.000000
365.165000	213.000000
365.170000	174.000000
365.175000	130.000000
365.180000	213.000000
365.185000	176.000000
365.190000	138.000000
365.195000	180.000000
365.200000	200.000000
365.205000	206.000000
365.210000	254.000000
365.215000	173.000000
365.220000	184.000000
365.225000	238.000000
365.230000	156.000000
365.235000	156.000000
365.240000	219.000000
365.245000	284.000000
365.250000	226.000000
365.255000	232.000000
365.260000	205.000000
365.265000	196.000000
365.270000	318.000000
365.275000	156.000000
365.280000	162.000000
365.285000	182.000000
365.290000	372.000000
365.295000	293.000000
365.300000	265.000000
365.305000	266.000000
365.310000	162.000000
365.315000	208.000000
365.320000	239.000000
365.325000	338.000000
365.330000	183.000000
365.335000	280.000000
365.340000	215.000000
365.345000	138.000000
365.350000	205.000000
365.355000	222.000000
365.360000	171.000000
365.365000	215.000000
365.370000	213.000000
365.375000	180.000000
365.380000	142.000000
365.385000	170.000000
365.390000	235.000000
365.395000	161.000000
365.400000	135.000000
365.405000	144.000000
365.410000	97.000000
365.415000	124.000000
365.420000	155.000000
365.425000	155.000000
365.430000	78.000000
365.435000	154.000000
365.440000	124.000000
365.445000	169.000000
365.450000	126.000000
365.455000	88.000000
365.460000	119.000000
365.465000	160.000000
365.470000	108.000000
365.475000	127.000000
365.480000	151.000000
365.485000	164.000000
365.490000	147.000000
365.495000	126.000000
365.500000	215.000000
365.505000	145.000000
365.510000	173.000000
365.515000	104.000000
365.520000	90.000000
365.525000	250.000000
365.530000	161.000000
365.535000	116.000000
365.540000	128.000000
365.545000	141.000000
365.550000	123.000000
365.555000	146.000000
365.560000	131.000000
365.565000	149.000000
365.570000	129.000000
365.575000	92.000000
365.580000	139.000000
365.585000	175.000000
365.590000	135.000000
365.595000	132.000000
365.600000	89.000000
