Sample ID:		None
Start Time:		Tue Jun 16 2020 1:19:24 PM
Averaging Time:		1.000s

364.400000	1969.000000
364.405000	1800.000000
364.410000	1851.000000
364.415000	1678.000000
364.420000	1624.000000
364.425000	1502.000000
364.430000	1398.000000
364.435000	1394.000000
364.440000	1477.000000
364.445000	1474.000000
364.450000	1501.000000
364.455000	1350.000000
364.460000	1126.000000
364.465000	1023.000000
364.470000	924.000000
364.475000	880.000000
364.480000	908.000000
364.485000	992.000000
364.490000	1082.000000
364.495000	929.000000
364.500000	785.000000
364.505000	968.000000
364.510000	1046.000000
364.515000	840.000000
364.520000	862.000000
364.525000	888.000000
364.530000	869.000000
364.535000	910.000000
364.540000	776.000000
364.545000	776.000000
364.550000	828.000000
364.555000	737.000000
364.560000	801.000000
364.565000	836.000000
364.570000	911.000000
364.575000	937.000000
364.580000	908.000000
364.585000	711.000000
364.590000	691.000000
364.595000	809.000000
364.600000	860.000000
364.605000	741.000000
364.610000	904.000000
364.615000	660.000000
364.620000	925.000000
364.625000	970.000000
364.630000	779.000000
364.635000	837.000000
364.640000	745.000000
364.645000	1047.000000
364.650000	885.000000
364.655000	789.000000
364.660000	1104.000000
364.665000	944.000000
364.670000	1092.000000
364.675000	1421.000000
364.680000	1735.000000
364.685000	2743.000000
364.690000	3906.000000
364.695000	5271.000000
364.700000	7841.000000
364.705000	9982.000000
364.710000	13176.000000
364.715000	14991.000000
364.720000	17713.000000
364.725000	30130.000000
364.730000	39995.000000
364.735000	58139.000000
364.740000	127461.000000
364.745000	86418.000000
364.750000	63349.000000
364.755000	32985.000000
364.760000	15502.000000
364.765000	9254.000000
364.770000	5507.000000
364.775000	3828.000000
364.780000	2650.000000
364.785000	2027.000000
364.790000	1704.000000
364.795000	1342.000000
364.800000	1224.000000
364.805000	1298.000000
364.810000	1109.000000
364.815000	940.000000
364.820000	1159.000000
364.825000	970.000000
364.830000	1227.000000
364.835000	1099.000000
364.840000	1022.000000
364.845000	998.000000
364.850000	959.000000
364.855000	890.000000
364.860000	952.000000
364.865000	1005.000000
364.870000	918.000000
364.875000	835.000000
364.880000	906.000000
364.885000	1011.000000
364.890000	757.000000
364.895000	585.000000
364.900000	668.000000
364.905000	726.000000
364.910000	688.000000
364.915000	697.000000
364.920000	824.000000
364.925000	719.000000
364.930000	710.000000
364.935000	648.000000
364.940000	734.000000
364.945000	873.000000
364.950000	857.000000
364.955000	980.000000
364.960000	718.000000
364.965000	791.000000
364.970000	861.000000
364.975000	830.000000
364.980000	692.000000
364.985000	734.000000
364.990000	749.000000
364.995000	882.000000
365.000000	736.000000
365.005000	620.000000
365.010000	459.000000
365.015000	437.000000
365.020000	261.000000
365.025000	357.000000
365.030000	273.000000
365.035000	339.000000
365.040000	289.000000
365.045000	253.000000
365.050000	267.000000
365.055000	434.000000
365.060000	363.000000
365.065000	241.000000
365.070000	223.000000
365.075000	297.000000
365.080000	249.000000
365.085000	231.000000
365.090000	383.000000
365.095000	225.000000
365.100000	283.000000
365.105000	387.000000
365.110000	397.000000
365.115000	234.000000
365.120000	223.000000
365.125000	247.000000
365.130000	314.000000
365.135000	305.000000
365.140000	299.000000
365.145000	210.000000
365.150000	324.000000
365.155000	321.000000
365.160000	373.000000
365.165000	289.000000
365.170000	296.000000
365.175000	223.000000
365.180000	197.000000
365.185000	274.000000
365.190000	285.000000
365.195000	227.000000
365.200000	315.000000
365.205000	227.000000
365.210000	223.000000
365.215000	205.000000
365.220000	262.000000
365.225000	286.000000
365.230000	332.000000
365.235000	258.000000
365.240000	155.000000
365.245000	317.000000
365.250000	297.000000
365.255000	236.000000
365.260000	327.000000
365.265000	238.000000
365.270000	138.000000
365.275000	191.000000
365.280000	293.000000
365.285000	290.000000
365.290000	229.000000
365.295000	281.000000
365.300000	250.000000
365.305000	336.000000
365.310000	306.000000
365.315000	255.000000
365.320000	253.000000
365.325000	351.000000
365.330000	256.000000
365.335000	293.000000
365.340000	370.000000
365.345000	155.000000
365.350000	340.000000
365.355000	288.000000
365.360000	371.000000
365.365000	325.000000
365.370000	323.000000
365.375000	415.000000
365.380000	259.000000
365.385000	236.000000
365.390000	325.000000
365.395000	308.000000
365.400000	391.000000
365.405000	362.000000
365.410000	377.000000
365.415000	367.000000
365.420000	385.000000
365.425000	356.000000
365.430000	350.000000
365.435000	398.000000
365.440000	293.000000
365.445000	490.000000
365.450000	302.000000
365.455000	368.000000
365.460000	420.000000
365.465000	363.000000
365.470000	549.000000
365.475000	567.000000
365.480000	545.000000
365.485000	750.000000
365.490000	833.000000
365.495000	1124.000000
365.500000	1520.000000
365.505000	1892.000000
365.510000	2554.000000
365.515000	2801.000000
365.520000	3453.000000
365.525000	6332.000000
365.530000	11846.000000
365.535000	18332.000000
365.540000	24429.000000
365.545000	15633.000000
365.550000	14255.000000
365.555000	12459.000000
365.560000	14404.000000
365.565000	19095.000000
365.570000	36103.000000
365.575000	88880.000000
365.580000	96645.000000
365.585000	38517.000000
365.590000	15534.000000
365.595000	9774.000000
365.600000	6170.000000
