Sample ID:		None
Start Time:		Tue Jun 16 2020 3:55:11 PM
Averaging Time:		1.000s

364.400000	256.000000
364.405000	319.000000
364.410000	195.000000
364.415000	179.000000
364.420000	204.000000
364.425000	248.000000
364.430000	193.000000
364.435000	275.000000
364.440000	330.000000
364.445000	220.000000
364.450000	328.000000
364.455000	311.000000
364.460000	162.000000
364.465000	232.000000
364.470000	151.000000
364.475000	295.000000
364.480000	216.000000
364.485000	217.000000
364.490000	176.000000
364.495000	236.000000
364.500000	159.000000
364.505000	198.000000
364.510000	203.000000
364.515000	216.000000
364.520000	301.000000
364.525000	168.000000
364.530000	158.000000
364.535000	235.000000
364.540000	262.000000
364.545000	158.000000
364.550000	235.000000
364.555000	238.000000
364.560000	298.000000
364.565000	161.000000
364.570000	181.000000
364.575000	330.000000
364.580000	250.000000
364.585000	207.000000
364.590000	210.000000
364.595000	192.000000
364.600000	219.000000
364.605000	245.000000
364.610000	123.000000
364.615000	194.000000
364.620000	218.000000
364.625000	202.000000
364.630000	193.000000
364.635000	106.000000
364.640000	123.000000
364.645000	194.000000
364.650000	113.000000
364.655000	129.000000
364.660000	152.000000
364.665000	189.000000
364.670000	112.000000
364.675000	94.000000
364.680000	120.000000
364.685000	195.000000
364.690000	154.000000
364.695000	140.000000
364.700000	191.000000
364.705000	142.000000
364.710000	161.000000
364.715000	122.000000
364.720000	137.000000
364.725000	176.000000
364.730000	202.000000
364.735000	122.000000
364.740000	163.000000
364.745000	118.000000
364.750000	207.000000
364.755000	192.000000
364.760000	206.000000
364.765000	155.000000
364.770000	98.000000
364.775000	216.000000
364.780000	87.000000
364.785000	144.000000
364.790000	134.000000
364.795000	157.000000
364.800000	184.000000
364.805000	158.000000
364.810000	95.000000
364.815000	152.000000
364.820000	144.000000
364.825000	129.000000
364.830000	200.000000
364.835000	166.000000
364.840000	176.000000
364.845000	200.000000
364.850000	169.000000
364.855000	160.000000
364.860000	155.000000
364.865000	95.000000
364.870000	154.000000
364.875000	97.000000
364.880000	135.000000
364.885000	183.000000
364.890000	141.000000
364.895000	129.000000
364.900000	169.000000
364.905000	158.000000
364.910000	123.000000
364.915000	74.000000
364.920000	184.000000
364.925000	158.000000
364.930000	141.000000
364.935000	214.000000
364.940000	158.000000
364.945000	224.000000
364.950000	143.000000
364.955000	174.000000
364.960000	109.000000
364.965000	160.000000
364.970000	201.000000
364.975000	123.000000
364.980000	120.000000
364.985000	159.000000
364.990000	187.000000
364.995000	121.000000
365.000000	177.000000
365.005000	217.000000
365.010000	146.000000
365.015000	147.000000
365.020000	143.000000
365.025000	172.000000
365.030000	159.000000
365.035000	135.000000
365.040000	107.000000
365.045000	170.000000
365.050000	205.000000
365.055000	146.000000
365.060000	163.000000
365.065000	186.000000
365.070000	108.000000
365.075000	121.000000
365.080000	105.000000
365.085000	150.000000
365.090000	189.000000
365.095000	168.000000
365.100000	169.000000
365.105000	132.000000
365.110000	202.000000
365.115000	187.000000
365.120000	150.000000
365.125000	154.000000
365.130000	163.000000
365.135000	151.000000
365.140000	199.000000
365.145000	170.000000
365.150000	209.000000
365.155000	155.000000
365.160000	169.000000
365.165000	127.000000
365.170000	129.000000
365.175000	211.000000
365.180000	125.000000
365.185000	150.000000
365.190000	147.000000
365.195000	94.000000
365.200000	135.000000
365.205000	160.000000
365.210000	111.000000
365.215000	190.000000
365.220000	131.000000
365.225000	178.000000
365.230000	203.000000
365.235000	155.000000
365.240000	142.000000
365.245000	113.000000
365.250000	140.000000
365.255000	219.000000
365.260000	136.000000
365.265000	173.000000
365.270000	165.000000
365.275000	103.000000
365.280000	160.000000
365.285000	169.000000
365.290000	187.000000
365.295000	146.000000
365.300000	158.000000
365.305000	119.000000
365.310000	178.000000
365.315000	139.000000
365.320000	182.000000
365.325000	124.000000
365.330000	67.000000
365.335000	221.000000
365.340000	165.000000
365.345000	148.000000
365.350000	173.000000
365.355000	112.000000
365.360000	155.000000
365.365000	75.000000
365.370000	136.000000
365.375000	128.000000
365.380000	136.000000
365.385000	123.000000
365.390000	166.000000
365.395000	98.000000
365.400000	170.000000
365.405000	129.000000
365.410000	151.000000
365.415000	146.000000
365.420000	185.000000
365.425000	285.000000
365.430000	197.000000
365.435000	197.000000
365.440000	174.000000
365.445000	124.000000
365.450000	118.000000
365.455000	188.000000
365.460000	185.000000
365.465000	190.000000
365.470000	193.000000
365.475000	162.000000
365.480000	168.000000
365.485000	220.000000
365.490000	162.000000
365.495000	111.000000
365.500000	115.000000
365.505000	208.000000
365.510000	125.000000
365.515000	138.000000
365.520000	174.000000
365.525000	145.000000
365.530000	217.000000
365.535000	147.000000
365.540000	117.000000
365.545000	101.000000
365.550000	165.000000
365.555000	203.000000
365.560000	263.000000
365.565000	151.000000
365.570000	99.000000
365.575000	169.000000
365.580000	159.000000
365.585000	94.000000
365.590000	101.000000
365.595000	187.000000
365.600000	99.000000
