Sample ID:		None
Start Time:		Tue Jun 16 2020 12:02:00 PM
Averaging Time:		1.000s

364.800000	1142.000000
364.805000	1070.000000
364.810000	1093.000000
364.815000	1199.000000
364.820000	1377.000000
364.825000	1486.000000
364.830000	2053.000000
364.835000	2521.000000
364.840000	2927.000000
364.845000	4667.000000
364.850000	7584.000000
364.855000	11309.000000
364.860000	17455.000000
364.865000	29470.000000
364.870000	47554.000000
364.875000	50865.000000
364.880000	63708.000000
364.885000	74736.000000
364.890000	89528.000000
364.895000	118317.000000
364.900000	195795.000000
364.905000	577276.000000
364.910000	659799.000000
364.915000	229857.000000
364.920000	141455.000000
364.925000	89023.000000
364.930000	33286.000000
364.935000	27897.000000
364.940000	19567.000000
364.945000	13044.000000
364.950000	8817.000000
364.955000	7737.000000
364.960000	7002.000000
364.965000	5404.000000
364.970000	4889.000000
364.975000	4822.000000
364.980000	3999.000000
364.985000	3567.000000
364.990000	3658.000000
364.995000	3208.000000
365.000000	3470.000000
365.005000	2619.000000
365.010000	2576.000000
365.015000	2169.000000
365.020000	2457.000000
365.025000	2558.000000
365.030000	1919.000000
365.035000	1968.000000
365.040000	1774.000000
365.045000	1544.000000
365.050000	1641.000000
365.055000	1432.000000
365.060000	1497.000000
365.065000	1247.000000
365.070000	1286.000000
365.075000	1301.000000
365.080000	1456.000000
365.085000	951.000000
365.090000	1227.000000
365.095000	1101.000000
365.100000	665.000000
365.105000	952.000000
365.110000	981.000000
365.115000	843.000000
365.120000	1008.000000
365.125000	934.000000
365.130000	843.000000
365.135000	1101.000000
365.140000	1142.000000
365.145000	899.000000
365.150000	1047.000000
365.155000	963.000000
365.160000	884.000000
365.165000	935.000000
365.170000	895.000000
365.175000	869.000000
365.180000	779.000000
365.185000	857.000000
365.190000	755.000000
365.195000	761.000000
365.200000	790.000000
365.205000	897.000000
365.210000	908.000000
365.215000	845.000000
365.220000	835.000000
365.225000	936.000000
365.230000	869.000000
365.235000	683.000000
365.240000	1033.000000
365.245000	806.000000
365.250000	859.000000
365.255000	935.000000
365.260000	844.000000
365.265000	837.000000
365.270000	794.000000
365.275000	986.000000
365.280000	800.000000
365.285000	1019.000000
365.290000	1015.000000
365.295000	948.000000
365.300000	1264.000000
365.305000	1510.000000
365.310000	2226.000000
365.315000	3061.000000
365.320000	3906.000000
365.325000	6779.000000
365.330000	8311.000000
365.335000	11347.000000
365.340000	12358.000000
365.345000	16433.000000
365.350000	18785.000000
365.355000	24231.000000
365.360000	38463.000000
365.365000	92562.000000
365.370000	142686.000000
365.375000	124865.000000
365.380000	57545.000000
365.385000	29455.000000
365.390000	14531.000000
365.395000	9195.000000
365.400000	5063.000000
365.405000	2967.000000
365.410000	2127.000000
365.415000	2134.000000
365.420000	1644.000000
365.425000	1459.000000
365.430000	1310.000000
365.435000	1144.000000
365.440000	1239.000000
365.445000	1007.000000
365.450000	1022.000000
365.455000	1156.000000
365.460000	1040.000000
365.465000	1064.000000
365.470000	1233.000000
365.475000	969.000000
365.480000	894.000000
365.485000	1153.000000
365.490000	835.000000
365.495000	964.000000
365.500000	903.000000
365.505000	855.000000
365.510000	837.000000
365.515000	744.000000
365.520000	955.000000
365.525000	613.000000
365.530000	850.000000
365.535000	677.000000
365.540000	908.000000
365.545000	671.000000
365.550000	658.000000
365.555000	762.000000
365.560000	821.000000
365.565000	842.000000
365.570000	725.000000
365.575000	740.000000
365.580000	832.000000
365.585000	752.000000
365.590000	802.000000
365.595000	817.000000
365.600000	732.000000
365.605000	743.000000
365.610000	787.000000
365.615000	749.000000
365.620000	670.000000
365.625000	693.000000
365.630000	615.000000
365.635000	501.000000
365.640000	422.000000
365.645000	343.000000
365.650000	296.000000
365.655000	261.000000
365.660000	395.000000
365.665000	347.000000
365.670000	334.000000
365.675000	398.000000
365.680000	355.000000
365.685000	355.000000
365.690000	406.000000
365.695000	246.000000
365.700000	228.000000
365.705000	329.000000
365.710000	362.000000
365.715000	257.000000
365.720000	310.000000
365.725000	234.000000
365.730000	321.000000
365.735000	269.000000
365.740000	327.000000
365.745000	396.000000
365.750000	252.000000
365.755000	274.000000
365.760000	316.000000
365.765000	155.000000
365.770000	253.000000
365.775000	177.000000
365.780000	215.000000
365.785000	254.000000
365.790000	202.000000
365.795000	405.000000
365.800000	340.000000
