Sample ID:		None
Start Time:		Tue Jun 16 2020 12:11:49 PM
Averaging Time:		1.000s

364.800000	1084.000000
364.805000	1165.000000
364.810000	1214.000000
364.815000	1314.000000
364.820000	1691.000000
364.825000	1724.000000
364.830000	2116.000000
364.835000	3118.000000
364.840000	4194.000000
364.845000	6744.000000
364.850000	11586.000000
364.855000	16581.000000
364.860000	26308.000000
364.865000	34387.000000
364.870000	48257.000000
364.875000	58700.000000
364.880000	69337.000000
364.885000	81366.000000
364.890000	109938.000000
364.895000	191172.000000
364.900000	436407.000000
364.905000	688748.000000
364.910000	290044.000000
364.915000	162842.000000
364.920000	100229.000000
364.925000	59689.000000
364.930000	34624.000000
364.935000	23291.000000
364.940000	14444.000000
364.945000	10873.000000
364.950000	8398.000000
364.955000	6728.000000
364.960000	6047.000000
364.965000	4989.000000
364.970000	5169.000000
364.975000	4060.000000
364.980000	4083.000000
364.985000	3838.000000
364.990000	3547.000000
364.995000	3062.000000
365.000000	2828.000000
365.005000	3042.000000
365.010000	2531.000000
365.015000	2698.000000
365.020000	2508.000000
365.025000	2198.000000
365.030000	1688.000000
365.035000	1755.000000
365.040000	1630.000000
365.045000	1643.000000
365.050000	1788.000000
365.055000	1418.000000
365.060000	1398.000000
365.065000	1596.000000
365.070000	1709.000000
365.075000	1243.000000
365.080000	1210.000000
365.085000	1136.000000
365.090000	876.000000
365.095000	1037.000000
365.100000	901.000000
365.105000	996.000000
365.110000	996.000000
365.115000	985.000000
365.120000	1088.000000
365.125000	792.000000
365.130000	807.000000
365.135000	1166.000000
365.140000	1065.000000
365.145000	1161.000000
365.150000	944.000000
365.155000	916.000000
365.160000	993.000000
365.165000	1002.000000
365.170000	854.000000
365.175000	833.000000
365.180000	789.000000
365.185000	904.000000
365.190000	775.000000
365.195000	738.000000
365.200000	767.000000
365.205000	748.000000
365.210000	851.000000
365.215000	785.000000
365.220000	797.000000
365.225000	822.000000
365.230000	727.000000
365.235000	916.000000
365.240000	785.000000
365.245000	887.000000
365.250000	877.000000
365.255000	806.000000
365.260000	901.000000
365.265000	568.000000
365.270000	825.000000
365.275000	883.000000
365.280000	888.000000
365.285000	904.000000
365.290000	887.000000
365.295000	1065.000000
365.300000	1219.000000
365.305000	1782.000000
365.310000	3560.000000
365.315000	4018.000000
365.320000	5861.000000
365.325000	8089.000000
365.330000	10386.000000
365.335000	13172.000000
365.340000	15741.000000
365.345000	18449.000000
365.350000	23455.000000
365.355000	37412.000000
365.360000	70543.000000
365.365000	134055.000000
365.370000	124850.000000
365.375000	39399.000000
365.380000	27497.000000
365.385000	15614.000000
365.390000	7769.000000
365.395000	5448.000000
365.400000	3584.000000
365.405000	2475.000000
365.410000	1808.000000
365.415000	1611.000000
365.420000	1365.000000
365.425000	1236.000000
365.430000	1113.000000
365.435000	1094.000000
365.440000	1118.000000
365.445000	994.000000
365.450000	1127.000000
365.455000	1123.000000
365.460000	928.000000
365.465000	1204.000000
365.470000	1012.000000
365.475000	930.000000
365.480000	1072.000000
365.485000	841.000000
365.490000	793.000000
365.495000	898.000000
365.500000	924.000000
365.505000	999.000000
365.510000	704.000000
365.515000	849.000000
365.520000	867.000000
365.525000	698.000000
365.530000	793.000000
365.535000	837.000000
365.540000	709.000000
365.545000	781.000000
365.550000	787.000000
365.555000	713.000000
365.560000	756.000000
365.565000	836.000000
365.570000	846.000000
365.575000	797.000000
365.580000	736.000000
365.585000	643.000000
365.590000	788.000000
365.595000	797.000000
365.600000	737.000000
365.605000	796.000000
365.610000	702.000000
365.615000	861.000000
365.620000	569.000000
365.625000	658.000000
365.630000	530.000000
365.635000	373.000000
365.640000	257.000000
365.645000	353.000000
365.650000	279.000000
365.655000	365.000000
365.660000	408.000000
365.665000	409.000000
365.670000	355.000000
365.675000	271.000000
365.680000	322.000000
365.685000	323.000000
365.690000	459.000000
365.695000	247.000000
365.700000	321.000000
365.705000	277.000000
365.710000	240.000000
365.715000	327.000000
365.720000	246.000000
365.725000	294.000000
365.730000	302.000000
365.735000	274.000000
365.740000	263.000000
365.745000	293.000000
365.750000	201.000000
365.755000	287.000000
365.760000	219.000000
365.765000	289.000000
365.770000	208.000000
365.775000	268.000000
365.780000	278.000000
365.785000	283.000000
365.790000	309.000000
365.795000	273.000000
365.800000	293.000000
