Sample ID:		None
Start Time:		Tue Jun 16 2020 4:02:54 PM
Averaging Time:		1.000s

364.800000	6617.000000
364.805000	5862.000000
364.810000	4603.000000
364.815000	4666.000000
364.820000	3985.000000
364.825000	3673.000000
364.830000	3505.000000
364.835000	3246.000000
364.840000	2824.000000
364.845000	2987.000000
364.850000	2537.000000
364.855000	2226.000000
364.860000	2397.000000
364.865000	2291.000000
364.870000	1850.000000
364.875000	1790.000000
364.880000	1812.000000
364.885000	1950.000000
364.890000	1637.000000
364.895000	1455.000000
364.900000	1311.000000
364.905000	1524.000000
364.910000	1497.000000
364.915000	1283.000000
364.920000	1260.000000
364.925000	1031.000000
364.930000	1285.000000
364.935000	1132.000000
364.940000	918.000000
364.945000	776.000000
364.950000	905.000000
364.955000	992.000000
364.960000	1079.000000
364.965000	802.000000
364.970000	957.000000
364.975000	884.000000
364.980000	893.000000
364.985000	860.000000
364.990000	1027.000000
364.995000	1053.000000
365.000000	1013.000000
365.005000	998.000000
365.010000	843.000000
365.015000	665.000000
365.020000	836.000000
365.025000	919.000000
365.030000	714.000000
365.035000	837.000000
365.040000	729.000000
365.045000	998.000000
365.050000	798.000000
365.055000	748.000000
365.060000	716.000000
365.065000	852.000000
365.070000	924.000000
365.075000	743.000000
365.080000	860.000000
365.085000	825.000000
365.090000	1065.000000
365.095000	813.000000
365.100000	872.000000
365.105000	727.000000
365.110000	940.000000
365.115000	906.000000
365.120000	801.000000
365.125000	1027.000000
365.130000	906.000000
365.135000	909.000000
365.140000	947.000000
365.145000	1329.000000
365.150000	1891.000000
365.155000	2605.000000
365.160000	3769.000000
365.165000	5416.000000
365.170000	8530.000000
365.175000	9724.000000
365.180000	12667.000000
365.185000	15671.000000
365.190000	18306.000000
365.195000	21973.000000
365.200000	38538.000000
365.205000	65419.000000
365.210000	133435.000000
365.215000	137248.000000
365.220000	61026.000000
365.225000	33288.000000
365.230000	15043.000000
365.235000	7900.000000
365.240000	5751.000000
365.245000	3256.000000
365.250000	2352.000000
365.255000	1976.000000
365.260000	1946.000000
365.265000	1414.000000
365.270000	1277.000000
365.275000	1318.000000
365.280000	1145.000000
365.285000	1266.000000
365.290000	878.000000
365.295000	1027.000000
365.300000	1217.000000
365.305000	1053.000000
365.310000	892.000000
365.315000	1324.000000
365.320000	1084.000000
365.325000	1132.000000
365.330000	798.000000
365.335000	986.000000
365.340000	1130.000000
365.345000	930.000000
365.350000	724.000000
365.355000	789.000000
365.360000	779.000000
365.365000	792.000000
365.370000	873.000000
365.375000	784.000000
365.380000	735.000000
365.385000	841.000000
365.390000	692.000000
365.395000	839.000000
365.400000	713.000000
365.405000	805.000000
365.410000	802.000000
365.415000	717.000000
365.420000	657.000000
365.425000	801.000000
365.430000	883.000000
365.435000	744.000000
365.440000	753.000000
365.445000	709.000000
365.450000	727.000000
365.455000	713.000000
365.460000	893.000000
365.465000	725.000000
365.470000	695.000000
365.475000	463.000000
365.480000	553.000000
365.485000	265.000000
365.490000	401.000000
365.495000	356.000000
365.500000	327.000000
365.505000	334.000000
365.510000	348.000000
365.515000	540.000000
365.520000	319.000000
365.525000	326.000000
365.530000	346.000000
365.535000	272.000000
365.540000	333.000000
365.545000	378.000000
365.550000	373.000000
365.555000	444.000000
365.560000	332.000000
365.565000	251.000000
365.570000	339.000000
365.575000	363.000000
365.580000	324.000000
365.585000	311.000000
365.590000	265.000000
365.595000	315.000000
365.600000	416.000000
365.605000	241.000000
365.610000	194.000000
365.615000	244.000000
365.620000	279.000000
365.625000	339.000000
365.630000	224.000000
365.635000	207.000000
365.640000	152.000000
365.645000	203.000000
365.650000	255.000000
365.655000	271.000000
365.660000	191.000000
365.665000	264.000000
365.670000	366.000000
365.675000	215.000000
365.680000	259.000000
365.685000	253.000000
365.690000	300.000000
365.695000	307.000000
365.700000	260.000000
365.705000	242.000000
365.710000	312.000000
365.715000	218.000000
365.720000	256.000000
365.725000	293.000000
365.730000	197.000000
365.735000	193.000000
365.740000	261.000000
365.745000	202.000000
365.750000	311.000000
365.755000	270.000000
365.760000	263.000000
365.765000	244.000000
365.770000	215.000000
365.775000	220.000000
365.780000	249.000000
365.785000	230.000000
365.790000	211.000000
365.795000	321.000000
365.800000	361.000000
