Sample ID:		None
Start Time:		Tue Jun 16 2020 11:53:33 AM
Averaging Time:		1.000s

364.800000	1612.000000
364.805000	1679.000000
364.810000	2400.000000
364.815000	3056.000000
364.820000	4548.000000
364.825000	6939.000000
364.830000	17378.000000
364.835000	21218.000000
364.840000	29095.000000
364.845000	38071.000000
364.850000	58397.000000
364.855000	63814.000000
364.860000	71212.000000
364.865000	94178.000000
364.870000	129554.000000
364.875000	204108.000000
364.880000	515018.000000
364.885000	621569.000000
364.890000	293506.000000
364.895000	126168.000000
364.900000	78571.000000
364.905000	50410.000000
364.910000	25420.000000
364.915000	16771.000000
364.920000	12574.000000
364.925000	9923.000000
364.930000	7524.000000
364.935000	6557.000000
364.940000	5428.000000
364.945000	4860.000000
364.950000	4220.000000
364.955000	4024.000000
364.960000	4166.000000
364.965000	3328.000000
364.970000	3248.000000
364.975000	2902.000000
364.980000	2489.000000
364.985000	2526.000000
364.990000	2592.000000
364.995000	2106.000000
365.000000	2455.000000
365.005000	2130.000000
365.010000	1901.000000
365.015000	1958.000000
365.020000	1898.000000
365.025000	1914.000000
365.030000	1486.000000
365.035000	1524.000000
365.040000	1531.000000
365.045000	1520.000000
365.050000	1414.000000
365.055000	1003.000000
365.060000	1257.000000
365.065000	1031.000000
365.070000	959.000000
365.075000	976.000000
365.080000	1013.000000
365.085000	881.000000
365.090000	1117.000000
365.095000	939.000000
365.100000	815.000000
365.105000	948.000000
365.110000	893.000000
365.115000	861.000000
365.120000	1187.000000
365.125000	861.000000
365.130000	985.000000
365.135000	798.000000
365.140000	941.000000
365.145000	897.000000
365.150000	1007.000000
365.155000	875.000000
365.160000	804.000000
365.165000	729.000000
365.170000	816.000000
365.175000	660.000000
365.180000	708.000000
365.185000	952.000000
365.190000	881.000000
365.195000	869.000000
365.200000	825.000000
365.205000	891.000000
365.210000	699.000000
365.215000	792.000000
365.220000	921.000000
365.225000	957.000000
365.230000	579.000000
365.235000	990.000000
365.240000	825.000000
365.245000	844.000000
365.250000	870.000000
365.255000	1000.000000
365.260000	811.000000
365.265000	937.000000
365.270000	1022.000000
365.275000	1063.000000
365.280000	1403.000000
365.285000	1387.000000
365.290000	2226.000000
365.295000	3267.000000
365.300000	5047.000000
365.305000	6683.000000
365.310000	9291.000000
365.315000	11020.000000
365.320000	14389.000000
365.325000	16315.000000
365.330000	21666.000000
365.335000	28553.000000
365.340000	46418.000000
365.345000	92849.000000
365.350000	144075.000000
365.355000	96389.000000
365.360000	43075.000000
365.365000	21973.000000
365.370000	12281.000000
365.375000	5931.000000
365.380000	4070.000000
365.385000	2938.000000
365.390000	1924.000000
365.395000	1758.000000
365.400000	1521.000000
365.405000	1447.000000
365.410000	1480.000000
365.415000	1137.000000
365.420000	1122.000000
365.425000	1098.000000
365.430000	1028.000000
365.435000	1202.000000
365.440000	1046.000000
365.445000	1005.000000
365.450000	986.000000
365.455000	868.000000
365.460000	949.000000
365.465000	1008.000000
365.470000	860.000000
365.475000	787.000000
365.480000	922.000000
365.485000	876.000000
365.490000	843.000000
365.495000	763.000000
365.500000	956.000000
365.505000	767.000000
365.510000	681.000000
365.515000	1023.000000
365.520000	786.000000
365.525000	750.000000
365.530000	646.000000
365.535000	732.000000
365.540000	787.000000
365.545000	659.000000
365.550000	891.000000
365.555000	746.000000
365.560000	847.000000
365.565000	768.000000
365.570000	792.000000
365.575000	892.000000
365.580000	689.000000
365.585000	782.000000
365.590000	806.000000
365.595000	670.000000
365.600000	684.000000
365.605000	724.000000
365.610000	513.000000
365.615000	426.000000
365.620000	361.000000
365.625000	460.000000
365.630000	300.000000
365.635000	443.000000
365.640000	339.000000
365.645000	274.000000
365.650000	197.000000
365.655000	292.000000
365.660000	346.000000
365.665000	313.000000
365.670000	300.000000
365.675000	280.000000
365.680000	312.000000
365.685000	339.000000
365.690000	308.000000
365.695000	396.000000
365.700000	358.000000
365.705000	331.000000
365.710000	281.000000
365.715000	300.000000
365.720000	185.000000
365.725000	317.000000
365.730000	267.000000
365.735000	224.000000
365.740000	238.000000
365.745000	265.000000
365.750000	246.000000
365.755000	303.000000
365.760000	281.000000
365.765000	185.000000
365.770000	311.000000
365.775000	263.000000
365.780000	236.000000
365.785000	164.000000
365.790000	222.000000
365.795000	159.000000
365.800000	318.000000
