Sample ID:		None
Start Time:		Tue Jun 16 2020 1:13:07 PM
Averaging Time:		1.000s

364.400000	69520.000000
364.405000	44726.000000
364.410000	26792.000000
364.415000	15590.000000
364.420000	10705.000000
364.425000	8445.000000
364.430000	7104.000000
364.435000	6364.000000
364.440000	5175.000000
364.445000	4557.000000
364.450000	4217.000000
364.455000	3993.000000
364.460000	3651.000000
364.465000	3456.000000
364.470000	3211.000000
364.475000	3036.000000
364.480000	2463.000000
364.485000	2499.000000
364.490000	2428.000000
364.495000	2256.000000
364.500000	2220.000000
364.505000	2156.000000
364.510000	1748.000000
364.515000	1854.000000
364.520000	1861.000000
364.525000	1558.000000
364.530000	1779.000000
364.535000	1427.000000
364.540000	1345.000000
364.545000	1500.000000
364.550000	1234.000000
364.555000	1138.000000
364.560000	1271.000000
364.565000	1264.000000
364.570000	1207.000000
364.575000	988.000000
364.580000	838.000000
364.585000	1030.000000
364.590000	803.000000
364.595000	1192.000000
364.600000	841.000000
364.605000	863.000000
364.610000	1048.000000
364.615000	914.000000
364.620000	1253.000000
364.625000	770.000000
364.630000	933.000000
364.635000	936.000000
364.640000	824.000000
364.645000	844.000000
364.650000	793.000000
364.655000	760.000000
364.660000	833.000000
364.665000	834.000000
364.670000	921.000000
364.675000	803.000000
364.680000	783.000000
364.685000	874.000000
364.690000	803.000000
364.695000	810.000000
364.700000	819.000000
364.705000	711.000000
364.710000	736.000000
364.715000	712.000000
364.720000	675.000000
364.725000	978.000000
364.730000	741.000000
364.735000	716.000000
364.740000	775.000000
364.745000	833.000000
364.750000	752.000000
364.755000	834.000000
364.760000	1123.000000
364.765000	914.000000
364.770000	949.000000
364.775000	1371.000000
364.780000	1539.000000
364.785000	2052.000000
364.790000	2996.000000
364.795000	4689.000000
364.800000	6732.000000
364.805000	9257.000000
364.810000	11858.000000
364.815000	14409.000000
364.820000	15618.000000
364.825000	20504.000000
364.830000	29452.000000
364.835000	45968.000000
364.840000	86552.000000
364.845000	136646.000000
364.850000	95753.000000
364.855000	49211.000000
364.860000	22388.000000
364.865000	12075.000000
364.870000	8535.000000
364.875000	4736.000000
364.880000	3247.000000
364.885000	2223.000000
364.890000	1891.000000
364.895000	1713.000000
364.900000	1520.000000
364.905000	1331.000000
364.910000	1397.000000
364.915000	1104.000000
364.920000	1027.000000
364.925000	951.000000
364.930000	836.000000
364.935000	1157.000000
364.940000	1282.000000
364.945000	1244.000000
364.950000	1035.000000
364.955000	880.000000
364.960000	1118.000000
364.965000	904.000000
364.970000	903.000000
364.975000	840.000000
364.980000	810.000000
364.985000	933.000000
364.990000	873.000000
364.995000	839.000000
365.000000	648.000000
365.005000	733.000000
365.010000	762.000000
365.015000	822.000000
365.020000	698.000000
365.025000	699.000000
365.030000	696.000000
365.035000	819.000000
365.040000	766.000000
365.045000	919.000000
365.050000	632.000000
365.055000	755.000000
365.060000	796.000000
365.065000	755.000000
365.070000	819.000000
365.075000	726.000000
365.080000	786.000000
365.085000	784.000000
365.090000	721.000000
365.095000	757.000000
365.100000	602.000000
365.105000	688.000000
365.110000	508.000000
365.115000	317.000000
365.120000	485.000000
365.125000	300.000000
365.130000	473.000000
365.135000	261.000000
365.140000	341.000000
365.145000	350.000000
365.150000	338.000000
365.155000	466.000000
365.160000	338.000000
365.165000	275.000000
365.170000	359.000000
365.175000	271.000000
365.180000	241.000000
365.185000	264.000000
365.190000	303.000000
365.195000	250.000000
365.200000	207.000000
365.205000	355.000000
365.210000	326.000000
365.215000	297.000000
365.220000	325.000000
365.225000	179.000000
365.230000	294.000000
365.235000	210.000000
365.240000	290.000000
365.245000	294.000000
365.250000	236.000000
365.255000	282.000000
365.260000	268.000000
365.265000	225.000000
365.270000	200.000000
365.275000	295.000000
365.280000	281.000000
365.285000	397.000000
365.290000	323.000000
365.295000	221.000000
365.300000	299.000000
365.305000	275.000000
365.310000	235.000000
365.315000	236.000000
365.320000	304.000000
365.325000	220.000000
365.330000	208.000000
365.335000	316.000000
365.340000	358.000000
365.345000	330.000000
365.350000	275.000000
365.355000	223.000000
365.360000	269.000000
365.365000	284.000000
365.370000	175.000000
365.375000	317.000000
365.380000	277.000000
365.385000	194.000000
365.390000	273.000000
365.395000	237.000000
365.400000	304.000000
365.405000	198.000000
365.410000	336.000000
365.415000	304.000000
365.420000	220.000000
365.425000	286.000000
365.430000	226.000000
365.435000	252.000000
365.440000	302.000000
365.445000	261.000000
365.450000	256.000000
365.455000	375.000000
365.460000	308.000000
365.465000	237.000000
365.470000	349.000000
365.475000	279.000000
365.480000	258.000000
365.485000	280.000000
365.490000	392.000000
365.495000	365.000000
365.500000	411.000000
365.505000	311.000000
365.510000	363.000000
365.515000	470.000000
365.520000	358.000000
365.525000	387.000000
365.530000	404.000000
365.535000	239.000000
365.540000	329.000000
365.545000	315.000000
365.550000	311.000000
365.555000	370.000000
365.560000	423.000000
365.565000	287.000000
365.570000	412.000000
365.575000	391.000000
365.580000	461.000000
365.585000	641.000000
365.590000	726.000000
365.595000	1112.000000
365.600000	1202.000000
