Sample ID:		None
Start Time:		Tue Jun 16 2020 12:25:14 PM
Averaging Time:		1.000s

364.800000	4318.000000
364.805000	4067.000000
364.810000	4085.000000
364.815000	3492.000000
364.820000	3237.000000
364.825000	2891.000000
364.830000	2526.000000
364.835000	2605.000000
364.840000	2335.000000
364.845000	2256.000000
364.850000	2318.000000
364.855000	2312.000000
364.860000	1938.000000
364.865000	1931.000000
364.870000	1888.000000
364.875000	1484.000000
364.880000	1434.000000
364.885000	1570.000000
364.890000	1481.000000
364.895000	1595.000000
364.900000	1384.000000
364.905000	1076.000000
364.910000	1318.000000
364.915000	1117.000000
364.920000	1144.000000
364.925000	1107.000000
364.930000	1081.000000
364.935000	843.000000
364.940000	964.000000
364.945000	897.000000
364.950000	984.000000
364.955000	994.000000
364.960000	950.000000
364.965000	956.000000
364.970000	1036.000000
364.975000	925.000000
364.980000	1041.000000
364.985000	1009.000000
364.990000	849.000000
364.995000	743.000000
365.000000	1073.000000
365.005000	934.000000
365.010000	935.000000
365.015000	822.000000
365.020000	881.000000
365.025000	770.000000
365.030000	930.000000
365.035000	1053.000000
365.040000	918.000000
365.045000	851.000000
365.050000	819.000000
365.055000	800.000000
365.060000	1006.000000
365.065000	935.000000
365.070000	737.000000
365.075000	953.000000
365.080000	1180.000000
365.085000	898.000000
365.090000	760.000000
365.095000	1033.000000
365.100000	1035.000000
365.105000	886.000000
365.110000	884.000000
365.115000	917.000000
365.120000	1449.000000
365.125000	1575.000000
365.130000	1872.000000
365.135000	2474.000000
365.140000	5711.000000
365.145000	6684.000000
365.150000	8175.000000
365.155000	11148.000000
365.160000	13076.000000
365.165000	15753.000000
365.170000	17577.000000
365.175000	23465.000000
365.180000	37740.000000
365.185000	65389.000000
365.190000	125823.000000
365.195000	144602.000000
365.200000	69778.000000
365.205000	34442.000000
365.210000	19863.000000
365.215000	11473.000000
365.220000	5914.000000
365.225000	4136.000000
365.230000	2838.000000
365.235000	2024.000000
365.240000	1827.000000
365.245000	1393.000000
365.250000	1492.000000
365.255000	1457.000000
365.260000	1287.000000
365.265000	1047.000000
365.270000	1127.000000
365.275000	1139.000000
365.280000	1216.000000
365.285000	953.000000
365.290000	1043.000000
365.295000	1124.000000
365.300000	966.000000
365.305000	829.000000
365.310000	913.000000
365.315000	1035.000000
365.320000	950.000000
365.325000	1038.000000
365.330000	901.000000
365.335000	833.000000
365.340000	642.000000
365.345000	769.000000
365.350000	952.000000
365.355000	814.000000
365.360000	803.000000
365.365000	766.000000
365.370000	744.000000
365.375000	836.000000
365.380000	932.000000
365.385000	1026.000000
365.390000	829.000000
365.395000	761.000000
365.400000	800.000000
365.405000	954.000000
365.410000	842.000000
365.415000	852.000000
365.420000	798.000000
365.425000	864.000000
365.430000	963.000000
365.435000	758.000000
365.440000	759.000000
365.445000	670.000000
365.450000	657.000000
365.455000	571.000000
365.460000	446.000000
365.465000	434.000000
365.470000	316.000000
365.475000	391.000000
365.480000	331.000000
365.485000	309.000000
365.490000	270.000000
365.495000	373.000000
365.500000	369.000000
365.505000	324.000000
365.510000	271.000000
365.515000	354.000000
365.520000	344.000000
365.525000	233.000000
365.530000	283.000000
365.535000	336.000000
365.540000	369.000000
365.545000	315.000000
365.550000	417.000000
365.555000	311.000000
365.560000	300.000000
365.565000	319.000000
365.570000	309.000000
365.575000	267.000000
365.580000	377.000000
365.585000	217.000000
365.590000	329.000000
365.595000	306.000000
365.600000	289.000000
365.605000	248.000000
365.610000	296.000000
365.615000	198.000000
365.620000	277.000000
365.625000	246.000000
365.630000	311.000000
365.635000	288.000000
365.640000	282.000000
365.645000	242.000000
365.650000	258.000000
365.655000	163.000000
365.660000	216.000000
365.665000	221.000000
365.670000	234.000000
365.675000	255.000000
365.680000	234.000000
365.685000	190.000000
365.690000	198.000000
365.695000	258.000000
365.700000	269.000000
365.705000	320.000000
365.710000	232.000000
365.715000	247.000000
365.720000	240.000000
365.725000	265.000000
365.730000	272.000000
365.735000	213.000000
365.740000	230.000000
365.745000	219.000000
365.750000	232.000000
365.755000	311.000000
365.760000	380.000000
365.765000	338.000000
365.770000	342.000000
365.775000	236.000000
365.780000	324.000000
365.785000	215.000000
365.790000	286.000000
365.795000	291.000000
365.800000	336.000000
