Sample ID:		None
Start Time:		Tue Jun 16 2020 12:47:56 PM
Averaging Time:		1.000s

364.400000	141.000000
364.405000	89.000000
364.410000	215.000000
364.415000	156.000000
364.420000	185.000000
364.425000	135.000000
364.430000	183.000000
364.435000	122.000000
364.440000	208.000000
364.445000	88.000000
364.450000	107.000000
364.455000	102.000000
364.460000	147.000000
364.465000	203.000000
364.470000	106.000000
364.475000	178.000000
364.480000	180.000000
364.485000	96.000000
364.490000	236.000000
364.495000	161.000000
364.500000	186.000000
364.505000	151.000000
364.510000	146.000000
364.515000	159.000000
364.520000	182.000000
364.525000	130.000000
364.530000	161.000000
364.535000	294.000000
364.540000	125.000000
364.545000	325.000000
364.550000	265.000000
364.555000	353.000000
364.560000	371.000000
364.565000	445.000000
364.570000	580.000000
364.575000	475.000000
364.580000	452.000000
364.585000	559.000000
364.590000	460.000000
364.595000	589.000000
364.600000	662.000000
364.605000	678.000000
364.610000	631.000000
364.615000	616.000000
364.620000	491.000000
364.625000	558.000000
364.630000	727.000000
364.635000	618.000000
364.640000	660.000000
364.645000	731.000000
364.650000	804.000000
364.655000	761.000000
364.660000	831.000000
364.665000	846.000000
364.670000	961.000000
364.675000	1090.000000
364.680000	1103.000000
364.685000	882.000000
364.690000	1152.000000
364.695000	1467.000000
364.700000	1342.000000
364.705000	1757.000000
364.710000	1882.000000
364.715000	2237.000000
364.720000	3530.000000
364.725000	5766.000000
364.730000	8030.000000
364.735000	15341.000000
364.740000	20960.000000
364.745000	31558.000000
364.750000	41247.000000
364.755000	53660.000000
364.760000	63168.000000
364.765000	81813.000000
364.770000	97590.000000
364.775000	130566.000000
364.780000	394960.000000
364.785000	656237.000000
364.790000	574561.000000
364.795000	253782.000000
364.800000	117250.000000
364.805000	68679.000000
364.810000	43235.000000
364.815000	26524.000000
364.820000	16565.000000
364.825000	9964.000000
364.830000	8697.000000
364.835000	7056.000000
364.840000	6527.000000
364.845000	5052.000000
364.850000	4896.000000
364.855000	4478.000000
364.860000	3888.000000
364.865000	3654.000000
364.870000	3408.000000
364.875000	3299.000000
364.880000	3082.000000
364.885000	2576.000000
364.890000	2639.000000
364.895000	2185.000000
364.900000	2277.000000
364.905000	2088.000000
364.910000	2038.000000
364.915000	1795.000000
364.920000	1879.000000
364.925000	1914.000000
364.930000	1447.000000
364.935000	1470.000000
364.940000	1528.000000
364.945000	1457.000000
364.950000	1556.000000
364.955000	1299.000000
364.960000	1250.000000
364.965000	1024.000000
364.970000	985.000000
364.975000	1054.000000
364.980000	909.000000
364.985000	904.000000
364.990000	1024.000000
364.995000	1022.000000
365.000000	1002.000000
365.005000	956.000000
365.010000	1039.000000
365.015000	1076.000000
365.020000	900.000000
365.025000	870.000000
365.030000	842.000000
365.035000	821.000000
365.040000	795.000000
365.045000	951.000000
365.050000	956.000000
365.055000	890.000000
365.060000	656.000000
365.065000	734.000000
365.070000	799.000000
365.075000	889.000000
365.080000	719.000000
365.085000	725.000000
365.090000	1005.000000
365.095000	908.000000
365.100000	738.000000
365.105000	662.000000
365.110000	763.000000
365.115000	925.000000
365.120000	753.000000
365.125000	752.000000
365.130000	846.000000
365.135000	826.000000
365.140000	967.000000
365.145000	896.000000
365.150000	952.000000
365.155000	847.000000
365.160000	1056.000000
365.165000	959.000000
365.170000	850.000000
365.175000	1188.000000
365.180000	1213.000000
365.185000	1365.000000
365.190000	1891.000000
365.195000	3096.000000
365.200000	4856.000000
365.205000	6542.000000
365.210000	8265.000000
365.215000	10995.000000
365.220000	13381.000000
365.225000	16025.000000
365.230000	18912.000000
365.235000	24965.000000
365.240000	48051.000000
365.245000	76859.000000
365.250000	141452.000000
365.255000	116462.000000
365.260000	57340.000000
365.265000	25197.000000
365.270000	14430.000000
365.275000	8359.000000
365.280000	4585.000000
365.285000	3548.000000
365.290000	2280.000000
365.295000	1739.000000
365.300000	1530.000000
365.305000	1285.000000
365.310000	1219.000000
365.315000	1213.000000
365.320000	1025.000000
365.325000	1265.000000
365.330000	1121.000000
365.335000	934.000000
365.340000	990.000000
365.345000	886.000000
365.350000	906.000000
365.355000	963.000000
365.360000	1037.000000
365.365000	1263.000000
365.370000	881.000000
365.375000	964.000000
365.380000	791.000000
365.385000	935.000000
365.390000	1002.000000
365.395000	804.000000
365.400000	666.000000
365.405000	658.000000
365.410000	775.000000
365.415000	821.000000
365.420000	711.000000
365.425000	834.000000
365.430000	917.000000
365.435000	850.000000
365.440000	785.000000
365.445000	826.000000
365.450000	715.000000
365.455000	730.000000
365.460000	858.000000
365.465000	680.000000
365.470000	986.000000
365.475000	682.000000
365.480000	854.000000
365.485000	1141.000000
365.490000	896.000000
365.495000	841.000000
365.500000	664.000000
365.505000	700.000000
365.510000	562.000000
365.515000	568.000000
365.520000	433.000000
365.525000	466.000000
365.530000	288.000000
365.535000	353.000000
365.540000	357.000000
365.545000	245.000000
365.550000	355.000000
365.555000	321.000000
365.560000	363.000000
365.565000	245.000000
365.570000	392.000000
365.575000	312.000000
365.580000	283.000000
365.585000	267.000000
365.590000	197.000000
365.595000	366.000000
365.600000	320.000000
