Sample ID:		None
Start Time:		Tue Jun 16 2020 3:06:17 PM
Averaging Time:		1.000s

364.400000	273.000000
364.405000	297.000000
364.410000	325.000000
364.415000	271.000000
364.420000	187.000000
364.425000	272.000000
364.430000	232.000000
364.435000	208.000000
364.440000	242.000000
364.445000	229.000000
364.450000	270.000000
364.455000	287.000000
364.460000	334.000000
364.465000	311.000000
364.470000	160.000000
364.475000	220.000000
364.480000	247.000000
364.485000	256.000000
364.490000	231.000000
364.495000	240.000000
364.500000	167.000000
364.505000	193.000000
364.510000	192.000000
364.515000	356.000000
364.520000	245.000000
364.525000	230.000000
364.530000	249.000000
364.535000	321.000000
364.540000	195.000000
364.545000	208.000000
364.550000	197.000000
364.555000	249.000000
364.560000	248.000000
364.565000	182.000000
364.570000	167.000000
364.575000	218.000000
364.580000	227.000000
364.585000	163.000000
364.590000	183.000000
364.595000	247.000000
364.600000	200.000000
364.605000	215.000000
364.610000	170.000000
364.615000	205.000000
364.620000	179.000000
364.625000	226.000000
364.630000	234.000000
364.635000	201.000000
364.640000	231.000000
364.645000	263.000000
364.650000	253.000000
364.655000	210.000000
364.660000	174.000000
364.665000	164.000000
364.670000	228.000000
364.675000	183.000000
364.680000	242.000000
364.685000	144.000000
364.690000	280.000000
364.695000	222.000000
364.700000	275.000000
364.705000	166.000000
364.710000	177.000000
364.715000	283.000000
364.720000	235.000000
364.725000	251.000000
364.730000	226.000000
364.735000	166.000000
364.740000	244.000000
364.745000	92.000000
364.750000	262.000000
364.755000	263.000000
364.760000	233.000000
364.765000	192.000000
364.770000	187.000000
364.775000	220.000000
364.780000	212.000000
364.785000	244.000000
364.790000	255.000000
364.795000	164.000000
364.800000	269.000000
364.805000	270.000000
364.810000	231.000000
364.815000	198.000000
364.820000	242.000000
364.825000	172.000000
364.830000	222.000000
364.835000	224.000000
364.840000	175.000000
364.845000	316.000000
364.850000	245.000000
364.855000	196.000000
364.860000	185.000000
364.865000	240.000000
364.870000	213.000000
364.875000	184.000000
364.880000	273.000000
364.885000	238.000000
364.890000	185.000000
364.895000	163.000000
364.900000	186.000000
364.905000	240.000000
364.910000	208.000000
364.915000	331.000000
364.920000	252.000000
364.925000	194.000000
364.930000	142.000000
364.935000	154.000000
364.940000	188.000000
364.945000	191.000000
364.950000	163.000000
364.955000	150.000000
364.960000	125.000000
364.965000	197.000000
364.970000	111.000000
364.975000	170.000000
364.980000	179.000000
364.985000	140.000000
364.990000	103.000000
364.995000	173.000000
365.000000	93.000000
365.005000	235.000000
365.010000	128.000000
365.015000	150.000000
365.020000	214.000000
365.025000	204.000000
365.030000	179.000000
365.035000	198.000000
365.040000	186.000000
365.045000	139.000000
365.050000	111.000000
365.055000	89.000000
365.060000	196.000000
365.065000	233.000000
365.070000	140.000000
365.075000	68.000000
365.080000	56.000000
365.085000	123.000000
365.090000	152.000000
365.095000	80.000000
365.100000	138.000000
365.105000	119.000000
365.110000	137.000000
365.115000	121.000000
365.120000	200.000000
365.125000	173.000000
365.130000	126.000000
365.135000	138.000000
365.140000	169.000000
365.145000	213.000000
365.150000	177.000000
365.155000	163.000000
365.160000	185.000000
365.165000	122.000000
365.170000	216.000000
365.175000	222.000000
365.180000	104.000000
365.185000	109.000000
365.190000	200.000000
365.195000	192.000000
365.200000	140.000000
365.205000	133.000000
365.210000	195.000000
365.215000	91.000000
365.220000	118.000000
365.225000	210.000000
365.230000	145.000000
365.235000	66.000000
365.240000	79.000000
365.245000	113.000000
365.250000	129.000000
365.255000	163.000000
365.260000	125.000000
365.265000	191.000000
365.270000	153.000000
365.275000	203.000000
365.280000	151.000000
365.285000	102.000000
365.290000	131.000000
365.295000	142.000000
365.300000	130.000000
365.305000	177.000000
365.310000	92.000000
365.315000	153.000000
365.320000	71.000000
365.325000	208.000000
365.330000	169.000000
365.335000	150.000000
365.340000	196.000000
365.345000	171.000000
365.350000	158.000000
365.355000	153.000000
365.360000	140.000000
365.365000	135.000000
365.370000	144.000000
365.375000	158.000000
365.380000	106.000000
365.385000	188.000000
365.390000	163.000000
365.395000	158.000000
365.400000	216.000000
365.405000	159.000000
365.410000	165.000000
365.415000	121.000000
365.420000	136.000000
365.425000	132.000000
365.430000	70.000000
365.435000	234.000000
365.440000	124.000000
365.445000	97.000000
365.450000	52.000000
365.455000	158.000000
365.460000	183.000000
365.465000	146.000000
365.470000	214.000000
365.475000	224.000000
365.480000	86.000000
365.485000	159.000000
365.490000	191.000000
365.495000	106.000000
365.500000	113.000000
365.505000	170.000000
365.510000	194.000000
365.515000	101.000000
365.520000	170.000000
365.525000	205.000000
365.530000	200.000000
365.535000	122.000000
365.540000	105.000000
365.545000	152.000000
365.550000	200.000000
365.555000	155.000000
365.560000	193.000000
365.565000	152.000000
365.570000	134.000000
365.575000	151.000000
365.580000	90.000000
365.585000	95.000000
365.590000	136.000000
365.595000	157.000000
365.600000	156.000000
