Sample ID:		None
Start Time:		Tue Jun 16 2020 1:57:08 PM
Averaging Time:		1.000s

364.400000	1045.000000
364.405000	797.000000
364.410000	829.000000
364.415000	777.000000
364.420000	812.000000
364.425000	783.000000
364.430000	654.000000
364.435000	684.000000
364.440000	760.000000
364.445000	516.000000
364.450000	608.000000
364.455000	447.000000
364.460000	479.000000
364.465000	359.000000
364.470000	383.000000
364.475000	242.000000
364.480000	271.000000
364.485000	546.000000
364.490000	397.000000
364.495000	303.000000
364.500000	334.000000
364.505000	309.000000
364.510000	237.000000
364.515000	414.000000
364.520000	347.000000
364.525000	332.000000
364.530000	337.000000
364.535000	261.000000
364.540000	238.000000
364.545000	337.000000
364.550000	357.000000
364.555000	314.000000
364.560000	277.000000
364.565000	414.000000
364.570000	371.000000
364.575000	340.000000
364.580000	354.000000
364.585000	234.000000
364.590000	267.000000
364.595000	266.000000
364.600000	256.000000
364.605000	301.000000
364.610000	213.000000
364.615000	409.000000
364.620000	193.000000
364.625000	339.000000
364.630000	312.000000
364.635000	227.000000
364.640000	259.000000
364.645000	334.000000
364.650000	223.000000
364.655000	302.000000
364.660000	280.000000
364.665000	242.000000
364.670000	299.000000
364.675000	199.000000
364.680000	223.000000
364.685000	270.000000
364.690000	239.000000
364.695000	243.000000
364.700000	253.000000
364.705000	193.000000
364.710000	201.000000
364.715000	228.000000
364.720000	268.000000
364.725000	210.000000
364.730000	229.000000
364.735000	264.000000
364.740000	264.000000
364.745000	273.000000
364.750000	347.000000
364.755000	238.000000
364.760000	311.000000
364.765000	240.000000
364.770000	233.000000
364.775000	291.000000
364.780000	215.000000
364.785000	255.000000
364.790000	240.000000
364.795000	257.000000
364.800000	248.000000
364.805000	250.000000
364.810000	303.000000
364.815000	279.000000
364.820000	323.000000
364.825000	354.000000
364.830000	495.000000
364.835000	302.000000
364.840000	351.000000
364.845000	238.000000
364.850000	346.000000
364.855000	411.000000
364.860000	408.000000
364.865000	422.000000
364.870000	439.000000
364.875000	368.000000
364.880000	390.000000
364.885000	369.000000
364.890000	415.000000
364.895000	323.000000
364.900000	406.000000
364.905000	375.000000
364.910000	344.000000
364.915000	416.000000
364.920000	512.000000
364.925000	811.000000
364.930000	894.000000
364.935000	982.000000
364.940000	1064.000000
364.945000	1711.000000
364.950000	2256.000000
364.955000	2485.000000
364.960000	2706.000000
364.965000	4167.000000
364.970000	6900.000000
364.975000	11287.000000
364.980000	21790.000000
364.985000	22199.000000
364.990000	15228.000000
364.995000	13428.000000
365.000000	12013.000000
365.005000	21341.000000
365.010000	23801.000000
365.015000	40868.000000
365.020000	106935.000000
365.025000	32617.000000
365.030000	25106.000000
365.035000	13740.000000
365.040000	8168.000000
365.045000	4085.000000
365.050000	2809.000000
365.055000	1858.000000
365.060000	1134.000000
365.065000	898.000000
365.070000	882.000000
365.075000	563.000000
365.080000	712.000000
365.085000	743.000000
365.090000	749.000000
365.095000	617.000000
365.100000	664.000000
365.105000	510.000000
365.110000	395.000000
365.115000	419.000000
365.120000	362.000000
365.125000	429.000000
365.130000	337.000000
365.135000	388.000000
365.140000	352.000000
365.145000	298.000000
365.150000	409.000000
365.155000	333.000000
365.160000	311.000000
365.165000	278.000000
365.170000	191.000000
365.175000	232.000000
365.180000	395.000000
365.185000	338.000000
365.190000	185.000000
365.195000	250.000000
365.200000	276.000000
365.205000	146.000000
365.210000	349.000000
365.215000	288.000000
365.220000	213.000000
365.225000	296.000000
365.230000	253.000000
365.235000	179.000000
365.240000	185.000000
365.245000	226.000000
365.250000	266.000000
365.255000	287.000000
365.260000	356.000000
365.265000	220.000000
365.270000	312.000000
365.275000	239.000000
365.280000	265.000000
365.285000	300.000000
365.290000	228.000000
365.295000	299.000000
365.300000	230.000000
365.305000	242.000000
365.310000	237.000000
365.315000	292.000000
365.320000	269.000000
365.325000	333.000000
365.330000	199.000000
365.335000	149.000000
365.340000	360.000000
365.345000	322.000000
365.350000	279.000000
365.355000	255.000000
365.360000	219.000000
365.365000	200.000000
365.370000	153.000000
365.375000	294.000000
365.380000	257.000000
365.385000	225.000000
365.390000	159.000000
365.395000	176.000000
365.400000	258.000000
365.405000	165.000000
365.410000	198.000000
365.415000	220.000000
365.420000	274.000000
365.425000	179.000000
365.430000	270.000000
365.435000	258.000000
365.440000	228.000000
365.445000	224.000000
365.450000	192.000000
365.455000	261.000000
365.460000	220.000000
365.465000	117.000000
365.470000	131.000000
365.475000	298.000000
365.480000	283.000000
365.485000	124.000000
365.490000	123.000000
365.495000	241.000000
365.500000	195.000000
365.505000	176.000000
365.510000	256.000000
365.515000	202.000000
365.520000	193.000000
365.525000	201.000000
365.530000	285.000000
365.535000	220.000000
365.540000	188.000000
365.545000	213.000000
365.550000	256.000000
365.555000	195.000000
365.560000	170.000000
365.565000	158.000000
365.570000	288.000000
365.575000	280.000000
365.580000	313.000000
365.585000	187.000000
365.590000	236.000000
365.595000	191.000000
365.600000	152.000000
