Sample ID:		None
Start Time:		Tue Jun 16 2020 2:22:16 PM
Averaging Time:		1.000s

364.400000	339.000000
364.405000	190.000000
364.410000	514.000000
364.415000	288.000000
364.420000	187.000000
364.425000	268.000000
364.430000	332.000000
364.435000	209.000000
364.440000	298.000000
364.445000	233.000000
364.450000	243.000000
364.455000	299.000000
364.460000	241.000000
364.465000	201.000000
364.470000	280.000000
364.475000	362.000000
364.480000	378.000000
364.485000	298.000000
364.490000	215.000000
364.495000	322.000000
364.500000	317.000000
364.505000	279.000000
364.510000	239.000000
364.515000	314.000000
364.520000	253.000000
364.525000	342.000000
364.530000	337.000000
364.535000	459.000000
364.540000	410.000000
364.545000	427.000000
364.550000	408.000000
364.555000	444.000000
364.560000	319.000000
364.565000	379.000000
364.570000	431.000000
364.575000	399.000000
364.580000	478.000000
364.585000	386.000000
364.590000	329.000000
364.595000	402.000000
364.600000	290.000000
364.605000	466.000000
364.610000	492.000000
364.615000	609.000000
364.620000	972.000000
364.625000	1089.000000
364.630000	1281.000000
364.635000	1829.000000
364.640000	2103.000000
364.645000	2381.000000
364.650000	3115.000000
364.655000	4081.000000
364.660000	7501.000000
364.665000	11511.000000
364.670000	21827.000000
364.675000	21153.000000
364.680000	14744.000000
364.685000	13398.000000
364.690000	12931.000000
364.695000	16206.000000
364.700000	29210.000000
364.705000	41587.000000
364.710000	106134.000000
364.715000	51867.000000
364.720000	25930.000000
364.725000	14457.000000
364.730000	7887.000000
364.735000	4478.000000
364.740000	2655.000000
364.745000	1796.000000
364.750000	1065.000000
364.755000	993.000000
364.760000	674.000000
364.765000	709.000000
364.770000	588.000000
364.775000	719.000000
364.780000	504.000000
364.785000	518.000000
364.790000	530.000000
364.795000	475.000000
364.800000	509.000000
364.805000	498.000000
364.810000	563.000000
364.815000	462.000000
364.820000	319.000000
364.825000	418.000000
364.830000	343.000000
364.835000	398.000000
364.840000	442.000000
364.845000	283.000000
364.850000	598.000000
364.855000	285.000000
364.860000	396.000000
364.865000	305.000000
364.870000	289.000000
364.875000	341.000000
364.880000	332.000000
364.885000	298.000000
364.890000	285.000000
364.895000	226.000000
364.900000	294.000000
364.905000	349.000000
364.910000	235.000000
364.915000	339.000000
364.920000	273.000000
364.925000	285.000000
364.930000	239.000000
364.935000	292.000000
364.940000	263.000000
364.945000	275.000000
364.950000	226.000000
364.955000	204.000000
364.960000	275.000000
364.965000	330.000000
364.970000	277.000000
364.975000	343.000000
364.980000	250.000000
364.985000	151.000000
364.990000	281.000000
364.995000	285.000000
365.000000	225.000000
365.005000	167.000000
365.010000	166.000000
365.015000	167.000000
365.020000	217.000000
365.025000	313.000000
365.030000	305.000000
365.035000	257.000000
365.040000	233.000000
365.045000	169.000000
365.050000	223.000000
365.055000	186.000000
365.060000	200.000000
365.065000	214.000000
365.070000	318.000000
365.075000	276.000000
365.080000	209.000000
365.085000	244.000000
365.090000	203.000000
365.095000	212.000000
365.100000	218.000000
365.105000	280.000000
365.110000	234.000000
365.115000	242.000000
365.120000	113.000000
365.125000	236.000000
365.130000	202.000000
365.135000	254.000000
365.140000	203.000000
365.145000	202.000000
365.150000	176.000000
365.155000	243.000000
365.160000	192.000000
365.165000	190.000000
365.170000	175.000000
365.175000	182.000000
365.180000	216.000000
365.185000	257.000000
365.190000	267.000000
365.195000	250.000000
365.200000	217.000000
365.205000	184.000000
365.210000	148.000000
365.215000	202.000000
365.220000	262.000000
365.225000	188.000000
365.230000	221.000000
365.235000	215.000000
365.240000	292.000000
365.245000	143.000000
365.250000	165.000000
365.255000	254.000000
365.260000	308.000000
365.265000	145.000000
365.270000	216.000000
365.275000	236.000000
365.280000	287.000000
365.285000	226.000000
365.290000	188.000000
365.295000	134.000000
365.300000	218.000000
365.305000	210.000000
365.310000	174.000000
365.315000	196.000000
365.320000	317.000000
365.325000	214.000000
365.330000	237.000000
365.335000	308.000000
365.340000	270.000000
365.345000	224.000000
365.350000	211.000000
365.355000	268.000000
365.360000	203.000000
365.365000	240.000000
365.370000	325.000000
365.375000	196.000000
365.380000	215.000000
365.385000	227.000000
365.390000	246.000000
365.395000	205.000000
365.400000	203.000000
365.405000	272.000000
365.410000	304.000000
365.415000	211.000000
365.420000	283.000000
365.425000	122.000000
365.430000	188.000000
365.435000	152.000000
365.440000	163.000000
365.445000	108.000000
365.450000	158.000000
365.455000	173.000000
365.460000	132.000000
365.465000	98.000000
365.470000	140.000000
365.475000	245.000000
365.480000	225.000000
365.485000	103.000000
365.490000	163.000000
365.495000	127.000000
365.500000	155.000000
365.505000	264.000000
365.510000	172.000000
365.515000	155.000000
365.520000	168.000000
365.525000	163.000000
365.530000	185.000000
365.535000	157.000000
365.540000	131.000000
365.545000	178.000000
365.550000	92.000000
365.555000	147.000000
365.560000	143.000000
365.565000	137.000000
365.570000	221.000000
365.575000	109.000000
365.580000	128.000000
365.585000	143.000000
365.590000	201.000000
365.595000	108.000000
365.600000	224.000000
