Sample ID:		None
Start Time:		Tue Jun 16 2020 2:09:42 PM
Averaging Time:		1.000s

364.400000	328.000000
364.405000	246.000000
364.410000	345.000000
364.415000	259.000000
364.420000	242.000000
364.425000	257.000000
364.430000	264.000000
364.435000	243.000000
364.440000	282.000000
364.445000	239.000000
364.450000	253.000000
364.455000	303.000000
364.460000	202.000000
364.465000	239.000000
364.470000	213.000000
364.475000	287.000000
364.480000	276.000000
364.485000	212.000000
364.490000	327.000000
364.495000	256.000000
364.500000	339.000000
364.505000	151.000000
364.510000	222.000000
364.515000	338.000000
364.520000	358.000000
364.525000	265.000000
364.530000	287.000000
364.535000	241.000000
364.540000	254.000000
364.545000	239.000000
364.550000	248.000000
364.555000	276.000000
364.560000	196.000000
364.565000	229.000000
364.570000	196.000000
364.575000	242.000000
364.580000	193.000000
364.585000	238.000000
364.590000	369.000000
364.595000	289.000000
364.600000	332.000000
364.605000	254.000000
364.610000	276.000000
364.615000	295.000000
364.620000	398.000000
364.625000	205.000000
364.630000	278.000000
364.635000	365.000000
364.640000	362.000000
364.645000	212.000000
364.650000	364.000000
364.655000	372.000000
364.660000	299.000000
364.665000	349.000000
364.670000	345.000000
364.675000	326.000000
364.680000	365.000000
364.685000	399.000000
364.690000	339.000000
364.695000	362.000000
364.700000	423.000000
364.705000	300.000000
364.710000	391.000000
364.715000	364.000000
364.720000	339.000000
364.725000	454.000000
364.730000	516.000000
364.735000	362.000000
364.740000	398.000000
364.745000	546.000000
364.750000	446.000000
364.755000	682.000000
364.760000	556.000000
364.765000	909.000000
364.770000	871.000000
364.775000	1155.000000
364.780000	1571.000000
364.785000	1857.000000
364.790000	2025.000000
364.795000	2874.000000
364.800000	3960.000000
364.805000	5518.000000
364.810000	9706.000000
364.815000	17235.000000
364.820000	23963.000000
364.825000	14020.000000
364.830000	13597.000000
364.835000	12793.000000
364.840000	13355.000000
364.845000	17714.000000
364.850000	26305.000000
364.855000	77334.000000
364.860000	100926.000000
364.865000	38906.000000
364.870000	18116.000000
364.875000	9884.000000
364.880000	5694.000000
364.885000	2718.000000
364.890000	1792.000000
364.895000	1225.000000
364.900000	861.000000
364.905000	990.000000
364.910000	760.000000
364.915000	718.000000
364.920000	732.000000
364.925000	713.000000
364.930000	481.000000
364.935000	442.000000
364.940000	382.000000
364.945000	469.000000
364.950000	399.000000
364.955000	547.000000
364.960000	548.000000
364.965000	365.000000
364.970000	716.000000
364.975000	314.000000
364.980000	421.000000
364.985000	395.000000
364.990000	266.000000
364.995000	306.000000
365.000000	367.000000
365.005000	299.000000
365.010000	382.000000
365.015000	347.000000
365.020000	300.000000
365.025000	342.000000
365.030000	330.000000
365.035000	259.000000
365.040000	295.000000
365.045000	284.000000
365.050000	286.000000
365.055000	298.000000
365.060000	217.000000
365.065000	285.000000
365.070000	217.000000
365.075000	194.000000
365.080000	201.000000
365.085000	291.000000
365.090000	334.000000
365.095000	213.000000
365.100000	280.000000
365.105000	425.000000
365.110000	255.000000
365.115000	299.000000
365.120000	295.000000
365.125000	358.000000
365.130000	249.000000
365.135000	234.000000
365.140000	221.000000
365.145000	225.000000
365.150000	295.000000
365.155000	249.000000
365.160000	264.000000
365.165000	210.000000
365.170000	205.000000
365.175000	241.000000
365.180000	149.000000
365.185000	197.000000
365.190000	314.000000
365.195000	285.000000
365.200000	275.000000
365.205000	278.000000
365.210000	235.000000
365.215000	254.000000
365.220000	300.000000
365.225000	218.000000
365.230000	241.000000
365.235000	205.000000
365.240000	231.000000
365.245000	209.000000
365.250000	158.000000
365.255000	262.000000
365.260000	336.000000
365.265000	212.000000
365.270000	136.000000
365.275000	258.000000
365.280000	270.000000
365.285000	206.000000
365.290000	256.000000
365.295000	165.000000
365.300000	104.000000
365.305000	236.000000
365.310000	313.000000
365.315000	157.000000
365.320000	260.000000
365.325000	233.000000
365.330000	182.000000
365.335000	239.000000
365.340000	93.000000
365.345000	163.000000
365.350000	189.000000
365.355000	251.000000
365.360000	198.000000
365.365000	194.000000
365.370000	224.000000
365.375000	268.000000
365.380000	222.000000
365.385000	190.000000
365.390000	152.000000
365.395000	209.000000
365.400000	276.000000
365.405000	159.000000
365.410000	121.000000
365.415000	275.000000
365.420000	287.000000
365.425000	205.000000
365.430000	275.000000
365.435000	141.000000
365.440000	224.000000
365.445000	173.000000
365.450000	284.000000
365.455000	187.000000
365.460000	265.000000
365.465000	363.000000
365.470000	172.000000
365.475000	163.000000
365.480000	212.000000
365.485000	304.000000
365.490000	192.000000
365.495000	180.000000
365.500000	146.000000
365.505000	206.000000
365.510000	276.000000
365.515000	261.000000
365.520000	227.000000
365.525000	178.000000
365.530000	243.000000
365.535000	222.000000
365.540000	190.000000
365.545000	226.000000
365.550000	210.000000
365.555000	160.000000
365.560000	179.000000
365.565000	241.000000
365.570000	142.000000
365.575000	197.000000
365.580000	168.000000
365.585000	128.000000
365.590000	182.000000
365.595000	155.000000
365.600000	138.000000
