Sample ID:		None
Start Time:		Tue Jun 16 2020 3:12:34 PM
Averaging Time:		1.000s

364.400000	224.000000
364.405000	229.000000
364.410000	280.000000
364.415000	250.000000
364.420000	228.000000
364.425000	322.000000
364.430000	301.000000
364.435000	155.000000
364.440000	178.000000
364.445000	340.000000
364.450000	334.000000
364.455000	233.000000
364.460000	171.000000
364.465000	328.000000
364.470000	195.000000
364.475000	236.000000
364.480000	370.000000
364.485000	228.000000
364.490000	167.000000
364.495000	224.000000
364.500000	166.000000
364.505000	249.000000
364.510000	297.000000
364.515000	228.000000
364.520000	160.000000
364.525000	184.000000
364.530000	323.000000
364.535000	253.000000
364.540000	288.000000
364.545000	178.000000
364.550000	202.000000
364.555000	271.000000
364.560000	135.000000
364.565000	198.000000
364.570000	185.000000
364.575000	263.000000
364.580000	161.000000
364.585000	241.000000
364.590000	197.000000
364.595000	224.000000
364.600000	134.000000
364.605000	195.000000
364.610000	183.000000
364.615000	218.000000
364.620000	203.000000
364.625000	240.000000
364.630000	162.000000
364.635000	224.000000
364.640000	228.000000
364.645000	239.000000
364.650000	237.000000
364.655000	177.000000
364.660000	231.000000
364.665000	219.000000
364.670000	125.000000
364.675000	213.000000
364.680000	246.000000
364.685000	306.000000
364.690000	231.000000
364.695000	162.000000
364.700000	197.000000
364.705000	262.000000
364.710000	398.000000
364.715000	239.000000
364.720000	237.000000
364.725000	277.000000
364.730000	178.000000
364.735000	230.000000
364.740000	153.000000
364.745000	180.000000
364.750000	139.000000
364.755000	131.000000
364.760000	193.000000
364.765000	218.000000
364.770000	193.000000
364.775000	163.000000
364.780000	256.000000
364.785000	164.000000
364.790000	244.000000
364.795000	248.000000
364.800000	253.000000
364.805000	150.000000
364.810000	201.000000
364.815000	188.000000
364.820000	306.000000
364.825000	287.000000
364.830000	178.000000
364.835000	215.000000
364.840000	189.000000
364.845000	270.000000
364.850000	248.000000
364.855000	205.000000
364.860000	230.000000
364.865000	116.000000
364.870000	155.000000
364.875000	175.000000
364.880000	94.000000
364.885000	70.000000
364.890000	140.000000
364.895000	125.000000
364.900000	165.000000
364.905000	173.000000
364.910000	229.000000
364.915000	136.000000
364.920000	147.000000
364.925000	161.000000
364.930000	174.000000
364.935000	170.000000
364.940000	144.000000
364.945000	108.000000
364.950000	153.000000
364.955000	161.000000
364.960000	150.000000
364.965000	199.000000
364.970000	140.000000
364.975000	123.000000
364.980000	141.000000
364.985000	86.000000
364.990000	178.000000
364.995000	103.000000
365.000000	84.000000
365.005000	103.000000
365.010000	99.000000
365.015000	224.000000
365.020000	104.000000
365.025000	169.000000
365.030000	261.000000
365.035000	197.000000
365.040000	110.000000
365.045000	97.000000
365.050000	172.000000
365.055000	106.000000
365.060000	235.000000
365.065000	122.000000
365.070000	180.000000
365.075000	185.000000
365.080000	143.000000
365.085000	128.000000
365.090000	149.000000
365.095000	187.000000
365.100000	143.000000
365.105000	149.000000
365.110000	233.000000
365.115000	167.000000
365.120000	250.000000
365.125000	160.000000
365.130000	130.000000
365.135000	141.000000
365.140000	184.000000
365.145000	144.000000
365.150000	178.000000
365.155000	132.000000
365.160000	141.000000
365.165000	122.000000
365.170000	238.000000
365.175000	84.000000
365.180000	152.000000
365.185000	155.000000
365.190000	222.000000
365.195000	133.000000
365.200000	117.000000
365.205000	219.000000
365.210000	110.000000
365.215000	180.000000
365.220000	132.000000
365.225000	228.000000
365.230000	177.000000
365.235000	77.000000
365.240000	95.000000
365.245000	122.000000
365.250000	142.000000
365.255000	129.000000
365.260000	168.000000
365.265000	145.000000
365.270000	74.000000
365.275000	85.000000
365.280000	102.000000
365.285000	219.000000
365.290000	143.000000
365.295000	197.000000
365.300000	121.000000
365.305000	190.000000
365.310000	111.000000
365.315000	95.000000
365.320000	153.000000
365.325000	125.000000
365.330000	195.000000
365.335000	119.000000
365.340000	169.000000
365.345000	148.000000
365.350000	153.000000
365.355000	120.000000
365.360000	186.000000
365.365000	102.000000
365.370000	160.000000
365.375000	130.000000
365.380000	170.000000
365.385000	195.000000
365.390000	111.000000
365.395000	120.000000
365.400000	120.000000
365.405000	149.000000
365.410000	229.000000
365.415000	122.000000
365.420000	120.000000
365.425000	170.000000
365.430000	131.000000
365.435000	212.000000
365.440000	144.000000
365.445000	78.000000
365.450000	201.000000
365.455000	213.000000
365.460000	188.000000
365.465000	229.000000
365.470000	132.000000
365.475000	98.000000
365.480000	124.000000
365.485000	121.000000
365.490000	183.000000
365.495000	133.000000
365.500000	101.000000
365.505000	158.000000
365.510000	163.000000
365.515000	128.000000
365.520000	132.000000
365.525000	181.000000
365.530000	166.000000
365.535000	139.000000
365.540000	184.000000
365.545000	190.000000
365.550000	153.000000
365.555000	109.000000
365.560000	191.000000
365.565000	190.000000
365.570000	157.000000
365.575000	178.000000
365.580000	215.000000
365.585000	112.000000
365.590000	106.000000
365.595000	94.000000
365.600000	135.000000
