Sample ID:		None
Start Time:		Tue Jun 16 2020 2:59:59 PM
Averaging Time:		1.000s

364.400000	293.000000
364.405000	383.000000
364.410000	383.000000
364.415000	353.000000
364.420000	357.000000
364.425000	451.000000
364.430000	374.000000
364.435000	260.000000
364.440000	341.000000
364.445000	267.000000
364.450000	351.000000
364.455000	413.000000
364.460000	369.000000
364.465000	335.000000
364.470000	230.000000
364.475000	320.000000
364.480000	440.000000
364.485000	335.000000
364.490000	303.000000
364.495000	256.000000
364.500000	218.000000
364.505000	200.000000
364.510000	216.000000
364.515000	313.000000
364.520000	156.000000
364.525000	318.000000
364.530000	259.000000
364.535000	275.000000
364.540000	260.000000
364.545000	283.000000
364.550000	238.000000
364.555000	289.000000
364.560000	169.000000
364.565000	322.000000
364.570000	366.000000
364.575000	166.000000
364.580000	265.000000
364.585000	241.000000
364.590000	220.000000
364.595000	207.000000
364.600000	279.000000
364.605000	299.000000
364.610000	233.000000
364.615000	220.000000
364.620000	231.000000
364.625000	150.000000
364.630000	280.000000
364.635000	284.000000
364.640000	321.000000
364.645000	235.000000
364.650000	213.000000
364.655000	334.000000
364.660000	159.000000
364.665000	185.000000
364.670000	285.000000
364.675000	222.000000
364.680000	233.000000
364.685000	259.000000
364.690000	270.000000
364.695000	229.000000
364.700000	206.000000
364.705000	198.000000
364.710000	215.000000
364.715000	234.000000
364.720000	217.000000
364.725000	238.000000
364.730000	223.000000
364.735000	261.000000
364.740000	198.000000
364.745000	215.000000
364.750000	320.000000
364.755000	160.000000
364.760000	247.000000
364.765000	247.000000
364.770000	180.000000
364.775000	258.000000
364.780000	278.000000
364.785000	200.000000
364.790000	240.000000
364.795000	225.000000
364.800000	173.000000
364.805000	208.000000
364.810000	132.000000
364.815000	216.000000
364.820000	142.000000
364.825000	197.000000
364.830000	177.000000
364.835000	233.000000
364.840000	177.000000
364.845000	290.000000
364.850000	214.000000
364.855000	267.000000
364.860000	251.000000
364.865000	188.000000
364.870000	196.000000
364.875000	169.000000
364.880000	208.000000
364.885000	221.000000
364.890000	273.000000
364.895000	169.000000
364.900000	346.000000
364.905000	247.000000
364.910000	209.000000
364.915000	222.000000
364.920000	163.000000
364.925000	240.000000
364.930000	164.000000
364.935000	213.000000
364.940000	186.000000
364.945000	243.000000
364.950000	158.000000
364.955000	194.000000
364.960000	160.000000
364.965000	273.000000
364.970000	250.000000
364.975000	290.000000
364.980000	170.000000
364.985000	177.000000
364.990000	242.000000
364.995000	179.000000
365.000000	270.000000
365.005000	288.000000
365.010000	237.000000
365.015000	209.000000
365.020000	243.000000
365.025000	150.000000
365.030000	179.000000
365.035000	176.000000
365.040000	146.000000
365.045000	207.000000
365.050000	136.000000
365.055000	167.000000
365.060000	198.000000
365.065000	118.000000
365.070000	111.000000
365.075000	183.000000
365.080000	119.000000
365.085000	164.000000
365.090000	157.000000
365.095000	138.000000
365.100000	110.000000
365.105000	174.000000
365.110000	97.000000
365.115000	132.000000
365.120000	265.000000
365.125000	122.000000
365.130000	160.000000
365.135000	138.000000
365.140000	190.000000
365.145000	117.000000
365.150000	132.000000
365.155000	183.000000
365.160000	191.000000
365.165000	151.000000
365.170000	169.000000
365.175000	149.000000
365.180000	95.000000
365.185000	177.000000
365.190000	140.000000
365.195000	231.000000
365.200000	135.000000
365.205000	200.000000
365.210000	139.000000
365.215000	200.000000
365.220000	102.000000
365.225000	101.000000
365.230000	114.000000
365.235000	162.000000
365.240000	149.000000
365.245000	135.000000
365.250000	143.000000
365.255000	139.000000
365.260000	170.000000
365.265000	114.000000
365.270000	141.000000
365.275000	151.000000
365.280000	181.000000
365.285000	155.000000
365.290000	169.000000
365.295000	29.000000
365.300000	164.000000
365.305000	179.000000
365.310000	154.000000
365.315000	189.000000
365.320000	185.000000
365.325000	156.000000
365.330000	168.000000
365.335000	114.000000
365.340000	227.000000
365.345000	176.000000
365.350000	199.000000
365.355000	152.000000
365.360000	240.000000
365.365000	109.000000
365.370000	92.000000
365.375000	227.000000
365.380000	163.000000
365.385000	133.000000
365.390000	158.000000
365.395000	121.000000
365.400000	167.000000
365.405000	224.000000
365.410000	149.000000
365.415000	189.000000
365.420000	105.000000
365.425000	143.000000
365.430000	321.000000
365.435000	198.000000
365.440000	129.000000
365.445000	152.000000
365.450000	140.000000
365.455000	234.000000
365.460000	157.000000
365.465000	169.000000
365.470000	148.000000
365.475000	66.000000
365.480000	102.000000
365.485000	156.000000
365.490000	96.000000
365.495000	238.000000
365.500000	223.000000
365.505000	176.000000
365.510000	125.000000
365.515000	141.000000
365.520000	179.000000
365.525000	193.000000
365.530000	154.000000
365.535000	151.000000
365.540000	229.000000
365.545000	151.000000
365.550000	140.000000
365.555000	107.000000
365.560000	124.000000
365.565000	156.000000
365.570000	128.000000
365.575000	124.000000
365.580000	138.000000
365.585000	119.000000
365.590000	107.000000
365.595000	150.000000
365.600000	236.000000
