Sample ID:		None
Start Time:		Tue Jun 16 2020 1:00:32 PM
Averaging Time:		1.000s

364.400000	555.000000
364.405000	607.000000
364.410000	689.000000
364.415000	638.000000
364.420000	839.000000
364.425000	778.000000
364.430000	562.000000
364.435000	775.000000
364.440000	772.000000
364.445000	830.000000
364.450000	837.000000
364.455000	819.000000
364.460000	803.000000
364.465000	1023.000000
364.470000	1035.000000
364.475000	1087.000000
364.480000	1121.000000
364.485000	1662.000000
364.490000	1872.000000
364.495000	2131.000000
364.500000	2728.000000
364.505000	3199.000000
364.510000	5662.000000
364.515000	8971.000000
364.520000	14177.000000
364.525000	24615.000000
364.530000	31985.000000
364.535000	46045.000000
364.540000	55528.000000
364.545000	67720.000000
364.550000	78205.000000
364.555000	105003.000000
364.560000	143143.000000
364.565000	314775.000000
364.570000	551485.000000
364.575000	425862.000000
364.580000	204769.000000
364.585000	102598.000000
364.590000	66298.000000
364.595000	39693.000000
364.600000	24572.000000
364.605000	15588.000000
364.610000	11422.000000
364.615000	7247.000000
364.620000	6556.000000
364.625000	6070.000000
364.630000	5188.000000
364.635000	4938.000000
364.640000	4345.000000
364.645000	4322.000000
364.650000	4098.000000
364.655000	3593.000000
364.660000	3270.000000
364.665000	2944.000000
364.670000	2820.000000
364.675000	2483.000000
364.680000	2471.000000
364.685000	2381.000000
364.690000	2341.000000
364.695000	1884.000000
364.700000	1972.000000
364.705000	1799.000000
364.710000	1971.000000
364.715000	1362.000000
364.720000	1750.000000
364.725000	1685.000000
364.730000	1626.000000
364.735000	1486.000000
364.740000	1173.000000
364.745000	1057.000000
364.750000	1082.000000
364.755000	1145.000000
364.760000	950.000000
364.765000	1081.000000
364.770000	857.000000
364.775000	1040.000000
364.780000	996.000000
364.785000	982.000000
364.790000	864.000000
364.795000	915.000000
364.800000	991.000000
364.805000	1218.000000
364.810000	813.000000
364.815000	796.000000
364.820000	918.000000
364.825000	999.000000
364.830000	844.000000
364.835000	978.000000
364.840000	930.000000
364.845000	1036.000000
364.850000	843.000000
364.855000	670.000000
364.860000	1015.000000
364.865000	867.000000
364.870000	970.000000
364.875000	833.000000
364.880000	659.000000
364.885000	690.000000
364.890000	915.000000
364.895000	753.000000
364.900000	857.000000
364.905000	843.000000
364.910000	825.000000
364.915000	780.000000
364.920000	793.000000
364.925000	903.000000
364.930000	965.000000
364.935000	754.000000
364.940000	848.000000
364.945000	759.000000
364.950000	1015.000000
364.955000	985.000000
364.960000	1036.000000
364.965000	1257.000000
364.970000	1539.000000
364.975000	2154.000000
364.980000	3074.000000
364.985000	4798.000000
364.990000	6992.000000
364.995000	9085.000000
365.000000	11094.000000
365.005000	13584.000000
365.010000	17075.000000
365.015000	22814.000000
365.020000	28296.000000
365.025000	45971.000000
365.030000	91042.000000
365.035000	124047.000000
365.040000	91452.000000
365.045000	47564.000000
365.050000	19764.000000
365.055000	13393.000000
365.060000	7621.000000
365.065000	4693.000000
365.070000	2997.000000
365.075000	2277.000000
365.080000	1558.000000
365.085000	1447.000000
365.090000	1433.000000
365.095000	1371.000000
365.100000	1156.000000
365.105000	1097.000000
365.110000	1070.000000
365.115000	1302.000000
365.120000	1074.000000
365.125000	1041.000000
365.130000	1113.000000
365.135000	976.000000
365.140000	1082.000000
365.145000	1067.000000
365.150000	1070.000000
365.155000	887.000000
365.160000	868.000000
365.165000	963.000000
365.170000	886.000000
365.175000	772.000000
365.180000	641.000000
365.185000	597.000000
365.190000	782.000000
365.195000	565.000000
365.200000	663.000000
365.205000	697.000000
365.210000	748.000000
365.215000	809.000000
365.220000	781.000000
365.225000	743.000000
365.230000	709.000000
365.235000	724.000000
365.240000	890.000000
365.245000	737.000000
365.250000	818.000000
365.255000	835.000000
365.260000	749.000000
365.265000	670.000000
365.270000	776.000000
365.275000	775.000000
365.280000	561.000000
365.285000	755.000000
365.290000	712.000000
365.295000	595.000000
365.300000	585.000000
365.305000	509.000000
365.310000	386.000000
365.315000	358.000000
365.320000	288.000000
365.325000	389.000000
365.330000	366.000000
365.335000	278.000000
365.340000	261.000000
365.345000	299.000000
365.350000	231.000000
365.355000	171.000000
365.360000	303.000000
365.365000	306.000000
365.370000	331.000000
365.375000	312.000000
365.380000	335.000000
365.385000	311.000000
365.390000	342.000000
365.395000	473.000000
365.400000	311.000000
365.405000	246.000000
365.410000	272.000000
365.415000	263.000000
365.420000	357.000000
365.425000	225.000000
365.430000	280.000000
365.435000	264.000000
365.440000	237.000000
365.445000	338.000000
365.450000	294.000000
365.455000	188.000000
365.460000	261.000000
365.465000	248.000000
365.470000	288.000000
365.475000	225.000000
365.480000	300.000000
365.485000	281.000000
365.490000	215.000000
365.495000	192.000000
365.500000	259.000000
365.505000	213.000000
365.510000	271.000000
365.515000	194.000000
365.520000	332.000000
365.525000	178.000000
365.530000	272.000000
365.535000	288.000000
365.540000	346.000000
365.545000	231.000000
365.550000	220.000000
365.555000	290.000000
365.560000	259.000000
365.565000	295.000000
365.570000	323.000000
365.575000	280.000000
365.580000	374.000000
365.585000	321.000000
365.590000	208.000000
365.595000	202.000000
365.600000	267.000000
