Sample ID:		None
Start Time:		Tue Jun 16 2020 12:17:43 PM
Averaging Time:		1.000s

364.800000	128250.000000
364.805000	175450.000000
364.810000	504687.000000
364.815000	637747.000000
364.820000	219550.000000
364.825000	139436.000000
364.830000	83459.000000
364.835000	48501.000000
364.840000	30531.000000
364.845000	21376.000000
364.850000	12522.000000
364.855000	9499.000000
364.860000	8068.000000
364.865000	6880.000000
364.870000	5521.000000
364.875000	5454.000000
364.880000	4541.000000
364.885000	3991.000000
364.890000	4090.000000
364.895000	3940.000000
364.900000	3344.000000
364.905000	3239.000000
364.910000	2761.000000
364.915000	2790.000000
364.920000	2292.000000
364.925000	2349.000000
364.930000	2516.000000
364.935000	2158.000000
364.940000	2223.000000
364.945000	1780.000000
364.950000	1775.000000
364.955000	1743.000000
364.960000	1522.000000
364.965000	1431.000000
364.970000	1643.000000
364.975000	1415.000000
364.980000	1464.000000
364.985000	1101.000000
364.990000	1036.000000
364.995000	891.000000
365.000000	1124.000000
365.005000	1155.000000
365.010000	980.000000
365.015000	1074.000000
365.020000	1001.000000
365.025000	891.000000
365.030000	858.000000
365.035000	853.000000
365.040000	877.000000
365.045000	962.000000
365.050000	944.000000
365.055000	1092.000000
365.060000	971.000000
365.065000	1055.000000
365.070000	1036.000000
365.075000	963.000000
365.080000	782.000000
365.085000	920.000000
365.090000	1002.000000
365.095000	1021.000000
365.100000	738.000000
365.105000	749.000000
365.110000	768.000000
365.115000	829.000000
365.120000	770.000000
365.125000	812.000000
365.130000	869.000000
365.135000	966.000000
365.140000	871.000000
365.145000	830.000000
365.150000	670.000000
365.155000	992.000000
365.160000	639.000000
365.165000	1009.000000
365.170000	835.000000
365.175000	815.000000
365.180000	822.000000
365.185000	823.000000
365.190000	971.000000
365.195000	1210.000000
365.200000	1099.000000
365.205000	1217.000000
365.210000	1655.000000
365.215000	2218.000000
365.220000	3731.000000
365.225000	5009.000000
365.230000	6959.000000
365.235000	9755.000000
365.240000	12617.000000
365.245000	14302.000000
365.250000	18123.000000
365.255000	21657.000000
365.260000	33515.000000
365.265000	52514.000000
365.270000	106425.000000
365.275000	150072.000000
365.280000	95086.000000
365.285000	40911.000000
365.290000	20491.000000
365.295000	11450.000000
365.300000	6516.000000
365.305000	4483.000000
365.310000	3001.000000
365.315000	2077.000000
365.320000	1534.000000
365.325000	1589.000000
365.330000	1302.000000
365.335000	1321.000000
365.340000	1205.000000
365.345000	1217.000000
365.350000	1242.000000
365.355000	983.000000
365.360000	1311.000000
365.365000	1122.000000
365.370000	1045.000000
365.375000	972.000000
365.380000	1133.000000
365.385000	869.000000
365.390000	808.000000
365.395000	960.000000
365.400000	914.000000
365.405000	930.000000
365.410000	874.000000
365.415000	871.000000
365.420000	796.000000
365.425000	873.000000
365.430000	636.000000
365.435000	756.000000
365.440000	745.000000
365.445000	906.000000
365.450000	950.000000
365.455000	867.000000
365.460000	1013.000000
365.465000	888.000000
365.470000	876.000000
365.475000	732.000000
365.480000	864.000000
365.485000	845.000000
365.490000	733.000000
365.495000	814.000000
365.500000	733.000000
365.505000	828.000000
365.510000	742.000000
365.515000	691.000000
365.520000	797.000000
365.525000	728.000000
365.530000	563.000000
365.535000	726.000000
365.540000	406.000000
365.545000	299.000000
365.550000	334.000000
365.555000	365.000000
365.560000	384.000000
365.565000	381.000000
365.570000	326.000000
365.575000	277.000000
365.580000	336.000000
365.585000	267.000000
365.590000	329.000000
365.595000	435.000000
365.600000	304.000000
365.605000	334.000000
365.610000	241.000000
365.615000	268.000000
365.620000	323.000000
365.625000	219.000000
365.630000	279.000000
365.635000	299.000000
365.640000	255.000000
365.645000	261.000000
365.650000	323.000000
365.655000	295.000000
365.660000	278.000000
365.665000	316.000000
365.670000	235.000000
365.675000	251.000000
365.680000	368.000000
365.685000	184.000000
365.690000	266.000000
365.695000	253.000000
365.700000	421.000000
365.705000	184.000000
365.710000	227.000000
365.715000	272.000000
365.720000	314.000000
365.725000	368.000000
365.730000	215.000000
365.735000	308.000000
365.740000	347.000000
365.745000	278.000000
365.750000	262.000000
365.755000	254.000000
365.760000	202.000000
365.765000	258.000000
365.770000	318.000000
365.775000	294.000000
365.780000	242.000000
365.785000	277.000000
365.790000	242.000000
365.795000	288.000000
365.800000	336.000000
