Sample ID:		None
Start Time:		Tue Jun 16 2020 2:03:25 PM
Averaging Time:		1.000s

364.400000	283.000000
364.405000	239.000000
364.410000	243.000000
364.415000	324.000000
364.420000	330.000000
364.425000	316.000000
364.430000	321.000000
364.435000	263.000000
364.440000	228.000000
364.445000	318.000000
364.450000	362.000000
364.455000	251.000000
364.460000	288.000000
364.465000	270.000000
364.470000	250.000000
364.475000	322.000000
364.480000	289.000000
364.485000	276.000000
364.490000	204.000000
364.495000	258.000000
364.500000	369.000000
364.505000	189.000000
364.510000	270.000000
364.515000	272.000000
364.520000	164.000000
364.525000	271.000000
364.530000	280.000000
364.535000	394.000000
364.540000	261.000000
364.545000	307.000000
364.550000	300.000000
364.555000	255.000000
364.560000	307.000000
364.565000	170.000000
364.570000	301.000000
364.575000	244.000000
364.580000	203.000000
364.585000	203.000000
364.590000	177.000000
364.595000	315.000000
364.600000	237.000000
364.605000	349.000000
364.610000	311.000000
364.615000	273.000000
364.620000	278.000000
364.625000	235.000000
364.630000	149.000000
364.635000	402.000000
364.640000	289.000000
364.645000	225.000000
364.650000	210.000000
364.655000	268.000000
364.660000	242.000000
364.665000	290.000000
364.670000	272.000000
364.675000	342.000000
364.680000	221.000000
364.685000	195.000000
364.690000	349.000000
364.695000	286.000000
364.700000	374.000000
364.705000	377.000000
364.710000	343.000000
364.715000	275.000000
364.720000	287.000000
364.725000	236.000000
364.730000	280.000000
364.735000	477.000000
364.740000	334.000000
364.745000	265.000000
364.750000	359.000000
364.755000	404.000000
364.760000	365.000000
364.765000	415.000000
364.770000	258.000000
364.775000	353.000000
364.780000	315.000000
364.785000	344.000000
364.790000	281.000000
364.795000	382.000000
364.800000	455.000000
364.805000	349.000000
364.810000	381.000000
364.815000	414.000000
364.820000	540.000000
364.825000	382.000000
364.830000	436.000000
364.835000	414.000000
364.840000	472.000000
364.845000	615.000000
364.850000	924.000000
364.855000	1101.000000
364.860000	1780.000000
364.865000	1816.000000
364.870000	2053.000000
364.875000	2605.000000
364.880000	4100.000000
364.885000	5312.000000
364.890000	9708.000000
364.895000	16421.000000
364.900000	24901.000000
364.905000	18344.000000
364.910000	13886.000000
364.915000	12626.000000
364.920000	14068.000000
364.925000	17789.000000
364.930000	25127.000000
364.935000	68265.000000
364.940000	80390.000000
364.945000	43064.000000
364.950000	17652.000000
364.955000	9577.000000
364.960000	5545.000000
364.965000	3448.000000
364.970000	1968.000000
364.975000	1347.000000
364.980000	1194.000000
364.985000	857.000000
364.990000	851.000000
364.995000	700.000000
365.000000	616.000000
365.005000	482.000000
365.010000	566.000000
365.015000	659.000000
365.020000	508.000000
365.025000	539.000000
365.030000	473.000000
365.035000	472.000000
365.040000	500.000000
365.045000	354.000000
365.050000	350.000000
365.055000	307.000000
365.060000	313.000000
365.065000	332.000000
365.070000	358.000000
365.075000	365.000000
365.080000	369.000000
365.085000	354.000000
365.090000	283.000000
365.095000	312.000000
365.100000	272.000000
365.105000	319.000000
365.110000	290.000000
365.115000	260.000000
365.120000	311.000000
365.125000	271.000000
365.130000	319.000000
365.135000	207.000000
365.140000	248.000000
365.145000	220.000000
365.150000	205.000000
365.155000	283.000000
365.160000	258.000000
365.165000	278.000000
365.170000	208.000000
365.175000	252.000000
365.180000	227.000000
365.185000	302.000000
365.190000	273.000000
365.195000	128.000000
365.200000	252.000000
365.205000	277.000000
365.210000	247.000000
365.215000	194.000000
365.220000	198.000000
365.225000	366.000000
365.230000	181.000000
365.235000	166.000000
365.240000	134.000000
365.245000	218.000000
365.250000	272.000000
365.255000	283.000000
365.260000	192.000000
365.265000	208.000000
365.270000	254.000000
365.275000	273.000000
365.280000	141.000000
365.285000	191.000000
365.290000	225.000000
365.295000	184.000000
365.300000	167.000000
365.305000	238.000000
365.310000	222.000000
365.315000	239.000000
365.320000	214.000000
365.325000	301.000000
365.330000	300.000000
365.335000	272.000000
365.340000	229.000000
365.345000	108.000000
365.350000	273.000000
365.355000	215.000000
365.360000	186.000000
365.365000	201.000000
365.370000	170.000000
365.375000	218.000000
365.380000	228.000000
365.385000	186.000000
365.390000	250.000000
365.395000	252.000000
365.400000	196.000000
365.405000	173.000000
365.410000	245.000000
365.415000	218.000000
365.420000	173.000000
365.425000	222.000000
365.430000	180.000000
365.435000	202.000000
365.440000	185.000000
365.445000	234.000000
365.450000	296.000000
365.455000	200.000000
365.460000	225.000000
365.465000	346.000000
365.470000	122.000000
365.475000	241.000000
365.480000	272.000000
365.485000	167.000000
365.490000	191.000000
365.495000	196.000000
365.500000	245.000000
365.505000	149.000000
365.510000	216.000000
365.515000	308.000000
365.520000	214.000000
365.525000	196.000000
365.530000	200.000000
365.535000	221.000000
365.540000	324.000000
365.545000	248.000000
365.550000	192.000000
365.555000	203.000000
365.560000	307.000000
365.565000	258.000000
365.570000	263.000000
365.575000	189.000000
365.580000	250.000000
365.585000	240.000000
365.590000	206.000000
365.595000	177.000000
365.600000	161.000000
