Sample ID:		None
Start Time:		Tue Jun 16 2020 4:30:05 PM
Averaging Time:		1.000s

364.800000	1199.000000
364.805000	1275.000000
364.810000	1297.000000
364.815000	1446.000000
364.820000	1519.000000
364.825000	1765.000000
364.830000	2344.000000
364.835000	3275.000000
364.840000	5023.000000
364.845000	12133.000000
364.850000	14332.000000
364.855000	20396.000000
364.860000	32286.000000
364.865000	43224.000000
364.870000	53678.000000
364.875000	65454.000000
364.880000	76305.000000
364.885000	102374.000000
364.890000	133722.000000
364.895000	265166.000000
364.900000	626264.000000
364.905000	539420.000000
364.910000	144594.000000
364.915000	117709.000000
364.920000	68737.000000
364.925000	41178.000000
364.930000	27659.000000
364.935000	18434.000000
364.940000	11572.000000
364.945000	8892.000000
364.950000	7836.000000
364.955000	6238.000000
364.960000	5766.000000
364.965000	4695.000000
364.970000	4569.000000
364.975000	4289.000000
364.980000	3649.000000
364.985000	3422.000000
364.990000	2942.000000
364.995000	2823.000000
365.000000	2609.000000
365.005000	2557.000000
365.010000	2357.000000
365.015000	2277.000000
365.020000	2030.000000
365.025000	2043.000000
365.030000	2002.000000
365.035000	1787.000000
365.040000	1701.000000
365.045000	1890.000000
365.050000	1453.000000
365.055000	1179.000000
365.060000	1275.000000
365.065000	1229.000000
365.070000	1447.000000
365.075000	1231.000000
365.080000	1366.000000
365.085000	1058.000000
365.090000	1013.000000
365.095000	1008.000000
365.100000	992.000000
365.105000	820.000000
365.110000	840.000000
365.115000	930.000000
365.120000	853.000000
365.125000	837.000000
365.130000	1002.000000
365.135000	842.000000
365.140000	1147.000000
365.145000	929.000000
365.150000	837.000000
365.155000	883.000000
365.160000	890.000000
365.165000	895.000000
365.170000	961.000000
365.175000	796.000000
365.180000	952.000000
365.185000	1025.000000
365.190000	906.000000
365.195000	674.000000
365.200000	928.000000
365.205000	773.000000
365.210000	837.000000
365.215000	804.000000
365.220000	743.000000
365.225000	855.000000
365.230000	776.000000
365.235000	840.000000
365.240000	870.000000
365.245000	714.000000
365.250000	890.000000
365.255000	713.000000
365.260000	802.000000
365.265000	795.000000
365.270000	764.000000
365.275000	899.000000
365.280000	922.000000
365.285000	1010.000000
365.290000	1105.000000
365.295000	1028.000000
365.300000	1485.000000
365.305000	1971.000000
365.310000	2857.000000
365.315000	3501.000000
365.320000	6051.000000
365.325000	8494.000000
365.330000	9924.000000
365.335000	12915.000000
365.340000	15289.000000
365.345000	17896.000000
365.350000	23609.000000
365.355000	41862.000000
365.360000	71010.000000
365.365000	137384.000000
365.370000	116362.000000
365.375000	56508.000000
365.380000	28167.000000
365.385000	14019.000000
365.390000	8123.000000
365.395000	5496.000000
365.400000	3032.000000
365.405000	2102.000000
365.410000	1930.000000
365.415000	1703.000000
365.420000	1356.000000
365.425000	1461.000000
365.430000	1283.000000
365.435000	1181.000000
365.440000	1368.000000
365.445000	1041.000000
365.450000	1162.000000
365.455000	835.000000
365.460000	1010.000000
365.465000	1028.000000
365.470000	1064.000000
365.475000	978.000000
365.480000	1006.000000
365.485000	1068.000000
365.490000	789.000000
365.495000	813.000000
365.500000	708.000000
365.505000	800.000000
365.510000	921.000000
365.515000	842.000000
365.520000	764.000000
365.525000	800.000000
365.530000	798.000000
365.535000	857.000000
365.540000	676.000000
365.545000	990.000000
365.550000	859.000000
365.555000	728.000000
365.560000	898.000000
365.565000	783.000000
365.570000	764.000000
365.575000	889.000000
365.580000	709.000000
365.585000	853.000000
365.590000	644.000000
365.595000	851.000000
365.600000	765.000000
365.605000	812.000000
365.610000	740.000000
365.615000	756.000000
365.620000	736.000000
365.625000	802.000000
365.630000	420.000000
365.635000	475.000000
365.640000	353.000000
365.645000	300.000000
365.650000	373.000000
365.655000	487.000000
365.660000	375.000000
365.665000	433.000000
365.670000	268.000000
365.675000	341.000000
365.680000	341.000000
365.685000	260.000000
365.690000	242.000000
365.695000	315.000000
365.700000	218.000000
365.705000	295.000000
365.710000	266.000000
365.715000	450.000000
365.720000	315.000000
365.725000	348.000000
365.730000	293.000000
365.735000	400.000000
365.740000	357.000000
365.745000	251.000000
365.750000	260.000000
365.755000	255.000000
365.760000	226.000000
365.765000	225.000000
365.770000	341.000000
365.775000	217.000000
365.780000	253.000000
365.785000	402.000000
365.790000	300.000000
365.795000	279.000000
365.800000	291.000000
