Sample ID:		None
Start Time:		Tue Jun 16 2020 12:41:21 PM
Averaging Time:		1.000s

364.800000	1050.000000
364.805000	1372.000000
364.810000	1348.000000
364.815000	1762.000000
364.820000	1810.000000
364.825000	2205.000000
364.830000	2753.000000
364.835000	3953.000000
364.840000	6771.000000
364.845000	10990.000000
364.850000	21767.000000
364.855000	26329.000000
364.860000	37703.000000
364.865000	47809.000000
364.870000	58720.000000
364.875000	68129.000000
364.880000	81080.000000
364.885000	119639.000000
364.890000	166254.000000
364.895000	393270.000000
364.900000	680348.000000
364.905000	429042.000000
364.910000	142547.000000
364.915000	98131.000000
364.920000	57961.000000
364.925000	35044.000000
364.930000	20432.000000
364.935000	14344.000000
364.940000	10601.000000
364.945000	8089.000000
364.950000	6476.000000
364.955000	5636.000000
364.960000	4744.000000
364.965000	4713.000000
364.970000	4322.000000
364.975000	3779.000000
364.980000	3454.000000
364.985000	3329.000000
364.990000	3050.000000
364.995000	3067.000000
365.000000	2594.000000
365.005000	2554.000000
365.010000	2508.000000
365.015000	2374.000000
365.020000	2554.000000
365.025000	2112.000000
365.030000	1938.000000
365.035000	2071.000000
365.040000	1868.000000
365.045000	1545.000000
365.050000	1588.000000
365.055000	1532.000000
365.060000	1496.000000
365.065000	1298.000000
365.070000	1266.000000
365.075000	1065.000000
365.080000	1274.000000
365.085000	1104.000000
365.090000	798.000000
365.095000	1012.000000
365.100000	799.000000
365.105000	1087.000000
365.110000	1131.000000
365.115000	1082.000000
365.120000	990.000000
365.125000	981.000000
365.130000	940.000000
365.135000	1160.000000
365.140000	1018.000000
365.145000	1056.000000
365.150000	1086.000000
365.155000	899.000000
365.160000	853.000000
365.165000	804.000000
365.170000	752.000000
365.175000	960.000000
365.180000	740.000000
365.185000	903.000000
365.190000	776.000000
365.195000	847.000000
365.200000	794.000000
365.205000	750.000000
365.210000	852.000000
365.215000	843.000000
365.220000	792.000000
365.225000	713.000000
365.230000	864.000000
365.235000	741.000000
365.240000	807.000000
365.245000	948.000000
365.250000	640.000000
365.255000	917.000000
365.260000	558.000000
365.265000	775.000000
365.270000	752.000000
365.275000	720.000000
365.280000	903.000000
365.285000	961.000000
365.290000	1066.000000
365.295000	1260.000000
365.300000	1321.000000
365.305000	1698.000000
365.310000	2984.000000
365.315000	4802.000000
365.320000	6130.000000
365.325000	8939.000000
365.330000	11027.000000
365.335000	12348.000000
365.340000	15012.000000
365.345000	18862.000000
365.350000	25623.000000
365.355000	39430.000000
365.360000	70099.000000
365.365000	134785.000000
365.370000	113241.000000
365.375000	57327.000000
365.380000	25741.000000
365.385000	15947.000000
365.390000	7921.000000
365.395000	4956.000000
365.400000	3372.000000
365.405000	2542.000000
365.410000	1741.000000
365.415000	1647.000000
365.420000	1418.000000
365.425000	1458.000000
365.430000	1230.000000
365.435000	1182.000000
365.440000	1204.000000
365.445000	1315.000000
365.450000	954.000000
365.455000	1233.000000
365.460000	1015.000000
365.465000	1113.000000
365.470000	835.000000
365.475000	899.000000
365.480000	846.000000
365.485000	846.000000
365.490000	846.000000
365.495000	819.000000
365.500000	834.000000
365.505000	765.000000
365.510000	805.000000
365.515000	550.000000
365.520000	783.000000
365.525000	835.000000
365.530000	668.000000
365.535000	1084.000000
365.540000	811.000000
365.545000	566.000000
365.550000	741.000000
365.555000	716.000000
365.560000	798.000000
365.565000	665.000000
365.570000	618.000000
365.575000	734.000000
365.580000	874.000000
365.585000	810.000000
365.590000	849.000000
365.595000	811.000000
365.600000	622.000000
365.605000	765.000000
365.610000	660.000000
365.615000	819.000000
365.620000	631.000000
365.625000	666.000000
365.630000	518.000000
365.635000	431.000000
365.640000	435.000000
365.645000	291.000000
365.650000	391.000000
365.655000	344.000000
365.660000	365.000000
365.665000	360.000000
365.670000	253.000000
365.675000	252.000000
365.680000	314.000000
365.685000	287.000000
365.690000	353.000000
365.695000	365.000000
365.700000	433.000000
365.705000	297.000000
365.710000	301.000000
365.715000	200.000000
365.720000	228.000000
365.725000	227.000000
365.730000	261.000000
365.735000	383.000000
365.740000	231.000000
365.745000	290.000000
365.750000	205.000000
365.755000	402.000000
365.760000	336.000000
365.765000	197.000000
365.770000	211.000000
365.775000	264.000000
365.780000	271.000000
365.785000	235.000000
365.790000	205.000000
365.795000	256.000000
365.800000	299.000000
