Sample ID:		None
Start Time:		Tue Jun 16 2020 1:44:34 PM
Averaging Time:		1.000s

364.400000	8297.000000
364.405000	5920.000000
364.410000	3258.000000
364.415000	2400.000000
364.420000	1886.000000
364.425000	1773.000000
364.430000	1239.000000
364.435000	1137.000000
364.440000	1200.000000
364.445000	1245.000000
364.450000	1176.000000
364.455000	1098.000000
364.460000	1070.000000
364.465000	1006.000000
364.470000	1159.000000
364.475000	859.000000
364.480000	851.000000
364.485000	863.000000
364.490000	902.000000
364.495000	850.000000
364.500000	831.000000
364.505000	834.000000
364.510000	782.000000
364.515000	771.000000
364.520000	768.000000
364.525000	867.000000
364.530000	759.000000
364.535000	683.000000
364.540000	744.000000
364.545000	729.000000
364.550000	810.000000
364.555000	743.000000
364.560000	759.000000
364.565000	798.000000
364.570000	790.000000
364.575000	839.000000
364.580000	853.000000
364.585000	811.000000
364.590000	936.000000
364.595000	894.000000
364.600000	913.000000
364.605000	770.000000
364.610000	829.000000
364.615000	820.000000
364.620000	787.000000
364.625000	718.000000
364.630000	703.000000
364.635000	606.000000
364.640000	500.000000
364.645000	440.000000
364.650000	469.000000
364.655000	353.000000
364.660000	256.000000
364.665000	298.000000
364.670000	282.000000
364.675000	374.000000
364.680000	360.000000
364.685000	361.000000
364.690000	228.000000
364.695000	267.000000
364.700000	299.000000
364.705000	179.000000
364.710000	294.000000
364.715000	384.000000
364.720000	315.000000
364.725000	369.000000
364.730000	273.000000
364.735000	264.000000
364.740000	254.000000
364.745000	283.000000
364.750000	274.000000
364.755000	242.000000
364.760000	265.000000
364.765000	322.000000
364.770000	216.000000
364.775000	440.000000
364.780000	186.000000
364.785000	262.000000
364.790000	343.000000
364.795000	361.000000
364.800000	235.000000
364.805000	215.000000
364.810000	337.000000
364.815000	329.000000
364.820000	176.000000
364.825000	209.000000
364.830000	272.000000
364.835000	339.000000
364.840000	167.000000
364.845000	195.000000
364.850000	233.000000
364.855000	351.000000
364.860000	225.000000
364.865000	300.000000
364.870000	219.000000
364.875000	247.000000
364.880000	236.000000
364.885000	196.000000
364.890000	266.000000
364.895000	322.000000
364.900000	238.000000
364.905000	282.000000
364.910000	212.000000
364.915000	207.000000
364.920000	274.000000
364.925000	273.000000
364.930000	295.000000
364.935000	227.000000
364.940000	245.000000
364.945000	195.000000
364.950000	152.000000
364.955000	260.000000
364.960000	304.000000
364.965000	302.000000
364.970000	232.000000
364.975000	213.000000
364.980000	331.000000
364.985000	305.000000
364.990000	343.000000
364.995000	311.000000
365.000000	228.000000
365.005000	336.000000
365.010000	210.000000
365.015000	367.000000
365.020000	322.000000
365.025000	289.000000
365.030000	336.000000
365.035000	303.000000
365.040000	297.000000
365.045000	393.000000
365.050000	383.000000
365.055000	347.000000
365.060000	407.000000
365.065000	311.000000
365.070000	402.000000
365.075000	288.000000
365.080000	368.000000
365.085000	465.000000
365.090000	443.000000
365.095000	350.000000
365.100000	400.000000
365.105000	348.000000
365.110000	423.000000
365.115000	594.000000
365.120000	724.000000
365.125000	823.000000
365.130000	1238.000000
365.135000	1317.000000
365.140000	1713.000000
365.145000	2331.000000
365.150000	2959.000000
365.155000	4016.000000
365.160000	8178.000000
365.165000	10758.000000
365.170000	20372.000000
365.175000	21216.000000
365.180000	15070.000000
365.185000	13194.000000
365.190000	11980.000000
365.195000	16531.000000
365.200000	21246.000000
365.205000	36307.000000
365.210000	106681.000000
365.215000	74648.000000
365.220000	26915.000000
365.225000	14219.000000
365.230000	8125.000000
365.235000	4832.000000
365.240000	2572.000000
365.245000	1365.000000
365.250000	1187.000000
365.255000	989.000000
365.260000	854.000000
365.265000	652.000000
365.270000	662.000000
365.275000	515.000000
365.280000	444.000000
365.285000	455.000000
365.290000	548.000000
365.295000	470.000000
365.300000	515.000000
365.305000	363.000000
365.310000	498.000000
365.315000	356.000000
365.320000	369.000000
365.325000	360.000000
365.330000	347.000000
365.335000	482.000000
365.340000	319.000000
365.345000	334.000000
365.350000	362.000000
365.355000	294.000000
365.360000	386.000000
365.365000	323.000000
365.370000	242.000000
365.375000	268.000000
365.380000	343.000000
365.385000	341.000000
365.390000	322.000000
365.395000	294.000000
365.400000	352.000000
365.405000	196.000000
365.410000	305.000000
365.415000	265.000000
365.420000	424.000000
365.425000	284.000000
365.430000	238.000000
365.435000	312.000000
365.440000	297.000000
365.445000	223.000000
365.450000	206.000000
365.455000	372.000000
365.460000	224.000000
365.465000	276.000000
365.470000	246.000000
365.475000	225.000000
365.480000	218.000000
365.485000	229.000000
365.490000	180.000000
365.495000	291.000000
365.500000	267.000000
365.505000	195.000000
365.510000	158.000000
365.515000	296.000000
365.520000	245.000000
365.525000	213.000000
365.530000	257.000000
365.535000	304.000000
365.540000	187.000000
365.545000	179.000000
365.550000	247.000000
365.555000	260.000000
365.560000	230.000000
365.565000	176.000000
365.570000	178.000000
365.575000	223.000000
365.580000	184.000000
365.585000	334.000000
365.590000	255.000000
365.595000	231.000000
365.600000	249.000000
