Sample ID:		None
Start Time:		Tue Jun 16 2020 4:17:37 PM
Averaging Time:		1.000s

364.800000	622.000000
364.805000	838.000000
364.810000	636.000000
364.815000	929.000000
364.820000	672.000000
364.825000	898.000000
364.830000	1041.000000
364.835000	966.000000
364.840000	1124.000000
364.845000	1302.000000
364.850000	1084.000000
364.855000	1450.000000
364.860000	1187.000000
364.865000	1799.000000
364.870000	1909.000000
364.875000	2672.000000
364.880000	3606.000000
364.885000	5425.000000
364.890000	8984.000000
364.895000	13963.000000
364.900000	23316.000000
364.905000	32358.000000
364.910000	44130.000000
364.915000	53465.000000
364.920000	66030.000000
364.925000	84583.000000
364.930000	103318.000000
364.935000	147881.000000
364.940000	297686.000000
364.945000	643232.000000
364.950000	278508.000000
364.955000	190260.000000
364.960000	114108.000000
364.965000	57164.000000
364.970000	31536.000000
364.975000	22885.000000
364.980000	14231.000000
364.985000	10432.000000
364.990000	8181.000000
364.995000	7249.000000
365.000000	6320.000000
365.005000	5437.000000
365.010000	4364.000000
365.015000	4225.000000
365.020000	4103.000000
365.025000	3530.000000
365.030000	3338.000000
365.035000	3284.000000
365.040000	2825.000000
365.045000	2586.000000
365.050000	2597.000000
365.055000	2661.000000
365.060000	2475.000000
365.065000	2286.000000
365.070000	2005.000000
365.075000	2046.000000
365.080000	1716.000000
365.085000	1579.000000
365.090000	1699.000000
365.095000	1482.000000
365.100000	1337.000000
365.105000	1453.000000
365.110000	1398.000000
365.115000	1326.000000
365.120000	1132.000000
365.125000	1242.000000
365.130000	977.000000
365.135000	1037.000000
365.140000	1093.000000
365.145000	923.000000
365.150000	959.000000
365.155000	969.000000
365.160000	854.000000
365.165000	995.000000
365.170000	1141.000000
365.175000	1066.000000
365.180000	855.000000
365.185000	1155.000000
365.190000	782.000000
365.195000	1002.000000
365.200000	930.000000
365.205000	1044.000000
365.210000	1026.000000
365.215000	912.000000
365.220000	877.000000
365.225000	761.000000
365.230000	942.000000
365.235000	793.000000
365.240000	885.000000
365.245000	960.000000
365.250000	1009.000000
365.255000	828.000000
365.260000	760.000000
365.265000	898.000000
365.270000	720.000000
365.275000	803.000000
365.280000	890.000000
365.285000	834.000000
365.290000	866.000000
365.295000	914.000000
365.300000	855.000000
365.305000	703.000000
365.310000	865.000000
365.315000	838.000000
365.320000	971.000000
365.325000	959.000000
365.330000	930.000000
365.335000	1148.000000
365.340000	1093.000000
365.345000	1814.000000
365.350000	2874.000000
365.355000	3984.000000
365.360000	5534.000000
365.365000	8986.000000
365.370000	9894.000000
365.375000	12113.000000
365.380000	15193.000000
365.385000	18918.000000
365.390000	24162.000000
365.395000	39131.000000
365.400000	68767.000000
365.405000	133637.000000
365.410000	100782.000000
365.415000	57521.000000
365.420000	28453.000000
365.425000	14061.000000
365.430000	9008.000000
365.435000	5556.000000
365.440000	3708.000000
365.445000	2104.000000
365.450000	1735.000000
365.455000	1605.000000
365.460000	1582.000000
365.465000	1283.000000
365.470000	1036.000000
365.475000	1165.000000
365.480000	1034.000000
365.485000	1059.000000
365.490000	1067.000000
365.495000	1252.000000
365.500000	1156.000000
365.505000	913.000000
365.510000	934.000000
365.515000	1023.000000
365.520000	965.000000
365.525000	809.000000
365.530000	692.000000
365.535000	796.000000
365.540000	931.000000
365.545000	771.000000
365.550000	907.000000
365.555000	946.000000
365.560000	649.000000
365.565000	686.000000
365.570000	515.000000
365.575000	803.000000
365.580000	787.000000
365.585000	780.000000
365.590000	782.000000
365.595000	829.000000
365.600000	797.000000
365.605000	896.000000
365.610000	739.000000
365.615000	924.000000
365.620000	825.000000
365.625000	941.000000
365.630000	680.000000
365.635000	651.000000
365.640000	828.000000
365.645000	846.000000
365.650000	680.000000
365.655000	805.000000
365.660000	643.000000
365.665000	583.000000
365.670000	437.000000
365.675000	431.000000
365.680000	315.000000
365.685000	285.000000
365.690000	376.000000
365.695000	371.000000
365.700000	249.000000
365.705000	435.000000
365.710000	290.000000
365.715000	454.000000
365.720000	367.000000
365.725000	247.000000
365.730000	288.000000
365.735000	243.000000
365.740000	250.000000
365.745000	269.000000
365.750000	275.000000
365.755000	339.000000
365.760000	282.000000
365.765000	299.000000
365.770000	384.000000
365.775000	389.000000
365.780000	354.000000
365.785000	338.000000
365.790000	366.000000
365.795000	207.000000
365.800000	226.000000
