Sample ID:		None
Start Time:		Tue Jun 16 2020 1:31:59 PM
Averaging Time:		1.000s

364.400000	789.000000
364.405000	819.000000
364.410000	851.000000
364.415000	742.000000
364.420000	954.000000
364.425000	943.000000
364.430000	840.000000
364.435000	960.000000
364.440000	834.000000
364.445000	847.000000
364.450000	833.000000
364.455000	912.000000
364.460000	1009.000000
364.465000	802.000000
364.470000	783.000000
364.475000	920.000000
364.480000	1150.000000
364.485000	1249.000000
364.490000	1605.000000
364.495000	2653.000000
364.500000	3161.000000
364.505000	4822.000000
364.510000	7248.000000
364.515000	10407.000000
364.520000	11277.000000
364.525000	13643.000000
364.530000	16843.000000
364.535000	19666.000000
364.540000	30638.000000
364.545000	53903.000000
364.550000	96729.000000
364.555000	136674.000000
364.560000	85470.000000
364.565000	45701.000000
364.570000	22802.000000
364.575000	7475.000000
364.580000	6189.000000
364.585000	4412.000000
364.590000	2549.000000
364.595000	2032.000000
364.600000	1723.000000
364.605000	1215.000000
364.610000	1300.000000
364.615000	1217.000000
364.620000	1186.000000
364.625000	1007.000000
364.630000	1192.000000
364.635000	1210.000000
364.640000	960.000000
364.645000	938.000000
364.650000	977.000000
364.655000	978.000000
364.660000	943.000000
364.665000	1020.000000
364.670000	912.000000
364.675000	1003.000000
364.680000	855.000000
364.685000	915.000000
364.690000	890.000000
364.695000	740.000000
364.700000	831.000000
364.705000	651.000000
364.710000	728.000000
364.715000	646.000000
364.720000	985.000000
364.725000	773.000000
364.730000	657.000000
364.735000	774.000000
364.740000	688.000000
364.745000	743.000000
364.750000	935.000000
364.755000	896.000000
364.760000	565.000000
364.765000	747.000000
364.770000	864.000000
364.775000	743.000000
364.780000	892.000000
364.785000	794.000000
364.790000	760.000000
364.795000	727.000000
364.800000	730.000000
364.805000	761.000000
364.810000	598.000000
364.815000	652.000000
364.820000	461.000000
364.825000	319.000000
364.830000	466.000000
364.835000	524.000000
364.840000	315.000000
364.845000	364.000000
364.850000	271.000000
364.855000	346.000000
364.860000	277.000000
364.865000	344.000000
364.870000	310.000000
364.875000	279.000000
364.880000	324.000000
364.885000	312.000000
364.890000	354.000000
364.895000	235.000000
364.900000	278.000000
364.905000	263.000000
364.910000	266.000000
364.915000	329.000000
364.920000	260.000000
364.925000	294.000000
364.930000	418.000000
364.935000	290.000000
364.940000	295.000000
364.945000	287.000000
364.950000	331.000000
364.955000	190.000000
364.960000	304.000000
364.965000	311.000000
364.970000	204.000000
364.975000	296.000000
364.980000	247.000000
364.985000	348.000000
364.990000	353.000000
364.995000	209.000000
365.000000	383.000000
365.005000	250.000000
365.010000	168.000000
365.015000	160.000000
365.020000	302.000000
365.025000	270.000000
365.030000	239.000000
365.035000	193.000000
365.040000	266.000000
365.045000	299.000000
365.050000	207.000000
365.055000	244.000000
365.060000	327.000000
365.065000	259.000000
365.070000	314.000000
365.075000	188.000000
365.080000	299.000000
365.085000	277.000000
365.090000	171.000000
365.095000	324.000000
365.100000	226.000000
365.105000	304.000000
365.110000	240.000000
365.115000	304.000000
365.120000	292.000000
365.125000	250.000000
365.130000	308.000000
365.135000	236.000000
365.140000	199.000000
365.145000	296.000000
365.150000	242.000000
365.155000	255.000000
365.160000	264.000000
365.165000	276.000000
365.170000	235.000000
365.175000	328.000000
365.180000	276.000000
365.185000	210.000000
365.190000	300.000000
365.195000	343.000000
365.200000	486.000000
365.205000	328.000000
365.210000	379.000000
365.215000	317.000000
365.220000	424.000000
365.225000	463.000000
365.230000	301.000000
365.235000	238.000000
365.240000	374.000000
365.245000	337.000000
365.250000	395.000000
365.255000	425.000000
365.260000	310.000000
365.265000	396.000000
365.270000	393.000000
365.275000	406.000000
365.280000	308.000000
365.285000	447.000000
365.290000	534.000000
365.295000	518.000000
365.300000	828.000000
365.305000	894.000000
365.310000	1305.000000
365.315000	1618.000000
365.320000	1934.000000
365.325000	2219.000000
365.330000	3188.000000
365.335000	4325.000000
365.340000	7610.000000
365.345000	13109.000000
365.350000	22269.000000
365.355000	19892.000000
365.360000	14720.000000
365.365000	12750.000000
365.370000	12623.000000
365.375000	16839.000000
365.380000	22775.000000
365.385000	53612.000000
365.390000	111886.000000
365.395000	59231.000000
365.400000	19599.000000
365.405000	12137.000000
365.410000	7280.000000
365.415000	3966.000000
365.420000	2217.000000
365.425000	1354.000000
365.430000	1008.000000
365.435000	749.000000
365.440000	774.000000
365.445000	507.000000
365.450000	721.000000
365.455000	684.000000
365.460000	578.000000
365.465000	494.000000
365.470000	671.000000
365.475000	459.000000
365.480000	389.000000
365.485000	391.000000
365.490000	309.000000
365.495000	424.000000
365.500000	475.000000
365.505000	427.000000
365.510000	440.000000
365.515000	408.000000
365.520000	305.000000
365.525000	315.000000
365.530000	431.000000
365.535000	284.000000
365.540000	360.000000
365.545000	310.000000
365.550000	367.000000
365.555000	354.000000
365.560000	299.000000
365.565000	252.000000
365.570000	324.000000
365.575000	261.000000
365.580000	224.000000
365.585000	213.000000
365.590000	247.000000
365.595000	246.000000
365.600000	274.000000
