Sample ID:		None
Start Time:		Tue Jun 16 2020 1:06:49 PM
Averaging Time:		1.000s

364.400000	2179.000000
364.405000	2677.000000
364.410000	4343.000000
364.415000	7269.000000
364.420000	11731.000000
364.425000	19537.000000
364.430000	29219.000000
364.435000	40122.000000
364.440000	51210.000000
364.445000	62116.000000
364.450000	73409.000000
364.455000	102708.000000
364.460000	130454.000000
364.465000	199481.000000
364.470000	572131.000000
364.475000	530340.000000
364.480000	282867.000000
364.485000	141476.000000
364.490000	77448.000000
364.495000	44718.000000
364.500000	29702.000000
364.505000	17712.000000
364.510000	12745.000000
364.515000	8850.000000
364.520000	7118.000000
364.525000	6025.000000
364.530000	5876.000000
364.535000	4840.000000
364.540000	4052.000000
364.545000	4289.000000
364.550000	3706.000000
364.555000	3686.000000
364.560000	3114.000000
364.565000	3055.000000
364.570000	2822.000000
364.575000	2818.000000
364.580000	2414.000000
364.585000	2360.000000
364.590000	2193.000000
364.595000	2021.000000
364.600000	2014.000000
364.605000	1889.000000
364.610000	1756.000000
364.615000	1656.000000
364.620000	1460.000000
364.625000	1406.000000
364.630000	1507.000000
364.635000	1622.000000
364.640000	1222.000000
364.645000	1083.000000
364.650000	1014.000000
364.655000	1015.000000
364.660000	1065.000000
364.665000	1072.000000
364.670000	709.000000
364.675000	977.000000
364.680000	875.000000
364.685000	954.000000
364.690000	1002.000000
364.695000	1011.000000
364.700000	801.000000
364.705000	1056.000000
364.710000	964.000000
364.715000	1078.000000
364.720000	906.000000
364.725000	778.000000
364.730000	900.000000
364.735000	851.000000
364.740000	648.000000
364.745000	774.000000
364.750000	821.000000
364.755000	816.000000
364.760000	885.000000
364.765000	771.000000
364.770000	815.000000
364.775000	858.000000
364.780000	799.000000
364.785000	716.000000
364.790000	788.000000
364.795000	762.000000
364.800000	776.000000
364.805000	805.000000
364.810000	849.000000
364.815000	862.000000
364.820000	857.000000
364.825000	818.000000
364.830000	955.000000
364.835000	582.000000
364.840000	795.000000
364.845000	833.000000
364.850000	813.000000
364.855000	1042.000000
364.860000	1158.000000
364.865000	1287.000000
364.870000	1440.000000
364.875000	1981.000000
364.880000	2615.000000
364.885000	3717.000000
364.890000	5049.000000
364.895000	7602.000000
364.900000	10080.000000
364.905000	12542.000000
364.910000	14802.000000
364.915000	16971.000000
364.920000	26937.000000
364.925000	34863.000000
364.930000	56764.000000
364.935000	119352.000000
364.940000	134916.000000
364.945000	71399.000000
364.950000	32276.000000
364.955000	16067.000000
364.960000	10859.000000
364.965000	6000.000000
364.970000	3825.000000
364.975000	2552.000000
364.980000	1871.000000
364.985000	1882.000000
364.990000	1442.000000
364.995000	1348.000000
365.000000	1372.000000
365.005000	1141.000000
365.010000	965.000000
365.015000	1138.000000
365.020000	1149.000000
365.025000	1167.000000
365.030000	828.000000
365.035000	997.000000
365.040000	996.000000
365.045000	931.000000
365.050000	916.000000
365.055000	921.000000
365.060000	781.000000
365.065000	811.000000
365.070000	870.000000
365.075000	941.000000
365.080000	840.000000
365.085000	807.000000
365.090000	875.000000
365.095000	748.000000
365.100000	807.000000
365.105000	790.000000
365.110000	864.000000
365.115000	730.000000
365.120000	765.000000
365.125000	638.000000
365.130000	696.000000
365.135000	707.000000
365.140000	708.000000
365.145000	841.000000
365.150000	712.000000
365.155000	874.000000
365.160000	848.000000
365.165000	779.000000
365.170000	598.000000
365.175000	714.000000
365.180000	824.000000
365.185000	624.000000
365.190000	641.000000
365.195000	714.000000
365.200000	565.000000
365.205000	602.000000
365.210000	337.000000
365.215000	360.000000
365.220000	408.000000
365.225000	314.000000
365.230000	341.000000
365.235000	460.000000
365.240000	366.000000
365.245000	237.000000
365.250000	287.000000
365.255000	470.000000
365.260000	283.000000
365.265000	353.000000
365.270000	228.000000
365.275000	340.000000
365.280000	272.000000
365.285000	304.000000
365.290000	257.000000
365.295000	289.000000
365.300000	232.000000
365.305000	246.000000
365.310000	413.000000
365.315000	266.000000
365.320000	311.000000
365.325000	360.000000
365.330000	225.000000
365.335000	240.000000
365.340000	267.000000
365.345000	312.000000
365.350000	312.000000
365.355000	233.000000
365.360000	258.000000
365.365000	259.000000
365.370000	194.000000
365.375000	227.000000
365.380000	274.000000
365.385000	219.000000
365.390000	258.000000
365.395000	189.000000
365.400000	260.000000
365.405000	276.000000
365.410000	243.000000
365.415000	268.000000
365.420000	236.000000
365.425000	293.000000
365.430000	212.000000
365.435000	263.000000
365.440000	241.000000
365.445000	333.000000
365.450000	241.000000
365.455000	312.000000
365.460000	239.000000
365.465000	203.000000
365.470000	254.000000
365.475000	246.000000
365.480000	246.000000
365.485000	274.000000
365.490000	323.000000
365.495000	327.000000
365.500000	150.000000
365.505000	288.000000
365.510000	248.000000
365.515000	268.000000
365.520000	340.000000
365.525000	147.000000
365.530000	286.000000
365.535000	376.000000
365.540000	257.000000
365.545000	317.000000
365.550000	316.000000
365.555000	276.000000
365.560000	254.000000
365.565000	224.000000
365.570000	306.000000
365.575000	329.000000
365.580000	465.000000
365.585000	278.000000
365.590000	280.000000
365.595000	301.000000
365.600000	343.000000
