Sample ID:		None
Start Time:		Tue Jun 16 2020 1:25:42 PM
Averaging Time:		1.000s

364.400000	955.000000
364.405000	756.000000
364.410000	1128.000000
364.415000	891.000000
364.420000	903.000000
364.425000	929.000000
364.430000	882.000000
364.435000	973.000000
364.440000	795.000000
364.445000	964.000000
364.450000	912.000000
364.455000	816.000000
364.460000	755.000000
364.465000	821.000000
364.470000	806.000000
364.475000	756.000000
364.480000	834.000000
364.485000	726.000000
364.490000	821.000000
364.495000	865.000000
364.500000	806.000000
364.505000	937.000000
364.510000	843.000000
364.515000	827.000000
364.520000	565.000000
364.525000	747.000000
364.530000	803.000000
364.535000	933.000000
364.540000	781.000000
364.545000	847.000000
364.550000	751.000000
364.555000	825.000000
364.560000	960.000000
364.565000	968.000000
364.570000	991.000000
364.575000	1025.000000
364.580000	1310.000000
364.585000	1836.000000
364.590000	2572.000000
364.595000	4107.000000
364.600000	6320.000000
364.605000	7865.000000
364.610000	10604.000000
364.615000	13886.000000
364.620000	15785.000000
364.625000	17638.000000
364.630000	26736.000000
364.635000	41457.000000
364.640000	67673.000000
364.645000	130309.000000
364.650000	110086.000000
364.655000	62364.000000
364.660000	27973.000000
364.665000	13080.000000
364.670000	8639.000000
364.675000	5870.000000
364.680000	3857.000000
364.685000	1918.000000
364.690000	1833.000000
364.695000	1545.000000
364.700000	1448.000000
364.705000	1253.000000
364.710000	1095.000000
364.715000	1183.000000
364.720000	1183.000000
364.725000	893.000000
364.730000	1124.000000
364.735000	1047.000000
364.740000	1029.000000
364.745000	890.000000
364.750000	1080.000000
364.755000	1090.000000
364.760000	906.000000
364.765000	878.000000
364.770000	952.000000
364.775000	783.000000
364.780000	1025.000000
364.785000	910.000000
364.790000	676.000000
364.795000	702.000000
364.800000	949.000000
364.805000	944.000000
364.810000	623.000000
364.815000	658.000000
364.820000	738.000000
364.825000	907.000000
364.830000	724.000000
364.835000	844.000000
364.840000	865.000000
364.845000	798.000000
364.850000	854.000000
364.855000	876.000000
364.860000	681.000000
364.865000	740.000000
364.870000	762.000000
364.875000	760.000000
364.880000	792.000000
364.885000	740.000000
364.890000	645.000000
364.895000	633.000000
364.900000	770.000000
364.905000	578.000000
364.910000	502.000000
364.915000	388.000000
364.920000	371.000000
364.925000	315.000000
364.930000	300.000000
364.935000	233.000000
364.940000	284.000000
364.945000	318.000000
364.950000	378.000000
364.955000	325.000000
364.960000	376.000000
364.965000	247.000000
364.970000	271.000000
364.975000	327.000000
364.980000	329.000000
364.985000	364.000000
364.990000	241.000000
364.995000	291.000000
365.000000	261.000000
365.005000	209.000000
365.010000	263.000000
365.015000	366.000000
365.020000	296.000000
365.025000	371.000000
365.030000	272.000000
365.035000	282.000000
365.040000	280.000000
365.045000	218.000000
365.050000	317.000000
365.055000	222.000000
365.060000	338.000000
365.065000	265.000000
365.070000	288.000000
365.075000	307.000000
365.080000	252.000000
365.085000	287.000000
365.090000	355.000000
365.095000	271.000000
365.100000	311.000000
365.105000	331.000000
365.110000	260.000000
365.115000	219.000000
365.120000	262.000000
365.125000	200.000000
365.130000	164.000000
365.135000	244.000000
365.140000	203.000000
365.145000	233.000000
365.150000	229.000000
365.155000	309.000000
365.160000	317.000000
365.165000	283.000000
365.170000	290.000000
365.175000	347.000000
365.180000	198.000000
365.185000	289.000000
365.190000	284.000000
365.195000	332.000000
365.200000	225.000000
365.205000	272.000000
365.210000	262.000000
365.215000	268.000000
365.220000	315.000000
365.225000	313.000000
365.230000	272.000000
365.235000	331.000000
365.240000	269.000000
365.245000	286.000000
365.250000	262.000000
365.255000	288.000000
365.260000	274.000000
365.265000	401.000000
365.270000	350.000000
365.275000	338.000000
365.280000	292.000000
365.285000	318.000000
365.290000	403.000000
365.295000	298.000000
365.300000	336.000000
365.305000	383.000000
365.310000	387.000000
365.315000	272.000000
365.320000	424.000000
365.325000	245.000000
365.330000	397.000000
365.335000	365.000000
365.340000	369.000000
365.345000	387.000000
365.350000	464.000000
365.355000	318.000000
365.360000	343.000000
365.365000	415.000000
365.370000	355.000000
365.375000	467.000000
365.380000	576.000000
365.385000	474.000000
365.390000	622.000000
365.395000	824.000000
365.400000	1345.000000
365.405000	1588.000000
365.410000	2045.000000
365.415000	2550.000000
365.420000	2849.000000
365.425000	4006.000000
365.430000	8343.000000
365.435000	10679.000000
365.440000	17973.000000
365.445000	24046.000000
365.450000	14441.000000
365.455000	12810.000000
365.460000	12762.000000
365.465000	14661.000000
365.470000	19481.000000
365.475000	33526.000000
365.480000	99932.000000
365.485000	85587.000000
365.490000	30188.000000
365.495000	15134.000000
365.500000	7830.000000
365.505000	4344.000000
365.510000	3284.000000
365.515000	1780.000000
365.520000	1170.000000
365.525000	1069.000000
365.530000	903.000000
365.535000	712.000000
365.540000	658.000000
365.545000	692.000000
365.550000	632.000000
365.555000	532.000000
365.560000	509.000000
365.565000	389.000000
365.570000	450.000000
365.575000	531.000000
365.580000	349.000000
365.585000	431.000000
365.590000	553.000000
365.595000	434.000000
365.600000	506.000000
