Sample ID:		None
Start Time:		Tue Jun 16 2020 1:50:51 PM
Averaging Time:		1.000s

364.400000	833.000000
364.405000	975.000000
364.410000	817.000000
364.415000	780.000000
364.420000	748.000000
364.425000	644.000000
364.430000	790.000000
364.435000	633.000000
364.440000	796.000000
364.445000	702.000000
364.450000	813.000000
364.455000	788.000000
364.460000	590.000000
364.465000	824.000000
364.470000	591.000000
364.475000	770.000000
364.480000	767.000000
364.485000	891.000000
364.490000	842.000000
364.495000	887.000000
364.500000	752.000000
364.505000	933.000000
364.510000	649.000000
364.515000	698.000000
364.520000	811.000000
364.525000	728.000000
364.530000	786.000000
364.535000	700.000000
364.540000	380.000000
364.545000	415.000000
364.550000	339.000000
364.555000	439.000000
364.560000	257.000000
364.565000	317.000000
364.570000	278.000000
364.575000	354.000000
364.580000	347.000000
364.585000	372.000000
364.590000	192.000000
364.595000	323.000000
364.600000	278.000000
364.605000	219.000000
364.610000	292.000000
364.615000	276.000000
364.620000	202.000000
364.625000	247.000000
364.630000	279.000000
364.635000	313.000000
364.640000	250.000000
364.645000	236.000000
364.650000	222.000000
364.655000	307.000000
364.660000	289.000000
364.665000	224.000000
364.670000	225.000000
364.675000	248.000000
364.680000	243.000000
364.685000	246.000000
364.690000	230.000000
364.695000	207.000000
364.700000	263.000000
364.705000	238.000000
364.710000	192.000000
364.715000	258.000000
364.720000	278.000000
364.725000	345.000000
364.730000	236.000000
364.735000	273.000000
364.740000	294.000000
364.745000	207.000000
364.750000	239.000000
364.755000	266.000000
364.760000	294.000000
364.765000	247.000000
364.770000	340.000000
364.775000	291.000000
364.780000	260.000000
364.785000	200.000000
364.790000	254.000000
364.795000	172.000000
364.800000	205.000000
364.805000	164.000000
364.810000	210.000000
364.815000	404.000000
364.820000	290.000000
364.825000	309.000000
364.830000	210.000000
364.835000	288.000000
364.840000	347.000000
364.845000	258.000000
364.850000	350.000000
364.855000	304.000000
364.860000	247.000000
364.865000	262.000000
364.870000	264.000000
364.875000	290.000000
364.880000	319.000000
364.885000	301.000000
364.890000	344.000000
364.895000	255.000000
364.900000	377.000000
364.905000	395.000000
364.910000	396.000000
364.915000	385.000000
364.920000	376.000000
364.925000	353.000000
364.930000	307.000000
364.935000	403.000000
364.940000	371.000000
364.945000	373.000000
364.950000	390.000000
364.955000	412.000000
364.960000	312.000000
364.965000	372.000000
364.970000	413.000000
364.975000	270.000000
364.980000	363.000000
364.985000	403.000000
364.990000	475.000000
364.995000	431.000000
365.000000	343.000000
365.005000	412.000000
365.010000	623.000000
365.015000	611.000000
365.020000	840.000000
365.025000	828.000000
365.030000	1348.000000
365.035000	1495.000000
365.040000	1862.000000
365.045000	2465.000000
365.050000	3274.000000
365.055000	4147.000000
365.060000	7360.000000
365.065000	14726.000000
365.070000	23195.000000
365.075000	22313.000000
365.080000	13972.000000
365.085000	13073.000000
365.090000	12206.000000
365.095000	15458.000000
365.100000	21200.000000
365.105000	43292.000000
365.110000	102673.000000
365.115000	67901.000000
365.120000	26734.000000
365.125000	14113.000000
365.130000	7512.000000
365.135000	4575.000000
365.140000	2756.000000
365.145000	1595.000000
365.150000	1236.000000
365.155000	730.000000
365.160000	902.000000
365.165000	848.000000
365.170000	561.000000
365.175000	696.000000
365.180000	764.000000
365.185000	377.000000
365.190000	349.000000
365.195000	505.000000
365.200000	480.000000
365.205000	461.000000
365.210000	485.000000
365.215000	600.000000
365.220000	370.000000
365.225000	315.000000
365.230000	491.000000
365.235000	376.000000
365.240000	459.000000
365.245000	464.000000
365.250000	253.000000
365.255000	299.000000
365.260000	241.000000
365.265000	215.000000
365.270000	305.000000
365.275000	324.000000
365.280000	179.000000
365.285000	322.000000
365.290000	313.000000
365.295000	243.000000
365.300000	256.000000
365.305000	193.000000
365.310000	201.000000
365.315000	300.000000
365.320000	317.000000
365.325000	252.000000
365.330000	222.000000
365.335000	238.000000
365.340000	241.000000
365.345000	203.000000
365.350000	224.000000
365.355000	274.000000
365.360000	249.000000
365.365000	150.000000
365.370000	231.000000
365.375000	215.000000
365.380000	279.000000
365.385000	243.000000
365.390000	178.000000
365.395000	336.000000
365.400000	361.000000
365.405000	198.000000
365.410000	241.000000
365.415000	160.000000
365.420000	319.000000
365.425000	164.000000
365.430000	239.000000
365.435000	226.000000
365.440000	217.000000
365.445000	191.000000
365.450000	170.000000
365.455000	200.000000
365.460000	264.000000
365.465000	330.000000
365.470000	260.000000
365.475000	162.000000
365.480000	218.000000
365.485000	177.000000
365.490000	229.000000
365.495000	164.000000
365.500000	253.000000
365.505000	296.000000
365.510000	136.000000
365.515000	99.000000
365.520000	265.000000
365.525000	196.000000
365.530000	193.000000
365.535000	211.000000
365.540000	234.000000
365.545000	222.000000
365.550000	202.000000
365.555000	165.000000
365.560000	222.000000
365.565000	234.000000
365.570000	163.000000
365.575000	123.000000
365.580000	222.000000
365.585000	162.000000
365.590000	232.000000
365.595000	232.000000
365.600000	301.000000
