Sample ID:		None
Start Time:		Tue Jun 16 2020 2:15:59 PM
Averaging Time:		1.000s

364.400000	152.000000
364.405000	341.000000
364.410000	278.000000
364.415000	269.000000
364.420000	304.000000
364.425000	260.000000
364.430000	196.000000
364.435000	278.000000
364.440000	221.000000
364.445000	305.000000
364.450000	200.000000
364.455000	348.000000
364.460000	218.000000
364.465000	250.000000
364.470000	316.000000
364.475000	272.000000
364.480000	263.000000
364.485000	243.000000
364.490000	459.000000
364.495000	265.000000
364.500000	305.000000
364.505000	222.000000
364.510000	238.000000
364.515000	245.000000
364.520000	359.000000
364.525000	334.000000
364.530000	315.000000
364.535000	260.000000
364.540000	285.000000
364.545000	314.000000
364.550000	243.000000
364.555000	285.000000
364.560000	292.000000
364.565000	387.000000
364.570000	275.000000
364.575000	357.000000
364.580000	233.000000
364.585000	379.000000
364.590000	359.000000
364.595000	338.000000
364.600000	308.000000
364.605000	382.000000
364.610000	351.000000
364.615000	333.000000
364.620000	367.000000
364.625000	412.000000
364.630000	369.000000
364.635000	304.000000
364.640000	324.000000
364.645000	441.000000
364.650000	428.000000
364.655000	378.000000
364.660000	421.000000
364.665000	429.000000
364.670000	418.000000
364.675000	500.000000
364.680000	659.000000
364.685000	838.000000
364.690000	1070.000000
364.695000	1304.000000
364.700000	1512.000000
364.705000	1892.000000
364.710000	2648.000000
364.715000	3543.000000
364.720000	4681.000000
364.725000	6935.000000
364.730000	10893.000000
364.735000	22691.000000
364.740000	22944.000000
364.745000	15316.000000
364.750000	13022.000000
364.755000	12746.000000
364.760000	19147.000000
364.765000	21665.000000
364.770000	40249.000000
364.775000	106870.000000
364.780000	58549.000000
364.785000	26906.000000
364.790000	13926.000000
364.795000	7627.000000
364.800000	5141.000000
364.805000	3003.000000
364.810000	1696.000000
364.815000	1328.000000
364.820000	896.000000
364.825000	730.000000
364.830000	829.000000
364.835000	769.000000
364.840000	579.000000
364.845000	576.000000
364.850000	715.000000
364.855000	577.000000
364.860000	603.000000
364.865000	389.000000
364.870000	482.000000
364.875000	486.000000
364.880000	566.000000
364.885000	406.000000
364.890000	534.000000
364.895000	372.000000
364.900000	387.000000
364.905000	263.000000
364.910000	348.000000
364.915000	320.000000
364.920000	286.000000
364.925000	348.000000
364.930000	257.000000
364.935000	239.000000
364.940000	289.000000
364.945000	376.000000
364.950000	275.000000
364.955000	248.000000
364.960000	277.000000
364.965000	280.000000
364.970000	308.000000
364.975000	295.000000
364.980000	278.000000
364.985000	284.000000
364.990000	411.000000
364.995000	269.000000
365.000000	329.000000
365.005000	269.000000
365.010000	205.000000
365.015000	246.000000
365.020000	167.000000
365.025000	272.000000
365.030000	272.000000
365.035000	250.000000
365.040000	278.000000
365.045000	219.000000
365.050000	274.000000
365.055000	336.000000
365.060000	140.000000
365.065000	193.000000
365.070000	232.000000
365.075000	290.000000
365.080000	248.000000
365.085000	227.000000
365.090000	263.000000
365.095000	218.000000
365.100000	115.000000
365.105000	184.000000
365.110000	289.000000
365.115000	220.000000
365.120000	262.000000
365.125000	167.000000
365.130000	185.000000
365.135000	267.000000
365.140000	143.000000
365.145000	242.000000
365.150000	159.000000
365.155000	303.000000
365.160000	267.000000
365.165000	181.000000
365.170000	165.000000
365.175000	242.000000
365.180000	176.000000
365.185000	227.000000
365.190000	195.000000
365.195000	250.000000
365.200000	237.000000
365.205000	209.000000
365.210000	242.000000
365.215000	212.000000
365.220000	251.000000
365.225000	212.000000
365.230000	273.000000
365.235000	225.000000
365.240000	263.000000
365.245000	281.000000
365.250000	269.000000
365.255000	222.000000
365.260000	169.000000
365.265000	274.000000
365.270000	215.000000
365.275000	157.000000
365.280000	249.000000
365.285000	224.000000
365.290000	222.000000
365.295000	202.000000
365.300000	318.000000
365.305000	208.000000
365.310000	125.000000
365.315000	142.000000
365.320000	218.000000
365.325000	128.000000
365.330000	238.000000
365.335000	134.000000
365.340000	213.000000
365.345000	209.000000
365.350000	216.000000
365.355000	254.000000
365.360000	153.000000
365.365000	158.000000
365.370000	219.000000
365.375000	260.000000
365.380000	243.000000
365.385000	170.000000
365.390000	166.000000
365.395000	225.000000
365.400000	156.000000
365.405000	221.000000
365.410000	197.000000
365.415000	187.000000
365.420000	217.000000
365.425000	152.000000
365.430000	226.000000
365.435000	280.000000
365.440000	123.000000
365.445000	222.000000
365.450000	231.000000
365.455000	199.000000
365.460000	226.000000
365.465000	126.000000
365.470000	172.000000
365.475000	269.000000
365.480000	218.000000
365.485000	287.000000
365.490000	135.000000
365.495000	146.000000
365.500000	105.000000
365.505000	148.000000
365.510000	63.000000
365.515000	126.000000
365.520000	172.000000
365.525000	213.000000
365.530000	88.000000
365.535000	173.000000
365.540000	137.000000
365.545000	115.000000
365.550000	117.000000
365.555000	138.000000
365.560000	177.000000
365.565000	153.000000
365.570000	142.000000
365.575000	160.000000
365.580000	142.000000
365.585000	179.000000
365.590000	141.000000
365.595000	135.000000
365.600000	141.000000
