Sample ID:		None
Start Time:		Tue Jun 16 2020 2:41:07 PM
Averaging Time:		1.000s

364.400000	506.000000
364.405000	368.000000
364.410000	461.000000
364.415000	471.000000
364.420000	650.000000
364.425000	815.000000
364.430000	1093.000000
364.435000	1306.000000
364.440000	1721.000000
364.445000	1887.000000
364.450000	2473.000000
364.455000	3213.000000
364.460000	4476.000000
364.465000	7908.000000
364.470000	17598.000000
364.475000	22553.000000
364.480000	20195.000000
364.485000	14749.000000
364.490000	13087.000000
364.495000	12952.000000
364.500000	15860.000000
364.505000	23157.000000
364.510000	46134.000000
364.515000	110228.000000
364.520000	65942.000000
364.525000	22600.000000
364.530000	11913.000000
364.535000	7352.000000
364.540000	4367.000000
364.545000	2122.000000
364.550000	1292.000000
364.555000	1016.000000
364.560000	840.000000
364.565000	735.000000
364.570000	638.000000
364.575000	540.000000
364.580000	675.000000
364.585000	632.000000
364.590000	580.000000
364.595000	596.000000
364.600000	622.000000
364.605000	562.000000
364.610000	379.000000
364.615000	415.000000
364.620000	455.000000
364.625000	515.000000
364.630000	409.000000
364.635000	456.000000
364.640000	332.000000
364.645000	313.000000
364.650000	329.000000
364.655000	277.000000
364.660000	266.000000
364.665000	296.000000
364.670000	299.000000
364.675000	375.000000
364.680000	255.000000
364.685000	356.000000
364.690000	193.000000
364.695000	313.000000
364.700000	248.000000
364.705000	240.000000
364.710000	269.000000
364.715000	230.000000
364.720000	253.000000
364.725000	230.000000
364.730000	219.000000
364.735000	239.000000
364.740000	269.000000
364.745000	212.000000
364.750000	216.000000
364.755000	312.000000
364.760000	252.000000
364.765000	275.000000
364.770000	171.000000
364.775000	315.000000
364.780000	195.000000
364.785000	182.000000
364.790000	290.000000
364.795000	250.000000
364.800000	282.000000
364.805000	286.000000
364.810000	315.000000
364.815000	230.000000
364.820000	208.000000
364.825000	234.000000
364.830000	212.000000
364.835000	285.000000
364.840000	202.000000
364.845000	190.000000
364.850000	223.000000
364.855000	102.000000
364.860000	254.000000
364.865000	298.000000
364.870000	177.000000
364.875000	188.000000
364.880000	233.000000
364.885000	289.000000
364.890000	146.000000
364.895000	146.000000
364.900000	271.000000
364.905000	180.000000
364.910000	255.000000
364.915000	252.000000
364.920000	227.000000
364.925000	180.000000
364.930000	262.000000
364.935000	260.000000
364.940000	222.000000
364.945000	336.000000
364.950000	114.000000
364.955000	141.000000
364.960000	244.000000
364.965000	227.000000
364.970000	106.000000
364.975000	286.000000
364.980000	138.000000
364.985000	225.000000
364.990000	286.000000
364.995000	176.000000
365.000000	244.000000
365.005000	221.000000
365.010000	226.000000
365.015000	147.000000
365.020000	328.000000
365.025000	323.000000
365.030000	225.000000
365.035000	325.000000
365.040000	244.000000
365.045000	262.000000
365.050000	154.000000
365.055000	196.000000
365.060000	211.000000
365.065000	225.000000
365.070000	219.000000
365.075000	253.000000
365.080000	195.000000
365.085000	202.000000
365.090000	244.000000
365.095000	266.000000
365.100000	255.000000
365.105000	176.000000
365.110000	237.000000
365.115000	247.000000
365.120000	169.000000
365.125000	151.000000
365.130000	221.000000
365.135000	246.000000
365.140000	217.000000
365.145000	175.000000
365.150000	175.000000
365.155000	315.000000
365.160000	249.000000
365.165000	160.000000
365.170000	291.000000
365.175000	270.000000
365.180000	219.000000
365.185000	197.000000
365.190000	322.000000
365.195000	172.000000
365.200000	220.000000
365.205000	250.000000
365.210000	136.000000
365.215000	286.000000
365.220000	153.000000
365.225000	366.000000
365.230000	246.000000
365.235000	195.000000
365.240000	169.000000
365.245000	136.000000
365.250000	154.000000
365.255000	133.000000
365.260000	158.000000
365.265000	177.000000
365.270000	157.000000
365.275000	220.000000
365.280000	110.000000
365.285000	117.000000
365.290000	135.000000
365.295000	122.000000
365.300000	191.000000
365.305000	177.000000
365.310000	139.000000
365.315000	119.000000
365.320000	175.000000
365.325000	211.000000
365.330000	232.000000
365.335000	180.000000
365.340000	204.000000
365.345000	149.000000
365.350000	97.000000
365.355000	157.000000
365.360000	113.000000
365.365000	156.000000
365.370000	182.000000
365.375000	182.000000
365.380000	115.000000
365.385000	140.000000
365.390000	145.000000
365.395000	122.000000
365.400000	195.000000
365.405000	169.000000
365.410000	127.000000
365.415000	193.000000
365.420000	137.000000
365.425000	136.000000
365.430000	145.000000
365.435000	158.000000
365.440000	216.000000
365.445000	254.000000
365.450000	115.000000
365.455000	246.000000
365.460000	174.000000
365.465000	130.000000
365.470000	141.000000
365.475000	88.000000
365.480000	125.000000
365.485000	147.000000
365.490000	133.000000
365.495000	124.000000
365.500000	153.000000
365.505000	103.000000
365.510000	119.000000
365.515000	166.000000
365.520000	154.000000
365.525000	100.000000
365.530000	176.000000
365.535000	172.000000
365.540000	142.000000
365.545000	171.000000
365.550000	163.000000
365.555000	125.000000
365.560000	128.000000
365.565000	143.000000
365.570000	91.000000
365.575000	146.000000
365.580000	103.000000
365.585000	200.000000
365.590000	118.000000
365.595000	145.000000
365.600000	167.000000
