Sample ID:		None
Start Time:		Tue Jun 16 2020 1:38:16 PM
Averaging Time:		1.000s

364.400000	1159.000000
364.405000	1509.000000
364.410000	2558.000000
364.415000	5135.000000
364.420000	5547.000000
364.425000	7798.000000
364.430000	10114.000000
364.435000	12352.000000
364.440000	14534.000000
364.445000	17044.000000
364.450000	21256.000000
364.455000	62406.000000
364.460000	72796.000000
364.465000	131680.000000
364.470000	88140.000000
364.475000	58717.000000
364.480000	33790.000000
364.485000	17267.000000
364.490000	10210.000000
364.495000	5695.000000
364.500000	4004.000000
364.505000	2637.000000
364.510000	2253.000000
364.515000	1678.000000
364.520000	1278.000000
364.525000	1349.000000
364.530000	1192.000000
364.535000	998.000000
364.540000	1091.000000
364.545000	1074.000000
364.550000	1083.000000
364.555000	1069.000000
364.560000	1198.000000
364.565000	961.000000
364.570000	958.000000
364.575000	1021.000000
364.580000	1023.000000
364.585000	917.000000
364.590000	769.000000
364.595000	923.000000
364.600000	961.000000
364.605000	763.000000
364.610000	728.000000
364.615000	723.000000
364.620000	802.000000
364.625000	812.000000
364.630000	721.000000
364.635000	788.000000
364.640000	597.000000
364.645000	744.000000
364.650000	865.000000
364.655000	898.000000
364.660000	798.000000
364.665000	771.000000
364.670000	776.000000
364.675000	745.000000
364.680000	798.000000
364.685000	726.000000
364.690000	729.000000
364.695000	699.000000
364.700000	1035.000000
364.705000	801.000000
364.710000	813.000000
364.715000	706.000000
364.720000	738.000000
364.725000	817.000000
364.730000	553.000000
364.735000	496.000000
364.740000	447.000000
364.745000	533.000000
364.750000	336.000000
364.755000	336.000000
364.760000	306.000000
364.765000	338.000000
364.770000	291.000000
364.775000	277.000000
364.780000	279.000000
364.785000	277.000000
364.790000	220.000000
364.795000	487.000000
364.800000	269.000000
364.805000	291.000000
364.810000	392.000000
364.815000	249.000000
364.820000	332.000000
364.825000	361.000000
364.830000	381.000000
364.835000	293.000000
364.840000	413.000000
364.845000	287.000000
364.850000	284.000000
364.855000	282.000000
364.860000	305.000000
364.865000	209.000000
364.870000	257.000000
364.875000	266.000000
364.880000	220.000000
364.885000	349.000000
364.890000	294.000000
364.895000	216.000000
364.900000	315.000000
364.905000	287.000000
364.910000	208.000000
364.915000	209.000000
364.920000	237.000000
364.925000	254.000000
364.930000	346.000000
364.935000	255.000000
364.940000	335.000000
364.945000	249.000000
364.950000	218.000000
364.955000	242.000000
364.960000	142.000000
364.965000	326.000000
364.970000	384.000000
364.975000	214.000000
364.980000	252.000000
364.985000	319.000000
364.990000	405.000000
364.995000	315.000000
365.000000	217.000000
365.005000	241.000000
365.010000	287.000000
365.015000	221.000000
365.020000	242.000000
365.025000	254.000000
365.030000	289.000000
365.035000	252.000000
365.040000	283.000000
365.045000	357.000000
365.050000	263.000000
365.055000	255.000000
365.060000	337.000000
365.065000	245.000000
365.070000	262.000000
365.075000	251.000000
365.080000	237.000000
365.085000	201.000000
365.090000	272.000000
365.095000	307.000000
365.100000	365.000000
365.105000	345.000000
365.110000	357.000000
365.115000	356.000000
365.120000	379.000000
365.125000	297.000000
365.130000	246.000000
365.135000	288.000000
365.140000	331.000000
365.145000	332.000000
365.150000	389.000000
365.155000	330.000000
365.160000	358.000000
365.165000	351.000000
365.170000	264.000000
365.175000	423.000000
365.180000	434.000000
365.185000	379.000000
365.190000	415.000000
365.195000	414.000000
365.200000	374.000000
365.205000	528.000000
365.210000	613.000000
365.215000	769.000000
365.220000	1017.000000
365.225000	1435.000000
365.230000	1857.000000
365.235000	2045.000000
365.240000	2531.000000
365.245000	3145.000000
365.250000	4970.000000
365.255000	8895.000000
365.260000	13508.000000
365.265000	22606.000000
365.270000	19528.000000
365.275000	14081.000000
365.280000	12827.000000
365.285000	11972.000000
365.290000	19030.000000
365.295000	24580.000000
365.300000	55081.000000
365.305000	112306.000000
365.310000	55788.000000
365.315000	18569.000000
365.320000	11243.000000
365.325000	6738.000000
365.330000	3895.000000
365.335000	2154.000000
365.340000	1455.000000
365.345000	1037.000000
365.350000	883.000000
365.355000	605.000000
365.360000	709.000000
365.365000	651.000000
365.370000	630.000000
365.375000	555.000000
365.380000	467.000000
365.385000	474.000000
365.390000	442.000000
365.395000	590.000000
365.400000	422.000000
365.405000	455.000000
365.410000	362.000000
365.415000	362.000000
365.420000	367.000000
365.425000	340.000000
365.430000	298.000000
365.435000	332.000000
365.440000	408.000000
365.445000	329.000000
365.450000	230.000000
365.455000	356.000000
365.460000	352.000000
365.465000	182.000000
365.470000	277.000000
365.475000	397.000000
365.480000	304.000000
365.485000	238.000000
365.490000	263.000000
365.495000	384.000000
365.500000	236.000000
365.505000	279.000000
365.510000	282.000000
365.515000	276.000000
365.520000	246.000000
365.525000	242.000000
365.530000	203.000000
365.535000	284.000000
365.540000	239.000000
365.545000	302.000000
365.550000	221.000000
365.555000	347.000000
365.560000	258.000000
365.565000	303.000000
365.570000	311.000000
365.575000	296.000000
365.580000	210.000000
365.585000	231.000000
365.590000	267.000000
365.595000	199.000000
365.600000	183.000000
