Sample ID:		None
Start Time:		Tue Jun 16 2020 2:34:50 PM
Averaging Time:		1.000s

364.400000	476.000000
364.405000	371.000000
364.410000	453.000000
364.415000	433.000000
364.420000	407.000000
364.425000	352.000000
364.430000	394.000000
364.435000	426.000000
364.440000	359.000000
364.445000	434.000000
364.450000	277.000000
364.455000	491.000000
364.460000	461.000000
364.465000	476.000000
364.470000	399.000000
364.475000	437.000000
364.480000	432.000000
364.485000	398.000000
364.490000	712.000000
364.495000	679.000000
364.500000	928.000000
364.505000	1164.000000
364.510000	1638.000000
364.515000	2151.000000
364.520000	2618.000000
364.525000	2917.000000
364.530000	4594.000000
364.535000	7509.000000
364.540000	11420.000000
364.545000	23494.000000
364.550000	19797.000000
364.555000	14012.000000
364.560000	13466.000000
364.565000	12876.000000
364.570000	17472.000000
364.575000	23248.000000
364.580000	45532.000000
364.585000	113501.000000
364.590000	43913.000000
364.595000	24190.000000
364.600000	13344.000000
364.605000	7539.000000
364.610000	4021.000000
364.615000	2566.000000
364.620000	1466.000000
364.625000	1169.000000
364.630000	665.000000
364.635000	693.000000
364.640000	699.000000
364.645000	621.000000
364.650000	603.000000
364.655000	630.000000
364.660000	575.000000
364.665000	644.000000
364.670000	488.000000
364.675000	457.000000
364.680000	482.000000
364.685000	618.000000
364.690000	433.000000
364.695000	434.000000
364.700000	364.000000
364.705000	302.000000
364.710000	418.000000
364.715000	321.000000
364.720000	343.000000
364.725000	219.000000
364.730000	397.000000
364.735000	324.000000
364.740000	331.000000
364.745000	384.000000
364.750000	319.000000
364.755000	288.000000
364.760000	189.000000
364.765000	266.000000
364.770000	272.000000
364.775000	281.000000
364.780000	234.000000
364.785000	295.000000
364.790000	246.000000
364.795000	293.000000
364.800000	259.000000
364.805000	303.000000
364.810000	261.000000
364.815000	232.000000
364.820000	198.000000
364.825000	211.000000
364.830000	165.000000
364.835000	253.000000
364.840000	244.000000
364.845000	226.000000
364.850000	228.000000
364.855000	347.000000
364.860000	129.000000
364.865000	232.000000
364.870000	217.000000
364.875000	182.000000
364.880000	254.000000
364.885000	297.000000
364.890000	187.000000
364.895000	248.000000
364.900000	217.000000
364.905000	203.000000
364.910000	287.000000
364.915000	329.000000
364.920000	259.000000
364.925000	199.000000
364.930000	194.000000
364.935000	270.000000
364.940000	216.000000
364.945000	297.000000
364.950000	300.000000
364.955000	157.000000
364.960000	254.000000
364.965000	194.000000
364.970000	195.000000
364.975000	230.000000
364.980000	157.000000
364.985000	261.000000
364.990000	203.000000
364.995000	171.000000
365.000000	147.000000
365.005000	208.000000
365.010000	228.000000
365.015000	206.000000
365.020000	179.000000
365.025000	257.000000
365.030000	200.000000
365.035000	145.000000
365.040000	141.000000
365.045000	202.000000
365.050000	211.000000
365.055000	255.000000
365.060000	216.000000
365.065000	269.000000
365.070000	97.000000
365.075000	181.000000
365.080000	202.000000
365.085000	157.000000
365.090000	196.000000
365.095000	184.000000
365.100000	185.000000
365.105000	214.000000
365.110000	167.000000
365.115000	206.000000
365.120000	277.000000
365.125000	158.000000
365.130000	187.000000
365.135000	241.000000
365.140000	223.000000
365.145000	169.000000
365.150000	216.000000
365.155000	207.000000
365.160000	188.000000
365.165000	96.000000
365.170000	169.000000
365.175000	174.000000
365.180000	297.000000
365.185000	195.000000
365.190000	181.000000
365.195000	188.000000
365.200000	279.000000
365.205000	192.000000
365.210000	222.000000
365.215000	136.000000
365.220000	131.000000
365.225000	268.000000
365.230000	197.000000
365.235000	230.000000
365.240000	197.000000
365.245000	237.000000
365.250000	345.000000
365.255000	268.000000
365.260000	251.000000
365.265000	284.000000
365.270000	217.000000
365.275000	288.000000
365.280000	238.000000
365.285000	276.000000
365.290000	195.000000
365.295000	237.000000
365.300000	230.000000
365.305000	135.000000
365.310000	126.000000
365.315000	163.000000
365.320000	124.000000
365.325000	176.000000
365.330000	222.000000
365.335000	245.000000
365.340000	177.000000
365.345000	157.000000
365.350000	120.000000
365.355000	128.000000
365.360000	192.000000
365.365000	154.000000
365.370000	154.000000
365.375000	118.000000
365.380000	111.000000
365.385000	97.000000
365.390000	166.000000
365.395000	195.000000
365.400000	133.000000
365.405000	156.000000
365.410000	169.000000
365.415000	189.000000
365.420000	213.000000
365.425000	139.000000
365.430000	150.000000
365.435000	117.000000
365.440000	149.000000
365.445000	235.000000
365.450000	176.000000
365.455000	210.000000
365.460000	196.000000
365.465000	222.000000
365.470000	130.000000
365.475000	162.000000
365.480000	110.000000
365.485000	106.000000
365.490000	149.000000
365.495000	130.000000
365.500000	89.000000
365.505000	159.000000
365.510000	136.000000
365.515000	264.000000
365.520000	93.000000
365.525000	190.000000
365.530000	196.000000
365.535000	134.000000
365.540000	147.000000
365.545000	219.000000
365.550000	102.000000
365.555000	182.000000
365.560000	115.000000
365.565000	203.000000
365.570000	229.000000
365.575000	168.000000
365.580000	143.000000
365.585000	193.000000
365.590000	198.000000
365.595000	123.000000
365.600000	194.000000
