Sample ID:		None
Start Time:		Tue Jun 16 2020 4:10:18 PM
Averaging Time:		1.000s

364.800000	323.000000
364.805000	297.000000
364.810000	373.000000
364.815000	519.000000
364.820000	461.000000
364.825000	531.000000
364.830000	416.000000
364.835000	568.000000
364.840000	578.000000
364.845000	539.000000
364.850000	445.000000
364.855000	555.000000
364.860000	520.000000
364.865000	571.000000
364.870000	589.000000
364.875000	632.000000
364.880000	528.000000
364.885000	628.000000
364.890000	559.000000
364.895000	793.000000
364.900000	652.000000
364.905000	689.000000
364.910000	864.000000
364.915000	686.000000
364.920000	933.000000
364.925000	950.000000
364.930000	1071.000000
364.935000	946.000000
364.940000	1104.000000
364.945000	1501.000000
364.950000	1446.000000
364.955000	1412.000000
364.960000	1774.000000
364.965000	2234.000000
364.970000	3018.000000
364.975000	3909.000000
364.980000	5703.000000
364.985000	10786.000000
364.990000	18346.000000
364.995000	26205.000000
365.000000	35016.000000
365.005000	45039.000000
365.010000	58777.000000
365.015000	71266.000000
365.020000	83140.000000
365.025000	107454.000000
365.030000	335081.000000
365.035000	468471.000000
365.040000	695576.000000
365.045000	365231.000000
365.050000	150202.000000
365.055000	91384.000000
365.060000	54422.000000
365.065000	31288.000000
365.070000	16735.000000
365.075000	12601.000000
365.080000	9053.000000
365.085000	7882.000000
365.090000	6153.000000
365.095000	5790.000000
365.100000	4956.000000
365.105000	4945.000000
365.110000	3955.000000
365.115000	3508.000000
365.120000	3725.000000
365.125000	3083.000000
365.130000	2931.000000
365.135000	2918.000000
365.140000	3070.000000
365.145000	2530.000000
365.150000	2355.000000
365.155000	2239.000000
365.160000	2236.000000
365.165000	1891.000000
365.170000	1761.000000
365.175000	1702.000000
365.180000	1576.000000
365.185000	1314.000000
365.190000	1427.000000
365.195000	1355.000000
365.200000	1321.000000
365.205000	1196.000000
365.210000	1169.000000
365.215000	1242.000000
365.220000	1012.000000
365.225000	1162.000000
365.230000	1010.000000
365.235000	1097.000000
365.240000	999.000000
365.245000	857.000000
365.250000	1036.000000
365.255000	976.000000
365.260000	856.000000
365.265000	1152.000000
365.270000	829.000000
365.275000	764.000000
365.280000	997.000000
365.285000	856.000000
365.290000	955.000000
365.295000	854.000000
365.300000	857.000000
365.305000	967.000000
365.310000	1043.000000
365.315000	782.000000
365.320000	820.000000
365.325000	830.000000
365.330000	661.000000
365.335000	685.000000
365.340000	923.000000
365.345000	1132.000000
365.350000	673.000000
365.355000	705.000000
365.360000	880.000000
365.365000	909.000000
365.370000	869.000000
365.375000	796.000000
365.380000	883.000000
365.385000	752.000000
365.390000	1070.000000
365.395000	1004.000000
365.400000	779.000000
365.405000	846.000000
365.410000	716.000000
365.415000	992.000000
365.420000	939.000000
365.425000	909.000000
365.430000	1017.000000
365.435000	1345.000000
365.440000	2148.000000
365.445000	2800.000000
365.450000	4113.000000
365.455000	5701.000000
365.460000	8488.000000
365.465000	10438.000000
365.470000	14057.000000
365.475000	17082.000000
365.480000	19323.000000
365.485000	25419.000000
365.490000	49076.000000
365.495000	96911.000000
365.500000	145027.000000
365.505000	80060.000000
365.510000	25549.000000
365.515000	22158.000000
365.520000	11473.000000
365.525000	6484.000000
365.530000	4537.000000
365.535000	2944.000000
365.540000	2147.000000
365.545000	1630.000000
365.550000	1596.000000
365.555000	1408.000000
365.560000	1332.000000
365.565000	1245.000000
365.570000	1294.000000
365.575000	999.000000
365.580000	1146.000000
365.585000	1062.000000
365.590000	955.000000
365.595000	988.000000
365.600000	954.000000
365.605000	1110.000000
365.610000	858.000000
365.615000	790.000000
365.620000	891.000000
365.625000	962.000000
365.630000	867.000000
365.635000	850.000000
365.640000	805.000000
365.645000	691.000000
365.650000	769.000000
365.655000	800.000000
365.660000	710.000000
365.665000	649.000000
365.670000	593.000000
365.675000	839.000000
365.680000	725.000000
365.685000	873.000000
365.690000	992.000000
365.695000	846.000000
365.700000	841.000000
365.705000	675.000000
365.710000	834.000000
365.715000	746.000000
365.720000	807.000000
365.725000	815.000000
365.730000	836.000000
365.735000	767.000000
365.740000	809.000000
365.745000	734.000000
365.750000	745.000000
365.755000	681.000000
365.760000	568.000000
365.765000	449.000000
365.770000	293.000000
365.775000	277.000000
365.780000	382.000000
365.785000	306.000000
365.790000	311.000000
365.795000	281.000000
365.800000	257.000000
