Sample ID:		None
Start Time:		Tue Jun 16 2020 3:18:52 PM
Averaging Time:		1.000s

364.400000	216.000000
364.405000	224.000000
364.410000	280.000000
364.415000	262.000000
364.420000	179.000000
364.425000	349.000000
364.430000	170.000000
364.435000	257.000000
364.440000	238.000000
364.445000	162.000000
364.450000	232.000000
364.455000	192.000000
364.460000	158.000000
364.465000	239.000000
364.470000	204.000000
364.475000	168.000000
364.480000	179.000000
364.485000	212.000000
364.490000	172.000000
364.495000	206.000000
364.500000	205.000000
364.505000	183.000000
364.510000	199.000000
364.515000	156.000000
364.520000	215.000000
364.525000	230.000000
364.530000	220.000000
364.535000	191.000000
364.540000	189.000000
364.545000	279.000000
364.550000	178.000000
364.555000	210.000000
364.560000	200.000000
364.565000	174.000000
364.570000	209.000000
364.575000	278.000000
364.580000	244.000000
364.585000	260.000000
364.590000	315.000000
364.595000	163.000000
364.600000	229.000000
364.605000	213.000000
364.610000	237.000000
364.615000	353.000000
364.620000	219.000000
364.625000	201.000000
364.630000	221.000000
364.635000	283.000000
364.640000	288.000000
364.645000	180.000000
364.650000	237.000000
364.655000	143.000000
364.660000	157.000000
364.665000	293.000000
364.670000	233.000000
364.675000	279.000000
364.680000	178.000000
364.685000	158.000000
364.690000	134.000000
364.695000	218.000000
364.700000	292.000000
364.705000	311.000000
364.710000	195.000000
364.715000	253.000000
364.720000	164.000000
364.725000	277.000000
364.730000	184.000000
364.735000	209.000000
364.740000	260.000000
364.745000	133.000000
364.750000	197.000000
364.755000	208.000000
364.760000	176.000000
364.765000	126.000000
364.770000	298.000000
364.775000	156.000000
364.780000	188.000000
364.785000	195.000000
364.790000	184.000000
364.795000	166.000000
364.800000	97.000000
364.805000	94.000000
364.810000	250.000000
364.815000	190.000000
364.820000	126.000000
364.825000	180.000000
364.830000	193.000000
364.835000	299.000000
364.840000	196.000000
364.845000	148.000000
364.850000	92.000000
364.855000	120.000000
364.860000	187.000000
364.865000	193.000000
364.870000	178.000000
364.875000	128.000000
364.880000	147.000000
364.885000	208.000000
364.890000	201.000000
364.895000	144.000000
364.900000	161.000000
364.905000	141.000000
364.910000	147.000000
364.915000	160.000000
364.920000	156.000000
364.925000	173.000000
364.930000	146.000000
364.935000	135.000000
364.940000	174.000000
364.945000	113.000000
364.950000	129.000000
364.955000	167.000000
364.960000	100.000000
364.965000	155.000000
364.970000	139.000000
364.975000	242.000000
364.980000	139.000000
364.985000	105.000000
364.990000	195.000000
364.995000	125.000000
365.000000	177.000000
365.005000	155.000000
365.010000	134.000000
365.015000	128.000000
365.020000	150.000000
365.025000	176.000000
365.030000	117.000000
365.035000	154.000000
365.040000	143.000000
365.045000	73.000000
365.050000	121.000000
365.055000	106.000000
365.060000	146.000000
365.065000	117.000000
365.070000	140.000000
365.075000	89.000000
365.080000	136.000000
365.085000	112.000000
365.090000	172.000000
365.095000	190.000000
365.100000	219.000000
365.105000	105.000000
365.110000	129.000000
365.115000	171.000000
365.120000	103.000000
365.125000	196.000000
365.130000	184.000000
365.135000	162.000000
365.140000	79.000000
365.145000	189.000000
365.150000	203.000000
365.155000	215.000000
365.160000	142.000000
365.165000	138.000000
365.170000	133.000000
365.175000	94.000000
365.180000	135.000000
365.185000	74.000000
365.190000	140.000000
365.195000	178.000000
365.200000	137.000000
365.205000	203.000000
365.210000	269.000000
365.215000	92.000000
365.220000	133.000000
365.225000	200.000000
365.230000	102.000000
365.235000	117.000000
365.240000	168.000000
365.245000	129.000000
365.250000	129.000000
365.255000	111.000000
365.260000	67.000000
365.265000	89.000000
365.270000	135.000000
365.275000	175.000000
365.280000	146.000000
365.285000	195.000000
365.290000	151.000000
365.295000	127.000000
365.300000	160.000000
365.305000	98.000000
365.310000	110.000000
365.315000	116.000000
365.320000	193.000000
365.325000	148.000000
365.330000	98.000000
365.335000	162.000000
365.340000	168.000000
365.345000	181.000000
365.350000	187.000000
365.355000	153.000000
365.360000	121.000000
365.365000	141.000000
365.370000	196.000000
365.375000	163.000000
365.380000	114.000000
365.385000	125.000000
365.390000	137.000000
365.395000	108.000000
365.400000	193.000000
365.405000	107.000000
365.410000	139.000000
365.415000	176.000000
365.420000	184.000000
365.425000	87.000000
365.430000	150.000000
365.435000	137.000000
365.440000	212.000000
365.445000	74.000000
365.450000	157.000000
365.455000	165.000000
365.460000	199.000000
365.465000	180.000000
365.470000	127.000000
365.475000	173.000000
365.480000	111.000000
365.485000	221.000000
365.490000	80.000000
365.495000	178.000000
365.500000	166.000000
365.505000	97.000000
365.510000	135.000000
365.515000	134.000000
365.520000	201.000000
365.525000	171.000000
365.530000	208.000000
365.535000	93.000000
365.540000	106.000000
365.545000	134.000000
365.550000	182.000000
365.555000	167.000000
365.560000	123.000000
365.565000	168.000000
365.570000	179.000000
365.575000	146.000000
365.580000	90.000000
365.585000	147.000000
365.590000	174.000000
365.595000	187.000000
365.600000	140.000000
