Sample ID:		None
Start Time:		Tue Jun 16 2020 4:24:15 PM
Averaging Time:		1.000s

364.800000	612.000000
364.805000	730.000000
364.810000	660.000000
364.815000	705.000000
364.820000	814.000000
364.825000	692.000000
364.830000	788.000000
364.835000	730.000000
364.840000	891.000000
364.845000	1053.000000
364.850000	1028.000000
364.855000	1095.000000
364.860000	1259.000000
364.865000	1333.000000
364.870000	1702.000000
364.875000	1942.000000
364.880000	2195.000000
364.885000	2542.000000
364.890000	3804.000000
364.895000	5866.000000
364.900000	9523.000000
364.905000	16094.000000
364.910000	23603.000000
364.915000	34155.000000
364.920000	43822.000000
364.925000	57851.000000
364.930000	72327.000000
364.935000	84505.000000
364.940000	105771.000000
364.945000	157183.000000
364.950000	350238.000000
364.955000	685350.000000
364.960000	449462.000000
364.965000	181900.000000
364.970000	88762.000000
364.975000	43547.000000
364.980000	34825.000000
364.985000	21391.000000
364.990000	13559.000000
364.995000	10209.000000
365.000000	8778.000000
365.005000	6735.000000
365.010000	5819.000000
365.015000	4859.000000
365.020000	4711.000000
365.025000	4321.000000
365.030000	3902.000000
365.035000	3769.000000
365.040000	3750.000000
365.045000	3104.000000
365.050000	3031.000000
365.055000	2738.000000
365.060000	2532.000000
365.065000	2454.000000
365.070000	2086.000000
365.075000	1923.000000
365.080000	2191.000000
365.085000	1945.000000
365.090000	1784.000000
365.095000	1518.000000
365.100000	1640.000000
365.105000	1510.000000
365.110000	1410.000000
365.115000	1428.000000
365.120000	1491.000000
365.125000	1234.000000
365.130000	1039.000000
365.135000	1061.000000
365.140000	954.000000
365.145000	929.000000
365.150000	1051.000000
365.155000	1113.000000
365.160000	1035.000000
365.165000	890.000000
365.170000	954.000000
365.175000	941.000000
365.180000	903.000000
365.185000	830.000000
365.190000	958.000000
365.195000	801.000000
365.200000	1029.000000
365.205000	940.000000
365.210000	874.000000
365.215000	991.000000
365.220000	870.000000
365.225000	1019.000000
365.230000	830.000000
365.235000	803.000000
365.240000	824.000000
365.245000	769.000000
365.250000	809.000000
365.255000	1026.000000
365.260000	679.000000
365.265000	869.000000
365.270000	907.000000
365.275000	699.000000
365.280000	712.000000
365.285000	718.000000
365.290000	644.000000
365.295000	672.000000
365.300000	729.000000
365.305000	685.000000
365.310000	876.000000
365.315000	762.000000
365.320000	793.000000
365.325000	862.000000
365.330000	953.000000
365.335000	824.000000
365.340000	770.000000
365.345000	1179.000000
365.350000	1427.000000
365.355000	1464.000000
365.360000	2284.000000
365.365000	3596.000000
365.370000	4691.000000
365.375000	6798.000000
365.380000	9412.000000
365.385000	11653.000000
365.390000	16101.000000
365.395000	17477.000000
365.400000	19767.000000
365.405000	33052.000000
365.410000	85445.000000
365.415000	113428.000000
365.420000	137276.000000
365.425000	59016.000000
365.430000	31960.000000
365.435000	19331.000000
365.440000	10723.000000
365.445000	6292.000000
365.450000	4075.000000
365.455000	2166.000000
365.460000	1992.000000
365.465000	1770.000000
365.470000	1286.000000
365.475000	1265.000000
365.480000	1356.000000
365.485000	1260.000000
365.490000	1177.000000
365.495000	979.000000
365.500000	1014.000000
365.505000	1028.000000
365.510000	1033.000000
365.515000	1208.000000
365.520000	1065.000000
365.525000	915.000000
365.530000	1098.000000
365.535000	844.000000
365.540000	874.000000
365.545000	809.000000
365.550000	783.000000
365.555000	747.000000
365.560000	870.000000
365.565000	774.000000
365.570000	832.000000
365.575000	926.000000
365.580000	678.000000
365.585000	674.000000
365.590000	776.000000
365.595000	805.000000
365.600000	893.000000
365.605000	661.000000
365.610000	735.000000
365.615000	1027.000000
365.620000	788.000000
365.625000	689.000000
365.630000	828.000000
365.635000	933.000000
365.640000	782.000000
365.645000	751.000000
365.650000	872.000000
365.655000	662.000000
365.660000	846.000000
365.665000	793.000000
365.670000	739.000000
365.675000	707.000000
365.680000	568.000000
365.685000	444.000000
365.690000	396.000000
365.695000	415.000000
365.700000	305.000000
365.705000	244.000000
365.710000	288.000000
365.715000	388.000000
365.720000	289.000000
365.725000	397.000000
365.730000	299.000000
365.735000	298.000000
365.740000	361.000000
365.745000	260.000000
365.750000	297.000000
365.755000	317.000000
365.760000	319.000000
365.765000	312.000000
365.770000	255.000000
365.775000	322.000000
365.780000	394.000000
365.785000	319.000000
365.790000	295.000000
365.795000	261.000000
365.800000	275.000000
