Sample ID:		None
Start Time:		Tue Jun 16 2020 2:53:42 PM
Averaging Time:		1.000s

364.400000	2377.000000
364.405000	1455.000000
364.410000	1136.000000
364.415000	769.000000
364.420000	698.000000
364.425000	508.000000
364.430000	723.000000
364.435000	618.000000
364.440000	614.000000
364.445000	627.000000
364.450000	552.000000
364.455000	454.000000
364.460000	417.000000
364.465000	619.000000
364.470000	386.000000
364.475000	321.000000
364.480000	368.000000
364.485000	449.000000
364.490000	326.000000
364.495000	336.000000
364.500000	466.000000
364.505000	379.000000
364.510000	292.000000
364.515000	361.000000
364.520000	315.000000
364.525000	263.000000
364.530000	281.000000
364.535000	305.000000
364.540000	333.000000
364.545000	317.000000
364.550000	328.000000
364.555000	280.000000
364.560000	189.000000
364.565000	271.000000
364.570000	336.000000
364.575000	313.000000
364.580000	211.000000
364.585000	240.000000
364.590000	270.000000
364.595000	281.000000
364.600000	327.000000
364.605000	255.000000
364.610000	218.000000
364.615000	203.000000
364.620000	264.000000
364.625000	225.000000
364.630000	317.000000
364.635000	232.000000
364.640000	254.000000
364.645000	162.000000
364.650000	237.000000
364.655000	174.000000
364.660000	270.000000
364.665000	275.000000
364.670000	320.000000
364.675000	268.000000
364.680000	219.000000
364.685000	211.000000
364.690000	130.000000
364.695000	238.000000
364.700000	177.000000
364.705000	274.000000
364.710000	173.000000
364.715000	258.000000
364.720000	229.000000
364.725000	270.000000
364.730000	149.000000
364.735000	342.000000
364.740000	285.000000
364.745000	153.000000
364.750000	174.000000
364.755000	124.000000
364.760000	250.000000
364.765000	152.000000
364.770000	140.000000
364.775000	214.000000
364.780000	257.000000
364.785000	264.000000
364.790000	175.000000
364.795000	202.000000
364.800000	194.000000
364.805000	175.000000
364.810000	155.000000
364.815000	251.000000
364.820000	242.000000
364.825000	146.000000
364.830000	248.000000
364.835000	179.000000
364.840000	281.000000
364.845000	302.000000
364.850000	194.000000
364.855000	182.000000
364.860000	249.000000
364.865000	224.000000
364.870000	269.000000
364.875000	264.000000
364.880000	244.000000
364.885000	196.000000
364.890000	165.000000
364.895000	212.000000
364.900000	215.000000
364.905000	266.000000
364.910000	251.000000
364.915000	231.000000
364.920000	233.000000
364.925000	206.000000
364.930000	292.000000
364.935000	167.000000
364.940000	220.000000
364.945000	178.000000
364.950000	331.000000
364.955000	188.000000
364.960000	174.000000
364.965000	222.000000
364.970000	154.000000
364.975000	248.000000
364.980000	180.000000
364.985000	194.000000
364.990000	231.000000
364.995000	207.000000
365.000000	224.000000
365.005000	173.000000
365.010000	157.000000
365.015000	271.000000
365.020000	290.000000
365.025000	202.000000
365.030000	235.000000
365.035000	244.000000
365.040000	199.000000
365.045000	154.000000
365.050000	248.000000
365.055000	221.000000
365.060000	282.000000
365.065000	255.000000
365.070000	327.000000
365.075000	302.000000
365.080000	213.000000
365.085000	190.000000
365.090000	187.000000
365.095000	169.000000
365.100000	99.000000
365.105000	149.000000
365.110000	223.000000
365.115000	157.000000
365.120000	195.000000
365.125000	171.000000
365.130000	160.000000
365.135000	104.000000
365.140000	159.000000
365.145000	172.000000
365.150000	204.000000
365.155000	108.000000
365.160000	136.000000
365.165000	120.000000
365.170000	163.000000
365.175000	188.000000
365.180000	237.000000
365.185000	149.000000
365.190000	148.000000
365.195000	124.000000
365.200000	145.000000
365.205000	124.000000
365.210000	130.000000
365.215000	172.000000
365.220000	88.000000
365.225000	195.000000
365.230000	121.000000
365.235000	180.000000
365.240000	122.000000
365.245000	119.000000
365.250000	193.000000
365.255000	108.000000
365.260000	88.000000
365.265000	166.000000
365.270000	167.000000
365.275000	209.000000
365.280000	186.000000
365.285000	160.000000
365.290000	122.000000
365.295000	141.000000
365.300000	161.000000
365.305000	105.000000
365.310000	185.000000
365.315000	154.000000
365.320000	153.000000
365.325000	137.000000
365.330000	122.000000
365.335000	161.000000
365.340000	175.000000
365.345000	185.000000
365.350000	125.000000
365.355000	117.000000
365.360000	192.000000
365.365000	135.000000
365.370000	103.000000
365.375000	166.000000
365.380000	159.000000
365.385000	115.000000
365.390000	107.000000
365.395000	213.000000
365.400000	236.000000
365.405000	172.000000
365.410000	175.000000
365.415000	75.000000
365.420000	162.000000
365.425000	272.000000
365.430000	166.000000
365.435000	123.000000
365.440000	126.000000
365.445000	104.000000
365.450000	85.000000
365.455000	177.000000
365.460000	182.000000
365.465000	191.000000
365.470000	154.000000
365.475000	183.000000
365.480000	91.000000
365.485000	213.000000
365.490000	149.000000
365.495000	146.000000
365.500000	118.000000
365.505000	87.000000
365.510000	158.000000
365.515000	233.000000
365.520000	134.000000
365.525000	147.000000
365.530000	144.000000
365.535000	102.000000
365.540000	125.000000
365.545000	174.000000
365.550000	203.000000
365.555000	130.000000
365.560000	130.000000
365.565000	257.000000
365.570000	134.000000
365.575000	211.000000
365.580000	218.000000
365.585000	111.000000
365.590000	135.000000
365.595000	135.000000
365.600000	226.000000
