Sample ID:		None
Start Time:		Tue Jun 16 2020 12:33:28 PM
Averaging Time:		1.000s

364.800000	1837.000000
364.805000	1900.000000
364.810000	1546.000000
364.815000	1544.000000
364.820000	1618.000000
364.825000	1536.000000
364.830000	1256.000000
364.835000	1369.000000
364.840000	1041.000000
364.845000	1109.000000
364.850000	1278.000000
364.855000	1028.000000
364.860000	1058.000000
364.865000	974.000000
364.870000	829.000000
364.875000	908.000000
364.880000	886.000000
364.885000	853.000000
364.890000	938.000000
364.895000	999.000000
364.900000	1114.000000
364.905000	1272.000000
364.910000	902.000000
364.915000	874.000000
364.920000	919.000000
364.925000	856.000000
364.930000	1120.000000
364.935000	952.000000
364.940000	812.000000
364.945000	914.000000
364.950000	955.000000
364.955000	925.000000
364.960000	711.000000
364.965000	783.000000
364.970000	887.000000
364.975000	802.000000
364.980000	775.000000
364.985000	958.000000
364.990000	810.000000
364.995000	856.000000
365.000000	1005.000000
365.005000	850.000000
365.010000	955.000000
365.015000	861.000000
365.020000	853.000000
365.025000	714.000000
365.030000	1030.000000
365.035000	874.000000
365.040000	928.000000
365.045000	902.000000
365.050000	1141.000000
365.055000	935.000000
365.060000	1302.000000
365.065000	1409.000000
365.070000	1601.000000
365.075000	3209.000000
365.080000	4534.000000
365.085000	6072.000000
365.090000	12028.000000
365.095000	13106.000000
365.100000	13321.000000
365.105000	16755.000000
365.110000	20394.000000
365.115000	24870.000000
365.120000	42271.000000
365.125000	79282.000000
365.130000	141291.000000
365.135000	113633.000000
365.140000	55111.000000
365.145000	27151.000000
365.150000	15152.000000
365.155000	8590.000000
365.160000	5554.000000
365.165000	3502.000000
365.170000	2345.000000
365.175000	1636.000000
365.180000	1379.000000
365.185000	1491.000000
365.190000	1400.000000
365.195000	1316.000000
365.200000	957.000000
365.205000	1204.000000
365.210000	1085.000000
365.215000	1025.000000
365.220000	1055.000000
365.225000	961.000000
365.230000	944.000000
365.235000	997.000000
365.240000	969.000000
365.245000	1007.000000
365.250000	890.000000
365.255000	925.000000
365.260000	854.000000
365.265000	786.000000
365.270000	864.000000
365.275000	820.000000
365.280000	863.000000
365.285000	620.000000
365.290000	703.000000
365.295000	674.000000
365.300000	579.000000
365.305000	704.000000
365.310000	855.000000
365.315000	949.000000
365.320000	972.000000
365.325000	719.000000
365.330000	845.000000
365.335000	768.000000
365.340000	709.000000
365.345000	1068.000000
365.350000	740.000000
365.355000	751.000000
365.360000	804.000000
365.365000	792.000000
365.370000	708.000000
365.375000	738.000000
365.380000	751.000000
365.385000	664.000000
365.390000	635.000000
365.395000	432.000000
365.400000	471.000000
365.405000	313.000000
365.410000	288.000000
365.415000	337.000000
365.420000	250.000000
365.425000	484.000000
365.430000	404.000000
365.435000	202.000000
365.440000	309.000000
365.445000	254.000000
365.450000	249.000000
365.455000	318.000000
365.460000	247.000000
365.465000	239.000000
365.470000	276.000000
365.475000	237.000000
365.480000	268.000000
365.485000	292.000000
365.490000	359.000000
365.495000	251.000000
365.500000	244.000000
365.505000	247.000000
365.510000	265.000000
365.515000	236.000000
365.520000	264.000000
365.525000	307.000000
365.530000	421.000000
365.535000	194.000000
365.540000	201.000000
365.545000	303.000000
365.550000	236.000000
365.555000	301.000000
365.560000	298.000000
365.565000	305.000000
365.570000	301.000000
365.575000	192.000000
365.580000	322.000000
365.585000	254.000000
365.590000	247.000000
365.595000	370.000000
365.600000	214.000000
365.605000	192.000000
365.610000	356.000000
365.615000	244.000000
365.620000	347.000000
365.625000	294.000000
365.630000	275.000000
365.635000	296.000000
365.640000	273.000000
365.645000	331.000000
365.650000	208.000000
365.655000	341.000000
365.660000	349.000000
365.665000	219.000000
365.670000	327.000000
365.675000	234.000000
365.680000	230.000000
365.685000	271.000000
365.690000	259.000000
365.695000	231.000000
365.700000	223.000000
365.705000	222.000000
365.710000	338.000000
365.715000	270.000000
365.720000	242.000000
365.725000	305.000000
365.730000	299.000000
365.735000	426.000000
365.740000	373.000000
365.745000	277.000000
365.750000	375.000000
365.755000	277.000000
365.760000	277.000000
365.765000	286.000000
365.770000	312.000000
365.775000	280.000000
365.780000	331.000000
365.785000	480.000000
365.790000	358.000000
365.795000	433.000000
365.800000	355.000000
