Sample ID:		None
Start Time:		Tue Jun 16 2020 12:54:14 PM
Averaging Time:		1.000s

364.400000	179.000000
364.405000	187.000000
364.410000	191.000000
364.415000	225.000000
364.420000	184.000000
364.425000	185.000000
364.430000	223.000000
364.435000	237.000000
364.440000	376.000000
364.445000	445.000000
364.450000	360.000000
364.455000	574.000000
364.460000	501.000000
364.465000	493.000000
364.470000	491.000000
364.475000	504.000000
364.480000	505.000000
364.485000	606.000000
364.490000	588.000000
364.495000	539.000000
364.500000	476.000000
364.505000	606.000000
364.510000	683.000000
364.515000	611.000000
364.520000	737.000000
364.525000	752.000000
364.530000	632.000000
364.535000	821.000000
364.540000	628.000000
364.545000	819.000000
364.550000	904.000000
364.555000	787.000000
364.560000	1059.000000
364.565000	910.000000
364.570000	1104.000000
364.575000	963.000000
364.580000	1296.000000
364.585000	1238.000000
364.590000	1555.000000
364.595000	1559.000000
364.600000	2386.000000
364.605000	2576.000000
364.610000	3858.000000
364.615000	6168.000000
364.620000	8476.000000
364.625000	16174.000000
364.630000	23093.000000
364.635000	34658.000000
364.640000	46272.000000
364.645000	58342.000000
364.650000	68389.000000
364.655000	82877.000000
364.660000	106086.000000
364.665000	165783.000000
364.670000	655326.000000
364.675000	608772.000000
364.680000	374938.000000
364.685000	126704.000000
364.690000	91041.000000
364.695000	58628.000000
364.700000	35484.000000
364.705000	15644.000000
364.710000	13396.000000
364.715000	10967.000000
364.720000	7574.000000
364.725000	6592.000000
364.730000	5829.000000
364.735000	5170.000000
364.740000	4750.000000
364.745000	3969.000000
364.750000	3966.000000
364.755000	3730.000000
364.760000	3312.000000
364.765000	2930.000000
364.770000	2773.000000
364.775000	2543.000000
364.780000	2527.000000
364.785000	2333.000000
364.790000	2381.000000
364.795000	2400.000000
364.800000	2176.000000
364.805000	1495.000000
364.810000	1616.000000
364.815000	1648.000000
364.820000	1411.000000
364.825000	1357.000000
364.830000	1355.000000
364.835000	1337.000000
364.840000	1356.000000
364.845000	1232.000000
364.850000	1183.000000
364.855000	1220.000000
364.860000	1150.000000
364.865000	1045.000000
364.870000	1118.000000
364.875000	902.000000
364.880000	926.000000
364.885000	751.000000
364.890000	1017.000000
364.895000	902.000000
364.900000	877.000000
364.905000	1057.000000
364.910000	964.000000
364.915000	986.000000
364.920000	864.000000
364.925000	912.000000
364.930000	1082.000000
364.935000	906.000000
364.940000	831.000000
364.945000	926.000000
364.950000	900.000000
364.955000	926.000000
364.960000	813.000000
364.965000	905.000000
364.970000	844.000000
364.975000	800.000000
364.980000	811.000000
364.985000	835.000000
364.990000	943.000000
364.995000	788.000000
365.000000	816.000000
365.005000	795.000000
365.010000	974.000000
365.015000	652.000000
365.020000	700.000000
365.025000	805.000000
365.030000	1034.000000
365.035000	822.000000
365.040000	947.000000
365.045000	920.000000
365.050000	940.000000
365.055000	856.000000
365.060000	905.000000
365.065000	1312.000000
365.070000	1410.000000
365.075000	1594.000000
365.080000	2202.000000
365.085000	4126.000000
365.090000	5448.000000
365.095000	7008.000000
365.100000	8996.000000
365.105000	12080.000000
365.110000	14004.000000
365.115000	16366.000000
365.120000	21286.000000
365.125000	31580.000000
365.130000	50459.000000
365.135000	102654.000000
365.140000	138918.000000
365.145000	80424.000000
365.150000	36860.000000
365.155000	19594.000000
365.160000	11538.000000
365.165000	6915.000000
365.170000	3426.000000
365.175000	2605.000000
365.180000	2209.000000
365.185000	1674.000000
365.190000	1603.000000
365.195000	1373.000000
365.200000	1271.000000
365.205000	1130.000000
365.210000	1083.000000
365.215000	1088.000000
365.220000	973.000000
365.225000	979.000000
365.230000	1026.000000
365.235000	910.000000
365.240000	1134.000000
365.245000	887.000000
365.250000	810.000000
365.255000	860.000000
365.260000	1002.000000
365.265000	962.000000
365.270000	812.000000
365.275000	769.000000
365.280000	751.000000
365.285000	862.000000
365.290000	687.000000
365.295000	828.000000
365.300000	569.000000
365.305000	787.000000
365.310000	884.000000
365.315000	795.000000
365.320000	719.000000
365.325000	773.000000
365.330000	789.000000
365.335000	834.000000
365.340000	734.000000
365.345000	649.000000
365.350000	792.000000
365.355000	746.000000
365.360000	816.000000
365.365000	686.000000
365.370000	726.000000
365.375000	741.000000
365.380000	870.000000
365.385000	782.000000
365.390000	757.000000
365.395000	738.000000
365.400000	502.000000
365.405000	462.000000
365.410000	349.000000
365.415000	362.000000
365.420000	543.000000
365.425000	344.000000
365.430000	293.000000
365.435000	292.000000
365.440000	259.000000
365.445000	255.000000
365.450000	334.000000
365.455000	339.000000
365.460000	275.000000
365.465000	299.000000
365.470000	312.000000
365.475000	331.000000
365.480000	336.000000
365.485000	281.000000
365.490000	242.000000
365.495000	213.000000
365.500000	340.000000
365.505000	338.000000
365.510000	282.000000
365.515000	236.000000
365.520000	272.000000
365.525000	322.000000
365.530000	199.000000
365.535000	208.000000
365.540000	218.000000
365.545000	303.000000
365.550000	281.000000
365.555000	301.000000
365.560000	283.000000
365.565000	247.000000
365.570000	379.000000
365.575000	217.000000
365.580000	231.000000
365.585000	199.000000
365.590000	126.000000
365.595000	282.000000
365.600000	283.000000
