Sample ID:		None
Start Time:		Tue Jun 16 2020 4:38:10 PM
Averaging Time:		1.000s

364.800000	5976.000000
364.805000	9120.000000
364.810000	15672.000000
364.815000	25550.000000
364.820000	35320.000000
364.825000	44100.000000
364.830000	67113.000000
364.835000	72725.000000
364.840000	82063.000000
364.845000	111587.000000
364.850000	215270.000000
364.855000	426591.000000
364.860000	683482.000000
364.865000	371111.000000
364.870000	161898.000000
364.875000	93734.000000
364.880000	55553.000000
364.885000	32763.000000
364.890000	20666.000000
364.895000	11042.000000
364.900000	9782.000000
364.905000	8023.000000
364.910000	5772.000000
364.915000	5711.000000
364.920000	5400.000000
364.925000	4483.000000
364.930000	4304.000000
364.935000	3671.000000
364.940000	3538.000000
364.945000	3132.000000
364.950000	3138.000000
364.955000	2846.000000
364.960000	2737.000000
364.965000	2706.000000
364.970000	2517.000000
364.975000	2609.000000
364.980000	2283.000000
364.985000	1883.000000
364.990000	1614.000000
364.995000	1476.000000
365.000000	1425.000000
365.005000	1615.000000
365.010000	1395.000000
365.015000	1488.000000
365.020000	1445.000000
365.025000	1354.000000
365.030000	1155.000000
365.035000	1208.000000
365.040000	1110.000000
365.045000	1216.000000
365.050000	983.000000
365.055000	917.000000
365.060000	893.000000
365.065000	738.000000
365.070000	1002.000000
365.075000	886.000000
365.080000	784.000000
365.085000	873.000000
365.090000	943.000000
365.095000	1076.000000
365.100000	913.000000
365.105000	912.000000
365.110000	999.000000
365.115000	920.000000
365.120000	796.000000
365.125000	767.000000
365.130000	784.000000
365.135000	871.000000
365.140000	806.000000
365.145000	944.000000
365.150000	895.000000
365.155000	855.000000
365.160000	859.000000
365.165000	841.000000
365.170000	831.000000
365.175000	808.000000
365.180000	710.000000
365.185000	751.000000
365.190000	805.000000
365.195000	701.000000
365.200000	656.000000
