Sample ID:		None
Start Time:		Tue Jun 16 2020 4:46:06 PM
Averaging Time:		1.000s

364.800000	771.000000
364.805000	734.000000
364.810000	694.000000
364.815000	843.000000
364.820000	741.000000
364.825000	734.000000
364.830000	866.000000
364.835000	925.000000
364.840000	1004.000000
364.845000	943.000000
364.850000	1342.000000
364.855000	1369.000000
364.860000	1448.000000
364.865000	1690.000000
364.870000	2444.000000
364.875000	2166.000000
364.880000	3699.000000
364.885000	5373.000000
364.890000	8819.000000
364.895000	14459.000000
364.900000	21276.000000
364.905000	31511.000000
364.910000	41903.000000
364.915000	53151.000000
364.920000	64100.000000
364.925000	75342.000000
364.930000	103541.000000
364.935000	138164.000000
364.940000	252242.000000
364.945000	606700.000000
364.950000	346400.000000
364.955000	226339.000000
364.960000	128409.000000
364.965000	72987.000000
364.970000	36268.000000
364.975000	25668.000000
364.980000	17077.000000
364.985000	11584.000000
364.990000	8379.000000
364.995000	6936.000000
365.000000	5900.000000
365.005000	5406.000000
365.010000	4509.000000
365.015000	4484.000000
365.020000	3936.000000
365.025000	3732.000000
365.030000	3312.000000
365.035000	3190.000000
365.040000	3068.000000
365.045000	2657.000000
365.050000	2528.000000
365.055000	2544.000000
365.060000	2448.000000
365.065000	2136.000000
365.070000	1988.000000
365.075000	2046.000000
365.080000	1858.000000
365.085000	1953.000000
365.090000	1812.000000
365.095000	1475.000000
365.100000	1594.000000
365.105000	1542.000000
365.110000	1379.000000
365.115000	1060.000000
365.120000	1123.000000
365.125000	1081.000000
365.130000	1062.000000
365.135000	1012.000000
365.140000	915.000000
365.145000	939.000000
365.150000	846.000000
365.155000	829.000000
365.160000	1042.000000
365.165000	1060.000000
365.170000	889.000000
365.175000	1052.000000
365.180000	1133.000000
365.185000	1029.000000
365.190000	768.000000
365.195000	1099.000000
365.200000	981.000000
