Sample ID:		None
Start Time:		Tue Jun 16 2020 5:15:45 PM
Averaging Time:		1.000s

364.800000	2372.000000
364.805000	3506.000000
364.810000	6137.000000
364.815000	9531.000000
364.820000	14922.000000
364.825000	23800.000000
364.830000	34572.000000
364.835000	43908.000000
364.840000	56410.000000
364.845000	71388.000000
364.850000	80813.000000
364.855000	104228.000000
364.860000	146378.000000
364.865000	298429.000000
364.870000	640254.000000
364.875000	248252.000000
364.880000	191098.000000
364.885000	118883.000000
364.890000	67853.000000
364.895000	37984.000000
364.900000	25290.000000
364.905000	16293.000000
364.910000	10323.000000
364.915000	8986.000000
364.920000	7280.000000
364.925000	6290.000000
364.930000	5918.000000
364.935000	4789.000000
364.940000	4847.000000
364.945000	4443.000000
364.950000	3929.000000
364.955000	3453.000000
364.960000	3408.000000
364.965000	2999.000000
364.970000	2706.000000
364.975000	2840.000000
364.980000	2592.000000
364.985000	2253.000000
364.990000	2108.000000
364.995000	2403.000000
365.000000	1940.000000
365.005000	1897.000000
365.010000	1693.000000
365.015000	1552.000000
365.020000	1638.000000
365.025000	1403.000000
365.030000	1401.000000
365.035000	1456.000000
365.040000	1210.000000
365.045000	1133.000000
365.050000	1190.000000
365.055000	1186.000000
365.060000	1179.000000
365.065000	1108.000000
365.070000	901.000000
365.075000	948.000000
365.080000	1152.000000
365.085000	1036.000000
365.090000	1029.000000
365.095000	964.000000
365.100000	804.000000
365.105000	1018.000000
365.110000	909.000000
365.115000	952.000000
365.120000	1044.000000
365.125000	923.000000
365.130000	1041.000000
365.135000	944.000000
365.140000	862.000000
365.145000	778.000000
365.150000	935.000000
365.155000	826.000000
365.160000	945.000000
365.165000	780.000000
365.170000	819.000000
365.175000	1040.000000
365.180000	849.000000
365.185000	846.000000
365.190000	792.000000
365.195000	743.000000
365.200000	909.000000
