Sample ID:		None
Start Time:		Tue Jun 16 2020 5:11:44 PM
Averaging Time:		1.000s

364.800000	1759.000000
364.805000	2156.000000
364.810000	2377.000000
364.815000	3730.000000
364.820000	6349.000000
364.825000	9196.000000
364.830000	15634.000000
364.835000	25814.000000
364.840000	36682.000000
364.845000	44267.000000
364.850000	57900.000000
364.855000	69338.000000
364.860000	86091.000000
364.865000	112037.000000
364.870000	181670.000000
364.875000	428050.000000
364.880000	679196.000000
364.885000	254256.000000
364.890000	165911.000000
364.895000	92651.000000
364.900000	43109.000000
364.905000	34068.000000
364.910000	22561.000000
364.915000	14690.000000
364.920000	10400.000000
364.925000	7773.000000
364.930000	6540.000000
364.935000	5305.000000
364.940000	5576.000000
364.945000	4439.000000
364.950000	4101.000000
364.955000	3646.000000
364.960000	3889.000000
364.965000	3146.000000
364.970000	3585.000000
364.975000	2743.000000
364.980000	2621.000000
364.985000	2572.000000
364.990000	2506.000000
364.995000	2443.000000
365.000000	2107.000000
365.005000	1933.000000
365.010000	1793.000000
365.015000	1717.000000
365.020000	1765.000000
365.025000	1415.000000
365.030000	1451.000000
365.035000	1665.000000
365.040000	1373.000000
365.045000	1443.000000
365.050000	1455.000000
365.055000	1294.000000
365.060000	1067.000000
365.065000	1052.000000
365.070000	883.000000
365.075000	1130.000000
365.080000	927.000000
365.085000	818.000000
365.090000	874.000000
365.095000	860.000000
365.100000	872.000000
365.105000	1092.000000
365.110000	1021.000000
365.115000	984.000000
365.120000	1193.000000
365.125000	1060.000000
365.130000	944.000000
365.135000	1180.000000
365.140000	1067.000000
365.145000	916.000000
365.150000	930.000000
365.155000	794.000000
365.160000	1057.000000
365.165000	913.000000
365.170000	863.000000
365.175000	821.000000
365.180000	820.000000
365.185000	872.000000
365.190000	893.000000
365.195000	920.000000
365.200000	907.000000
