Sample ID:		None
Start Time:		Tue Jun 16 2020 4:50:02 PM
Averaging Time:		1.000s

364.800000	1418.000000
364.805000	1646.000000
364.810000	1874.000000
364.815000	2303.000000
364.820000	2929.000000
364.825000	3450.000000
364.830000	7553.000000
364.835000	9395.000000
364.840000	15391.000000
364.845000	25941.000000
364.850000	37915.000000
364.855000	45538.000000
364.860000	56504.000000
364.865000	67997.000000
364.870000	83072.000000
364.875000	111082.000000
364.880000	160619.000000
364.885000	412315.000000
364.890000	663269.000000
364.895000	427196.000000
364.900000	182552.000000
364.905000	107495.000000
364.910000	59456.000000
364.915000	32809.000000
364.920000	23295.000000
364.925000	14679.000000
364.930000	9476.000000
364.935000	8584.000000
364.940000	7182.000000
364.945000	5750.000000
364.950000	5369.000000
364.955000	4334.000000
364.960000	4170.000000
364.965000	3949.000000
364.970000	3703.000000
364.975000	3185.000000
364.980000	3066.000000
364.985000	2936.000000
364.990000	2815.000000
364.995000	2474.000000
365.000000	2489.000000
365.005000	2784.000000
365.010000	2055.000000
365.015000	1801.000000
365.020000	1940.000000
365.025000	1659.000000
365.030000	1935.000000
365.035000	1631.000000
365.040000	1495.000000
365.045000	1724.000000
365.050000	1587.000000
365.055000	1267.000000
365.060000	1220.000000
365.065000	1138.000000
365.070000	990.000000
365.075000	1107.000000
365.080000	1259.000000
365.085000	1072.000000
365.090000	871.000000
365.095000	995.000000
365.100000	799.000000
365.105000	841.000000
365.110000	935.000000
365.115000	891.000000
365.120000	857.000000
365.125000	943.000000
365.130000	847.000000
365.135000	878.000000
365.140000	998.000000
365.145000	876.000000
365.150000	941.000000
365.155000	1020.000000
365.160000	780.000000
365.165000	919.000000
365.170000	901.000000
365.175000	843.000000
365.180000	835.000000
365.185000	954.000000
365.190000	719.000000
365.195000	1003.000000
365.200000	833.000000
