Sample ID:		None
Start Time:		Wed Jun 24 2020 9:15:00 PM
Averaging Time:		1.000s

364.600000	40.000000
364.605000	95.000000
364.610000	31.000000
364.615000	22.000000
364.620000	43.000000
364.625000	40.000000
364.630000	54.000000
364.635000	54.000000
364.640000	50.000000
364.645000	37.000000
364.650000	57.000000
364.655000	45.000000
364.660000	12.000000
364.665000	62.000000
364.670000	49.000000
364.675000	158.000000
364.680000	51.000000
364.685000	146.000000
364.690000	100.000000
364.695000	79.000000
364.700000	198.000000
364.705000	324.000000
364.710000	190.000000
364.715000	258.000000
364.720000	210.000000
364.725000	178.000000
364.730000	198.000000
364.735000	184.000000
364.740000	182.000000
364.745000	223.000000
364.750000	285.000000
364.755000	212.000000
364.760000	273.000000
364.765000	174.000000
364.770000	243.000000
364.775000	321.000000
364.780000	359.000000
364.785000	447.000000
364.790000	311.000000
364.795000	273.000000
364.800000	325.000000
364.805000	374.000000
364.810000	376.000000
364.815000	377.000000
364.820000	381.000000
364.825000	377.000000
364.830000	421.000000
364.835000	577.000000
364.840000	395.000000
364.845000	791.000000
364.850000	617.000000
364.855000	696.000000
364.860000	1102.000000
364.865000	1659.000000
364.870000	2272.000000
364.875000	3185.000000
364.880000	5719.000000
364.885000	9060.000000
364.890000	13968.000000
364.895000	16498.000000
364.900000	21398.000000
364.905000	26373.000000
364.910000	29476.000000
364.915000	37640.000000
364.920000	49286.000000
364.925000	86262.000000
364.930000	177124.000000
364.935000	203813.000000
364.940000	88898.000000
364.945000	45761.000000
364.950000	29502.000000
364.955000	17826.000000
364.960000	10247.000000
364.965000	7208.000000
364.970000	4931.000000
364.975000	3123.000000
364.980000	2776.000000
364.985000	2459.000000
364.990000	2378.000000
364.995000	1583.000000
365.000000	1804.000000
365.005000	1630.000000
365.010000	1412.000000
365.015000	1254.000000
365.020000	1204.000000
365.025000	1048.000000
365.030000	1067.000000
365.035000	996.000000
365.040000	997.000000
365.045000	819.000000
365.050000	975.000000
365.055000	768.000000
365.060000	902.000000
365.065000	583.000000
365.070000	534.000000
365.075000	598.000000
365.080000	483.000000
365.085000	461.000000
365.090000	403.000000
365.095000	591.000000
365.100000	448.000000
365.105000	461.000000
365.110000	470.000000
365.115000	365.000000
365.120000	366.000000
365.125000	318.000000
365.130000	355.000000
365.135000	296.000000
365.140000	460.000000
365.145000	391.000000
365.150000	339.000000
365.155000	428.000000
365.160000	435.000000
365.165000	427.000000
365.170000	460.000000
365.175000	289.000000
365.180000	385.000000
365.185000	298.000000
365.190000	413.000000
365.195000	426.000000
365.200000	296.000000
365.205000	455.000000
365.210000	307.000000
365.215000	339.000000
365.220000	262.000000
365.225000	386.000000
365.230000	306.000000
365.235000	302.000000
365.240000	472.000000
365.245000	255.000000
365.250000	359.000000
365.255000	336.000000
365.260000	325.000000
365.265000	307.000000
365.270000	296.000000
365.275000	239.000000
365.280000	407.000000
365.285000	288.000000
365.290000	292.000000
365.295000	419.000000
365.300000	388.000000
365.305000	334.000000
365.310000	331.000000
365.315000	323.000000
365.320000	354.000000
365.325000	465.000000
365.330000	547.000000
365.335000	675.000000
365.340000	1185.000000
365.345000	1881.000000
365.350000	2630.000000
365.355000	3651.000000
365.360000	4600.000000
365.365000	5627.000000
365.370000	6821.000000
365.375000	7580.000000
365.380000	9076.000000
365.385000	13563.000000
365.390000	28207.000000
365.395000	44880.000000
365.400000	44859.000000
365.405000	21126.000000
365.410000	11020.000000
365.415000	6291.000000
365.420000	4032.000000
365.425000	2409.000000
365.430000	1444.000000
365.435000	990.000000
365.440000	661.000000
365.445000	461.000000
365.450000	613.000000
365.455000	485.000000
365.460000	467.000000
365.465000	567.000000
365.470000	388.000000
365.475000	423.000000
365.480000	397.000000
365.485000	479.000000
365.490000	369.000000
365.495000	307.000000
365.500000	355.000000
365.505000	394.000000
365.510000	338.000000
365.515000	473.000000
365.520000	289.000000
365.525000	328.000000
365.530000	268.000000
365.535000	388.000000
365.540000	314.000000
365.545000	314.000000
365.550000	255.000000
365.555000	276.000000
365.560000	277.000000
365.565000	304.000000
365.570000	283.000000
365.575000	309.000000
365.580000	213.000000
365.585000	193.000000
365.590000	252.000000
365.595000	343.000000
365.600000	238.000000
