Sample ID:		None
Start Time:		Wed Jun 24 2020 5:27:18 PM
Averaging Time:		1.000s

364.600000	26.000000
364.605000	62.000000
364.610000	64.000000
364.615000	58.000000
364.620000	57.000000
364.625000	38.000000
364.630000	38.000000
364.635000	25.000000
364.640000	65.000000
364.645000	30.000000
364.650000	64.000000
364.655000	46.000000
364.660000	54.000000
364.665000	49.000000
364.670000	86.000000
364.675000	92.000000
364.680000	45.000000
364.685000	105.000000
364.690000	142.000000
364.695000	130.000000
364.700000	167.000000
364.705000	155.000000
364.710000	99.000000
364.715000	240.000000
364.720000	206.000000
364.725000	346.000000
364.730000	218.000000
364.735000	173.000000
364.740000	233.000000
364.745000	312.000000
364.750000	218.000000
364.755000	303.000000
364.760000	274.000000
364.765000	238.000000
364.770000	239.000000
364.775000	260.000000
364.780000	163.000000
364.785000	338.000000
364.790000	413.000000
364.795000	338.000000
364.800000	377.000000
364.805000	279.000000
364.810000	345.000000
364.815000	359.000000
364.820000	437.000000
364.825000	426.000000
364.830000	340.000000
364.835000	400.000000
364.840000	413.000000
364.845000	462.000000
364.850000	466.000000
364.855000	644.000000
364.860000	708.000000
364.865000	1116.000000
364.870000	1094.000000
364.875000	1996.000000
364.880000	3058.000000
364.885000	4328.000000
364.890000	8264.000000
364.895000	12081.000000
364.900000	14511.000000
364.905000	19763.000000
364.910000	24298.000000
364.915000	29000.000000
364.920000	33121.000000
364.925000	42366.000000
364.930000	63332.000000
364.935000	125034.000000
364.940000	213920.000000
364.945000	125786.000000
364.950000	60127.000000
364.955000	27064.000000
364.960000	20010.000000
364.965000	13626.000000
364.970000	8124.000000
364.975000	4712.000000
364.980000	3595.000000
364.985000	2943.000000
364.990000	2414.000000
364.995000	2269.000000
365.000000	1680.000000
365.005000	1422.000000
365.010000	1333.000000
365.015000	1624.000000
365.020000	1267.000000
365.025000	1025.000000
365.030000	935.000000
365.035000	1065.000000
365.040000	1027.000000
365.045000	769.000000
365.050000	992.000000
365.055000	786.000000
365.060000	850.000000
365.065000	717.000000
365.070000	756.000000
365.075000	582.000000
365.080000	651.000000
365.085000	571.000000
365.090000	493.000000
365.095000	576.000000
365.100000	436.000000
365.105000	489.000000
365.110000	488.000000
365.115000	633.000000
365.120000	489.000000
365.125000	372.000000
365.130000	303.000000
365.135000	466.000000
365.140000	344.000000
365.145000	416.000000
365.150000	477.000000
365.155000	350.000000
365.160000	270.000000
365.165000	283.000000
365.170000	321.000000
365.175000	365.000000
365.180000	377.000000
365.185000	382.000000
365.190000	381.000000
365.195000	369.000000
365.200000	439.000000
365.205000	300.000000
365.210000	254.000000
365.215000	282.000000
365.220000	365.000000
365.225000	328.000000
365.230000	285.000000
365.235000	267.000000
365.240000	266.000000
365.245000	286.000000
365.250000	269.000000
365.255000	275.000000
365.260000	248.000000
365.265000	318.000000
365.270000	247.000000
365.275000	360.000000
365.280000	235.000000
365.285000	318.000000
365.290000	361.000000
365.295000	249.000000
365.300000	251.000000
365.305000	339.000000
365.310000	345.000000
365.315000	259.000000
365.320000	360.000000
365.325000	357.000000
365.330000	450.000000
365.335000	637.000000
365.340000	808.000000
365.345000	1491.000000
365.350000	2036.000000
365.355000	2835.000000
365.360000	3725.000000
365.365000	4335.000000
365.370000	5212.000000
365.375000	7007.000000
365.380000	7446.000000
365.385000	9498.000000
365.390000	15077.000000
365.395000	24592.000000
365.400000	45363.000000
365.405000	38607.000000
365.410000	19481.000000
365.415000	10011.000000
365.420000	5465.000000
365.425000	3148.000000
365.430000	1820.000000
365.435000	1286.000000
365.440000	693.000000
365.445000	752.000000
365.450000	775.000000
365.455000	451.000000
365.460000	485.000000
365.465000	436.000000
365.470000	395.000000
365.475000	431.000000
365.480000	397.000000
365.485000	424.000000
365.490000	555.000000
365.495000	457.000000
365.500000	350.000000
365.505000	342.000000
365.510000	451.000000
365.515000	391.000000
365.520000	231.000000
365.525000	231.000000
365.530000	324.000000
365.535000	279.000000
365.540000	239.000000
365.545000	281.000000
365.550000	330.000000
365.555000	191.000000
365.560000	258.000000
365.565000	264.000000
365.570000	267.000000
365.575000	156.000000
365.580000	331.000000
365.585000	240.000000
365.590000	299.000000
365.595000	272.000000
365.600000	289.000000
