Sample ID:		None
Start Time:		Wed Jun 24 2020 4:59:33 PM
Averaging Time:		1.000s

364.600000	32.000000
364.605000	53.000000
364.610000	117.000000
364.615000	74.000000
364.620000	74.000000
364.625000	132.000000
364.630000	76.000000
364.635000	121.000000
364.640000	143.000000
364.645000	35.000000
364.650000	112.000000
364.655000	124.000000
364.660000	56.000000
364.665000	55.000000
364.670000	126.000000
364.675000	95.000000
364.680000	148.000000
364.685000	94.000000
364.690000	144.000000
364.695000	128.000000
364.700000	167.000000
364.705000	167.000000
364.710000	215.000000
364.715000	321.000000
364.720000	119.000000
364.725000	394.000000
364.730000	231.000000
364.735000	364.000000
364.740000	220.000000
364.745000	252.000000
364.750000	264.000000
364.755000	236.000000
364.760000	268.000000
364.765000	274.000000
364.770000	206.000000
364.775000	329.000000
364.780000	407.000000
364.785000	324.000000
364.790000	374.000000
364.795000	345.000000
364.800000	469.000000
364.805000	434.000000
364.810000	421.000000
364.815000	398.000000
364.820000	369.000000
364.825000	370.000000
364.830000	459.000000
364.835000	404.000000
364.840000	472.000000
364.845000	469.000000
364.850000	745.000000
364.855000	755.000000
364.860000	921.000000
364.865000	1137.000000
364.870000	1491.000000
364.875000	2696.000000
364.880000	4404.000000
364.885000	6463.000000
364.890000	10775.000000
364.895000	14497.000000
364.900000	17621.000000
364.905000	23271.000000
364.910000	26727.000000
364.915000	31477.000000
364.920000	38672.000000
364.925000	54981.000000
364.930000	98996.000000
364.935000	207121.000000
364.940000	179895.000000
364.945000	75897.000000
364.950000	44078.000000
364.955000	21023.000000
364.960000	15819.000000
364.965000	10484.000000
364.970000	5845.000000
364.975000	3582.000000
364.980000	3317.000000
364.985000	2534.000000
364.990000	2316.000000
364.995000	2011.000000
365.000000	1900.000000
365.005000	1591.000000
365.010000	1524.000000
365.015000	1288.000000
365.020000	1211.000000
365.025000	1277.000000
365.030000	1259.000000
365.035000	1107.000000
365.040000	905.000000
365.045000	1023.000000
365.050000	1222.000000
365.055000	653.000000
365.060000	725.000000
365.065000	556.000000
365.070000	685.000000
365.075000	794.000000
365.080000	697.000000
365.085000	572.000000
365.090000	629.000000
365.095000	504.000000
365.100000	487.000000
365.105000	426.000000
365.110000	445.000000
365.115000	397.000000
365.120000	433.000000
365.125000	422.000000
365.130000	321.000000
365.135000	311.000000
365.140000	462.000000
365.145000	301.000000
365.150000	371.000000
365.155000	335.000000
365.160000	461.000000
365.165000	361.000000
365.170000	459.000000
365.175000	485.000000
365.180000	302.000000
365.185000	415.000000
365.190000	501.000000
365.195000	398.000000
365.200000	395.000000
365.205000	373.000000
365.210000	283.000000
365.215000	359.000000
365.220000	365.000000
365.225000	365.000000
365.230000	436.000000
365.235000	449.000000
365.240000	367.000000
365.245000	379.000000
365.250000	422.000000
365.255000	306.000000
365.260000	301.000000
365.265000	262.000000
365.270000	257.000000
365.275000	420.000000
365.280000	233.000000
365.285000	288.000000
365.290000	277.000000
365.295000	414.000000
365.300000	377.000000
365.305000	350.000000
365.310000	381.000000
365.315000	397.000000
365.320000	328.000000
365.325000	549.000000
365.330000	609.000000
365.335000	527.000000
365.340000	859.000000
365.345000	1349.000000
365.350000	2329.000000
365.355000	2956.000000
365.360000	3817.000000
365.365000	4851.000000
365.370000	5832.000000
365.375000	7546.000000
365.380000	7471.000000
365.385000	10008.000000
365.390000	16784.000000
365.395000	26793.000000
365.400000	46766.000000
365.405000	34196.000000
365.410000	16415.000000
365.415000	9471.000000
365.420000	5399.000000
365.425000	3339.000000
365.430000	1956.000000
365.435000	1128.000000
365.440000	1014.000000
365.445000	953.000000
365.450000	575.000000
365.455000	476.000000
365.460000	475.000000
365.465000	472.000000
365.470000	395.000000
365.475000	535.000000
365.480000	519.000000
365.485000	408.000000
365.490000	359.000000
365.495000	309.000000
365.500000	350.000000
365.505000	351.000000
365.510000	396.000000
365.515000	414.000000
365.520000	394.000000
365.525000	402.000000
365.530000	262.000000
365.535000	271.000000
365.540000	264.000000
365.545000	340.000000
365.550000	283.000000
365.555000	233.000000
365.560000	376.000000
365.565000	261.000000
365.570000	293.000000
365.575000	448.000000
365.580000	259.000000
365.585000	349.000000
365.590000	329.000000
365.595000	351.000000
365.600000	238.000000
