Sample ID:		None
Start Time:		Wed Jun 24 2020 8:41:41 PM
Averaging Time:		1.000s

364.600000	49.000000
364.605000	54.000000
364.610000	40.000000
364.615000	73.000000
364.620000	68.000000
364.625000	25.000000
364.630000	38.000000
364.635000	82.000000
364.640000	43.000000
364.645000	63.000000
364.650000	24.000000
364.655000	55.000000
364.660000	53.000000
364.665000	53.000000
364.670000	115.000000
364.675000	65.000000
364.680000	66.000000
364.685000	53.000000
364.690000	142.000000
364.695000	117.000000
364.700000	203.000000
364.705000	238.000000
364.710000	158.000000
364.715000	215.000000
364.720000	164.000000
364.725000	325.000000
364.730000	264.000000
364.735000	197.000000
364.740000	166.000000
364.745000	248.000000
364.750000	163.000000
364.755000	197.000000
364.760000	242.000000
364.765000	295.000000
364.770000	262.000000
364.775000	224.000000
364.780000	308.000000
364.785000	308.000000
364.790000	332.000000
364.795000	325.000000
364.800000	300.000000
364.805000	298.000000
364.810000	423.000000
364.815000	352.000000
364.820000	419.000000
364.825000	461.000000
364.830000	444.000000
364.835000	488.000000
364.840000	594.000000
364.845000	573.000000
364.850000	815.000000
364.855000	895.000000
364.860000	1008.000000
364.865000	1177.000000
364.870000	1845.000000
364.875000	3325.000000
364.880000	5900.000000
364.885000	8393.000000
364.890000	12234.000000
364.895000	17824.000000
364.900000	20598.000000
364.905000	24221.000000
364.910000	29013.000000
364.915000	37653.000000
364.920000	46902.000000
364.925000	73971.000000
364.930000	162665.000000
364.935000	215353.000000
364.940000	86609.000000
364.945000	47709.000000
364.950000	30657.000000
364.955000	18348.000000
364.960000	10938.000000
364.965000	6765.000000
364.970000	4228.000000
364.975000	3475.000000
364.980000	2666.000000
364.985000	2499.000000
364.990000	1890.000000
364.995000	1651.000000
365.000000	1642.000000
365.005000	1459.000000
365.010000	1444.000000
365.015000	1201.000000
365.020000	1343.000000
365.025000	1064.000000
365.030000	1060.000000
365.035000	923.000000
365.040000	945.000000
365.045000	891.000000
365.050000	909.000000
365.055000	784.000000
365.060000	713.000000
365.065000	741.000000
365.070000	670.000000
365.075000	411.000000
365.080000	508.000000
365.085000	523.000000
365.090000	523.000000
365.095000	497.000000
365.100000	460.000000
365.105000	518.000000
365.110000	404.000000
365.115000	386.000000
365.120000	323.000000
365.125000	453.000000
365.130000	371.000000
365.135000	312.000000
365.140000	500.000000
365.145000	362.000000
365.150000	217.000000
365.155000	302.000000
365.160000	335.000000
365.165000	363.000000
365.170000	348.000000
365.175000	281.000000
365.180000	523.000000
365.185000	433.000000
365.190000	232.000000
365.195000	365.000000
365.200000	282.000000
365.205000	427.000000
365.210000	348.000000
365.215000	330.000000
365.220000	312.000000
365.225000	229.000000
365.230000	266.000000
365.235000	309.000000
365.240000	268.000000
365.245000	360.000000
365.250000	363.000000
365.255000	278.000000
365.260000	374.000000
365.265000	207.000000
365.270000	280.000000
365.275000	300.000000
365.280000	448.000000
365.285000	196.000000
365.290000	281.000000
365.295000	381.000000
365.300000	277.000000
365.305000	439.000000
365.310000	317.000000
365.315000	343.000000
365.320000	403.000000
365.325000	513.000000
365.330000	716.000000
365.335000	810.000000
365.340000	1160.000000
365.345000	1718.000000
365.350000	2683.000000
365.355000	3806.000000
365.360000	4500.000000
365.365000	5257.000000
365.370000	6844.000000
365.375000	7400.000000
365.380000	8830.000000
365.385000	13773.000000
365.390000	22783.000000
365.395000	44992.000000
365.400000	42635.000000
365.405000	20422.000000
365.410000	10065.000000
365.415000	6337.000000
365.420000	3836.000000
365.425000	2040.000000
365.430000	1518.000000
365.435000	867.000000
365.440000	726.000000
365.445000	765.000000
365.450000	580.000000
365.455000	420.000000
365.460000	472.000000
365.465000	436.000000
365.470000	389.000000
365.475000	443.000000
365.480000	384.000000
365.485000	324.000000
365.490000	335.000000
365.495000	429.000000
365.500000	364.000000
365.505000	276.000000
365.510000	276.000000
365.515000	362.000000
365.520000	342.000000
365.525000	298.000000
365.530000	321.000000
365.535000	305.000000
365.540000	267.000000
365.545000	330.000000
365.550000	351.000000
365.555000	264.000000
365.560000	199.000000
365.565000	211.000000
365.570000	250.000000
365.575000	335.000000
365.580000	202.000000
365.585000	280.000000
365.590000	250.000000
365.595000	254.000000
365.600000	221.000000
