Sample ID:		None
Start Time:		Wed Jun 24 2020 7:07:16 PM
Averaging Time:		1.000s

364.600000	52.000000
364.605000	32.000000
364.610000	71.000000
364.615000	46.000000
364.620000	18.000000
364.625000	50.000000
364.630000	85.000000
364.635000	69.000000
364.640000	70.000000
364.645000	21.000000
364.650000	14.000000
364.655000	36.000000
364.660000	36.000000
364.665000	71.000000
364.670000	70.000000
364.675000	36.000000
364.680000	59.000000
364.685000	53.000000
364.690000	155.000000
364.695000	135.000000
364.700000	272.000000
364.705000	150.000000
364.710000	184.000000
364.715000	204.000000
364.720000	200.000000
364.725000	242.000000
364.730000	302.000000
364.735000	251.000000
364.740000	222.000000
364.745000	271.000000
364.750000	307.000000
364.755000	241.000000
364.760000	216.000000
364.765000	177.000000
364.770000	263.000000
364.775000	265.000000
364.780000	341.000000
364.785000	322.000000
364.790000	265.000000
364.795000	298.000000
364.800000	296.000000
364.805000	363.000000
364.810000	429.000000
364.815000	319.000000
364.820000	467.000000
364.825000	397.000000
364.830000	407.000000
364.835000	452.000000
364.840000	637.000000
364.845000	624.000000
364.850000	595.000000
364.855000	679.000000
364.860000	798.000000
364.865000	1330.000000
364.870000	1753.000000
364.875000	2784.000000
364.880000	4191.000000
364.885000	6759.000000
364.890000	11658.000000
364.895000	16440.000000
364.900000	18409.000000
364.905000	22308.000000
364.910000	28549.000000
364.915000	32267.000000
364.920000	39155.000000
364.925000	53913.000000
364.930000	96343.000000
364.935000	206622.000000
364.940000	153975.000000
364.945000	70159.000000
364.950000	41023.000000
364.955000	25396.000000
364.960000	15090.000000
364.965000	9286.000000
364.970000	5884.000000
364.975000	4159.000000
364.980000	3351.000000
364.985000	2637.000000
364.990000	2237.000000
364.995000	1895.000000
365.000000	1854.000000
365.005000	1465.000000
365.010000	1458.000000
365.015000	1311.000000
365.020000	1385.000000
365.025000	1089.000000
365.030000	1054.000000
365.035000	1157.000000
365.040000	943.000000
365.045000	814.000000
365.050000	986.000000
365.055000	782.000000
365.060000	551.000000
365.065000	666.000000
365.070000	578.000000
365.075000	595.000000
365.080000	478.000000
365.085000	589.000000
365.090000	601.000000
365.095000	430.000000
365.100000	441.000000
365.105000	572.000000
365.110000	363.000000
365.115000	532.000000
365.120000	430.000000
365.125000	426.000000
365.130000	262.000000
365.135000	333.000000
365.140000	415.000000
365.145000	306.000000
365.150000	398.000000
365.155000	372.000000
365.160000	449.000000
365.165000	387.000000
365.170000	431.000000
365.175000	251.000000
365.180000	319.000000
365.185000	281.000000
365.190000	341.000000
365.195000	408.000000
365.200000	463.000000
365.205000	300.000000
365.210000	331.000000
365.215000	381.000000
365.220000	311.000000
365.225000	413.000000
365.230000	354.000000
365.235000	318.000000
365.240000	297.000000
365.245000	312.000000
365.250000	298.000000
365.255000	290.000000
365.260000	206.000000
365.265000	281.000000
365.270000	356.000000
365.275000	257.000000
365.280000	314.000000
365.285000	288.000000
365.290000	310.000000
365.295000	323.000000
365.300000	307.000000
365.305000	300.000000
365.310000	291.000000
365.315000	360.000000
365.320000	368.000000
365.325000	421.000000
365.330000	579.000000
365.335000	690.000000
365.340000	968.000000
365.345000	1323.000000
365.350000	1839.000000
365.355000	2781.000000
365.360000	3875.000000
365.365000	4440.000000
365.370000	5812.000000
365.375000	7103.000000
365.380000	7449.000000
365.385000	9392.000000
365.390000	17751.000000
365.395000	23813.000000
365.400000	45111.000000
365.405000	34988.000000
365.410000	17795.000000
365.415000	8782.000000
365.420000	5375.000000
365.425000	3319.000000
365.430000	2096.000000
365.435000	1318.000000
365.440000	827.000000
365.445000	863.000000
365.450000	600.000000
365.455000	520.000000
365.460000	357.000000
365.465000	504.000000
365.470000	549.000000
365.475000	484.000000
365.480000	476.000000
365.485000	393.000000
365.490000	328.000000
365.495000	482.000000
365.500000	447.000000
365.505000	421.000000
365.510000	368.000000
365.515000	434.000000
365.520000	321.000000
365.525000	327.000000
365.530000	278.000000
365.535000	296.000000
365.540000	352.000000
365.545000	200.000000
365.550000	252.000000
365.555000	251.000000
365.560000	234.000000
365.565000	318.000000
365.570000	260.000000
365.575000	329.000000
365.580000	348.000000
365.585000	354.000000
365.590000	249.000000
365.595000	292.000000
365.600000	196.000000
