Sample ID:		None
Start Time:		Wed Jun 24 2020 6:11:44 PM
Averaging Time:		1.000s

364.600000	78.000000
364.605000	39.000000
364.610000	72.000000
364.615000	83.000000
364.620000	24.000000
364.625000	49.000000
364.630000	62.000000
364.635000	10.000000
364.640000	39.000000
364.645000	56.000000
364.650000	26.000000
364.655000	46.000000
364.660000	57.000000
364.665000	32.000000
364.670000	56.000000
364.675000	48.000000
364.680000	25.000000
364.685000	66.000000
364.690000	110.000000
364.695000	63.000000
364.700000	69.000000
364.705000	191.000000
364.710000	165.000000
364.715000	203.000000
364.720000	234.000000
364.725000	214.000000
364.730000	196.000000
364.735000	266.000000
364.740000	202.000000
364.745000	154.000000
364.750000	225.000000
364.755000	287.000000
364.760000	357.000000
364.765000	255.000000
364.770000	253.000000
364.775000	287.000000
364.780000	340.000000
364.785000	246.000000
364.790000	291.000000
364.795000	238.000000
364.800000	252.000000
364.805000	356.000000
364.810000	378.000000
364.815000	338.000000
364.820000	376.000000
364.825000	379.000000
364.830000	338.000000
364.835000	388.000000
364.840000	336.000000
364.845000	651.000000
364.850000	574.000000
364.855000	576.000000
364.860000	748.000000
364.865000	873.000000
364.870000	936.000000
364.875000	1511.000000
364.880000	2250.000000
364.885000	3263.000000
364.890000	6199.000000
364.895000	9390.000000
364.900000	12954.000000
364.905000	16907.000000
364.910000	23289.000000
364.915000	26875.000000
364.920000	29823.000000
364.925000	37992.000000
364.930000	50104.000000
364.935000	79763.000000
364.940000	192100.000000
364.945000	198916.000000
364.950000	93786.000000
364.955000	47676.000000
364.960000	28046.000000
364.965000	18620.000000
364.970000	10095.000000
364.975000	6040.000000
364.980000	5372.000000
364.985000	3316.000000
364.990000	2616.000000
364.995000	2528.000000
365.000000	2041.000000
365.005000	1960.000000
365.010000	1576.000000
365.015000	1381.000000
365.020000	1491.000000
365.025000	1473.000000
365.030000	1286.000000
365.035000	1188.000000
365.040000	1024.000000
365.045000	779.000000
365.050000	870.000000
365.055000	845.000000
365.060000	801.000000
365.065000	667.000000
365.070000	726.000000
365.075000	728.000000
365.080000	596.000000
365.085000	546.000000
365.090000	462.000000
365.095000	520.000000
365.100000	527.000000
365.105000	448.000000
365.110000	465.000000
365.115000	479.000000
365.120000	542.000000
365.125000	334.000000
365.130000	433.000000
365.135000	409.000000
365.140000	374.000000
365.145000	330.000000
365.150000	424.000000
365.155000	271.000000
365.160000	305.000000
365.165000	372.000000
365.170000	276.000000
365.175000	416.000000
365.180000	351.000000
365.185000	408.000000
365.190000	405.000000
365.195000	353.000000
365.200000	312.000000
365.205000	352.000000
365.210000	339.000000
365.215000	359.000000
365.220000	373.000000
365.225000	361.000000
365.230000	301.000000
365.235000	345.000000
365.240000	275.000000
365.245000	347.000000
365.250000	278.000000
365.255000	332.000000
365.260000	253.000000
365.265000	325.000000
365.270000	187.000000
365.275000	321.000000
365.280000	282.000000
365.285000	304.000000
365.290000	275.000000
365.295000	348.000000
365.300000	277.000000
365.305000	402.000000
365.310000	302.000000
365.315000	256.000000
365.320000	363.000000
365.325000	381.000000
365.330000	491.000000
365.335000	441.000000
365.340000	628.000000
365.345000	816.000000
365.350000	1372.000000
365.355000	1974.000000
365.360000	2813.000000
365.365000	3321.000000
365.370000	4870.000000
365.375000	5306.000000
365.380000	6047.000000
365.385000	7021.000000
365.390000	9791.000000
365.395000	16567.000000
365.400000	23057.000000
365.405000	48888.000000
365.410000	39249.000000
365.415000	19429.000000
365.420000	9676.000000
365.425000	5285.000000
365.430000	3479.000000
365.435000	2227.000000
365.440000	1238.000000
365.445000	1197.000000
365.450000	575.000000
365.455000	676.000000
365.460000	559.000000
365.465000	545.000000
365.470000	489.000000
365.475000	474.000000
365.480000	426.000000
365.485000	434.000000
365.490000	295.000000
365.495000	430.000000
365.500000	391.000000
365.505000	409.000000
365.510000	344.000000
365.515000	378.000000
365.520000	388.000000
365.525000	315.000000
365.530000	327.000000
365.535000	324.000000
365.540000	251.000000
365.545000	228.000000
365.550000	228.000000
365.555000	270.000000
365.560000	275.000000
365.565000	246.000000
365.570000	255.000000
365.575000	317.000000
365.580000	263.000000
365.585000	345.000000
365.590000	255.000000
365.595000	250.000000
365.600000	315.000000
