Sample ID:		None
Start Time:		Wed Jun 24 2020 10:16:06 PM
Averaging Time:		1.000s

364.600000	12.000000
364.605000	34.000000
364.610000	21.000000
364.615000	41.000000
364.620000	54.000000
364.625000	30.000000
364.630000	78.000000
364.635000	29.000000
364.640000	29.000000
364.645000	47.000000
364.650000	83.000000
364.655000	58.000000
364.660000	46.000000
364.665000	40.000000
364.670000	71.000000
364.675000	78.000000
364.680000	47.000000
364.685000	52.000000
364.690000	82.000000
364.695000	131.000000
364.700000	203.000000
364.705000	203.000000
364.710000	267.000000
364.715000	256.000000
364.720000	186.000000
364.725000	193.000000
364.730000	208.000000
364.735000	235.000000
364.740000	190.000000
364.745000	300.000000
364.750000	188.000000
364.755000	226.000000
364.760000	227.000000
364.765000	191.000000
364.770000	300.000000
364.775000	318.000000
364.780000	261.000000
364.785000	254.000000
364.790000	378.000000
364.795000	445.000000
364.800000	439.000000
364.805000	392.000000
364.810000	312.000000
364.815000	390.000000
364.820000	430.000000
364.825000	504.000000
364.830000	424.000000
364.835000	511.000000
364.840000	542.000000
364.845000	604.000000
364.850000	707.000000
364.855000	608.000000
364.860000	952.000000
364.865000	1364.000000
364.870000	1618.000000
364.875000	3358.000000
364.880000	5273.000000
364.885000	8565.000000
364.890000	11745.000000
364.895000	17450.000000
364.900000	21307.000000
364.905000	25013.000000
364.910000	29365.000000
364.915000	37256.000000
364.920000	45689.000000
364.925000	72613.000000
364.930000	173192.000000
364.935000	222351.000000
364.940000	93043.000000
364.945000	51499.000000
364.950000	31652.000000
364.955000	16418.000000
364.960000	11942.000000
364.965000	7413.000000
364.970000	4323.000000
364.975000	3215.000000
364.980000	2894.000000
364.985000	2542.000000
364.990000	1878.000000
364.995000	1834.000000
365.000000	1732.000000
365.005000	1492.000000
365.010000	1440.000000
365.015000	1474.000000
365.020000	1361.000000
365.025000	977.000000
365.030000	1086.000000
365.035000	789.000000
365.040000	1007.000000
365.045000	899.000000
365.050000	798.000000
365.055000	736.000000
365.060000	834.000000
365.065000	800.000000
365.070000	557.000000
365.075000	537.000000
365.080000	609.000000
365.085000	561.000000
365.090000	515.000000
365.095000	529.000000
365.100000	523.000000
365.105000	479.000000
365.110000	395.000000
365.115000	396.000000
365.120000	395.000000
365.125000	375.000000
365.130000	475.000000
365.135000	350.000000
365.140000	275.000000
365.145000	416.000000
365.150000	368.000000
365.155000	459.000000
365.160000	344.000000
365.165000	256.000000
365.170000	337.000000
365.175000	369.000000
365.180000	371.000000
365.185000	386.000000
365.190000	377.000000
365.195000	431.000000
365.200000	413.000000
365.205000	284.000000
365.210000	296.000000
365.215000	314.000000
365.220000	247.000000
365.225000	303.000000
365.230000	286.000000
365.235000	292.000000
365.240000	308.000000
365.245000	213.000000
365.250000	426.000000
365.255000	192.000000
365.260000	279.000000
365.265000	242.000000
365.270000	293.000000
365.275000	331.000000
365.280000	262.000000
365.285000	277.000000
365.290000	389.000000
365.295000	267.000000
365.300000	352.000000
365.305000	352.000000
365.310000	269.000000
365.315000	378.000000
365.320000	501.000000
365.325000	580.000000
365.330000	629.000000
365.335000	709.000000
365.340000	1450.000000
365.345000	1720.000000
365.350000	2658.000000
365.355000	3731.000000
365.360000	4431.000000
365.365000	5124.000000
365.370000	6392.000000
365.375000	7129.000000
365.380000	8155.000000
365.385000	13501.000000
365.390000	22598.000000
365.395000	40292.000000
365.400000	44899.000000
365.405000	22968.000000
365.410000	11279.000000
365.415000	6091.000000
365.420000	3574.000000
365.425000	2312.000000
365.430000	1413.000000
365.435000	832.000000
365.440000	729.000000
365.445000	569.000000
365.450000	542.000000
365.455000	687.000000
365.460000	538.000000
365.465000	461.000000
365.470000	407.000000
365.475000	306.000000
365.480000	522.000000
365.485000	425.000000
365.490000	371.000000
365.495000	408.000000
365.500000	444.000000
365.505000	381.000000
365.510000	353.000000
365.515000	380.000000
365.520000	459.000000
365.525000	323.000000
365.530000	274.000000
365.535000	265.000000
365.540000	233.000000
365.545000	292.000000
365.550000	302.000000
365.555000	223.000000
365.560000	256.000000
365.565000	297.000000
365.570000	230.000000
365.575000	309.000000
365.580000	409.000000
365.585000	310.000000
365.590000	273.000000
365.595000	162.000000
365.600000	206.000000
