Sample ID:		None
Start Time:		Wed Jun 24 2020 7:40:36 PM
Averaging Time:		1.000s

364.600000	79.000000
364.605000	61.000000
364.610000	68.000000
364.615000	92.000000
364.620000	33.000000
364.625000	26.000000
364.630000	27.000000
364.635000	56.000000
364.640000	25.000000
364.645000	19.000000
364.650000	48.000000
364.655000	18.000000
364.660000	47.000000
364.665000	74.000000
364.670000	63.000000
364.675000	46.000000
364.680000	102.000000
364.685000	74.000000
364.690000	91.000000
364.695000	159.000000
364.700000	124.000000
364.705000	224.000000
364.710000	224.000000
364.715000	203.000000
364.720000	245.000000
364.725000	133.000000
364.730000	246.000000
364.735000	145.000000
364.740000	213.000000
364.745000	315.000000
364.750000	206.000000
364.755000	269.000000
364.760000	320.000000
364.765000	225.000000
364.770000	238.000000
364.775000	298.000000
364.780000	259.000000
364.785000	300.000000
364.790000	242.000000
364.795000	385.000000
364.800000	319.000000
364.805000	573.000000
364.810000	413.000000
364.815000	289.000000
364.820000	324.000000
364.825000	337.000000
364.830000	358.000000
364.835000	510.000000
364.840000	608.000000
364.845000	614.000000
364.850000	670.000000
364.855000	930.000000
364.860000	944.000000
364.865000	1228.000000
364.870000	1783.000000
364.875000	3228.000000
364.880000	5680.000000
364.885000	8337.000000
364.890000	12833.000000
364.895000	16812.000000
364.900000	21309.000000
364.905000	25354.000000
364.910000	29406.000000
364.915000	35702.000000
364.920000	43006.000000
364.925000	77157.000000
364.930000	153361.000000
364.935000	215027.000000
364.940000	112200.000000
364.945000	51523.000000
364.950000	29442.000000
364.955000	20346.000000
364.960000	10982.000000
364.965000	7333.000000
364.970000	4717.000000
364.975000	3071.000000
364.980000	2856.000000
364.985000	2163.000000
364.990000	2168.000000
364.995000	1939.000000
365.000000	1572.000000
365.005000	1743.000000
365.010000	1318.000000
365.015000	1190.000000
365.020000	1407.000000
365.025000	1145.000000
365.030000	1019.000000
365.035000	1108.000000
365.040000	1002.000000
365.045000	959.000000
365.050000	829.000000
365.055000	612.000000
365.060000	772.000000
365.065000	757.000000
365.070000	696.000000
365.075000	515.000000
365.080000	557.000000
365.085000	540.000000
365.090000	612.000000
365.095000	426.000000
365.100000	558.000000
365.105000	376.000000
365.110000	455.000000
365.115000	323.000000
365.120000	364.000000
365.125000	349.000000
365.130000	364.000000
365.135000	359.000000
365.140000	323.000000
365.145000	315.000000
365.150000	405.000000
365.155000	337.000000
365.160000	394.000000
365.165000	382.000000
365.170000	359.000000
365.175000	455.000000
365.180000	383.000000
365.185000	403.000000
365.190000	336.000000
365.195000	363.000000
365.200000	319.000000
365.205000	359.000000
365.210000	297.000000
365.215000	232.000000
365.220000	209.000000
365.225000	281.000000
365.230000	333.000000
365.235000	299.000000
365.240000	262.000000
365.245000	203.000000
365.250000	258.000000
365.255000	259.000000
365.260000	332.000000
365.265000	171.000000
365.270000	360.000000
365.275000	288.000000
365.280000	279.000000
365.285000	183.000000
365.290000	340.000000
365.295000	251.000000
365.300000	384.000000
365.305000	321.000000
365.310000	323.000000
365.315000	337.000000
365.320000	343.000000
365.325000	473.000000
365.330000	605.000000
365.335000	830.000000
365.340000	1118.000000
365.345000	1460.000000
365.350000	2151.000000
365.355000	3166.000000
365.360000	4419.000000
365.365000	5367.000000
365.370000	5511.000000
365.375000	6942.000000
365.380000	7895.000000
365.385000	10962.000000
365.390000	18770.000000
365.395000	35541.000000
365.400000	46725.000000
365.405000	26041.000000
365.410000	12899.000000
365.415000	6645.000000
365.420000	4279.000000
365.425000	2626.000000
365.430000	1854.000000
365.435000	1073.000000
365.440000	724.000000
365.445000	659.000000
365.450000	542.000000
365.455000	490.000000
365.460000	482.000000
365.465000	513.000000
365.470000	412.000000
365.475000	388.000000
365.480000	406.000000
365.485000	509.000000
365.490000	243.000000
365.495000	409.000000
365.500000	360.000000
365.505000	348.000000
365.510000	371.000000
365.515000	365.000000
365.520000	353.000000
365.525000	470.000000
365.530000	274.000000
365.535000	259.000000
365.540000	387.000000
365.545000	184.000000
365.550000	316.000000
365.555000	327.000000
365.560000	247.000000
365.565000	260.000000
365.570000	356.000000
365.575000	347.000000
365.580000	184.000000
365.585000	246.000000
365.590000	251.000000
365.595000	211.000000
365.600000	151.000000
