Sample ID:		None
Start Time:		Wed Jun 24 2020 1:13:09 PM
Averaging Time:		1.000s

364.600000	87.000000
364.605000	72.000000
364.610000	65.000000
364.615000	103.000000
364.620000	50.000000
364.625000	92.000000
364.630000	54.000000
364.635000	100.000000
364.640000	61.000000
364.645000	119.000000
364.650000	71.000000
364.655000	72.000000
364.660000	58.000000
364.665000	89.000000
364.670000	58.000000
364.675000	30.000000
364.680000	110.000000
364.685000	46.000000
364.690000	91.000000
364.695000	37.000000
364.700000	106.000000
364.705000	123.000000
364.710000	174.000000
364.715000	151.000000
364.720000	273.000000
364.725000	248.000000
364.730000	260.000000
364.735000	278.000000
364.740000	280.000000
364.745000	272.000000
364.750000	233.000000
364.755000	165.000000
364.760000	329.000000
364.765000	269.000000
364.770000	282.000000
364.775000	296.000000
364.780000	356.000000
364.785000	266.000000
364.790000	227.000000
364.795000	390.000000
364.800000	316.000000
364.805000	389.000000
364.810000	338.000000
364.815000	432.000000
364.820000	405.000000
364.825000	488.000000
364.830000	293.000000
364.835000	446.000000
364.840000	356.000000
364.845000	467.000000
364.850000	511.000000
364.855000	503.000000
364.860000	589.000000
364.865000	783.000000
364.870000	784.000000
364.875000	787.000000
364.880000	1364.000000
364.885000	1549.000000
364.890000	2666.000000
364.895000	5297.000000
364.900000	8332.000000
364.905000	11763.000000
364.910000	14705.000000
364.915000	19896.000000
364.920000	23623.000000
364.925000	29085.000000
364.930000	33158.000000
364.935000	42391.000000
364.940000	71810.000000
364.945000	152204.000000
364.950000	219328.000000
364.955000	88163.000000
364.960000	48357.000000
364.965000	31671.000000
364.970000	19856.000000
364.975000	10926.000000
364.980000	7352.000000
364.985000	5132.000000
364.990000	3351.000000
364.995000	2514.000000
365.000000	2296.000000
365.005000	2134.000000
365.010000	1761.000000
365.015000	1641.000000
365.020000	1520.000000
365.025000	1386.000000
365.030000	1249.000000
365.035000	1051.000000
365.040000	1096.000000
365.045000	1109.000000
365.050000	1094.000000
365.055000	952.000000
365.060000	741.000000
365.065000	841.000000
365.070000	768.000000
365.075000	670.000000
365.080000	699.000000
365.085000	723.000000
365.090000	486.000000
365.095000	613.000000
365.100000	489.000000
365.105000	528.000000
365.110000	517.000000
365.115000	379.000000
365.120000	467.000000
365.125000	377.000000
365.130000	362.000000
365.135000	543.000000
365.140000	310.000000
365.145000	367.000000
365.150000	459.000000
365.155000	388.000000
365.160000	272.000000
365.165000	344.000000
365.170000	506.000000
365.175000	462.000000
365.180000	354.000000
365.185000	390.000000
365.190000	387.000000
365.195000	342.000000
365.200000	376.000000
365.205000	438.000000
365.210000	339.000000
365.215000	333.000000
365.220000	392.000000
365.225000	270.000000
365.230000	294.000000
365.235000	300.000000
365.240000	266.000000
365.245000	268.000000
365.250000	465.000000
365.255000	319.000000
365.260000	273.000000
365.265000	244.000000
365.270000	272.000000
365.275000	335.000000
365.280000	219.000000
365.285000	417.000000
365.290000	379.000000
365.295000	430.000000
365.300000	298.000000
365.305000	355.000000
365.310000	278.000000
365.315000	325.000000
365.320000	352.000000
365.325000	436.000000
365.330000	374.000000
365.335000	476.000000
365.340000	461.000000
365.345000	543.000000
365.350000	619.000000
365.355000	916.000000
365.360000	1659.000000
365.365000	1702.000000
365.370000	2652.000000
365.375000	3887.000000
365.380000	4645.000000
365.385000	5667.000000
365.390000	6438.000000
365.395000	7817.000000
365.400000	10939.000000
365.405000	15994.000000
365.410000	30806.000000
365.415000	45930.000000
365.420000	26675.000000
365.425000	13396.000000
365.430000	6592.000000
365.435000	4073.000000
365.440000	2329.000000
365.445000	1586.000000
365.450000	998.000000
365.455000	702.000000
365.460000	583.000000
365.465000	551.000000
365.470000	435.000000
365.475000	366.000000
365.480000	469.000000
365.485000	450.000000
365.490000	378.000000
365.495000	448.000000
365.500000	331.000000
365.505000	331.000000
365.510000	437.000000
365.515000	414.000000
365.520000	357.000000
365.525000	379.000000
365.530000	391.000000
365.535000	283.000000
365.540000	262.000000
365.545000	368.000000
365.550000	269.000000
365.555000	320.000000
365.560000	332.000000
365.565000	361.000000
365.570000	269.000000
365.575000	340.000000
365.580000	265.000000
365.585000	261.000000
365.590000	256.000000
365.595000	279.000000
365.600000	370.000000
