Sample ID:		None
Start Time:		Wed Jun 24 2020 10:10:33 PM
Averaging Time:		1.000s

364.600000	51.000000
364.605000	44.000000
364.610000	56.000000
364.615000	15.000000
364.620000	35.000000
364.625000	50.000000
364.630000	53.000000
364.635000	51.000000
364.640000	17.000000
364.645000	37.000000
364.650000	39.000000
364.655000	93.000000
364.660000	49.000000
364.665000	78.000000
364.670000	14.000000
364.675000	46.000000
364.680000	117.000000
364.685000	141.000000
364.690000	61.000000
364.695000	100.000000
364.700000	91.000000
364.705000	220.000000
364.710000	268.000000
364.715000	256.000000
364.720000	298.000000
364.725000	352.000000
364.730000	154.000000
364.735000	190.000000
364.740000	237.000000
364.745000	264.000000
364.750000	264.000000
364.755000	270.000000
364.760000	229.000000
364.765000	384.000000
364.770000	328.000000
364.775000	294.000000
364.780000	262.000000
364.785000	354.000000
364.790000	309.000000
364.795000	365.000000
364.800000	342.000000
364.805000	332.000000
364.810000	328.000000
364.815000	362.000000
364.820000	503.000000
364.825000	437.000000
364.830000	532.000000
364.835000	586.000000
364.840000	542.000000
364.845000	588.000000
364.850000	833.000000
364.855000	835.000000
364.860000	1050.000000
364.865000	1586.000000
364.870000	2286.000000
364.875000	4011.000000
364.880000	6404.000000
364.885000	9798.000000
364.890000	14111.000000
364.895000	19556.000000
364.900000	23038.000000
364.905000	26286.000000
364.910000	31815.000000
364.915000	39092.000000
364.920000	52667.000000
364.925000	94194.000000
364.930000	215872.000000
364.935000	188741.000000
364.940000	81887.000000
364.945000	41050.000000
364.950000	26628.000000
364.955000	15244.000000
364.960000	10168.000000
364.965000	6343.000000
364.970000	4473.000000
364.975000	3080.000000
364.980000	2192.000000
364.985000	2135.000000
364.990000	2098.000000
364.995000	2093.000000
365.000000	1552.000000
365.005000	1483.000000
365.010000	1213.000000
365.015000	1092.000000
365.020000	1274.000000
365.025000	1075.000000
365.030000	1004.000000
365.035000	809.000000
365.040000	953.000000
365.045000	795.000000
365.050000	848.000000
365.055000	767.000000
365.060000	570.000000
365.065000	622.000000
365.070000	605.000000
365.075000	538.000000
365.080000	517.000000
365.085000	510.000000
365.090000	690.000000
365.095000	391.000000
365.100000	565.000000
365.105000	409.000000
365.110000	390.000000
365.115000	400.000000
365.120000	409.000000
365.125000	330.000000
365.130000	384.000000
365.135000	261.000000
365.140000	293.000000
365.145000	413.000000
365.150000	389.000000
365.155000	353.000000
365.160000	420.000000
365.165000	343.000000
365.170000	422.000000
365.175000	327.000000
365.180000	403.000000
365.185000	384.000000
365.190000	407.000000
365.195000	337.000000
365.200000	332.000000
365.205000	247.000000
365.210000	412.000000
365.215000	288.000000
365.220000	214.000000
365.225000	222.000000
365.230000	362.000000
365.235000	308.000000
365.240000	322.000000
365.245000	391.000000
365.250000	292.000000
365.255000	275.000000
365.260000	438.000000
365.265000	204.000000
365.270000	349.000000
365.275000	282.000000
365.280000	336.000000
365.285000	265.000000
365.290000	271.000000
365.295000	295.000000
365.300000	434.000000
365.305000	414.000000
365.310000	360.000000
365.315000	231.000000
365.320000	289.000000
365.325000	435.000000
365.330000	464.000000
365.335000	708.000000
365.340000	1577.000000
365.345000	1986.000000
365.350000	2871.000000
365.355000	4173.000000
365.360000	4530.000000
365.365000	5738.000000
365.370000	6878.000000
365.375000	8285.000000
365.380000	9515.000000
365.385000	15170.000000
365.390000	30063.000000
365.395000	48112.000000
365.400000	37864.000000
365.405000	16161.000000
365.410000	8715.000000
365.415000	5094.000000
365.420000	3122.000000
365.425000	1767.000000
365.430000	1422.000000
365.435000	849.000000
365.440000	812.000000
365.445000	607.000000
365.450000	519.000000
365.455000	430.000000
365.460000	434.000000
365.465000	496.000000
365.470000	328.000000
365.475000	459.000000
365.480000	426.000000
365.485000	374.000000
365.490000	377.000000
365.495000	441.000000
365.500000	365.000000
365.505000	432.000000
365.510000	323.000000
365.515000	251.000000
365.520000	326.000000
365.525000	368.000000
365.530000	359.000000
365.535000	308.000000
365.540000	427.000000
365.545000	186.000000
365.550000	196.000000
365.555000	386.000000
365.560000	310.000000
365.565000	161.000000
365.570000	266.000000
365.575000	299.000000
365.580000	347.000000
365.585000	399.000000
365.590000	267.000000
365.595000	282.000000
365.600000	151.000000
