Sample ID:		None
Start Time:		Wed Jun 24 2020 10:43:52 PM
Averaging Time:		1.000s

364.600000	52.000000
364.605000	34.000000
364.610000	33.000000
364.615000	62.000000
364.620000	56.000000
364.625000	68.000000
364.630000	18.000000
364.635000	36.000000
364.640000	82.000000
364.645000	35.000000
364.650000	58.000000
364.655000	55.000000
364.660000	37.000000
364.665000	69.000000
364.670000	31.000000
364.675000	53.000000
364.680000	74.000000
364.685000	43.000000
364.690000	63.000000
364.695000	98.000000
364.700000	189.000000
364.705000	206.000000
364.710000	179.000000
364.715000	216.000000
364.720000	290.000000
364.725000	265.000000
364.730000	183.000000
364.735000	291.000000
364.740000	258.000000
364.745000	269.000000
364.750000	212.000000
364.755000	231.000000
364.760000	321.000000
364.765000	291.000000
364.770000	364.000000
364.775000	207.000000
364.780000	441.000000
364.785000	282.000000
364.790000	350.000000
364.795000	462.000000
364.800000	405.000000
364.805000	372.000000
364.810000	506.000000
364.815000	322.000000
364.820000	251.000000
364.825000	366.000000
364.830000	422.000000
364.835000	495.000000
364.840000	514.000000
364.845000	606.000000
364.850000	579.000000
364.855000	823.000000
364.860000	815.000000
364.865000	1149.000000
364.870000	1839.000000
364.875000	2676.000000
364.880000	4125.000000
364.885000	6757.000000
364.890000	10956.000000
364.895000	15656.000000
364.900000	19185.000000
364.905000	24468.000000
364.910000	28539.000000
364.915000	32289.000000
364.920000	40389.000000
364.925000	60139.000000
364.930000	122174.000000
364.935000	225193.000000
364.940000	138913.000000
364.945000	64475.000000
364.950000	36292.000000
364.955000	21258.000000
364.960000	14059.000000
364.965000	8847.000000
364.970000	5172.000000
364.975000	3869.000000
364.980000	2873.000000
364.985000	2828.000000
364.990000	1950.000000
364.995000	1947.000000
365.000000	1572.000000
365.005000	1692.000000
365.010000	1414.000000
365.015000	1293.000000
365.020000	1269.000000
365.025000	1087.000000
365.030000	1066.000000
365.035000	854.000000
365.040000	1074.000000
365.045000	855.000000
365.050000	846.000000
365.055000	781.000000
365.060000	745.000000
365.065000	739.000000
365.070000	608.000000
365.075000	832.000000
365.080000	668.000000
365.085000	761.000000
365.090000	522.000000
365.095000	476.000000
365.100000	713.000000
365.105000	376.000000
365.110000	548.000000
365.115000	478.000000
365.120000	565.000000
365.125000	412.000000
365.130000	346.000000
365.135000	344.000000
365.140000	417.000000
365.145000	217.000000
365.150000	462.000000
365.155000	365.000000
365.160000	372.000000
365.165000	353.000000
365.170000	329.000000
365.175000	362.000000
365.180000	347.000000
365.185000	282.000000
365.190000	454.000000
365.195000	361.000000
365.200000	380.000000
365.205000	312.000000
365.210000	393.000000
365.215000	346.000000
365.220000	255.000000
365.225000	395.000000
365.230000	290.000000
365.235000	355.000000
365.240000	262.000000
365.245000	237.000000
365.250000	368.000000
365.255000	273.000000
365.260000	326.000000
365.265000	251.000000
365.270000	273.000000
365.275000	331.000000
365.280000	313.000000
365.285000	358.000000
365.290000	240.000000
365.295000	298.000000
365.300000	324.000000
365.305000	279.000000
365.310000	311.000000
365.315000	392.000000
365.320000	389.000000
365.325000	340.000000
365.330000	538.000000
365.335000	910.000000
365.340000	1148.000000
365.345000	1579.000000
365.350000	2373.000000
365.355000	3411.000000
365.360000	4305.000000
365.365000	5352.000000
365.370000	6586.000000
365.375000	7813.000000
365.380000	7929.000000
365.385000	12175.000000
365.390000	21680.000000
365.395000	38762.000000
365.400000	48742.000000
365.405000	23169.000000
365.410000	12709.000000
365.415000	6711.000000
365.420000	4135.000000
365.425000	2501.000000
365.430000	1670.000000
365.435000	1055.000000
365.440000	845.000000
365.445000	612.000000
365.450000	422.000000
365.455000	565.000000
365.460000	465.000000
365.465000	478.000000
365.470000	401.000000
365.475000	432.000000
365.480000	440.000000
365.485000	324.000000
365.490000	488.000000
365.495000	391.000000
365.500000	350.000000
365.505000	382.000000
365.510000	324.000000
365.515000	346.000000
365.520000	416.000000
365.525000	304.000000
365.530000	351.000000
365.535000	340.000000
365.540000	341.000000
365.545000	205.000000
365.550000	251.000000
365.555000	250.000000
365.560000	257.000000
365.565000	265.000000
365.570000	329.000000
365.575000	222.000000
365.580000	273.000000
365.585000	230.000000
365.590000	239.000000
365.595000	238.000000
365.600000	224.000000
