Sample ID:		None
Start Time:		Wed Jun 24 2020 1:57:35 PM
Averaging Time:		1.000s

364.600000	37.000000
364.605000	89.000000
364.610000	80.000000
364.615000	60.000000
364.620000	74.000000
364.625000	95.000000
364.630000	51.000000
364.635000	76.000000
364.640000	75.000000
364.645000	94.000000
364.650000	55.000000
364.655000	92.000000
364.660000	62.000000
364.665000	60.000000
364.670000	83.000000
364.675000	84.000000
364.680000	125.000000
364.685000	109.000000
364.690000	100.000000
364.695000	111.000000
364.700000	57.000000
364.705000	90.000000
364.710000	254.000000
364.715000	155.000000
364.720000	179.000000
364.725000	216.000000
364.730000	267.000000
364.735000	254.000000
364.740000	358.000000
364.745000	257.000000
364.750000	400.000000
364.755000	214.000000
364.760000	153.000000
364.765000	299.000000
364.770000	235.000000
364.775000	211.000000
364.780000	323.000000
364.785000	336.000000
364.790000	224.000000
364.795000	249.000000
364.800000	321.000000
364.805000	415.000000
364.810000	382.000000
364.815000	392.000000
364.820000	348.000000
364.825000	378.000000
364.830000	408.000000
364.835000	440.000000
364.840000	487.000000
364.845000	535.000000
364.850000	449.000000
364.855000	527.000000
364.860000	689.000000
364.865000	815.000000
364.870000	743.000000
364.875000	1140.000000
364.880000	1431.000000
364.885000	1715.000000
364.890000	3535.000000
364.895000	5245.000000
364.900000	7614.000000
364.905000	11722.000000
364.910000	16658.000000
364.915000	20893.000000
364.920000	25726.000000
364.925000	29815.000000
364.930000	35334.000000
364.935000	46956.000000
364.940000	69732.000000
364.945000	167589.000000
364.950000	229783.000000
364.955000	98848.000000
364.960000	51485.000000
364.965000	31327.000000
364.970000	18772.000000
364.975000	9239.000000
364.980000	7059.000000
364.985000	4758.000000
364.990000	3223.000000
364.995000	2751.000000
365.000000	2626.000000
365.005000	2304.000000
365.010000	1885.000000
365.015000	1818.000000
365.020000	1456.000000
365.025000	1360.000000
365.030000	1630.000000
365.035000	1214.000000
365.040000	1140.000000
365.045000	1028.000000
365.050000	1167.000000
365.055000	887.000000
365.060000	940.000000
365.065000	929.000000
365.070000	765.000000
365.075000	652.000000
365.080000	709.000000
365.085000	685.000000
365.090000	658.000000
365.095000	625.000000
365.100000	530.000000
365.105000	578.000000
365.110000	629.000000
365.115000	370.000000
365.120000	503.000000
365.125000	580.000000
365.130000	447.000000
365.135000	360.000000
365.140000	437.000000
365.145000	420.000000
365.150000	294.000000
365.155000	395.000000
365.160000	343.000000
365.165000	360.000000
365.170000	356.000000
365.175000	456.000000
365.180000	404.000000
365.185000	421.000000
365.190000	379.000000
365.195000	393.000000
365.200000	420.000000
365.205000	453.000000
365.210000	409.000000
365.215000	370.000000
365.220000	309.000000
365.225000	485.000000
365.230000	289.000000
365.235000	439.000000
365.240000	329.000000
365.245000	274.000000
365.250000	349.000000
365.255000	388.000000
365.260000	381.000000
365.265000	269.000000
365.270000	248.000000
365.275000	341.000000
365.280000	287.000000
365.285000	313.000000
365.290000	297.000000
365.295000	380.000000
365.300000	487.000000
365.305000	330.000000
365.310000	407.000000
365.315000	269.000000
365.320000	451.000000
365.325000	405.000000
365.330000	350.000000
365.335000	482.000000
365.340000	517.000000
365.345000	647.000000
365.350000	1096.000000
365.355000	1549.000000
365.360000	1892.000000
365.365000	2886.000000
365.370000	3657.000000
365.375000	5012.000000
365.380000	6171.000000
365.385000	6353.000000
365.390000	8065.000000
365.395000	10000.000000
365.400000	16074.000000
365.405000	27934.000000
365.410000	50499.000000
365.415000	36332.000000
365.420000	18817.000000
365.425000	8595.000000
365.430000	5830.000000
365.435000	2965.000000
365.440000	1775.000000
365.445000	1475.000000
365.450000	758.000000
365.455000	612.000000
365.460000	662.000000
365.465000	618.000000
365.470000	485.000000
365.475000	541.000000
365.480000	384.000000
365.485000	509.000000
365.490000	506.000000
365.495000	378.000000
365.500000	341.000000
365.505000	466.000000
365.510000	317.000000
365.515000	342.000000
365.520000	270.000000
365.525000	426.000000
365.530000	660.000000
365.535000	263.000000
365.540000	328.000000
365.545000	377.000000
365.550000	289.000000
365.555000	417.000000
365.560000	273.000000
365.565000	305.000000
365.570000	311.000000
365.575000	312.000000
365.580000	355.000000
365.585000	250.000000
365.590000	227.000000
365.595000	333.000000
365.600000	266.000000
