Sample ID:		None
Start Time:		Wed Jun 24 2020 10:27:13 PM
Averaging Time:		1.000s

364.600000	43.000000
364.605000	25.000000
364.610000	49.000000
364.615000	93.000000
364.620000	33.000000
364.625000	22.000000
364.630000	26.000000
364.635000	48.000000
364.640000	55.000000
364.645000	37.000000
364.650000	64.000000
364.655000	54.000000
364.660000	33.000000
364.665000	66.000000
364.670000	27.000000
364.675000	73.000000
364.680000	88.000000
364.685000	179.000000
364.690000	103.000000
364.695000	145.000000
364.700000	119.000000
364.705000	302.000000
364.710000	244.000000
364.715000	227.000000
364.720000	197.000000
364.725000	175.000000
364.730000	351.000000
364.735000	262.000000
364.740000	240.000000
364.745000	235.000000
364.750000	220.000000
364.755000	280.000000
364.760000	280.000000
364.765000	274.000000
364.770000	291.000000
364.775000	257.000000
364.780000	186.000000
364.785000	300.000000
364.790000	297.000000
364.795000	289.000000
364.800000	319.000000
364.805000	478.000000
364.810000	382.000000
364.815000	371.000000
364.820000	475.000000
364.825000	384.000000
364.830000	472.000000
364.835000	470.000000
364.840000	406.000000
364.845000	581.000000
364.850000	618.000000
364.855000	761.000000
364.860000	880.000000
364.865000	1249.000000
364.870000	1726.000000
364.875000	3097.000000
364.880000	4515.000000
364.885000	7465.000000
364.890000	11941.000000
364.895000	16089.000000
364.900000	19398.000000
364.905000	25091.000000
364.910000	28704.000000
364.915000	32842.000000
364.920000	42998.000000
364.925000	62584.000000
364.930000	143200.000000
364.935000	226699.000000
364.940000	135146.000000
364.945000	57412.000000
364.950000	32712.000000
364.955000	21712.000000
364.960000	12146.000000
364.965000	8863.000000
364.970000	5630.000000
364.975000	3419.000000
364.980000	3027.000000
364.985000	2193.000000
364.990000	2043.000000
364.995000	1976.000000
365.000000	1587.000000
365.005000	1278.000000
365.010000	1302.000000
365.015000	1390.000000
365.020000	1147.000000
365.025000	1025.000000
365.030000	1407.000000
365.035000	985.000000
365.040000	1158.000000
365.045000	721.000000
365.050000	920.000000
365.055000	824.000000
365.060000	759.000000
365.065000	712.000000
365.070000	632.000000
365.075000	720.000000
365.080000	547.000000
365.085000	509.000000
365.090000	436.000000
365.095000	578.000000
365.100000	475.000000
365.105000	383.000000
365.110000	453.000000
365.115000	343.000000
365.120000	378.000000
365.125000	284.000000
365.130000	342.000000
365.135000	345.000000
365.140000	344.000000
365.145000	441.000000
365.150000	393.000000
365.155000	442.000000
365.160000	399.000000
365.165000	306.000000
365.170000	387.000000
365.175000	357.000000
365.180000	264.000000
365.185000	402.000000
365.190000	407.000000
365.195000	262.000000
365.200000	299.000000
365.205000	207.000000
365.210000	342.000000
365.215000	375.000000
365.220000	307.000000
365.225000	258.000000
365.230000	289.000000
365.235000	344.000000
365.240000	306.000000
365.245000	388.000000
365.250000	266.000000
365.255000	261.000000
365.260000	297.000000
365.265000	407.000000
365.270000	265.000000
365.275000	275.000000
365.280000	233.000000
365.285000	294.000000
365.290000	296.000000
365.295000	294.000000
365.300000	374.000000
365.305000	364.000000
365.310000	333.000000
365.315000	310.000000
365.320000	436.000000
365.325000	421.000000
365.330000	603.000000
365.335000	704.000000
365.340000	1300.000000
365.345000	2038.000000
365.350000	2614.000000
365.355000	3695.000000
365.360000	4668.000000
365.365000	5501.000000
365.370000	6660.000000
365.375000	7187.000000
365.380000	9381.000000
365.385000	13638.000000
365.390000	22247.000000
365.395000	43745.000000
365.400000	43476.000000
365.405000	18806.000000
365.410000	9378.000000
365.415000	5531.000000
365.420000	3485.000000
365.425000	2136.000000
365.430000	1450.000000
365.435000	774.000000
365.440000	720.000000
365.445000	647.000000
365.450000	651.000000
365.455000	469.000000
365.460000	389.000000
365.465000	486.000000
365.470000	364.000000
365.475000	433.000000
365.480000	430.000000
365.485000	343.000000
365.490000	323.000000
365.495000	416.000000
365.500000	360.000000
365.505000	419.000000
365.510000	418.000000
365.515000	435.000000
365.520000	290.000000
365.525000	432.000000
365.530000	292.000000
365.535000	239.000000
365.540000	227.000000
365.545000	301.000000
365.550000	287.000000
365.555000	311.000000
365.560000	274.000000
365.565000	259.000000
365.570000	309.000000
365.575000	251.000000
365.580000	265.000000
365.585000	232.000000
365.590000	263.000000
365.595000	209.000000
365.600000	111.000000
