Sample ID:		None
Start Time:		Wed Jun 24 2020 7:46:08 PM
Averaging Time:		1.000s

364.600000	38.000000
364.605000	49.000000
364.610000	89.000000
364.615000	15.000000
364.620000	50.000000
364.625000	15.000000
364.630000	25.000000
364.635000	23.000000
364.640000	17.000000
364.645000	22.000000
364.650000	21.000000
364.655000	38.000000
364.660000	73.000000
364.665000	33.000000
364.670000	80.000000
364.675000	57.000000
364.680000	42.000000
364.685000	75.000000
364.690000	97.000000
364.695000	145.000000
364.700000	110.000000
364.705000	123.000000
364.710000	173.000000
364.715000	165.000000
364.720000	266.000000
364.725000	173.000000
364.730000	230.000000
364.735000	224.000000
364.740000	140.000000
364.745000	286.000000
364.750000	350.000000
364.755000	182.000000
364.760000	351.000000
364.765000	245.000000
364.770000	417.000000
364.775000	270.000000
364.780000	291.000000
364.785000	284.000000
364.790000	251.000000
364.795000	315.000000
364.800000	531.000000
364.805000	272.000000
364.810000	349.000000
364.815000	375.000000
364.820000	397.000000
364.825000	471.000000
364.830000	527.000000
364.835000	518.000000
364.840000	416.000000
364.845000	557.000000
364.850000	617.000000
364.855000	724.000000
364.860000	932.000000
364.865000	1396.000000
364.870000	1929.000000
364.875000	3829.000000
364.880000	5765.000000
364.885000	9045.000000
364.890000	12837.000000
364.895000	17000.000000
364.900000	21165.000000
364.905000	25190.000000
364.910000	29587.000000
364.915000	36141.000000
364.920000	46817.000000
364.925000	74780.000000
364.930000	172889.000000
364.935000	201274.000000
364.940000	97395.000000
364.945000	46695.000000
364.950000	30573.000000
364.955000	14857.000000
364.960000	11332.000000
364.965000	7499.000000
364.970000	5045.000000
364.975000	3270.000000
364.980000	2759.000000
364.985000	2468.000000
364.990000	2000.000000
364.995000	1694.000000
365.000000	1858.000000
365.005000	1506.000000
365.010000	1368.000000
365.015000	1015.000000
365.020000	1146.000000
365.025000	1066.000000
365.030000	832.000000
365.035000	994.000000
365.040000	938.000000
365.045000	814.000000
365.050000	717.000000
365.055000	785.000000
365.060000	811.000000
365.065000	726.000000
365.070000	615.000000
365.075000	615.000000
365.080000	514.000000
365.085000	470.000000
365.090000	409.000000
365.095000	524.000000
365.100000	456.000000
365.105000	370.000000
365.110000	545.000000
365.115000	433.000000
365.120000	326.000000
365.125000	366.000000
365.130000	383.000000
365.135000	365.000000
365.140000	414.000000
365.145000	348.000000
365.150000	312.000000
365.155000	382.000000
365.160000	376.000000
365.165000	328.000000
365.170000	364.000000
365.175000	403.000000
365.180000	383.000000
365.185000	444.000000
365.190000	302.000000
365.195000	353.000000
365.200000	338.000000
365.205000	339.000000
365.210000	352.000000
365.215000	308.000000
365.220000	207.000000
365.225000	417.000000
365.230000	327.000000
365.235000	383.000000
365.240000	213.000000
365.245000	302.000000
365.250000	277.000000
365.255000	231.000000
365.260000	252.000000
365.265000	314.000000
365.270000	285.000000
365.275000	320.000000
365.280000	226.000000
365.285000	238.000000
365.290000	234.000000
365.295000	368.000000
365.300000	333.000000
365.305000	360.000000
365.310000	301.000000
365.315000	333.000000
365.320000	270.000000
365.325000	413.000000
365.330000	520.000000
365.335000	967.000000
365.340000	846.000000
365.345000	1736.000000
365.350000	2459.000000
365.355000	3452.000000
365.360000	3691.000000
365.365000	5037.000000
365.370000	5652.000000
365.375000	7452.000000
365.380000	7738.000000
365.385000	11684.000000
365.390000	20884.000000
365.395000	37964.000000
365.400000	45804.000000
365.405000	24278.000000
365.410000	12259.000000
365.415000	7129.000000
365.420000	4024.000000
365.425000	2488.000000
365.430000	1462.000000
365.435000	1010.000000
365.440000	705.000000
365.445000	744.000000
365.450000	542.000000
365.455000	437.000000
365.460000	530.000000
365.465000	537.000000
365.470000	338.000000
365.475000	551.000000
365.480000	526.000000
365.485000	424.000000
365.490000	326.000000
365.495000	485.000000
365.500000	317.000000
365.505000	257.000000
365.510000	438.000000
365.515000	358.000000
365.520000	286.000000
365.525000	271.000000
365.530000	305.000000
365.535000	252.000000
365.540000	283.000000
365.545000	308.000000
365.550000	362.000000
365.555000	299.000000
365.560000	242.000000
365.565000	215.000000
365.570000	458.000000
365.575000	266.000000
365.580000	292.000000
365.585000	206.000000
365.590000	219.000000
365.595000	197.000000
365.600000	198.000000
