Sample ID:		None
Start Time:		Wed Jun 24 2020 6:39:30 PM
Averaging Time:		1.000s

364.600000	95.000000
364.605000	12.000000
364.610000	27.000000
364.615000	44.000000
364.620000	49.000000
364.625000	41.000000
364.630000	41.000000
364.635000	26.000000
364.640000	51.000000
364.645000	43.000000
364.650000	24.000000
364.655000	78.000000
364.660000	50.000000
364.665000	8.000000
364.670000	27.000000
364.675000	49.000000
364.680000	95.000000
364.685000	77.000000
364.690000	85.000000
364.695000	61.000000
364.700000	82.000000
364.705000	192.000000
364.710000	244.000000
364.715000	137.000000
364.720000	172.000000
364.725000	193.000000
364.730000	220.000000
364.735000	318.000000
364.740000	225.000000
364.745000	214.000000
364.750000	209.000000
364.755000	204.000000
364.760000	240.000000
364.765000	210.000000
364.770000	189.000000
364.775000	295.000000
364.780000	130.000000
364.785000	275.000000
364.790000	293.000000
364.795000	257.000000
364.800000	266.000000
364.805000	350.000000
364.810000	301.000000
364.815000	381.000000
364.820000	371.000000
364.825000	369.000000
364.830000	406.000000
364.835000	497.000000
364.840000	409.000000
364.845000	400.000000
364.850000	539.000000
364.855000	777.000000
364.860000	828.000000
364.865000	1012.000000
364.870000	1240.000000
364.875000	1992.000000
364.880000	3325.000000
364.885000	5605.000000
364.890000	8601.000000
364.895000	13655.000000
364.900000	16172.000000
364.905000	21357.000000
364.910000	26441.000000
364.915000	28891.000000
364.920000	33450.000000
364.925000	49227.000000
364.930000	76828.000000
364.935000	159363.000000
364.940000	211981.000000
364.945000	97579.000000
364.950000	49613.000000
364.955000	28800.000000
364.960000	17974.000000
364.965000	12110.000000
364.970000	6109.000000
364.975000	4998.000000
364.980000	3426.000000
364.985000	2964.000000
364.990000	2304.000000
364.995000	1831.000000
365.000000	1668.000000
365.005000	1958.000000
365.010000	1375.000000
365.015000	1468.000000
365.020000	1278.000000
365.025000	1135.000000
365.030000	1186.000000
365.035000	978.000000
365.040000	1022.000000
365.045000	1044.000000
365.050000	971.000000
365.055000	922.000000
365.060000	715.000000
365.065000	876.000000
365.070000	683.000000
365.075000	643.000000
365.080000	640.000000
365.085000	595.000000
365.090000	600.000000
365.095000	491.000000
365.100000	566.000000
365.105000	506.000000
365.110000	457.000000
365.115000	369.000000
365.120000	349.000000
365.125000	297.000000
365.130000	353.000000
365.135000	250.000000
365.140000	291.000000
365.145000	429.000000
365.150000	354.000000
365.155000	357.000000
365.160000	340.000000
365.165000	424.000000
365.170000	274.000000
365.175000	333.000000
365.180000	370.000000
365.185000	334.000000
365.190000	314.000000
365.195000	502.000000
365.200000	281.000000
365.205000	234.000000
365.210000	308.000000
365.215000	338.000000
365.220000	300.000000
365.225000	379.000000
365.230000	279.000000
365.235000	256.000000
365.240000	228.000000
365.245000	296.000000
365.250000	301.000000
365.255000	309.000000
365.260000	264.000000
365.265000	353.000000
365.270000	220.000000
365.275000	361.000000
365.280000	370.000000
365.285000	318.000000
365.290000	488.000000
365.295000	266.000000
365.300000	253.000000
365.305000	264.000000
365.310000	256.000000
365.315000	338.000000
365.320000	319.000000
365.325000	398.000000
365.330000	551.000000
365.335000	781.000000
365.340000	718.000000
365.345000	1244.000000
365.350000	1580.000000
365.355000	2608.000000
365.360000	3702.000000
365.365000	4202.000000
365.370000	5344.000000
365.375000	6239.000000
365.380000	7268.000000
365.385000	9325.000000
365.390000	14768.000000
365.395000	21940.000000
365.400000	40346.000000
365.405000	41123.000000
365.410000	21198.000000
365.415000	11457.000000
365.420000	5927.000000
365.425000	3820.000000
365.430000	2230.000000
365.435000	1392.000000
365.440000	770.000000
365.445000	899.000000
365.450000	491.000000
365.455000	722.000000
365.460000	515.000000
365.465000	472.000000
365.470000	339.000000
365.475000	399.000000
365.480000	407.000000
365.485000	458.000000
365.490000	398.000000
365.495000	370.000000
365.500000	266.000000
365.505000	311.000000
365.510000	321.000000
365.515000	334.000000
365.520000	376.000000
365.525000	394.000000
365.530000	329.000000
365.535000	392.000000
365.540000	249.000000
365.545000	299.000000
365.550000	259.000000
365.555000	341.000000
365.560000	222.000000
365.565000	293.000000
365.570000	304.000000
365.575000	198.000000
365.580000	294.000000
365.585000	279.000000
365.590000	283.000000
365.595000	194.000000
365.600000	175.000000
