Sample ID:		None
Start Time:		Wed Jun 24 2020 9:26:07 PM
Averaging Time:		1.000s

364.600000	65.000000
364.605000	56.000000
364.610000	64.000000
364.615000	61.000000
364.620000	36.000000
364.625000	40.000000
364.630000	53.000000
364.635000	53.000000
364.640000	42.000000
364.645000	35.000000
364.650000	78.000000
364.655000	75.000000
364.660000	45.000000
364.665000	66.000000
364.670000	26.000000
364.675000	57.000000
364.680000	104.000000
364.685000	64.000000
364.690000	130.000000
364.695000	144.000000
364.700000	172.000000
364.705000	191.000000
364.710000	234.000000
364.715000	212.000000
364.720000	244.000000
364.725000	198.000000
364.730000	183.000000
364.735000	255.000000
364.740000	258.000000
364.745000	266.000000
364.750000	129.000000
364.755000	307.000000
364.760000	287.000000
364.765000	250.000000
364.770000	208.000000
364.775000	281.000000
364.780000	237.000000
364.785000	279.000000
364.790000	354.000000
364.795000	253.000000
364.800000	370.000000
364.805000	350.000000
364.810000	310.000000
364.815000	268.000000
364.820000	303.000000
364.825000	379.000000
364.830000	422.000000
364.835000	432.000000
364.840000	515.000000
364.845000	541.000000
364.850000	628.000000
364.855000	719.000000
364.860000	1032.000000
364.865000	1134.000000
364.870000	1742.000000
364.875000	3642.000000
364.880000	3984.000000
364.885000	7331.000000
364.890000	11180.000000
364.895000	15765.000000
364.900000	18756.000000
364.905000	23421.000000
364.910000	28116.000000
364.915000	32812.000000
364.920000	41139.000000
364.925000	61760.000000
364.930000	131423.000000
364.935000	222345.000000
364.940000	134335.000000
364.945000	58630.000000
364.950000	35595.000000
364.955000	17831.000000
364.960000	13962.000000
364.965000	8189.000000
364.970000	5178.000000
364.975000	3456.000000
364.980000	3160.000000
364.985000	2513.000000
364.990000	2154.000000
364.995000	1848.000000
365.000000	1863.000000
365.005000	1642.000000
365.010000	1603.000000
365.015000	1230.000000
365.020000	1387.000000
365.025000	1090.000000
365.030000	945.000000
365.035000	986.000000
365.040000	941.000000
365.045000	766.000000
365.050000	831.000000
365.055000	876.000000
365.060000	633.000000
365.065000	703.000000
365.070000	566.000000
365.075000	593.000000
365.080000	691.000000
365.085000	665.000000
365.090000	730.000000
365.095000	516.000000
365.100000	500.000000
365.105000	514.000000
365.110000	404.000000
365.115000	390.000000
365.120000	368.000000
365.125000	356.000000
365.130000	378.000000
365.135000	413.000000
365.140000	352.000000
365.145000	391.000000
365.150000	450.000000
365.155000	423.000000
365.160000	362.000000
365.165000	353.000000
365.170000	369.000000
365.175000	312.000000
365.180000	311.000000
365.185000	471.000000
365.190000	302.000000
365.195000	437.000000
365.200000	366.000000
365.205000	408.000000
365.210000	260.000000
365.215000	258.000000
365.220000	222.000000
365.225000	281.000000
365.230000	281.000000
365.235000	306.000000
365.240000	273.000000
365.245000	196.000000
365.250000	212.000000
365.255000	240.000000
365.260000	232.000000
365.265000	205.000000
365.270000	272.000000
365.275000	285.000000
365.280000	259.000000
365.285000	313.000000
365.290000	360.000000
365.295000	272.000000
365.300000	267.000000
365.305000	391.000000
365.310000	456.000000
365.315000	350.000000
365.320000	449.000000
365.325000	439.000000
365.330000	508.000000
365.335000	582.000000
365.340000	1048.000000
365.345000	1622.000000
365.350000	2316.000000
365.355000	2955.000000
365.360000	4363.000000
365.365000	4996.000000
365.370000	6242.000000
365.375000	6748.000000
365.380000	7420.000000
365.385000	9745.000000
365.390000	17874.000000
365.395000	29882.000000
365.400000	48613.000000
365.405000	31949.000000
365.410000	16530.000000
365.415000	9321.000000
365.420000	5251.000000
365.425000	3061.000000
365.430000	1907.000000
365.435000	1270.000000
365.440000	623.000000
365.445000	553.000000
365.450000	439.000000
365.455000	505.000000
365.460000	535.000000
365.465000	487.000000
365.470000	371.000000
365.475000	354.000000
365.480000	483.000000
365.485000	399.000000
365.490000	257.000000
365.495000	375.000000
365.500000	378.000000
365.505000	275.000000
365.510000	434.000000
365.515000	321.000000
365.520000	348.000000
365.525000	429.000000
365.530000	378.000000
365.535000	295.000000
365.540000	437.000000
365.545000	274.000000
365.550000	337.000000
365.555000	280.000000
365.560000	254.000000
365.565000	274.000000
365.570000	374.000000
365.575000	263.000000
365.580000	323.000000
365.585000	303.000000
365.590000	229.000000
365.595000	316.000000
365.600000	215.000000
