Sample ID:		None
Start Time:		Wed Jun 24 2020 6:50:36 PM
Averaging Time:		1.000s

364.600000	62.000000
364.605000	52.000000
364.610000	46.000000
364.615000	53.000000
364.620000	68.000000
364.625000	24.000000
364.630000	45.000000
364.635000	53.000000
364.640000	25.000000
364.645000	41.000000
364.650000	52.000000
364.655000	68.000000
364.660000	78.000000
364.665000	89.000000
364.670000	48.000000
364.675000	89.000000
364.680000	65.000000
364.685000	104.000000
364.690000	113.000000
364.695000	151.000000
364.700000	143.000000
364.705000	199.000000
364.710000	131.000000
364.715000	295.000000
364.720000	326.000000
364.725000	286.000000
364.730000	225.000000
364.735000	289.000000
364.740000	303.000000
364.745000	294.000000
364.750000	179.000000
364.755000	254.000000
364.760000	213.000000
364.765000	285.000000
364.770000	249.000000
364.775000	253.000000
364.780000	302.000000
364.785000	374.000000
364.790000	204.000000
364.795000	441.000000
364.800000	351.000000
364.805000	289.000000
364.810000	276.000000
364.815000	351.000000
364.820000	358.000000
364.825000	539.000000
364.830000	475.000000
364.835000	372.000000
364.840000	447.000000
364.845000	455.000000
364.850000	697.000000
364.855000	689.000000
364.860000	847.000000
364.865000	997.000000
364.870000	1423.000000
364.875000	2909.000000
364.880000	4174.000000
364.885000	6452.000000
364.890000	9874.000000
364.895000	13475.000000
364.900000	17542.000000
364.905000	22845.000000
364.910000	27044.000000
364.915000	32101.000000
364.920000	39400.000000
364.925000	53194.000000
364.930000	114585.000000
364.935000	210271.000000
364.940000	166877.000000
364.945000	67515.000000
364.950000	36968.000000
364.955000	22471.000000
364.960000	15042.000000
364.965000	9409.000000
364.970000	5947.000000
364.975000	4039.000000
364.980000	3280.000000
364.985000	2631.000000
364.990000	2012.000000
364.995000	1777.000000
365.000000	1896.000000
365.005000	1568.000000
365.010000	1341.000000
365.015000	1139.000000
365.020000	1198.000000
365.025000	1119.000000
365.030000	1017.000000
365.035000	829.000000
365.040000	735.000000
365.045000	1074.000000
365.050000	875.000000
365.055000	878.000000
365.060000	772.000000
365.065000	796.000000
365.070000	799.000000
365.075000	544.000000
365.080000	528.000000
365.085000	609.000000
365.090000	562.000000
365.095000	556.000000
365.100000	629.000000
365.105000	527.000000
365.110000	405.000000
365.115000	460.000000
365.120000	435.000000
365.125000	315.000000
365.130000	286.000000
365.135000	240.000000
365.140000	373.000000
365.145000	396.000000
365.150000	373.000000
365.155000	337.000000
365.160000	289.000000
365.165000	302.000000
365.170000	339.000000
365.175000	428.000000
365.180000	301.000000
365.185000	259.000000
365.190000	573.000000
365.195000	316.000000
365.200000	393.000000
365.205000	449.000000
365.210000	314.000000
365.215000	247.000000
365.220000	330.000000
365.225000	303.000000
365.230000	318.000000
365.235000	459.000000
365.240000	298.000000
365.245000	294.000000
365.250000	348.000000
365.255000	313.000000
365.260000	248.000000
365.265000	267.000000
365.270000	341.000000
365.275000	355.000000
365.280000	370.000000
365.285000	213.000000
365.290000	357.000000
365.295000	282.000000
365.300000	327.000000
365.305000	372.000000
365.310000	410.000000
365.315000	378.000000
365.320000	385.000000
365.325000	407.000000
365.330000	495.000000
365.335000	800.000000
365.340000	827.000000
365.345000	1478.000000
365.350000	2087.000000
365.355000	2594.000000
365.360000	3832.000000
365.365000	5020.000000
365.370000	5339.000000
365.375000	6659.000000
365.380000	7070.000000
365.385000	9661.000000
365.390000	16699.000000
365.395000	27854.000000
365.400000	45798.000000
365.405000	32748.000000
365.410000	17071.000000
365.415000	8426.000000
365.420000	5170.000000
365.425000	3095.000000
365.430000	2036.000000
365.435000	1233.000000
365.440000	818.000000
365.445000	807.000000
365.450000	562.000000
365.455000	574.000000
365.460000	429.000000
365.465000	510.000000
365.470000	407.000000
365.475000	409.000000
365.480000	398.000000
365.485000	437.000000
365.490000	505.000000
365.495000	394.000000
365.500000	395.000000
365.505000	419.000000
365.510000	393.000000
365.515000	392.000000
365.520000	251.000000
365.525000	273.000000
365.530000	469.000000
365.535000	367.000000
365.540000	353.000000
365.545000	279.000000
365.550000	309.000000
365.555000	175.000000
365.560000	257.000000
365.565000	211.000000
365.570000	333.000000
365.575000	278.000000
365.580000	293.000000
365.585000	288.000000
365.590000	231.000000
365.595000	269.000000
365.600000	279.000000
