Sample ID:		None
Start Time:		Wed Jun 24 2020 9:37:13 PM
Averaging Time:		1.000s

364.600000	28.000000
364.605000	31.000000
364.610000	48.000000
364.615000	50.000000
364.620000	14.000000
364.625000	20.000000
364.630000	58.000000
364.635000	48.000000
364.640000	55.000000
364.645000	25.000000
364.650000	73.000000
364.655000	34.000000
364.660000	29.000000
364.665000	55.000000
364.670000	52.000000
364.675000	117.000000
364.680000	103.000000
364.685000	103.000000
364.690000	105.000000
364.695000	150.000000
364.700000	246.000000
364.705000	165.000000
364.710000	235.000000
364.715000	209.000000
364.720000	309.000000
364.725000	249.000000
364.730000	216.000000
364.735000	323.000000
364.740000	235.000000
364.745000	209.000000
364.750000	261.000000
364.755000	158.000000
364.760000	244.000000
364.765000	284.000000
364.770000	297.000000
364.775000	217.000000
364.780000	333.000000
364.785000	288.000000
364.790000	347.000000
364.795000	401.000000
364.800000	483.000000
364.805000	290.000000
364.810000	458.000000
364.815000	406.000000
364.820000	475.000000
364.825000	533.000000
364.830000	480.000000
364.835000	475.000000
364.840000	547.000000
364.845000	488.000000
364.850000	547.000000
364.855000	988.000000
364.860000	1081.000000
364.865000	1344.000000
364.870000	2079.000000
364.875000	3641.000000
364.880000	5357.000000
364.885000	9109.000000
364.890000	13548.000000
364.895000	17162.000000
364.900000	21978.000000
364.905000	24910.000000
364.910000	29692.000000
364.915000	36682.000000
364.920000	47371.000000
364.925000	75598.000000
364.930000	187413.000000
364.935000	213112.000000
364.940000	95095.000000
364.945000	46942.000000
364.950000	26284.000000
364.955000	16125.000000
364.960000	10606.000000
364.965000	7419.000000
364.970000	4128.000000
364.975000	3257.000000
364.980000	2722.000000
364.985000	2442.000000
364.990000	1967.000000
364.995000	1678.000000
365.000000	1668.000000
365.005000	1612.000000
365.010000	1530.000000
365.015000	1298.000000
365.020000	1271.000000
365.025000	1018.000000
365.030000	977.000000
365.035000	1208.000000
365.040000	880.000000
365.045000	879.000000
365.050000	661.000000
365.055000	766.000000
365.060000	625.000000
365.065000	634.000000
365.070000	689.000000
365.075000	699.000000
365.080000	651.000000
365.085000	502.000000
365.090000	373.000000
365.095000	626.000000
365.100000	568.000000
365.105000	498.000000
365.110000	542.000000
365.115000	388.000000
365.120000	412.000000
365.125000	364.000000
365.130000	366.000000
365.135000	438.000000
365.140000	343.000000
365.145000	378.000000
365.150000	344.000000
365.155000	402.000000
365.160000	355.000000
365.165000	282.000000
365.170000	466.000000
365.175000	428.000000
365.180000	347.000000
365.185000	411.000000
365.190000	259.000000
365.195000	297.000000
365.200000	407.000000
365.205000	370.000000
365.210000	383.000000
365.215000	379.000000
365.220000	219.000000
365.225000	313.000000
365.230000	254.000000
365.235000	278.000000
365.240000	430.000000
365.245000	387.000000
365.250000	217.000000
365.255000	369.000000
365.260000	190.000000
365.265000	167.000000
365.270000	297.000000
365.275000	253.000000
365.280000	214.000000
365.285000	307.000000
365.290000	296.000000
365.295000	276.000000
365.300000	364.000000
365.305000	265.000000
365.310000	291.000000
365.315000	506.000000
365.320000	434.000000
365.325000	547.000000
365.330000	521.000000
365.335000	627.000000
365.340000	809.000000
365.345000	1328.000000
365.350000	2159.000000
365.355000	3413.000000
365.360000	3739.000000
365.365000	4584.000000
365.370000	6189.000000
365.375000	7187.000000
365.380000	8220.000000
365.385000	10599.000000
365.390000	17969.000000
365.395000	31782.000000
365.400000	47776.000000
365.405000	28171.000000
365.410000	14657.000000
365.415000	7433.000000
365.420000	4335.000000
365.425000	2693.000000
365.430000	1653.000000
365.435000	1086.000000
365.440000	657.000000
365.445000	689.000000
365.450000	653.000000
365.455000	418.000000
365.460000	514.000000
365.465000	396.000000
365.470000	410.000000
365.475000	455.000000
365.480000	385.000000
365.485000	414.000000
365.490000	410.000000
365.495000	431.000000
365.500000	375.000000
365.505000	374.000000
365.510000	422.000000
365.515000	281.000000
365.520000	316.000000
365.525000	418.000000
365.530000	404.000000
365.535000	247.000000
365.540000	318.000000
365.545000	291.000000
365.550000	293.000000
365.555000	236.000000
365.560000	323.000000
365.565000	244.000000
365.570000	258.000000
365.575000	320.000000
365.580000	324.000000
365.585000	254.000000
365.590000	339.000000
365.595000	200.000000
365.600000	221.000000
