Sample ID:		None
Start Time:		Wed Jun 24 2020 1:35:21 PM
Averaging Time:		1.000s

364.600000	18.000000
364.605000	117.000000
364.610000	129.000000
364.615000	75.000000
364.620000	69.000000
364.625000	147.000000
364.630000	82.000000
364.635000	98.000000
364.640000	23.000000
364.645000	80.000000
364.650000	125.000000
364.655000	90.000000
364.660000	138.000000
364.665000	97.000000
364.670000	74.000000
364.675000	93.000000
364.680000	36.000000
364.685000	98.000000
364.690000	87.000000
364.695000	164.000000
364.700000	89.000000
364.705000	233.000000
364.710000	110.000000
364.715000	166.000000
364.720000	296.000000
364.725000	409.000000
364.730000	236.000000
364.735000	148.000000
364.740000	299.000000
364.745000	317.000000
364.750000	319.000000
364.755000	310.000000
364.760000	178.000000
364.765000	255.000000
364.770000	346.000000
364.775000	192.000000
364.780000	222.000000
364.785000	284.000000
364.790000	406.000000
364.795000	360.000000
364.800000	380.000000
364.805000	383.000000
364.810000	365.000000
364.815000	445.000000
364.820000	481.000000
364.825000	503.000000
364.830000	387.000000
364.835000	311.000000
364.840000	572.000000
364.845000	411.000000
364.850000	559.000000
364.855000	472.000000
364.860000	636.000000
364.865000	647.000000
364.870000	700.000000
364.875000	1211.000000
364.880000	1234.000000
364.885000	2159.000000
364.890000	3149.000000
364.895000	5248.000000
364.900000	9036.000000
364.905000	13000.000000
364.910000	17334.000000
364.915000	23359.000000
364.920000	26458.000000
364.925000	30214.000000
364.930000	36808.000000
364.935000	49083.000000
364.940000	79147.000000
364.945000	193289.000000
364.950000	203605.000000
364.955000	64380.000000
364.960000	41679.000000
364.965000	26034.000000
364.970000	14723.000000
364.975000	8286.000000
364.980000	6444.000000
364.985000	4245.000000
364.990000	3215.000000
364.995000	2739.000000
365.000000	2215.000000
365.005000	2047.000000
365.010000	1849.000000
365.015000	1382.000000
365.020000	1593.000000
365.025000	1414.000000
365.030000	1315.000000
365.035000	941.000000
365.040000	983.000000
365.045000	1122.000000
365.050000	866.000000
365.055000	934.000000
365.060000	1008.000000
365.065000	694.000000
365.070000	851.000000
365.075000	716.000000
365.080000	695.000000
365.085000	707.000000
365.090000	668.000000
365.095000	439.000000
365.100000	457.000000
365.105000	519.000000
365.110000	469.000000
365.115000	519.000000
365.120000	522.000000
365.125000	495.000000
365.130000	401.000000
365.135000	445.000000
365.140000	487.000000
365.145000	311.000000
365.150000	359.000000
365.155000	377.000000
365.160000	459.000000
365.165000	437.000000
365.170000	492.000000
365.175000	328.000000
365.180000	479.000000
365.185000	392.000000
365.190000	383.000000
365.195000	419.000000
365.200000	258.000000
365.205000	331.000000
365.210000	330.000000
365.215000	320.000000
365.220000	443.000000
365.225000	361.000000
365.230000	281.000000
365.235000	257.000000
365.240000	405.000000
365.245000	331.000000
365.250000	291.000000
365.255000	408.000000
365.260000	356.000000
365.265000	277.000000
365.270000	280.000000
365.275000	401.000000
365.280000	319.000000
365.285000	314.000000
365.290000	343.000000
365.295000	343.000000
365.300000	356.000000
365.305000	385.000000
365.310000	355.000000
365.315000	386.000000
365.320000	370.000000
365.325000	227.000000
365.330000	455.000000
365.335000	511.000000
365.340000	440.000000
365.345000	837.000000
365.350000	763.000000
365.355000	1358.000000
365.360000	2162.000000
365.365000	2420.000000
365.370000	3065.000000
365.375000	4211.000000
365.380000	5196.000000
365.385000	6216.000000
365.390000	7735.000000
365.395000	9282.000000
365.400000	14487.000000
365.405000	24134.000000
365.410000	45200.000000
365.415000	42217.000000
365.420000	17931.000000
365.425000	10224.000000
365.430000	5770.000000
365.435000	3233.000000
365.440000	2050.000000
365.445000	1509.000000
365.450000	966.000000
365.455000	809.000000
365.460000	586.000000
365.465000	681.000000
365.470000	499.000000
365.475000	511.000000
365.480000	476.000000
365.485000	478.000000
365.490000	411.000000
365.495000	477.000000
365.500000	470.000000
365.505000	406.000000
365.510000	502.000000
365.515000	560.000000
365.520000	376.000000
365.525000	319.000000
365.530000	406.000000
365.535000	265.000000
365.540000	364.000000
365.545000	389.000000
365.550000	351.000000
365.555000	233.000000
365.560000	284.000000
365.565000	211.000000
365.570000	335.000000
365.575000	352.000000
365.580000	309.000000
365.585000	395.000000
365.590000	461.000000
365.595000	283.000000
365.600000	244.000000
