Sample ID:		None
Start Time:		Wed Jun 24 2020 4:37:24 PM
Averaging Time:		1.000s

364.600000	56.000000
364.605000	100.000000
364.610000	76.000000
364.615000	78.000000
364.620000	95.000000
364.625000	56.000000
364.630000	80.000000
364.635000	91.000000
364.640000	117.000000
364.645000	84.000000
364.650000	108.000000
364.655000	143.000000
364.660000	83.000000
364.665000	67.000000
364.670000	139.000000
364.675000	60.000000
364.680000	65.000000
364.685000	159.000000
364.690000	93.000000
364.695000	147.000000
364.700000	194.000000
364.705000	224.000000
364.710000	312.000000
364.715000	212.000000
364.720000	207.000000
364.725000	234.000000
364.730000	347.000000
364.735000	194.000000
364.740000	404.000000
364.745000	220.000000
364.750000	260.000000
364.755000	371.000000
364.760000	349.000000
364.765000	282.000000
364.770000	375.000000
364.775000	427.000000
364.780000	462.000000
364.785000	334.000000
364.790000	440.000000
364.795000	404.000000
364.800000	336.000000
364.805000	454.000000
364.810000	424.000000
364.815000	327.000000
364.820000	379.000000
364.825000	486.000000
364.830000	496.000000
364.835000	461.000000
364.840000	624.000000
364.845000	580.000000
364.850000	554.000000
364.855000	671.000000
364.860000	766.000000
364.865000	1085.000000
364.870000	1683.000000
364.875000	2240.000000
364.880000	3613.000000
364.885000	6312.000000
364.890000	10556.000000
364.895000	14038.000000
364.900000	17944.000000
364.905000	23422.000000
364.910000	27071.000000
364.915000	31506.000000
364.920000	37530.000000
364.925000	54187.000000
364.930000	89488.000000
364.935000	199050.000000
364.940000	177920.000000
364.945000	83343.000000
364.950000	44969.000000
364.955000	24231.000000
364.960000	16305.000000
364.965000	11138.000000
364.970000	5916.000000
364.975000	4252.000000
364.980000	3377.000000
364.985000	2953.000000
364.990000	2319.000000
364.995000	2325.000000
365.000000	1859.000000
365.005000	1491.000000
365.010000	1443.000000
365.015000	1531.000000
365.020000	1200.000000
365.025000	1137.000000
365.030000	1102.000000
365.035000	1095.000000
365.040000	893.000000
365.045000	731.000000
365.050000	918.000000
365.055000	818.000000
365.060000	1062.000000
365.065000	861.000000
365.070000	597.000000
365.075000	754.000000
365.080000	586.000000
365.085000	673.000000
365.090000	608.000000
365.095000	657.000000
365.100000	509.000000
365.105000	355.000000
365.110000	505.000000
365.115000	496.000000
365.120000	501.000000
365.125000	415.000000
365.130000	311.000000
365.135000	510.000000
365.140000	344.000000
365.145000	422.000000
365.150000	286.000000
365.155000	411.000000
365.160000	433.000000
365.165000	357.000000
365.170000	300.000000
365.175000	521.000000
365.180000	371.000000
365.185000	328.000000
365.190000	347.000000
365.195000	441.000000
365.200000	307.000000
365.205000	386.000000
365.210000	488.000000
365.215000	380.000000
365.220000	425.000000
365.225000	365.000000
365.230000	318.000000
365.235000	274.000000
365.240000	333.000000
365.245000	328.000000
365.250000	376.000000
365.255000	287.000000
365.260000	368.000000
365.265000	362.000000
365.270000	296.000000
365.275000	341.000000
365.280000	312.000000
365.285000	364.000000
365.290000	368.000000
365.295000	445.000000
365.300000	330.000000
365.305000	339.000000
365.310000	377.000000
365.315000	302.000000
365.320000	375.000000
365.325000	424.000000
365.330000	498.000000
365.335000	765.000000
365.340000	815.000000
365.345000	1173.000000
365.350000	1915.000000
365.355000	2566.000000
365.360000	3462.000000
365.365000	4417.000000
365.370000	5100.000000
365.375000	6740.000000
365.380000	7120.000000
365.385000	8689.000000
365.390000	17051.000000
365.395000	23008.000000
365.400000	42005.000000
365.405000	39183.000000
365.410000	20338.000000
365.415000	10175.000000
365.420000	6072.000000
365.425000	3399.000000
365.430000	2433.000000
365.435000	1465.000000
365.440000	813.000000
365.445000	716.000000
365.450000	691.000000
365.455000	655.000000
365.460000	528.000000
365.465000	521.000000
365.470000	556.000000
365.475000	454.000000
365.480000	481.000000
365.485000	375.000000
365.490000	432.000000
365.495000	519.000000
365.500000	366.000000
365.505000	496.000000
365.510000	484.000000
365.515000	338.000000
365.520000	314.000000
365.525000	400.000000
365.530000	456.000000
365.535000	336.000000
365.540000	350.000000
365.545000	221.000000
365.550000	283.000000
365.555000	224.000000
365.560000	238.000000
365.565000	273.000000
365.570000	284.000000
365.575000	381.000000
365.580000	376.000000
365.585000	355.000000
365.590000	346.000000
365.595000	297.000000
365.600000	233.000000
