Sample ID:		None
Start Time:		Wed Jun 24 2020 2:36:32 PM
Averaging Time:		1.000s

364.600000	66.000000
364.605000	41.000000
364.610000	66.000000
364.615000	71.000000
364.620000	106.000000
364.625000	68.000000
364.630000	48.000000
364.635000	74.000000
364.640000	60.000000
364.645000	122.000000
364.650000	174.000000
364.655000	70.000000
364.660000	43.000000
364.665000	50.000000
364.670000	86.000000
364.675000	78.000000
364.680000	116.000000
364.685000	56.000000
364.690000	69.000000
364.695000	106.000000
364.700000	190.000000
364.705000	161.000000
364.710000	99.000000
364.715000	158.000000
364.720000	382.000000
364.725000	294.000000
364.730000	320.000000
364.735000	216.000000
364.740000	245.000000
364.745000	321.000000
364.750000	282.000000
364.755000	132.000000
364.760000	226.000000
364.765000	279.000000
364.770000	344.000000
364.775000	323.000000
364.780000	274.000000
364.785000	309.000000
364.790000	358.000000
364.795000	342.000000
364.800000	380.000000
364.805000	296.000000
364.810000	466.000000
364.815000	343.000000
364.820000	425.000000
364.825000	394.000000
364.830000	371.000000
364.835000	395.000000
364.840000	626.000000
364.845000	435.000000
364.850000	536.000000
364.855000	582.000000
364.860000	659.000000
364.865000	753.000000
364.870000	850.000000
364.875000	1035.000000
364.880000	1374.000000
364.885000	2188.000000
364.890000	4416.000000
364.895000	5962.000000
364.900000	8685.000000
364.905000	13090.000000
364.910000	18649.000000
364.915000	21203.000000
364.920000	25481.000000
364.925000	30944.000000
364.930000	39035.000000
364.935000	49028.000000
364.940000	77217.000000
364.945000	181201.000000
364.950000	218256.000000
364.955000	98034.000000
364.960000	44550.000000
364.965000	30176.000000
364.970000	18172.000000
364.975000	8549.000000
364.980000	6944.000000
364.985000	4984.000000
364.990000	3534.000000
364.995000	2774.000000
365.000000	2534.000000
365.005000	1988.000000
365.010000	1694.000000
365.015000	1790.000000
365.020000	1344.000000
365.025000	1311.000000
365.030000	1231.000000
365.035000	1185.000000
365.040000	1197.000000
365.045000	879.000000
365.050000	1091.000000
365.055000	1014.000000
365.060000	913.000000
365.065000	878.000000
365.070000	976.000000
365.075000	771.000000
365.080000	734.000000
365.085000	728.000000
365.090000	677.000000
365.095000	653.000000
365.100000	556.000000
365.105000	592.000000
365.110000	598.000000
365.115000	549.000000
365.120000	634.000000
365.125000	506.000000
365.130000	445.000000
365.135000	373.000000
365.140000	446.000000
365.145000	429.000000
365.150000	259.000000
365.155000	285.000000
365.160000	400.000000
365.165000	326.000000
365.170000	416.000000
365.175000	283.000000
365.180000	397.000000
365.185000	677.000000
365.190000	379.000000
365.195000	254.000000
365.200000	489.000000
365.205000	364.000000
365.210000	440.000000
365.215000	341.000000
365.220000	346.000000
365.225000	410.000000
365.230000	323.000000
365.235000	321.000000
365.240000	441.000000
365.245000	320.000000
365.250000	305.000000
365.255000	415.000000
365.260000	371.000000
365.265000	227.000000
365.270000	259.000000
365.275000	290.000000
365.280000	193.000000
365.285000	356.000000
365.290000	249.000000
365.295000	339.000000
365.300000	319.000000
365.305000	443.000000
365.310000	398.000000
365.315000	305.000000
365.320000	320.000000
365.325000	443.000000
365.330000	414.000000
365.335000	276.000000
365.340000	549.000000
365.345000	626.000000
365.350000	831.000000
365.355000	1163.000000
365.360000	2003.000000
365.365000	2724.000000
365.370000	3478.000000
365.375000	4835.000000
365.380000	5395.000000
365.385000	6807.000000
365.390000	7717.000000
365.395000	9882.000000
365.400000	12553.000000
365.405000	23088.000000
365.410000	41365.000000
365.415000	44288.000000
365.420000	24762.000000
365.425000	12152.000000
365.430000	7311.000000
365.435000	3936.000000
365.440000	2500.000000
365.445000	1500.000000
365.450000	926.000000
365.455000	857.000000
365.460000	811.000000
365.465000	731.000000
365.470000	449.000000
365.475000	474.000000
365.480000	442.000000
365.485000	469.000000
365.490000	439.000000
365.495000	511.000000
365.500000	404.000000
365.505000	376.000000
365.510000	435.000000
365.515000	438.000000
365.520000	330.000000
365.525000	391.000000
365.530000	326.000000
365.535000	323.000000
365.540000	342.000000
365.545000	345.000000
365.550000	335.000000
365.555000	344.000000
365.560000	261.000000
365.565000	291.000000
365.570000	227.000000
365.575000	309.000000
365.580000	324.000000
365.585000	231.000000
365.590000	253.000000
365.595000	329.000000
365.600000	307.000000
