Sample ID:		None
Start Time:		Wed Jun 24 2020 12:24:37 PM
Averaging Time:		1.000s

364.800000	128136.000000
364.805000	84469.000000
364.810000	31744.000000
364.815000	17037.000000
364.820000	11681.000000
364.825000	7805.000000
364.830000	4055.000000
364.835000	3336.000000
364.840000	2846.000000
364.845000	2328.000000
364.850000	2115.000000
364.855000	1733.000000
364.860000	1699.000000
364.865000	1661.000000
364.870000	1349.000000
364.875000	1334.000000
364.880000	1228.000000
364.885000	1247.000000
364.890000	976.000000
364.895000	878.000000
364.900000	905.000000
364.905000	835.000000
364.910000	869.000000
364.915000	762.000000
364.920000	648.000000
364.925000	790.000000
364.930000	733.000000
364.935000	668.000000
364.940000	593.000000
364.945000	588.000000
364.950000	433.000000
364.955000	621.000000
364.960000	679.000000
364.965000	521.000000
364.970000	560.000000
364.975000	385.000000
364.980000	471.000000
364.985000	350.000000
364.990000	435.000000
364.995000	475.000000
365.000000	300.000000
365.005000	535.000000
365.010000	351.000000
365.015000	357.000000
365.020000	417.000000
365.025000	345.000000
365.030000	414.000000
365.035000	390.000000
365.040000	445.000000
365.045000	296.000000
365.050000	418.000000
365.055000	342.000000
365.060000	447.000000
365.065000	342.000000
365.070000	449.000000
365.075000	314.000000
365.080000	334.000000
365.085000	240.000000
365.090000	286.000000
365.095000	262.000000
365.100000	251.000000
365.105000	283.000000
365.110000	271.000000
365.115000	305.000000
365.120000	249.000000
365.125000	384.000000
365.130000	316.000000
365.135000	324.000000
365.140000	278.000000
365.145000	282.000000
365.150000	308.000000
365.155000	352.000000
365.160000	362.000000
365.165000	406.000000
365.170000	346.000000
365.175000	269.000000
365.180000	342.000000
365.185000	505.000000
365.190000	636.000000
365.195000	769.000000
365.200000	1030.000000
