Sample ID:		None
Start Time:		Wed Jun 24 2020 12:19:36 PM
Averaging Time:		1.000s

364.800000	384.000000
364.805000	351.000000
364.810000	405.000000
364.815000	336.000000
364.820000	270.000000
364.825000	282.000000
364.830000	281.000000
364.835000	270.000000
364.840000	309.000000
364.845000	262.000000
364.850000	335.000000
364.855000	472.000000
364.860000	380.000000
364.865000	392.000000
364.870000	411.000000
364.875000	423.000000
364.880000	276.000000
364.885000	360.000000
364.890000	321.000000
364.895000	290.000000
364.900000	389.000000
364.905000	225.000000
364.910000	373.000000
364.915000	242.000000
364.920000	368.000000
364.925000	412.000000
364.930000	305.000000
364.935000	294.000000
364.940000	279.000000
364.945000	348.000000
364.950000	229.000000
364.955000	160.000000
364.960000	409.000000
364.965000	373.000000
364.970000	242.000000
364.975000	285.000000
364.980000	301.000000
364.985000	334.000000
364.990000	317.000000
364.995000	279.000000
365.000000	255.000000
365.005000	410.000000
365.010000	398.000000
365.015000	367.000000
365.020000	656.000000
365.025000	619.000000
365.030000	1158.000000
365.035000	1413.000000
365.040000	2051.000000
365.045000	3091.000000
365.050000	3699.000000
365.055000	4245.000000
365.060000	5014.000000
365.065000	5908.000000
365.070000	7567.000000
365.075000	11334.000000
365.080000	18130.000000
365.085000	39840.000000
365.090000	32591.000000
365.095000	18352.000000
365.100000	10505.000000
365.105000	4726.000000
365.110000	2701.000000
365.115000	1794.000000
365.120000	1240.000000
365.125000	697.000000
365.130000	542.000000
365.135000	495.000000
365.140000	547.000000
365.145000	507.000000
365.150000	538.000000
365.155000	477.000000
365.160000	492.000000
365.165000	396.000000
365.170000	384.000000
365.175000	371.000000
365.180000	404.000000
365.185000	430.000000
365.190000	396.000000
365.195000	546.000000
365.200000	339.000000
