Sample ID:		None
Start Time:		Wed Jun 24 2020 1:18:42 PM
Averaging Time:		1.000s

364.600000	79.000000
364.605000	84.000000
364.610000	63.000000
364.615000	76.000000
364.620000	39.000000
364.625000	33.000000
364.630000	47.000000
364.635000	109.000000
364.640000	107.000000
364.645000	99.000000
364.650000	56.000000
364.655000	86.000000
364.660000	74.000000
364.665000	62.000000
364.670000	83.000000
364.675000	73.000000
364.680000	110.000000
364.685000	154.000000
364.690000	55.000000
364.695000	37.000000
364.700000	81.000000
364.705000	123.000000
364.710000	163.000000
364.715000	199.000000
364.720000	246.000000
364.725000	371.000000
364.730000	344.000000
364.735000	217.000000
364.740000	208.000000
364.745000	255.000000
364.750000	338.000000
364.755000	276.000000
364.760000	324.000000
364.765000	344.000000
364.770000	451.000000
364.775000	376.000000
364.780000	423.000000
364.785000	290.000000
364.790000	383.000000
364.795000	395.000000
364.800000	410.000000
364.805000	376.000000
364.810000	458.000000
364.815000	316.000000
364.820000	301.000000
364.825000	399.000000
364.830000	300.000000
364.835000	449.000000
364.840000	397.000000
364.845000	614.000000
364.850000	441.000000
364.855000	455.000000
364.860000	636.000000
364.865000	601.000000
364.870000	696.000000
364.875000	1174.000000
364.880000	1468.000000
364.885000	1763.000000
364.890000	2696.000000
364.895000	5273.000000
364.900000	7705.000000
364.905000	11441.000000
364.910000	16099.000000
364.915000	19454.000000
364.920000	25153.000000
364.925000	28849.000000
364.930000	33855.000000
364.935000	44829.000000
364.940000	73795.000000
364.945000	166417.000000
364.950000	216351.000000
364.955000	94432.000000
364.960000	45586.000000
364.965000	29224.000000
364.970000	18268.000000
364.975000	11060.000000
364.980000	6900.000000
364.985000	4464.000000
364.990000	3267.000000
364.995000	2704.000000
365.000000	2240.000000
365.005000	2112.000000
365.010000	1774.000000
365.015000	1391.000000
365.020000	1552.000000
365.025000	1422.000000
365.030000	1374.000000
365.035000	1126.000000
365.040000	949.000000
365.045000	933.000000
365.050000	1056.000000
365.055000	845.000000
365.060000	754.000000
365.065000	894.000000
365.070000	829.000000
365.075000	654.000000
365.080000	643.000000
365.085000	666.000000
365.090000	667.000000
365.095000	712.000000
365.100000	520.000000
365.105000	680.000000
365.110000	501.000000
365.115000	416.000000
365.120000	435.000000
365.125000	554.000000
365.130000	375.000000
365.135000	517.000000
365.140000	428.000000
365.145000	311.000000
365.150000	370.000000
365.155000	377.000000
365.160000	382.000000
365.165000	336.000000
365.170000	325.000000
365.175000	463.000000
365.180000	396.000000
365.185000	448.000000
365.190000	371.000000
365.195000	379.000000
365.200000	341.000000
365.205000	326.000000
365.210000	400.000000
365.215000	403.000000
365.220000	375.000000
365.225000	255.000000
365.230000	427.000000
365.235000	419.000000
365.240000	349.000000
365.245000	235.000000
365.250000	411.000000
365.255000	309.000000
365.260000	372.000000
365.265000	266.000000
365.270000	348.000000
365.275000	284.000000
365.280000	272.000000
365.285000	249.000000
365.290000	413.000000
365.295000	293.000000
365.300000	257.000000
365.305000	347.000000
365.310000	409.000000
365.315000	318.000000
365.320000	279.000000
365.325000	336.000000
365.330000	394.000000
365.335000	272.000000
365.340000	410.000000
365.345000	438.000000
365.350000	807.000000
365.355000	1125.000000
365.360000	1853.000000
365.365000	2509.000000
365.370000	3134.000000
365.375000	4369.000000
365.380000	5073.000000
365.385000	5654.000000
365.390000	6197.000000
365.395000	8451.000000
365.400000	12234.000000
365.405000	18882.000000
365.410000	37977.000000
365.415000	45467.000000
365.420000	23486.000000
365.425000	11434.000000
365.430000	6672.000000
365.435000	4022.000000
365.440000	1894.000000
365.445000	1347.000000
365.450000	1098.000000
365.455000	707.000000
365.460000	644.000000
365.465000	616.000000
365.470000	627.000000
365.475000	403.000000
365.480000	482.000000
365.485000	461.000000
365.490000	446.000000
365.495000	346.000000
365.500000	324.000000
365.505000	403.000000
365.510000	281.000000
365.515000	386.000000
365.520000	375.000000
365.525000	341.000000
365.530000	319.000000
365.535000	341.000000
365.540000	318.000000
365.545000	308.000000
365.550000	327.000000
365.555000	299.000000
365.560000	341.000000
365.565000	246.000000
365.570000	252.000000
365.575000	304.000000
365.580000	219.000000
365.585000	291.000000
365.590000	406.000000
365.595000	291.000000
365.600000	283.000000
