Sample ID:		None
Start Time:		Wed Jun 24 2020 2:25:24 PM
Averaging Time:		1.000s

364.600000	111.000000
364.605000	85.000000
364.610000	84.000000
364.615000	75.000000
364.620000	55.000000
364.625000	68.000000
364.630000	99.000000
364.635000	127.000000
364.640000	99.000000
364.645000	64.000000
364.650000	117.000000
364.655000	107.000000
364.660000	76.000000
364.665000	109.000000
364.670000	73.000000
364.675000	41.000000
364.680000	96.000000
364.685000	77.000000
364.690000	78.000000
364.695000	84.000000
364.700000	175.000000
364.705000	104.000000
364.710000	131.000000
364.715000	208.000000
364.720000	292.000000
364.725000	224.000000
364.730000	223.000000
364.735000	194.000000
364.740000	246.000000
364.745000	326.000000
364.750000	255.000000
364.755000	232.000000
364.760000	213.000000
364.765000	302.000000
364.770000	359.000000
364.775000	333.000000
364.780000	281.000000
364.785000	293.000000
364.790000	365.000000
364.795000	330.000000
364.800000	355.000000
364.805000	366.000000
364.810000	322.000000
364.815000	482.000000
364.820000	438.000000
364.825000	425.000000
364.830000	445.000000
364.835000	483.000000
364.840000	390.000000
364.845000	498.000000
364.850000	504.000000
364.855000	612.000000
364.860000	563.000000
364.865000	807.000000
364.870000	750.000000
364.875000	1127.000000
364.880000	1353.000000
364.885000	1791.000000
364.890000	3043.000000
364.895000	5270.000000
364.900000	8335.000000
364.905000	12610.000000
364.910000	17580.000000
364.915000	21359.000000
364.920000	26240.000000
364.925000	31452.000000
364.930000	39466.000000
364.935000	48325.000000
364.940000	72801.000000
364.945000	167394.000000
364.950000	226670.000000
364.955000	117264.000000
364.960000	49417.000000
364.965000	30442.000000
364.970000	20051.000000
364.975000	11285.000000
364.980000	7760.000000
364.985000	5188.000000
364.990000	3541.000000
364.995000	2556.000000
365.000000	2519.000000
365.005000	2045.000000
365.010000	1952.000000
365.015000	1844.000000
365.020000	1519.000000
365.025000	1379.000000
365.030000	1479.000000
365.035000	1301.000000
365.040000	1174.000000
365.045000	1165.000000
365.050000	1089.000000
365.055000	911.000000
365.060000	1004.000000
365.065000	775.000000
365.070000	716.000000
365.075000	788.000000
365.080000	789.000000
365.085000	725.000000
365.090000	670.000000
365.095000	524.000000
365.100000	696.000000
365.105000	529.000000
365.110000	493.000000
365.115000	464.000000
365.120000	501.000000
365.125000	495.000000
365.130000	487.000000
365.135000	491.000000
365.140000	400.000000
365.145000	354.000000
365.150000	326.000000
365.155000	428.000000
365.160000	337.000000
365.165000	403.000000
365.170000	417.000000
365.175000	434.000000
365.180000	511.000000
365.185000	503.000000
365.190000	387.000000
365.195000	433.000000
365.200000	369.000000
365.205000	310.000000
365.210000	393.000000
365.215000	375.000000
365.220000	382.000000
365.225000	360.000000
365.230000	383.000000
365.235000	298.000000
365.240000	337.000000
365.245000	381.000000
365.250000	369.000000
365.255000	438.000000
365.260000	354.000000
365.265000	395.000000
365.270000	338.000000
365.275000	258.000000
365.280000	326.000000
365.285000	359.000000
365.290000	404.000000
365.295000	365.000000
365.300000	354.000000
365.305000	403.000000
365.310000	346.000000
365.315000	356.000000
365.320000	305.000000
365.325000	465.000000
365.330000	430.000000
365.335000	317.000000
365.340000	436.000000
365.345000	575.000000
365.350000	849.000000
365.355000	963.000000
365.360000	1638.000000
365.365000	2340.000000
365.370000	3198.000000
365.375000	4567.000000
365.380000	5312.000000
365.385000	5995.000000
365.390000	7907.000000
365.395000	9250.000000
365.400000	12906.000000
365.405000	22325.000000
365.410000	40423.000000
365.415000	46518.000000
365.420000	25684.000000
365.425000	11437.000000
365.430000	6183.000000
365.435000	3885.000000
365.440000	2226.000000
365.445000	1413.000000
365.450000	1121.000000
365.455000	913.000000
365.460000	682.000000
365.465000	739.000000
365.470000	508.000000
365.475000	458.000000
365.480000	474.000000
365.485000	522.000000
365.490000	536.000000
365.495000	464.000000
365.500000	373.000000
365.505000	395.000000
365.510000	415.000000
365.515000	414.000000
365.520000	389.000000
365.525000	462.000000
365.530000	320.000000
365.535000	306.000000
365.540000	441.000000
365.545000	343.000000
365.550000	272.000000
365.555000	349.000000
365.560000	290.000000
365.565000	304.000000
365.570000	357.000000
365.575000	267.000000
365.580000	260.000000
365.585000	296.000000
365.590000	422.000000
365.595000	382.000000
365.600000	318.000000
