Sample ID:		None
Start Time:		Wed Jun 24 2020 3:32:05 PM
Averaging Time:		1.000s

364.600000	91.000000
364.605000	46.000000
364.610000	85.000000
364.615000	84.000000
364.620000	102.000000
364.625000	103.000000
364.630000	107.000000
364.635000	78.000000
364.640000	94.000000
364.645000	114.000000
364.650000	46.000000
364.655000	78.000000
364.660000	78.000000
364.665000	79.000000
364.670000	95.000000
364.675000	79.000000
364.680000	105.000000
364.685000	111.000000
364.690000	147.000000
364.695000	125.000000
364.700000	171.000000
364.705000	172.000000
364.710000	193.000000
364.715000	325.000000
364.720000	191.000000
364.725000	342.000000
364.730000	150.000000
364.735000	189.000000
364.740000	184.000000
364.745000	243.000000
364.750000	190.000000
364.755000	385.000000
364.760000	256.000000
364.765000	268.000000
364.770000	327.000000
364.775000	264.000000
364.780000	270.000000
364.785000	219.000000
364.790000	346.000000
364.795000	389.000000
364.800000	370.000000
364.805000	419.000000
364.810000	316.000000
364.815000	365.000000
364.820000	470.000000
364.825000	391.000000
364.830000	394.000000
364.835000	448.000000
364.840000	553.000000
364.845000	550.000000
364.850000	637.000000
364.855000	587.000000
364.860000	664.000000
364.865000	823.000000
364.870000	1134.000000
364.875000	1499.000000
364.880000	2132.000000
364.885000	3516.000000
364.890000	7626.000000
364.895000	9850.000000
364.900000	14146.000000
364.905000	17997.000000
364.910000	22581.000000
364.915000	26760.000000
364.920000	30044.000000
364.925000	38134.000000
364.930000	50145.000000
364.935000	81296.000000
364.940000	197124.000000
364.945000	200948.000000
364.950000	95498.000000
364.955000	45242.000000
364.960000	27054.000000
364.965000	18147.000000
364.970000	10824.000000
364.975000	5476.000000
364.980000	4491.000000
364.985000	3278.000000
364.990000	2994.000000
364.995000	2328.000000
365.000000	1946.000000
365.005000	1791.000000
365.010000	1720.000000
365.015000	1695.000000
365.020000	1520.000000
365.025000	1139.000000
365.030000	1381.000000
365.035000	966.000000
365.040000	974.000000
365.045000	960.000000
365.050000	969.000000
365.055000	805.000000
365.060000	878.000000
365.065000	886.000000
365.070000	687.000000
365.075000	609.000000
365.080000	565.000000
365.085000	572.000000
365.090000	666.000000
365.095000	560.000000
365.100000	774.000000
365.105000	581.000000
365.110000	497.000000
365.115000	371.000000
365.120000	352.000000
365.125000	491.000000
365.130000	347.000000
365.135000	516.000000
365.140000	496.000000
365.145000	518.000000
365.150000	379.000000
365.155000	493.000000
365.160000	340.000000
365.165000	429.000000
365.170000	419.000000
365.175000	446.000000
365.180000	414.000000
365.185000	360.000000
365.190000	389.000000
365.195000	291.000000
365.200000	355.000000
365.205000	379.000000
365.210000	318.000000
365.215000	317.000000
365.220000	354.000000
365.225000	362.000000
365.230000	403.000000
365.235000	464.000000
365.240000	366.000000
365.245000	295.000000
365.250000	331.000000
365.255000	345.000000
365.260000	348.000000
365.265000	273.000000
365.270000	321.000000
365.275000	328.000000
365.280000	383.000000
365.285000	334.000000
365.290000	398.000000
365.295000	401.000000
365.300000	257.000000
365.305000	332.000000
365.310000	348.000000
365.315000	326.000000
365.320000	356.000000
365.325000	491.000000
365.330000	476.000000
365.335000	690.000000
365.340000	549.000000
365.345000	1095.000000
365.350000	1270.000000
365.355000	1925.000000
365.360000	2815.000000
365.365000	3874.000000
365.370000	4538.000000
365.375000	5736.000000
365.380000	6112.000000
365.385000	7067.000000
365.390000	9817.000000
365.395000	14653.000000
365.400000	20233.000000
365.405000	44523.000000
365.410000	42348.000000
365.415000	24262.000000
365.420000	12213.000000
365.425000	6252.000000
365.430000	3660.000000
365.435000	2110.000000
365.440000	1522.000000
365.445000	980.000000
365.450000	941.000000
365.455000	595.000000
365.460000	564.000000
365.465000	429.000000
365.470000	571.000000
365.475000	395.000000
365.480000	494.000000
365.485000	523.000000
365.490000	423.000000
365.495000	406.000000
365.500000	415.000000
365.505000	343.000000
365.510000	437.000000
365.515000	428.000000
365.520000	384.000000
365.525000	359.000000
365.530000	363.000000
365.535000	436.000000
365.540000	427.000000
365.545000	277.000000
365.550000	268.000000
365.555000	300.000000
365.560000	352.000000
365.565000	348.000000
365.570000	281.000000
365.575000	256.000000
365.580000	245.000000
365.585000	319.000000
365.590000	295.000000
365.595000	313.000000
365.600000	215.000000
