Sample ID:		None
Start Time:		Wed Jun 24 2020 9:03:54 PM
Averaging Time:		1.000s

364.600000	44.000000
364.605000	22.000000
364.610000	76.000000
364.615000	44.000000
364.620000	29.000000
364.625000	15.000000
364.630000	32.000000
364.635000	36.000000
364.640000	27.000000
364.645000	74.000000
364.650000	43.000000
364.655000	158.000000
364.660000	31.000000
364.665000	35.000000
364.670000	154.000000
364.675000	105.000000
364.680000	93.000000
364.685000	74.000000
364.690000	126.000000
364.695000	165.000000
364.700000	81.000000
364.705000	154.000000
364.710000	168.000000
364.715000	180.000000
364.720000	323.000000
364.725000	92.000000
364.730000	267.000000
364.735000	268.000000
364.740000	166.000000
364.745000	204.000000
364.750000	229.000000
364.755000	205.000000
364.760000	198.000000
364.765000	269.000000
364.770000	293.000000
364.775000	211.000000
364.780000	269.000000
364.785000	255.000000
364.790000	281.000000
364.795000	401.000000
364.800000	385.000000
364.805000	364.000000
364.810000	324.000000
364.815000	446.000000
364.820000	307.000000
364.825000	412.000000
364.830000	378.000000
364.835000	538.000000
364.840000	451.000000
364.845000	592.000000
364.850000	669.000000
364.855000	706.000000
364.860000	978.000000
364.865000	1120.000000
364.870000	1772.000000
364.875000	2895.000000
364.880000	4656.000000
364.885000	7768.000000
364.890000	11808.000000
364.895000	15506.000000
364.900000	18807.000000
364.905000	23929.000000
364.910000	28423.000000
364.915000	33541.000000
364.920000	42007.000000
364.925000	66503.000000
364.930000	123237.000000
364.935000	223990.000000
364.940000	138209.000000
364.945000	58028.000000
364.950000	35101.000000
364.955000	19734.000000
364.960000	13363.000000
364.965000	8637.000000
364.970000	5554.000000
364.975000	3724.000000
364.980000	3083.000000
364.985000	2525.000000
364.990000	2020.000000
364.995000	1958.000000
365.000000	1999.000000
365.005000	1716.000000
365.010000	1501.000000
365.015000	1317.000000
365.020000	1082.000000
365.025000	1056.000000
365.030000	972.000000
365.035000	905.000000
365.040000	820.000000
365.045000	883.000000
365.050000	813.000000
365.055000	894.000000
365.060000	621.000000
365.065000	716.000000
365.070000	814.000000
365.075000	622.000000
365.080000	564.000000
365.085000	423.000000
365.090000	606.000000
365.095000	499.000000
365.100000	506.000000
365.105000	374.000000
365.110000	418.000000
365.115000	419.000000
365.120000	551.000000
365.125000	317.000000
365.130000	349.000000
365.135000	302.000000
365.140000	241.000000
365.145000	368.000000
365.150000	315.000000
365.155000	358.000000
365.160000	404.000000
365.165000	267.000000
365.170000	455.000000
365.175000	295.000000
365.180000	291.000000
365.185000	370.000000
365.190000	346.000000
365.195000	461.000000
365.200000	334.000000
365.205000	318.000000
365.210000	288.000000
365.215000	293.000000
365.220000	273.000000
365.225000	234.000000
365.230000	272.000000
365.235000	302.000000
365.240000	248.000000
365.245000	287.000000
365.250000	253.000000
365.255000	285.000000
365.260000	316.000000
365.265000	266.000000
365.270000	225.000000
365.275000	328.000000
365.280000	281.000000
365.285000	449.000000
365.290000	513.000000
365.295000	289.000000
365.300000	371.000000
365.305000	262.000000
365.310000	322.000000
365.315000	360.000000
365.320000	346.000000
365.325000	345.000000
365.330000	677.000000
365.335000	614.000000
365.340000	1080.000000
365.345000	1749.000000
365.350000	2374.000000
365.355000	3564.000000
365.360000	4216.000000
365.365000	5318.000000
365.370000	6136.000000
365.375000	6871.000000
365.380000	8403.000000
365.385000	10807.000000
365.390000	18357.000000
365.395000	34815.000000
365.400000	50218.000000
365.405000	28772.000000
365.410000	15072.000000
365.415000	7575.000000
365.420000	4292.000000
365.425000	2780.000000
365.430000	1706.000000
365.435000	1143.000000
365.440000	721.000000
365.445000	625.000000
365.450000	709.000000
365.455000	590.000000
365.460000	534.000000
365.465000	483.000000
365.470000	434.000000
365.475000	409.000000
365.480000	641.000000
365.485000	477.000000
365.490000	356.000000
365.495000	387.000000
365.500000	457.000000
365.505000	407.000000
365.510000	358.000000
365.515000	371.000000
365.520000	352.000000
365.525000	317.000000
365.530000	289.000000
365.535000	321.000000
365.540000	303.000000
365.545000	310.000000
365.550000	159.000000
365.555000	340.000000
365.560000	219.000000
365.565000	250.000000
365.570000	244.000000
365.575000	264.000000
365.580000	272.000000
365.585000	255.000000
365.590000	392.000000
365.595000	253.000000
365.600000	153.000000
