Sample ID:		None
Start Time:		Wed Jun 24 2020 8:13:55 PM
Averaging Time:		1.000s

364.600000	49.000000
364.605000	88.000000
364.610000	30.000000
364.615000	44.000000
364.620000	49.000000
364.625000	57.000000
364.630000	21.000000
364.635000	78.000000
364.640000	77.000000
364.645000	33.000000
364.650000	48.000000
364.655000	28.000000
364.660000	26.000000
364.665000	88.000000
364.670000	61.000000
364.675000	93.000000
364.680000	33.000000
364.685000	76.000000
364.690000	54.000000
364.695000	105.000000
364.700000	162.000000
364.705000	200.000000
364.710000	251.000000
364.715000	214.000000
364.720000	260.000000
364.725000	210.000000
364.730000	254.000000
364.735000	387.000000
364.740000	247.000000
364.745000	215.000000
364.750000	215.000000
364.755000	269.000000
364.760000	207.000000
364.765000	366.000000
364.770000	212.000000
364.775000	321.000000
364.780000	264.000000
364.785000	293.000000
364.790000	329.000000
364.795000	385.000000
364.800000	311.000000
364.805000	426.000000
364.810000	372.000000
364.815000	410.000000
364.820000	362.000000
364.825000	369.000000
364.830000	396.000000
364.835000	485.000000
364.840000	507.000000
364.845000	613.000000
364.850000	674.000000
364.855000	667.000000
364.860000	903.000000
364.865000	1052.000000
364.870000	1623.000000
364.875000	2743.000000
364.880000	4159.000000
364.885000	7154.000000
364.890000	12028.000000
364.895000	15297.000000
364.900000	19212.000000
364.905000	23139.000000
364.910000	28416.000000
364.915000	32076.000000
364.920000	40548.000000
364.925000	60164.000000
364.930000	131524.000000
364.935000	223843.000000
364.940000	147732.000000
364.945000	61938.000000
364.950000	36627.000000
364.955000	21787.000000
364.960000	13814.000000
364.965000	8839.000000
364.970000	5423.000000
364.975000	3884.000000
364.980000	2879.000000
364.985000	2496.000000
364.990000	2023.000000
364.995000	1919.000000
365.000000	2008.000000
365.005000	1625.000000
365.010000	1489.000000
365.015000	1288.000000
365.020000	1316.000000
365.025000	1127.000000
365.030000	788.000000
365.035000	1057.000000
365.040000	955.000000
365.045000	786.000000
365.050000	989.000000
365.055000	922.000000
365.060000	801.000000
365.065000	700.000000
365.070000	749.000000
365.075000	642.000000
365.080000	629.000000
365.085000	509.000000
365.090000	549.000000
365.095000	516.000000
365.100000	542.000000
365.105000	395.000000
365.110000	516.000000
365.115000	487.000000
365.120000	453.000000
365.125000	506.000000
365.130000	445.000000
365.135000	351.000000
365.140000	335.000000
365.145000	365.000000
365.150000	322.000000
365.155000	428.000000
365.160000	243.000000
365.165000	369.000000
365.170000	397.000000
365.175000	343.000000
365.180000	385.000000
365.185000	355.000000
365.190000	550.000000
365.195000	361.000000
365.200000	382.000000
365.205000	302.000000
365.210000	411.000000
365.215000	291.000000
365.220000	374.000000
365.225000	345.000000
365.230000	337.000000
365.235000	281.000000
365.240000	254.000000
365.245000	305.000000
365.250000	452.000000
365.255000	293.000000
365.260000	244.000000
365.265000	304.000000
365.270000	298.000000
365.275000	335.000000
365.280000	347.000000
365.285000	228.000000
365.290000	345.000000
365.295000	326.000000
365.300000	280.000000
365.305000	346.000000
365.310000	353.000000
365.315000	341.000000
365.320000	396.000000
365.325000	502.000000
365.330000	504.000000
365.335000	774.000000
365.340000	1123.000000
365.345000	1797.000000
365.350000	2225.000000
365.355000	3110.000000
365.360000	4175.000000
365.365000	4788.000000
365.370000	5483.000000
365.375000	7032.000000
365.380000	8909.000000
365.385000	10255.000000
365.390000	18336.000000
365.395000	34446.000000
365.400000	48638.000000
365.405000	25909.000000
365.410000	13642.000000
365.415000	7500.000000
365.420000	4518.000000
365.425000	2590.000000
365.430000	1715.000000
365.435000	1107.000000
365.440000	790.000000
365.445000	530.000000
365.450000	429.000000
365.455000	556.000000
365.460000	509.000000
365.465000	508.000000
365.470000	486.000000
365.475000	421.000000
365.480000	405.000000
365.485000	424.000000
365.490000	428.000000
365.495000	440.000000
365.500000	312.000000
365.505000	420.000000
365.510000	323.000000
365.515000	383.000000
365.520000	278.000000
365.525000	286.000000
365.530000	345.000000
365.535000	379.000000
365.540000	269.000000
365.545000	251.000000
365.550000	314.000000
365.555000	290.000000
365.560000	263.000000
365.565000	206.000000
365.570000	192.000000
365.575000	277.000000
365.580000	282.000000
365.585000	325.000000
365.590000	202.000000
365.595000	232.000000
365.600000	180.000000
