Sample ID:		None
Start Time:		Wed Jun 24 2020 7:57:15 PM
Averaging Time:		1.000s

364.600000	40.000000
364.605000	40.000000
364.610000	45.000000
364.615000	32.000000
364.620000	64.000000
364.625000	44.000000
364.630000	46.000000
364.635000	41.000000
364.640000	46.000000
364.645000	46.000000
364.650000	42.000000
364.655000	54.000000
364.660000	59.000000
364.665000	47.000000
364.670000	161.000000
364.675000	54.000000
364.680000	55.000000
364.685000	83.000000
364.690000	96.000000
364.695000	152.000000
364.700000	193.000000
364.705000	211.000000
364.710000	179.000000
364.715000	189.000000
364.720000	250.000000
364.725000	217.000000
364.730000	130.000000
364.735000	211.000000
364.740000	191.000000
364.745000	252.000000
364.750000	267.000000
364.755000	206.000000
364.760000	237.000000
364.765000	289.000000
364.770000	199.000000
364.775000	204.000000
364.780000	371.000000
364.785000	324.000000
364.790000	282.000000
364.795000	296.000000
364.800000	252.000000
364.805000	252.000000
364.810000	450.000000
364.815000	410.000000
364.820000	333.000000
364.825000	382.000000
364.830000	457.000000
364.835000	379.000000
364.840000	502.000000
364.845000	609.000000
364.850000	638.000000
364.855000	816.000000
364.860000	1055.000000
364.865000	1274.000000
364.870000	1865.000000
364.875000	2947.000000
364.880000	4922.000000
364.885000	7836.000000
364.890000	12273.000000
364.895000	15646.000000
364.900000	19044.000000
364.905000	24073.000000
364.910000	29110.000000
364.915000	34123.000000
364.920000	42359.000000
364.925000	68159.000000
364.930000	148490.000000
364.935000	225912.000000
364.940000	113743.000000
364.945000	55581.000000
364.950000	33787.000000
364.955000	17373.000000
364.960000	13220.000000
364.965000	8106.000000
364.970000	5276.000000
364.975000	3371.000000
364.980000	2720.000000
364.985000	2596.000000
364.990000	2342.000000
364.995000	1903.000000
365.000000	1459.000000
365.005000	1554.000000
365.010000	1415.000000
365.015000	1363.000000
365.020000	1221.000000
365.025000	1058.000000
365.030000	990.000000
365.035000	1063.000000
365.040000	814.000000
365.045000	882.000000
365.050000	1094.000000
365.055000	855.000000
365.060000	693.000000
365.065000	557.000000
365.070000	730.000000
365.075000	625.000000
365.080000	589.000000
365.085000	591.000000
365.090000	496.000000
365.095000	538.000000
365.100000	609.000000
365.105000	409.000000
365.110000	452.000000
365.115000	337.000000
365.120000	421.000000
365.125000	460.000000
365.130000	388.000000
365.135000	338.000000
365.140000	427.000000
365.145000	278.000000
365.150000	551.000000
365.155000	308.000000
365.160000	225.000000
365.165000	419.000000
365.170000	353.000000
365.175000	408.000000
365.180000	399.000000
365.185000	319.000000
365.190000	341.000000
365.195000	282.000000
365.200000	320.000000
365.205000	292.000000
365.210000	299.000000
365.215000	379.000000
365.220000	332.000000
365.225000	229.000000
365.230000	357.000000
365.235000	348.000000
365.240000	334.000000
365.245000	321.000000
365.250000	239.000000
365.255000	422.000000
365.260000	296.000000
365.265000	280.000000
365.270000	225.000000
365.275000	308.000000
365.280000	361.000000
365.285000	372.000000
365.290000	287.000000
365.295000	364.000000
365.300000	310.000000
365.305000	301.000000
365.310000	356.000000
365.315000	419.000000
365.320000	423.000000
365.325000	433.000000
365.330000	597.000000
365.335000	789.000000
365.340000	1096.000000
365.345000	1892.000000
365.350000	2598.000000
365.355000	3055.000000
365.360000	3978.000000
365.365000	5055.000000
365.370000	5942.000000
365.375000	6823.000000
365.380000	8691.000000
365.385000	12676.000000
365.390000	20884.000000
365.395000	37940.000000
365.400000	46964.000000
365.405000	24716.000000
365.410000	12695.000000
365.415000	6737.000000
365.420000	4204.000000
365.425000	2487.000000
365.430000	1623.000000
365.435000	1082.000000
365.440000	708.000000
365.445000	636.000000
365.450000	408.000000
365.455000	389.000000
365.460000	581.000000
365.465000	381.000000
365.470000	441.000000
365.475000	422.000000
365.480000	377.000000
365.485000	337.000000
365.490000	375.000000
365.495000	314.000000
365.500000	464.000000
365.505000	336.000000
365.510000	319.000000
365.515000	331.000000
365.520000	420.000000
365.525000	357.000000
365.530000	320.000000
365.535000	285.000000
365.540000	248.000000
365.545000	346.000000
365.550000	211.000000
365.555000	351.000000
365.560000	264.000000
365.565000	225.000000
365.570000	184.000000
365.575000	341.000000
365.580000	341.000000
365.585000	208.000000
365.590000	237.000000
365.595000	202.000000
365.600000	307.000000
