Sample ID:		None
Start Time:		Wed Jun 24 2020 4:26:18 PM
Averaging Time:		1.000s

364.600000	57.000000
364.605000	55.000000
364.610000	92.000000
364.615000	67.000000
364.620000	36.000000
364.625000	93.000000
364.630000	113.000000
364.635000	43.000000
364.640000	86.000000
364.645000	66.000000
364.650000	58.000000
364.655000	56.000000
364.660000	25.000000
364.665000	75.000000
364.670000	114.000000
364.675000	67.000000
364.680000	92.000000
364.685000	93.000000
364.690000	97.000000
364.695000	180.000000
364.700000	148.000000
364.705000	140.000000
364.710000	267.000000
364.715000	303.000000
364.720000	321.000000
364.725000	238.000000
364.730000	283.000000
364.735000	283.000000
364.740000	256.000000
364.745000	295.000000
364.750000	278.000000
364.755000	359.000000
364.760000	302.000000
364.765000	363.000000
364.770000	262.000000
364.775000	360.000000
364.780000	289.000000
364.785000	359.000000
364.790000	266.000000
364.795000	442.000000
364.800000	419.000000
364.805000	500.000000
364.810000	424.000000
364.815000	346.000000
364.820000	329.000000
364.825000	409.000000
364.830000	348.000000
364.835000	394.000000
364.840000	543.000000
364.845000	533.000000
364.850000	699.000000
364.855000	844.000000
364.860000	710.000000
364.865000	931.000000
364.870000	993.000000
364.875000	1289.000000
364.880000	2243.000000
364.885000	3818.000000
364.890000	6835.000000
364.895000	11148.000000
364.900000	13746.000000
364.905000	17493.000000
364.910000	22976.000000
364.915000	27701.000000
364.920000	29752.000000
364.925000	39113.000000
364.930000	54037.000000
364.935000	92496.000000
364.940000	209651.000000
364.945000	181620.000000
364.950000	83282.000000
364.955000	36292.000000
364.960000	25278.000000
364.965000	17102.000000
364.970000	8644.000000
364.975000	6088.000000
364.980000	4256.000000
364.985000	3137.000000
364.990000	2644.000000
364.995000	2084.000000
365.000000	2041.000000
365.005000	1958.000000
365.010000	1714.000000
365.015000	1397.000000
365.020000	1344.000000
365.025000	1112.000000
365.030000	1250.000000
365.035000	1438.000000
365.040000	845.000000
365.045000	856.000000
365.050000	701.000000
365.055000	850.000000
365.060000	809.000000
365.065000	827.000000
365.070000	925.000000
365.075000	641.000000
365.080000	598.000000
365.085000	671.000000
365.090000	437.000000
365.095000	764.000000
365.100000	590.000000
365.105000	654.000000
365.110000	481.000000
365.115000	660.000000
365.120000	520.000000
365.125000	494.000000
365.130000	380.000000
365.135000	302.000000
365.140000	611.000000
365.145000	367.000000
365.150000	286.000000
365.155000	468.000000
365.160000	361.000000
365.165000	349.000000
365.170000	417.000000
365.175000	383.000000
365.180000	516.000000
365.185000	389.000000
365.190000	432.000000
365.195000	451.000000
365.200000	304.000000
365.205000	332.000000
365.210000	391.000000
365.215000	430.000000
365.220000	297.000000
365.225000	285.000000
365.230000	348.000000
365.235000	325.000000
365.240000	358.000000
365.245000	453.000000
365.250000	378.000000
365.255000	394.000000
365.260000	276.000000
365.265000	312.000000
365.270000	238.000000
365.275000	333.000000
365.280000	393.000000
365.285000	373.000000
365.290000	250.000000
365.295000	335.000000
365.300000	314.000000
365.305000	422.000000
365.310000	434.000000
365.315000	386.000000
365.320000	380.000000
365.325000	272.000000
365.330000	422.000000
365.335000	541.000000
365.340000	586.000000
365.345000	800.000000
365.350000	1330.000000
365.355000	1793.000000
365.360000	2592.000000
365.365000	3514.000000
365.370000	4330.000000
365.375000	5533.000000
365.380000	6393.000000
365.385000	6832.000000
365.390000	9640.000000
365.395000	13625.000000
365.400000	20143.000000
365.405000	40275.000000
365.410000	43340.000000
365.415000	21627.000000
365.420000	10574.000000
365.425000	5669.000000
365.430000	4156.000000
365.435000	2285.000000
365.440000	1069.000000
365.445000	1039.000000
365.450000	644.000000
365.455000	597.000000
365.460000	537.000000
365.465000	490.000000
365.470000	529.000000
365.475000	527.000000
365.480000	440.000000
365.485000	516.000000
365.490000	444.000000
365.495000	486.000000
365.500000	327.000000
365.505000	364.000000
365.510000	399.000000
365.515000	505.000000
365.520000	381.000000
365.525000	234.000000
365.530000	395.000000
365.535000	438.000000
365.540000	364.000000
365.545000	311.000000
365.550000	325.000000
365.555000	318.000000
365.560000	387.000000
365.565000	294.000000
365.570000	228.000000
365.575000	404.000000
365.580000	299.000000
365.585000	269.000000
365.590000	321.000000
365.595000	275.000000
365.600000	306.000000
