Sample ID:		None
Start Time:		Wed Jun 24 2020 8:36:08 PM
Averaging Time:		1.000s

364.600000	25.000000
364.605000	43.000000
364.610000	53.000000
364.615000	22.000000
364.620000	54.000000
364.625000	53.000000
364.630000	49.000000
364.635000	50.000000
364.640000	47.000000
364.645000	23.000000
364.650000	27.000000
364.655000	21.000000
364.660000	39.000000
364.665000	34.000000
364.670000	63.000000
364.675000	35.000000
364.680000	119.000000
364.685000	29.000000
364.690000	91.000000
364.695000	133.000000
364.700000	134.000000
364.705000	188.000000
364.710000	280.000000
364.715000	200.000000
364.720000	265.000000
364.725000	322.000000
364.730000	265.000000
364.735000	214.000000
364.740000	259.000000
364.745000	210.000000
364.750000	306.000000
364.755000	247.000000
364.760000	190.000000
364.765000	249.000000
364.770000	261.000000
364.775000	252.000000
364.780000	411.000000
364.785000	270.000000
364.790000	248.000000
364.795000	325.000000
364.800000	267.000000
364.805000	371.000000
364.810000	293.000000
364.815000	435.000000
364.820000	463.000000
364.825000	444.000000
364.830000	556.000000
364.835000	459.000000
364.840000	552.000000
364.845000	536.000000
364.850000	739.000000
364.855000	743.000000
364.860000	956.000000
364.865000	1250.000000
364.870000	2127.000000
364.875000	3596.000000
364.880000	5146.000000
364.885000	8018.000000
364.890000	12116.000000
364.895000	16034.000000
364.900000	21166.000000
364.905000	25587.000000
364.910000	28908.000000
364.915000	34984.000000
364.920000	45137.000000
364.925000	70751.000000
364.930000	152446.000000
364.935000	218264.000000
364.940000	95928.000000
364.945000	53997.000000
364.950000	31286.000000
364.955000	17071.000000
364.960000	11756.000000
364.965000	8004.000000
364.970000	4506.000000
364.975000	3381.000000
364.980000	3117.000000
364.985000	2518.000000
364.990000	1957.000000
364.995000	1723.000000
365.000000	1635.000000
365.005000	1527.000000
365.010000	1472.000000
365.015000	1275.000000
365.020000	1143.000000
365.025000	1163.000000
365.030000	893.000000
365.035000	932.000000
365.040000	852.000000
365.045000	922.000000
365.050000	722.000000
365.055000	618.000000
365.060000	737.000000
365.065000	703.000000
365.070000	588.000000
365.075000	563.000000
365.080000	605.000000
365.085000	495.000000
365.090000	510.000000
365.095000	507.000000
365.100000	458.000000
365.105000	486.000000
365.110000	477.000000
365.115000	287.000000
365.120000	418.000000
365.125000	416.000000
365.130000	337.000000
365.135000	327.000000
365.140000	300.000000
365.145000	341.000000
365.150000	308.000000
365.155000	297.000000
365.160000	364.000000
365.165000	369.000000
365.170000	319.000000
365.175000	382.000000
365.180000	361.000000
365.185000	249.000000
365.190000	327.000000
365.195000	336.000000
365.200000	292.000000
365.205000	298.000000
365.210000	382.000000
365.215000	273.000000
365.220000	352.000000
365.225000	262.000000
365.230000	325.000000
365.235000	348.000000
365.240000	378.000000
365.245000	330.000000
365.250000	225.000000
365.255000	450.000000
365.260000	260.000000
365.265000	260.000000
365.270000	360.000000
365.275000	284.000000
365.280000	251.000000
365.285000	374.000000
365.290000	363.000000
365.295000	338.000000
365.300000	272.000000
365.305000	394.000000
365.310000	270.000000
365.315000	321.000000
365.320000	498.000000
365.325000	425.000000
365.330000	587.000000
365.335000	775.000000
365.340000	1302.000000
365.345000	1839.000000
365.350000	2547.000000
365.355000	3742.000000
365.360000	4267.000000
365.365000	5254.000000
365.370000	6225.000000
365.375000	7019.000000
365.380000	9393.000000
365.385000	13235.000000
365.390000	23629.000000
365.395000	43128.000000
365.400000	41669.000000
365.405000	19689.000000
365.410000	10149.000000
365.415000	5373.000000
365.420000	3467.000000
365.425000	1944.000000
365.430000	1431.000000
365.435000	930.000000
365.440000	749.000000
365.445000	537.000000
365.450000	603.000000
365.455000	406.000000
365.460000	405.000000
365.465000	386.000000
365.470000	374.000000
365.475000	443.000000
365.480000	463.000000
365.485000	337.000000
365.490000	324.000000
365.495000	300.000000
365.500000	342.000000
365.505000	344.000000
365.510000	402.000000
365.515000	388.000000
365.520000	327.000000
365.525000	341.000000
365.530000	270.000000
365.535000	266.000000
365.540000	266.000000
365.545000	358.000000
365.550000	257.000000
365.555000	221.000000
365.560000	207.000000
365.565000	324.000000
365.570000	240.000000
365.575000	423.000000
365.580000	201.000000
365.585000	334.000000
365.590000	268.000000
365.595000	243.000000
365.600000	170.000000
