Sample ID:		None
Start Time:		Wed Jun 24 2020 8:58:21 PM
Averaging Time:		1.000s

364.600000	76.000000
364.605000	73.000000
364.610000	37.000000
364.615000	17.000000
364.620000	95.000000
364.625000	61.000000
364.630000	58.000000
364.635000	54.000000
364.640000	38.000000
364.645000	29.000000
364.650000	47.000000
364.655000	24.000000
364.660000	89.000000
364.665000	88.000000
364.670000	82.000000
364.675000	32.000000
364.680000	23.000000
364.685000	81.000000
364.690000	59.000000
364.695000	82.000000
364.700000	84.000000
364.705000	144.000000
364.710000	203.000000
364.715000	189.000000
364.720000	168.000000
364.725000	185.000000
364.730000	226.000000
364.735000	216.000000
364.740000	144.000000
364.745000	257.000000
364.750000	246.000000
364.755000	298.000000
364.760000	178.000000
364.765000	278.000000
364.770000	265.000000
364.775000	265.000000
364.780000	326.000000
364.785000	319.000000
364.790000	349.000000
364.795000	334.000000
364.800000	259.000000
364.805000	324.000000
364.810000	309.000000
364.815000	297.000000
364.820000	514.000000
364.825000	328.000000
364.830000	455.000000
364.835000	471.000000
364.840000	561.000000
364.845000	593.000000
364.850000	698.000000
364.855000	729.000000
364.860000	899.000000
364.865000	1315.000000
364.870000	1757.000000
364.875000	3200.000000
364.880000	4773.000000
364.885000	7593.000000
364.890000	11896.000000
364.895000	17046.000000
364.900000	19587.000000
364.905000	24315.000000
364.910000	29643.000000
364.915000	32623.000000
364.920000	44200.000000
364.925000	65035.000000
364.930000	129795.000000
364.935000	225192.000000
364.940000	115496.000000
364.945000	57662.000000
364.950000	34728.000000
364.955000	18682.000000
364.960000	12792.000000
364.965000	8503.000000
364.970000	5379.000000
364.975000	3475.000000
364.980000	3085.000000
364.985000	2442.000000
364.990000	1814.000000
364.995000	1771.000000
365.000000	1846.000000
365.005000	1489.000000
365.010000	1627.000000
365.015000	1145.000000
365.020000	1127.000000
365.025000	1116.000000
365.030000	966.000000
365.035000	963.000000
365.040000	891.000000
365.045000	695.000000
365.050000	865.000000
365.055000	792.000000
365.060000	893.000000
365.065000	768.000000
365.070000	571.000000
365.075000	619.000000
365.080000	500.000000
365.085000	633.000000
365.090000	534.000000
365.095000	428.000000
365.100000	500.000000
365.105000	401.000000
365.110000	507.000000
365.115000	433.000000
365.120000	355.000000
365.125000	266.000000
365.130000	325.000000
365.135000	339.000000
365.140000	374.000000
365.145000	350.000000
365.150000	445.000000
365.155000	393.000000
365.160000	368.000000
365.165000	471.000000
365.170000	433.000000
365.175000	394.000000
365.180000	299.000000
365.185000	481.000000
365.190000	506.000000
365.195000	348.000000
365.200000	339.000000
365.205000	267.000000
365.210000	328.000000
365.215000	264.000000
365.220000	406.000000
365.225000	322.000000
365.230000	342.000000
365.235000	263.000000
365.240000	364.000000
365.245000	422.000000
365.250000	260.000000
365.255000	306.000000
365.260000	249.000000
365.265000	224.000000
365.270000	263.000000
365.275000	357.000000
365.280000	283.000000
365.285000	316.000000
365.290000	359.000000
365.295000	298.000000
365.300000	315.000000
365.305000	392.000000
365.310000	312.000000
365.315000	348.000000
365.320000	302.000000
365.325000	426.000000
365.330000	560.000000
365.335000	710.000000
365.340000	986.000000
365.345000	1724.000000
365.350000	2478.000000
365.355000	3122.000000
365.360000	3944.000000
365.365000	4833.000000
365.370000	5876.000000
365.375000	7481.000000
365.380000	8383.000000
365.385000	11659.000000
365.390000	22247.000000
365.395000	35736.000000
365.400000	49875.000000
365.405000	24120.000000
365.410000	12204.000000
365.415000	7556.000000
365.420000	4233.000000
365.425000	2585.000000
365.430000	1681.000000
365.435000	818.000000
365.440000	817.000000
365.445000	799.000000
365.450000	635.000000
365.455000	556.000000
365.460000	496.000000
365.465000	554.000000
365.470000	419.000000
365.475000	374.000000
365.480000	280.000000
365.485000	406.000000
365.490000	285.000000
365.495000	368.000000
365.500000	555.000000
365.505000	381.000000
365.510000	387.000000
365.515000	374.000000
365.520000	352.000000
365.525000	285.000000
365.530000	498.000000
365.535000	371.000000
365.540000	310.000000
365.545000	152.000000
365.550000	301.000000
365.555000	276.000000
365.560000	278.000000
365.565000	186.000000
365.570000	220.000000
365.575000	267.000000
365.580000	295.000000
365.585000	308.000000
365.590000	246.000000
365.595000	225.000000
365.600000	208.000000
