Sample ID:		None
Start Time:		Wed Jun 24 2020 4:15:10 PM
Averaging Time:		1.000s

364.600000	57.000000
364.605000	48.000000
364.610000	107.000000
364.615000	72.000000
364.620000	55.000000
364.625000	113.000000
364.630000	51.000000
364.635000	63.000000
364.640000	57.000000
364.645000	55.000000
364.650000	60.000000
364.655000	66.000000
364.660000	87.000000
364.665000	117.000000
364.670000	71.000000
364.675000	68.000000
364.680000	92.000000
364.685000	49.000000
364.690000	89.000000
364.695000	126.000000
364.700000	124.000000
364.705000	267.000000
364.710000	190.000000
364.715000	197.000000
364.720000	288.000000
364.725000	224.000000
364.730000	308.000000
364.735000	413.000000
364.740000	398.000000
364.745000	232.000000
364.750000	346.000000
364.755000	311.000000
364.760000	314.000000
364.765000	335.000000
364.770000	258.000000
364.775000	288.000000
364.780000	295.000000
364.785000	423.000000
364.790000	310.000000
364.795000	391.000000
364.800000	428.000000
364.805000	322.000000
364.810000	344.000000
364.815000	410.000000
364.820000	486.000000
364.825000	455.000000
364.830000	449.000000
364.835000	359.000000
364.840000	401.000000
364.845000	531.000000
364.850000	438.000000
364.855000	723.000000
364.860000	783.000000
364.865000	1021.000000
364.870000	1241.000000
364.875000	1693.000000
364.880000	2691.000000
364.885000	4092.000000
364.890000	8227.000000
364.895000	10303.000000
364.900000	13967.000000
364.905000	19537.000000
364.910000	23161.000000
364.915000	27938.000000
364.920000	31246.000000
364.925000	39317.000000
364.930000	52707.000000
364.935000	91209.000000
364.940000	221986.000000
364.945000	170244.000000
364.950000	83978.000000
364.955000	34846.000000
364.960000	25308.000000
364.965000	17902.000000
364.970000	9065.000000
364.975000	6144.000000
364.980000	4318.000000
364.985000	3621.000000
364.990000	2393.000000
364.995000	2149.000000
365.000000	1862.000000
365.005000	1847.000000
365.010000	1952.000000
365.015000	1515.000000
365.020000	1262.000000
365.025000	1264.000000
365.030000	1225.000000
365.035000	1075.000000
365.040000	999.000000
365.045000	955.000000
365.050000	1123.000000
365.055000	868.000000
365.060000	858.000000
365.065000	773.000000
365.070000	854.000000
365.075000	692.000000
365.080000	714.000000
365.085000	594.000000
365.090000	631.000000
365.095000	611.000000
365.100000	641.000000
365.105000	682.000000
365.110000	499.000000
365.115000	529.000000
365.120000	387.000000
365.125000	495.000000
365.130000	393.000000
365.135000	362.000000
365.140000	438.000000
365.145000	229.000000
365.150000	451.000000
365.155000	391.000000
365.160000	372.000000
365.165000	393.000000
365.170000	394.000000
365.175000	353.000000
365.180000	441.000000
365.185000	415.000000
365.190000	507.000000
365.195000	306.000000
365.200000	474.000000
365.205000	418.000000
365.210000	371.000000
365.215000	374.000000
365.220000	346.000000
365.225000	333.000000
365.230000	304.000000
365.235000	309.000000
365.240000	387.000000
365.245000	450.000000
365.250000	282.000000
365.255000	271.000000
365.260000	251.000000
365.265000	303.000000
365.270000	272.000000
365.275000	192.000000
365.280000	409.000000
365.285000	385.000000
365.290000	278.000000
365.295000	472.000000
365.300000	462.000000
365.305000	379.000000
365.310000	308.000000
365.315000	425.000000
365.320000	493.000000
365.325000	372.000000
365.330000	496.000000
365.335000	557.000000
365.340000	711.000000
365.345000	709.000000
365.350000	1266.000000
365.355000	1908.000000
365.360000	2687.000000
365.365000	3655.000000
365.370000	4365.000000
365.375000	6391.000000
365.380000	6606.000000
365.385000	7288.000000
365.390000	8957.000000
365.395000	13078.000000
365.400000	20364.000000
365.405000	40867.000000
365.410000	44428.000000
365.415000	24505.000000
365.420000	12145.000000
365.425000	6196.000000
365.430000	3986.000000
365.435000	2473.000000
365.440000	1353.000000
365.445000	940.000000
365.450000	748.000000
365.455000	718.000000
365.460000	675.000000
365.465000	510.000000
365.470000	497.000000
365.475000	480.000000
365.480000	445.000000
365.485000	429.000000
365.490000	401.000000
365.495000	366.000000
365.500000	414.000000
365.505000	406.000000
365.510000	379.000000
365.515000	340.000000
365.520000	293.000000
365.525000	281.000000
365.530000	375.000000
365.535000	397.000000
365.540000	297.000000
365.545000	335.000000
365.550000	310.000000
365.555000	331.000000
365.560000	329.000000
365.565000	286.000000
365.570000	218.000000
365.575000	480.000000
365.580000	416.000000
365.585000	223.000000
365.590000	290.000000
365.595000	284.000000
365.600000	267.000000
