Sample ID:		None
Start Time:		Wed Jun 24 2020 11:28:19 PM
Averaging Time:		1.000s

364.600000	27.000000
364.605000	20.000000
364.610000	42.000000
364.615000	66.000000
364.620000	25.000000
364.625000	57.000000
364.630000	45.000000
364.635000	79.000000
364.640000	41.000000
364.645000	34.000000
364.650000	35.000000
364.655000	77.000000
364.660000	25.000000
364.665000	24.000000
364.670000	48.000000
364.675000	97.000000
364.680000	48.000000
364.685000	37.000000
364.690000	88.000000
364.695000	60.000000
364.700000	161.000000
364.705000	149.000000
364.710000	179.000000
364.715000	168.000000
364.720000	249.000000
364.725000	154.000000
364.730000	271.000000
364.735000	282.000000
364.740000	220.000000
364.745000	182.000000
364.750000	357.000000
364.755000	215.000000
364.760000	292.000000
364.765000	210.000000
364.770000	247.000000
364.775000	239.000000
364.780000	368.000000
364.785000	321.000000
364.790000	344.000000
364.795000	294.000000
364.800000	362.000000
364.805000	411.000000
364.810000	365.000000
364.815000	419.000000
364.820000	308.000000
364.825000	516.000000
364.830000	503.000000
364.835000	526.000000
364.840000	554.000000
364.845000	580.000000
364.850000	540.000000
364.855000	810.000000
364.860000	836.000000
364.865000	1170.000000
364.870000	1575.000000
364.875000	2475.000000
364.880000	4930.000000
364.885000	7458.000000
364.890000	12140.000000
364.895000	15869.000000
364.900000	18837.000000
364.905000	23953.000000
364.910000	28925.000000
364.915000	34577.000000
364.920000	40888.000000
364.925000	62338.000000
364.930000	136886.000000
364.935000	224895.000000
364.940000	155255.000000
364.945000	66526.000000
364.950000	38393.000000
364.955000	19987.000000
364.960000	14022.000000
364.965000	8778.000000
364.970000	5736.000000
364.975000	3853.000000
364.980000	3108.000000
364.985000	2564.000000
364.990000	2219.000000
364.995000	2292.000000
365.000000	1812.000000
365.005000	1548.000000
365.010000	1477.000000
365.015000	1466.000000
365.020000	1094.000000
365.025000	1244.000000
365.030000	1061.000000
365.035000	917.000000
365.040000	884.000000
365.045000	758.000000
365.050000	956.000000
365.055000	824.000000
365.060000	685.000000
365.065000	582.000000
365.070000	810.000000
365.075000	579.000000
365.080000	503.000000
365.085000	461.000000
365.090000	618.000000
365.095000	541.000000
365.100000	594.000000
365.105000	386.000000
365.110000	457.000000
365.115000	482.000000
365.120000	280.000000
365.125000	334.000000
365.130000	391.000000
365.135000	407.000000
365.140000	330.000000
365.145000	304.000000
365.150000	335.000000
365.155000	290.000000
365.160000	342.000000
365.165000	351.000000
365.170000	312.000000
365.175000	341.000000
365.180000	409.000000
365.185000	346.000000
365.190000	335.000000
365.195000	399.000000
365.200000	343.000000
365.205000	198.000000
365.210000	248.000000
365.215000	265.000000
365.220000	351.000000
365.225000	310.000000
365.230000	335.000000
365.235000	272.000000
365.240000	249.000000
365.245000	291.000000
365.250000	241.000000
365.255000	288.000000
365.260000	279.000000
365.265000	335.000000
365.270000	191.000000
365.275000	333.000000
365.280000	298.000000
365.285000	275.000000
365.290000	327.000000
365.295000	226.000000
365.300000	435.000000
365.305000	287.000000
365.310000	293.000000
365.315000	408.000000
365.320000	450.000000
365.325000	477.000000
365.330000	643.000000
365.335000	688.000000
365.340000	908.000000
365.345000	1576.000000
365.350000	1909.000000
365.355000	3683.000000
365.360000	4021.000000
365.365000	4975.000000
365.370000	6129.000000
365.375000	6647.000000
365.380000	8308.000000
365.385000	11257.000000
365.390000	19042.000000
365.395000	32292.000000
365.400000	51238.000000
365.405000	31523.000000
365.410000	16070.000000
365.415000	7568.000000
365.420000	4850.000000
365.425000	2961.000000
365.430000	1952.000000
365.435000	998.000000
365.440000	857.000000
365.445000	602.000000
365.450000	571.000000
365.455000	401.000000
365.460000	403.000000
365.465000	475.000000
365.470000	329.000000
365.475000	416.000000
365.480000	407.000000
365.485000	399.000000
365.490000	313.000000
365.495000	327.000000
365.500000	381.000000
365.505000	339.000000
365.510000	364.000000
365.515000	401.000000
365.520000	400.000000
365.525000	349.000000
365.530000	376.000000
365.535000	287.000000
365.540000	334.000000
365.545000	250.000000
365.550000	313.000000
365.555000	265.000000
365.560000	336.000000
365.565000	269.000000
365.570000	241.000000
365.575000	298.000000
365.580000	354.000000
365.585000	397.000000
365.590000	268.000000
365.595000	274.000000
365.600000	190.000000
