Sample ID:		None
Start Time:		Wed Jun 24 2020 6:33:57 PM
Averaging Time:		1.000s

364.600000	67.000000
364.605000	39.000000
364.610000	21.000000
364.615000	25.000000
364.620000	50.000000
364.625000	28.000000
364.630000	32.000000
364.635000	46.000000
364.640000	61.000000
364.645000	33.000000
364.650000	104.000000
364.655000	78.000000
364.660000	26.000000
364.665000	31.000000
364.670000	32.000000
364.675000	35.000000
364.680000	79.000000
364.685000	85.000000
364.690000	58.000000
364.695000	111.000000
364.700000	186.000000
364.705000	185.000000
364.710000	196.000000
364.715000	181.000000
364.720000	192.000000
364.725000	234.000000
364.730000	194.000000
364.735000	214.000000
364.740000	247.000000
364.745000	309.000000
364.750000	291.000000
364.755000	238.000000
364.760000	216.000000
364.765000	268.000000
364.770000	363.000000
364.775000	278.000000
364.780000	210.000000
364.785000	318.000000
364.790000	259.000000
364.795000	380.000000
364.800000	375.000000
364.805000	296.000000
364.810000	346.000000
364.815000	423.000000
364.820000	340.000000
364.825000	347.000000
364.830000	555.000000
364.835000	428.000000
364.840000	616.000000
364.845000	644.000000
364.850000	628.000000
364.855000	666.000000
364.860000	790.000000
364.865000	937.000000
364.870000	1125.000000
364.875000	1788.000000
364.880000	3211.000000
364.885000	5090.000000
364.890000	10045.000000
364.895000	13187.000000
364.900000	16244.000000
364.905000	20761.000000
364.910000	25106.000000
364.915000	29116.000000
364.920000	34245.000000
364.925000	47551.000000
364.930000	69126.000000
364.935000	157589.000000
364.940000	215169.000000
364.945000	105226.000000
364.950000	48927.000000
364.955000	27245.000000
364.960000	18791.000000
364.965000	11835.000000
364.970000	6087.000000
364.975000	4655.000000
364.980000	3441.000000
364.985000	3142.000000
364.990000	2356.000000
364.995000	2215.000000
365.000000	1840.000000
365.005000	1448.000000
365.010000	1643.000000
365.015000	1301.000000
365.020000	1410.000000
365.025000	1254.000000
365.030000	1046.000000
365.035000	1150.000000
365.040000	1110.000000
365.045000	924.000000
365.050000	834.000000
365.055000	855.000000
365.060000	829.000000
365.065000	807.000000
365.070000	666.000000
365.075000	812.000000
365.080000	493.000000
365.085000	661.000000
365.090000	543.000000
365.095000	422.000000
365.100000	589.000000
365.105000	619.000000
365.110000	475.000000
365.115000	509.000000
365.120000	443.000000
365.125000	316.000000
365.130000	403.000000
365.135000	405.000000
365.140000	349.000000
365.145000	275.000000
365.150000	329.000000
365.155000	281.000000
365.160000	382.000000
365.165000	377.000000
365.170000	347.000000
365.175000	330.000000
365.180000	399.000000
365.185000	354.000000
365.190000	368.000000
365.195000	347.000000
365.200000	433.000000
365.205000	372.000000
365.210000	365.000000
365.215000	311.000000
365.220000	389.000000
365.225000	297.000000
365.230000	222.000000
365.235000	389.000000
365.240000	287.000000
365.245000	388.000000
365.250000	336.000000
365.255000	289.000000
365.260000	259.000000
365.265000	245.000000
365.270000	289.000000
365.275000	178.000000
365.280000	241.000000
365.285000	320.000000
365.290000	253.000000
365.295000	322.000000
365.300000	264.000000
365.305000	250.000000
365.310000	336.000000
365.315000	362.000000
365.320000	374.000000
365.325000	462.000000
365.330000	509.000000
365.335000	599.000000
365.340000	922.000000
365.345000	1190.000000
365.350000	1510.000000
365.355000	2745.000000
365.360000	3351.000000
365.365000	4683.000000
365.370000	5399.000000
365.375000	6177.000000
365.380000	6659.000000
365.385000	8448.000000
365.390000	12884.000000
365.395000	19298.000000
365.400000	33417.000000
365.405000	46329.000000
365.410000	26050.000000
365.415000	13435.000000
365.420000	6870.000000
365.425000	3932.000000
365.430000	2445.000000
365.435000	1581.000000
365.440000	1017.000000
365.445000	937.000000
365.450000	636.000000
365.455000	567.000000
365.460000	507.000000
365.465000	498.000000
365.470000	410.000000
365.475000	412.000000
365.480000	484.000000
365.485000	420.000000
365.490000	311.000000
365.495000	312.000000
365.500000	409.000000
365.505000	260.000000
365.510000	385.000000
365.515000	277.000000
365.520000	472.000000
365.525000	309.000000
365.530000	317.000000
365.535000	308.000000
365.540000	313.000000
365.545000	376.000000
365.550000	278.000000
365.555000	223.000000
365.560000	264.000000
365.565000	228.000000
365.570000	231.000000
365.575000	293.000000
365.580000	295.000000
365.585000	261.000000
365.590000	322.000000
365.595000	304.000000
365.600000	246.000000
