Sample ID:		None
Start Time:		Wed Jun 24 2020 4:48:28 PM
Averaging Time:		1.000s

364.600000	73.000000
364.605000	40.000000
364.610000	110.000000
364.615000	55.000000
364.620000	55.000000
364.625000	38.000000
364.630000	45.000000
364.635000	78.000000
364.640000	55.000000
364.645000	104.000000
364.650000	133.000000
364.655000	53.000000
364.660000	36.000000
364.665000	88.000000
364.670000	71.000000
364.675000	172.000000
364.680000	117.000000
364.685000	71.000000
364.690000	134.000000
364.695000	129.000000
364.700000	235.000000
364.705000	168.000000
364.710000	157.000000
364.715000	284.000000
364.720000	313.000000
364.725000	213.000000
364.730000	281.000000
364.735000	263.000000
364.740000	193.000000
364.745000	259.000000
364.750000	217.000000
364.755000	236.000000
364.760000	272.000000
364.765000	277.000000
364.770000	359.000000
364.775000	404.000000
364.780000	415.000000
364.785000	368.000000
364.790000	333.000000
364.795000	271.000000
364.800000	459.000000
364.805000	287.000000
364.810000	517.000000
364.815000	397.000000
364.820000	386.000000
364.825000	442.000000
364.830000	402.000000
364.835000	534.000000
364.840000	445.000000
364.845000	647.000000
364.850000	659.000000
364.855000	851.000000
364.860000	859.000000
364.865000	1111.000000
364.870000	1587.000000
364.875000	2387.000000
364.880000	3797.000000
364.885000	6004.000000
364.890000	10534.000000
364.895000	14109.000000
364.900000	17867.000000
364.905000	23457.000000
364.910000	27516.000000
364.915000	32766.000000
364.920000	38753.000000
364.925000	55245.000000
364.930000	93214.000000
364.935000	207769.000000
364.940000	189361.000000
364.945000	82641.000000
364.950000	45280.000000
364.955000	25780.000000
364.960000	15942.000000
364.965000	10757.000000
364.970000	6500.000000
364.975000	3773.000000
364.980000	3378.000000
364.985000	2688.000000
364.990000	2381.000000
364.995000	1941.000000
365.000000	1904.000000
365.005000	1487.000000
365.010000	1386.000000
365.015000	1346.000000
365.020000	1132.000000
365.025000	1221.000000
365.030000	1089.000000
365.035000	841.000000
365.040000	1148.000000
365.045000	911.000000
365.050000	744.000000
365.055000	835.000000
365.060000	797.000000
365.065000	882.000000
365.070000	719.000000
365.075000	608.000000
365.080000	642.000000
365.085000	479.000000
365.090000	538.000000
365.095000	616.000000
365.100000	512.000000
365.105000	535.000000
365.110000	513.000000
365.115000	374.000000
365.120000	476.000000
365.125000	404.000000
365.130000	382.000000
365.135000	413.000000
365.140000	373.000000
365.145000	341.000000
365.150000	398.000000
365.155000	360.000000
365.160000	295.000000
365.165000	400.000000
365.170000	323.000000
365.175000	356.000000
365.180000	381.000000
365.185000	393.000000
365.190000	350.000000
365.195000	392.000000
365.200000	414.000000
365.205000	335.000000
365.210000	301.000000
365.215000	342.000000
365.220000	292.000000
365.225000	406.000000
365.230000	343.000000
365.235000	277.000000
365.240000	233.000000
365.245000	291.000000
365.250000	326.000000
365.255000	307.000000
365.260000	238.000000
365.265000	252.000000
365.270000	355.000000
365.275000	373.000000
365.280000	292.000000
365.285000	335.000000
365.290000	416.000000
365.295000	457.000000
365.300000	388.000000
365.305000	347.000000
365.310000	300.000000
365.315000	387.000000
365.320000	437.000000
365.325000	427.000000
365.330000	495.000000
365.335000	723.000000
365.340000	919.000000
365.345000	1307.000000
365.350000	2317.000000
365.355000	3031.000000
365.360000	3937.000000
365.365000	4829.000000
365.370000	5694.000000
365.375000	6417.000000
365.380000	7132.000000
365.385000	9542.000000
365.390000	15536.000000
365.395000	25885.000000
365.400000	44617.000000
365.405000	37024.000000
365.410000	19360.000000
365.415000	10470.000000
365.420000	5753.000000
365.425000	3442.000000
365.430000	2310.000000
365.435000	1361.000000
365.440000	947.000000
365.445000	760.000000
365.450000	776.000000
365.455000	632.000000
365.460000	544.000000
365.465000	512.000000
365.470000	435.000000
365.475000	424.000000
365.480000	428.000000
365.485000	368.000000
365.490000	464.000000
365.495000	393.000000
365.500000	262.000000
365.505000	489.000000
365.510000	449.000000
365.515000	370.000000
365.520000	371.000000
365.525000	511.000000
365.530000	416.000000
365.535000	368.000000
365.540000	377.000000
365.545000	476.000000
365.550000	295.000000
365.555000	286.000000
365.560000	315.000000
365.565000	460.000000
365.570000	356.000000
365.575000	295.000000
365.580000	361.000000
365.585000	288.000000
365.590000	242.000000
365.595000	260.000000
365.600000	218.000000
