Sample ID:		None
Start Time:		Wed Jun 24 2020 5:55:04 PM
Averaging Time:		1.000s

364.600000	30.000000
364.605000	108.000000
364.610000	43.000000
364.615000	29.000000
364.620000	17.000000
364.625000	65.000000
364.630000	60.000000
364.635000	64.000000
364.640000	33.000000
364.645000	27.000000
364.650000	44.000000
364.655000	60.000000
364.660000	21.000000
364.665000	49.000000
364.670000	104.000000
364.675000	78.000000
364.680000	80.000000
364.685000	47.000000
364.690000	99.000000
364.695000	82.000000
364.700000	91.000000
364.705000	136.000000
364.710000	161.000000
364.715000	210.000000
364.720000	220.000000
364.725000	234.000000
364.730000	215.000000
364.735000	324.000000
364.740000	232.000000
364.745000	238.000000
364.750000	201.000000
364.755000	315.000000
364.760000	210.000000
364.765000	326.000000
364.770000	267.000000
364.775000	223.000000
364.780000	187.000000
364.785000	366.000000
364.790000	216.000000
364.795000	334.000000
364.800000	208.000000
364.805000	234.000000
364.810000	292.000000
364.815000	289.000000
364.820000	345.000000
364.825000	396.000000
364.830000	466.000000
364.835000	387.000000
364.840000	515.000000
364.845000	543.000000
364.850000	474.000000
364.855000	631.000000
364.860000	703.000000
364.865000	947.000000
364.870000	1172.000000
364.875000	1370.000000
364.880000	2230.000000
364.885000	3139.000000
364.890000	6121.000000
364.895000	9352.000000
364.900000	12574.000000
364.905000	17644.000000
364.910000	22339.000000
364.915000	25166.000000
364.920000	30327.000000
364.925000	38497.000000
364.930000	47933.000000
364.935000	76422.000000
364.940000	170465.000000
364.945000	214479.000000
364.950000	110817.000000
364.955000	48507.000000
364.960000	28997.000000
364.965000	19683.000000
364.970000	10109.000000
364.975000	6887.000000
364.980000	4823.000000
364.985000	3517.000000
364.990000	2612.000000
364.995000	2449.000000
365.000000	2018.000000
365.005000	1780.000000
365.010000	1638.000000
365.015000	1421.000000
365.020000	1511.000000
365.025000	1262.000000
365.030000	1361.000000
365.035000	1322.000000
365.040000	1056.000000
365.045000	944.000000
365.050000	1051.000000
365.055000	879.000000
365.060000	938.000000
365.065000	870.000000
365.070000	808.000000
365.075000	803.000000
365.080000	813.000000
365.085000	501.000000
365.090000	519.000000
365.095000	536.000000
365.100000	499.000000
365.105000	456.000000
365.110000	472.000000
365.115000	395.000000
365.120000	385.000000
365.125000	488.000000
365.130000	414.000000
365.135000	402.000000
365.140000	429.000000
365.145000	237.000000
365.150000	345.000000
365.155000	330.000000
365.160000	309.000000
365.165000	350.000000
365.170000	323.000000
365.175000	448.000000
365.180000	416.000000
365.185000	369.000000
365.190000	256.000000
365.195000	390.000000
365.200000	316.000000
365.205000	315.000000
365.210000	321.000000
365.215000	261.000000
365.220000	437.000000
365.225000	315.000000
365.230000	201.000000
365.235000	439.000000
365.240000	206.000000
365.245000	365.000000
365.250000	269.000000
365.255000	335.000000
365.260000	273.000000
365.265000	304.000000
365.270000	303.000000
365.275000	210.000000
365.280000	271.000000
365.285000	265.000000
365.290000	224.000000
365.295000	379.000000
365.300000	306.000000
365.305000	339.000000
365.310000	330.000000
365.315000	320.000000
365.320000	260.000000
365.325000	399.000000
365.330000	535.000000
365.335000	466.000000
365.340000	753.000000
365.345000	1009.000000
365.350000	1801.000000
365.355000	2268.000000
365.360000	3251.000000
365.365000	4081.000000
365.370000	4981.000000
365.375000	6181.000000
365.380000	6994.000000
365.385000	7267.000000
365.390000	13143.000000
365.395000	18185.000000
365.400000	26581.000000
365.405000	50701.000000
365.410000	32564.000000
365.415000	16420.000000
365.420000	8535.000000
365.425000	4867.000000
365.430000	3093.000000
365.435000	1537.000000
365.440000	1137.000000
365.445000	961.000000
365.450000	645.000000
365.455000	487.000000
365.460000	408.000000
365.465000	561.000000
365.470000	523.000000
365.475000	577.000000
365.480000	422.000000
365.485000	515.000000
365.490000	336.000000
365.495000	336.000000
365.500000	339.000000
365.505000	376.000000
365.510000	314.000000
365.515000	409.000000
365.520000	445.000000
365.525000	244.000000
365.530000	390.000000
365.535000	344.000000
365.540000	415.000000
365.545000	298.000000
365.550000	270.000000
365.555000	248.000000
365.560000	331.000000
365.565000	267.000000
365.570000	151.000000
365.575000	304.000000
365.580000	221.000000
365.585000	266.000000
365.590000	240.000000
365.595000	297.000000
365.600000	214.000000
