Sample ID:		None
Start Time:		Wed Jun 24 2020 2:30:58 PM
Averaging Time:		1.000s

364.600000	55.000000
364.605000	91.000000
364.610000	64.000000
364.615000	53.000000
364.620000	108.000000
364.625000	129.000000
364.630000	106.000000
364.635000	55.000000
364.640000	89.000000
364.645000	39.000000
364.650000	70.000000
364.655000	78.000000
364.660000	33.000000
364.665000	109.000000
364.670000	115.000000
364.675000	112.000000
364.680000	93.000000
364.685000	103.000000
364.690000	127.000000
364.695000	122.000000
364.700000	144.000000
364.705000	187.000000
364.710000	130.000000
364.715000	186.000000
364.720000	279.000000
364.725000	299.000000
364.730000	303.000000
364.735000	292.000000
364.740000	260.000000
364.745000	219.000000
364.750000	408.000000
364.755000	186.000000
364.760000	287.000000
364.765000	372.000000
364.770000	245.000000
364.775000	248.000000
364.780000	311.000000
364.785000	288.000000
364.790000	325.000000
364.795000	347.000000
364.800000	407.000000
364.805000	322.000000
364.810000	463.000000
364.815000	465.000000
364.820000	289.000000
364.825000	403.000000
364.830000	281.000000
364.835000	502.000000
364.840000	404.000000
364.845000	402.000000
364.850000	591.000000
364.855000	433.000000
364.860000	514.000000
364.865000	700.000000
364.870000	925.000000
364.875000	1072.000000
364.880000	1495.000000
364.885000	1901.000000
364.890000	3466.000000
364.895000	5851.000000
364.900000	8485.000000
364.905000	12059.000000
364.910000	16693.000000
364.915000	21145.000000
364.920000	25898.000000
364.925000	30833.000000
364.930000	34770.000000
364.935000	46861.000000
364.940000	72277.000000
364.945000	156855.000000
364.950000	227386.000000
364.955000	86267.000000
364.960000	55413.000000
364.965000	33932.000000
364.970000	19749.000000
364.975000	11987.000000
364.980000	8027.000000
364.985000	4753.000000
364.990000	3331.000000
364.995000	2842.000000
365.000000	2680.000000
365.005000	2102.000000
365.010000	1837.000000
365.015000	1669.000000
365.020000	1505.000000
365.025000	1474.000000
365.030000	1414.000000
365.035000	1511.000000
365.040000	1224.000000
365.045000	1127.000000
365.050000	1197.000000
365.055000	896.000000
365.060000	1019.000000
365.065000	812.000000
365.070000	814.000000
365.075000	730.000000
365.080000	761.000000
365.085000	713.000000
365.090000	639.000000
365.095000	501.000000
365.100000	520.000000
365.105000	571.000000
365.110000	645.000000
365.115000	610.000000
365.120000	578.000000
365.125000	616.000000
365.130000	372.000000
365.135000	474.000000
365.140000	403.000000
365.145000	336.000000
365.150000	388.000000
365.155000	400.000000
365.160000	397.000000
365.165000	543.000000
365.170000	382.000000
365.175000	415.000000
365.180000	457.000000
365.185000	474.000000
365.190000	427.000000
365.195000	459.000000
365.200000	566.000000
365.205000	362.000000
365.210000	355.000000
365.215000	361.000000
365.220000	375.000000
365.225000	303.000000
365.230000	356.000000
365.235000	442.000000
365.240000	363.000000
365.245000	329.000000
365.250000	363.000000
365.255000	244.000000
365.260000	388.000000
365.265000	415.000000
365.270000	288.000000
365.275000	344.000000
365.280000	466.000000
365.285000	287.000000
365.290000	386.000000
365.295000	303.000000
365.300000	430.000000
365.305000	344.000000
365.310000	363.000000
365.315000	309.000000
365.320000	310.000000
365.325000	327.000000
365.330000	493.000000
365.335000	427.000000
365.340000	462.000000
365.345000	594.000000
365.350000	781.000000
365.355000	1364.000000
365.360000	2006.000000
365.365000	2354.000000
365.370000	3560.000000
365.375000	4581.000000
365.380000	5338.000000
365.385000	6378.000000
365.390000	7671.000000
365.395000	8888.000000
365.400000	14152.000000
365.405000	23149.000000
365.410000	44080.000000
365.415000	44428.000000
365.420000	23759.000000
365.425000	11664.000000
365.430000	5739.000000
365.435000	3553.000000
365.440000	1909.000000
365.445000	1304.000000
365.450000	953.000000
365.455000	813.000000
365.460000	773.000000
365.465000	526.000000
365.470000	356.000000
365.475000	559.000000
365.480000	432.000000
365.485000	516.000000
365.490000	573.000000
365.495000	545.000000
365.500000	395.000000
365.505000	414.000000
365.510000	477.000000
365.515000	311.000000
365.520000	395.000000
365.525000	393.000000
365.530000	384.000000
365.535000	315.000000
365.540000	394.000000
365.545000	317.000000
365.550000	315.000000
365.555000	341.000000
365.560000	306.000000
365.565000	374.000000
365.570000	407.000000
365.575000	233.000000
365.580000	312.000000
365.585000	390.000000
365.590000	326.000000
365.595000	352.000000
365.600000	381.000000
