Sample ID:		None
Start Time:		Wed Jun 24 2020 10:21:40 PM
Averaging Time:		1.000s

364.600000	41.000000
364.605000	43.000000
364.610000	143.000000
364.615000	39.000000
364.620000	34.000000
364.625000	33.000000
364.630000	41.000000
364.635000	38.000000
364.640000	47.000000
364.645000	30.000000
364.650000	73.000000
364.655000	60.000000
364.660000	56.000000
364.665000	19.000000
364.670000	64.000000
364.675000	59.000000
364.680000	76.000000
364.685000	57.000000
364.690000	65.000000
364.695000	137.000000
364.700000	177.000000
364.705000	164.000000
364.710000	223.000000
364.715000	202.000000
364.720000	208.000000
364.725000	234.000000
364.730000	307.000000
364.735000	225.000000
364.740000	274.000000
364.745000	206.000000
364.750000	273.000000
364.755000	275.000000
364.760000	214.000000
364.765000	144.000000
364.770000	322.000000
364.775000	309.000000
364.780000	223.000000
364.785000	219.000000
364.790000	352.000000
364.795000	301.000000
364.800000	331.000000
364.805000	392.000000
364.810000	356.000000
364.815000	323.000000
364.820000	287.000000
364.825000	542.000000
364.830000	417.000000
364.835000	666.000000
364.840000	520.000000
364.845000	627.000000
364.850000	645.000000
364.855000	644.000000
364.860000	994.000000
364.865000	1173.000000
364.870000	1898.000000
364.875000	3194.000000
364.880000	5265.000000
364.885000	8016.000000
364.890000	12223.000000
364.895000	16778.000000
364.900000	20870.000000
364.905000	25013.000000
364.910000	28715.000000
364.915000	33526.000000
364.920000	44233.000000
364.925000	72237.000000
364.930000	141508.000000
364.935000	226122.000000
364.940000	124790.000000
364.945000	56792.000000
364.950000	32076.000000
364.955000	20505.000000
364.960000	12190.000000
364.965000	8783.000000
364.970000	5483.000000
364.975000	3350.000000
364.980000	3212.000000
364.985000	2495.000000
364.990000	1788.000000
364.995000	1757.000000
365.000000	1810.000000
365.005000	1618.000000
365.010000	1203.000000
365.015000	1477.000000
365.020000	1489.000000
365.025000	976.000000
365.030000	1164.000000
365.035000	931.000000
365.040000	866.000000
365.045000	833.000000
365.050000	902.000000
365.055000	788.000000
365.060000	751.000000
365.065000	581.000000
365.070000	644.000000
365.075000	714.000000
365.080000	537.000000
365.085000	575.000000
365.090000	587.000000
365.095000	380.000000
365.100000	506.000000
365.105000	441.000000
365.110000	456.000000
365.115000	410.000000
365.120000	373.000000
365.125000	409.000000
365.130000	446.000000
365.135000	437.000000
365.140000	258.000000
365.145000	244.000000
365.150000	287.000000
365.155000	253.000000
365.160000	287.000000
365.165000	433.000000
365.170000	348.000000
365.175000	344.000000
365.180000	319.000000
365.185000	265.000000
365.190000	358.000000
365.195000	371.000000
365.200000	293.000000
365.205000	346.000000
365.210000	327.000000
365.215000	222.000000
365.220000	374.000000
365.225000	198.000000
365.230000	374.000000
365.235000	423.000000
365.240000	353.000000
365.245000	367.000000
365.250000	302.000000
365.255000	239.000000
365.260000	322.000000
365.265000	238.000000
365.270000	329.000000
365.275000	381.000000
365.280000	318.000000
365.285000	203.000000
365.290000	243.000000
365.295000	348.000000
365.300000	289.000000
365.305000	353.000000
365.310000	317.000000
365.315000	292.000000
365.320000	469.000000
365.325000	444.000000
365.330000	493.000000
365.335000	716.000000
365.340000	1086.000000
365.345000	1691.000000
365.350000	2489.000000
365.355000	3534.000000
365.360000	4137.000000
365.365000	5055.000000
365.370000	6108.000000
365.375000	7819.000000
365.380000	8276.000000
365.385000	12517.000000
365.390000	20799.000000
365.395000	38306.000000
365.400000	48127.000000
365.405000	27461.000000
365.410000	13181.000000
365.415000	6477.000000
365.420000	3999.000000
365.425000	2575.000000
365.430000	1587.000000
365.435000	1008.000000
365.440000	761.000000
365.445000	751.000000
365.450000	609.000000
365.455000	356.000000
365.460000	521.000000
365.465000	466.000000
365.470000	440.000000
365.475000	245.000000
365.480000	404.000000
365.485000	408.000000
365.490000	327.000000
365.495000	555.000000
365.500000	364.000000
365.505000	252.000000
365.510000	327.000000
365.515000	266.000000
365.520000	314.000000
365.525000	404.000000
365.530000	320.000000
365.535000	320.000000
365.540000	249.000000
365.545000	295.000000
365.550000	362.000000
365.555000	349.000000
365.560000	273.000000
365.565000	297.000000
365.570000	208.000000
365.575000	279.000000
365.580000	321.000000
365.585000	248.000000
365.590000	355.000000
365.595000	251.000000
365.600000	256.000000
