Sample ID:		None
Start Time:		Wed Jun 24 2020 11:17:12 PM
Averaging Time:		1.000s

364.600000	49.000000
364.605000	85.000000
364.610000	52.000000
364.615000	22.000000
364.620000	23.000000
364.625000	16.000000
364.630000	28.000000
364.635000	57.000000
364.640000	42.000000
364.645000	50.000000
364.650000	73.000000
364.655000	6.000000
364.660000	48.000000
364.665000	68.000000
364.670000	11.000000
364.675000	71.000000
364.680000	44.000000
364.685000	91.000000
364.690000	64.000000
364.695000	62.000000
364.700000	121.000000
364.705000	220.000000
364.710000	169.000000
364.715000	226.000000
364.720000	334.000000
364.725000	230.000000
364.730000	262.000000
364.735000	225.000000
364.740000	311.000000
364.745000	269.000000
364.750000	283.000000
364.755000	223.000000
364.760000	280.000000
364.765000	276.000000
364.770000	286.000000
364.775000	311.000000
364.780000	291.000000
364.785000	357.000000
364.790000	230.000000
364.795000	327.000000
364.800000	337.000000
364.805000	434.000000
364.810000	411.000000
364.815000	242.000000
364.820000	364.000000
364.825000	339.000000
364.830000	627.000000
364.835000	464.000000
364.840000	547.000000
364.845000	535.000000
364.850000	543.000000
364.855000	970.000000
364.860000	863.000000
364.865000	1100.000000
364.870000	1649.000000
364.875000	2853.000000
364.880000	4521.000000
364.885000	7528.000000
364.890000	11932.000000
364.895000	15556.000000
364.900000	19926.000000
364.905000	23875.000000
364.910000	29105.000000
364.915000	32997.000000
364.920000	42046.000000
364.925000	63238.000000
364.930000	118233.000000
364.935000	226570.000000
364.940000	152778.000000
364.945000	63235.000000
364.950000	37014.000000
364.955000	21810.000000
364.960000	12997.000000
364.965000	8777.000000
364.970000	5320.000000
364.975000	4084.000000
364.980000	3217.000000
364.985000	2386.000000
364.990000	1982.000000
364.995000	1808.000000
365.000000	1739.000000
365.005000	1571.000000
365.010000	1210.000000
365.015000	1213.000000
365.020000	1074.000000
365.025000	1489.000000
365.030000	872.000000
365.035000	901.000000
365.040000	991.000000
365.045000	873.000000
365.050000	826.000000
365.055000	838.000000
365.060000	546.000000
365.065000	784.000000
365.070000	695.000000
365.075000	584.000000
365.080000	589.000000
365.085000	524.000000
365.090000	561.000000
365.095000	549.000000
365.100000	461.000000
365.105000	387.000000
365.110000	441.000000
365.115000	451.000000
365.120000	417.000000
365.125000	350.000000
365.130000	299.000000
365.135000	381.000000
365.140000	298.000000
365.145000	329.000000
365.150000	323.000000
365.155000	488.000000
365.160000	335.000000
365.165000	448.000000
365.170000	422.000000
365.175000	364.000000
365.180000	319.000000
365.185000	317.000000
365.190000	391.000000
365.195000	340.000000
365.200000	360.000000
365.205000	503.000000
365.210000	325.000000
365.215000	389.000000
365.220000	323.000000
365.225000	230.000000
365.230000	235.000000
365.235000	301.000000
365.240000	320.000000
365.245000	359.000000
365.250000	218.000000
365.255000	260.000000
365.260000	247.000000
365.265000	282.000000
365.270000	343.000000
365.275000	247.000000
365.280000	389.000000
365.285000	331.000000
365.290000	394.000000
365.295000	222.000000
365.300000	269.000000
365.305000	343.000000
365.310000	255.000000
365.315000	395.000000
365.320000	386.000000
365.325000	412.000000
365.330000	457.000000
365.335000	721.000000
365.340000	1307.000000
365.345000	1681.000000
365.350000	2300.000000
365.355000	2892.000000
365.360000	4441.000000
365.365000	5080.000000
365.370000	6052.000000
365.375000	7056.000000
365.380000	8346.000000
365.385000	10955.000000
365.390000	19033.000000
365.395000	36131.000000
365.400000	49770.000000
365.405000	27468.000000
365.410000	13664.000000
365.415000	7036.000000
365.420000	4436.000000
365.425000	2835.000000
365.430000	1516.000000
365.435000	1170.000000
365.440000	771.000000
365.445000	646.000000
365.450000	496.000000
365.455000	501.000000
365.460000	537.000000
365.465000	466.000000
365.470000	509.000000
365.475000	569.000000
365.480000	306.000000
365.485000	383.000000
365.490000	349.000000
365.495000	462.000000
365.500000	449.000000
365.505000	385.000000
365.510000	451.000000
365.515000	378.000000
365.520000	350.000000
365.525000	324.000000
365.530000	276.000000
365.535000	297.000000
365.540000	415.000000
365.545000	286.000000
365.550000	297.000000
365.555000	298.000000
365.560000	286.000000
365.565000	322.000000
365.570000	257.000000
365.575000	253.000000
365.580000	256.000000
365.585000	280.000000
365.590000	291.000000
365.595000	173.000000
365.600000	193.000000
