Sample ID:		None
Start Time:		Wed Jun 24 2020 3:37:37 PM
Averaging Time:		1.000s

364.600000	63.000000
364.605000	101.000000
364.610000	62.000000
364.615000	80.000000
364.620000	104.000000
364.625000	55.000000
364.630000	79.000000
364.635000	78.000000
364.640000	88.000000
364.645000	143.000000
364.650000	136.000000
364.655000	74.000000
364.660000	80.000000
364.665000	80.000000
364.670000	78.000000
364.675000	106.000000
364.680000	96.000000
364.685000	116.000000
364.690000	184.000000
364.695000	124.000000
364.700000	124.000000
364.705000	127.000000
364.710000	160.000000
364.715000	211.000000
364.720000	254.000000
364.725000	280.000000
364.730000	230.000000
364.735000	330.000000
364.740000	240.000000
364.745000	289.000000
364.750000	214.000000
364.755000	377.000000
364.760000	243.000000
364.765000	365.000000
364.770000	320.000000
364.775000	307.000000
364.780000	290.000000
364.785000	379.000000
364.790000	384.000000
364.795000	386.000000
364.800000	400.000000
364.805000	243.000000
364.810000	300.000000
364.815000	388.000000
364.820000	401.000000
364.825000	332.000000
364.830000	353.000000
364.835000	497.000000
364.840000	445.000000
364.845000	558.000000
364.850000	624.000000
364.855000	675.000000
364.860000	627.000000
364.865000	868.000000
364.870000	1067.000000
364.875000	1803.000000
364.880000	2537.000000
364.885000	3881.000000
364.890000	6190.000000
364.895000	10409.000000
364.900000	13585.000000
364.905000	17570.000000
364.910000	23754.000000
364.915000	27942.000000
364.920000	30938.000000
364.925000	38836.000000
364.930000	53387.000000
364.935000	85365.000000
364.940000	211211.000000
364.945000	188236.000000
364.950000	90961.000000
364.955000	36814.000000
364.960000	25932.000000
364.965000	17383.000000
364.970000	10568.000000
364.975000	6667.000000
364.980000	4917.000000
364.985000	3436.000000
364.990000	2565.000000
364.995000	2312.000000
365.000000	1704.000000
365.005000	1844.000000
365.010000	1816.000000
365.015000	1725.000000
365.020000	1304.000000
365.025000	1164.000000
365.030000	1192.000000
365.035000	1036.000000
365.040000	1032.000000
365.045000	1192.000000
365.050000	917.000000
365.055000	878.000000
365.060000	834.000000
365.065000	942.000000
365.070000	671.000000
365.075000	725.000000
365.080000	658.000000
365.085000	844.000000
365.090000	654.000000
365.095000	513.000000
365.100000	700.000000
365.105000	531.000000
365.110000	527.000000
365.115000	486.000000
365.120000	424.000000
365.125000	491.000000
365.130000	399.000000
365.135000	390.000000
365.140000	302.000000
365.145000	409.000000
365.150000	425.000000
365.155000	352.000000
365.160000	497.000000
365.165000	332.000000
365.170000	316.000000
365.175000	402.000000
365.180000	438.000000
365.185000	362.000000
365.190000	389.000000
365.195000	379.000000
365.200000	420.000000
365.205000	454.000000
365.210000	356.000000
365.215000	383.000000
365.220000	348.000000
365.225000	265.000000
365.230000	376.000000
365.235000	393.000000
365.240000	319.000000
365.245000	527.000000
365.250000	333.000000
365.255000	347.000000
365.260000	214.000000
365.265000	348.000000
365.270000	334.000000
365.275000	289.000000
365.280000	343.000000
365.285000	390.000000
365.290000	389.000000
365.295000	295.000000
365.300000	350.000000
365.305000	363.000000
365.310000	349.000000
365.315000	353.000000
365.320000	396.000000
365.325000	342.000000
365.330000	450.000000
365.335000	502.000000
365.340000	597.000000
365.345000	817.000000
365.350000	1204.000000
365.355000	2002.000000
365.360000	2654.000000
365.365000	3715.000000
365.370000	4128.000000
365.375000	6260.000000
365.380000	6413.000000
365.385000	7055.000000
365.390000	10468.000000
365.395000	14490.000000
365.400000	20366.000000
365.405000	44082.000000
365.410000	43866.000000
365.415000	22006.000000
365.420000	12369.000000
365.425000	6157.000000
365.430000	3848.000000
365.435000	2615.000000
365.440000	1466.000000
365.445000	1344.000000
365.450000	831.000000
365.455000	646.000000
365.460000	583.000000
365.465000	560.000000
365.470000	581.000000
365.475000	441.000000
365.480000	488.000000
365.485000	431.000000
365.490000	492.000000
365.495000	365.000000
365.500000	407.000000
365.505000	464.000000
365.510000	429.000000
365.515000	413.000000
365.520000	383.000000
365.525000	320.000000
365.530000	515.000000
365.535000	408.000000
365.540000	387.000000
365.545000	335.000000
365.550000	324.000000
365.555000	396.000000
365.560000	379.000000
365.565000	377.000000
365.570000	340.000000
365.575000	329.000000
365.580000	307.000000
365.585000	349.000000
365.590000	321.000000
365.595000	400.000000
365.600000	259.000000
