Sample ID:		None
Start Time:		Wed Jun 24 2020 3:54:17 PM
Averaging Time:		1.000s

364.600000	38.000000
364.605000	37.000000
364.610000	48.000000
364.615000	85.000000
364.620000	36.000000
364.625000	101.000000
364.630000	124.000000
364.635000	97.000000
364.640000	37.000000
364.645000	21.000000
364.650000	112.000000
364.655000	155.000000
364.660000	92.000000
364.665000	63.000000
364.670000	93.000000
364.675000	82.000000
364.680000	90.000000
364.685000	79.000000
364.690000	52.000000
364.695000	175.000000
364.700000	139.000000
364.705000	150.000000
364.710000	163.000000
364.715000	346.000000
364.720000	195.000000
364.725000	198.000000
364.730000	283.000000
364.735000	294.000000
364.740000	246.000000
364.745000	272.000000
364.750000	324.000000
364.755000	407.000000
364.760000	248.000000
364.765000	356.000000
364.770000	252.000000
364.775000	265.000000
364.780000	466.000000
364.785000	277.000000
364.790000	421.000000
364.795000	289.000000
364.800000	354.000000
364.805000	446.000000
364.810000	554.000000
364.815000	429.000000
364.820000	352.000000
364.825000	391.000000
364.830000	448.000000
364.835000	533.000000
364.840000	570.000000
364.845000	560.000000
364.850000	514.000000
364.855000	588.000000
364.860000	716.000000
364.865000	1071.000000
364.870000	1122.000000
364.875000	2023.000000
364.880000	2342.000000
364.885000	4253.000000
364.890000	7275.000000
364.895000	11254.000000
364.900000	14581.000000
364.905000	20036.000000
364.910000	24014.000000
364.915000	29173.000000
364.920000	32255.000000
364.925000	40460.000000
364.930000	55932.000000
364.935000	105648.000000
364.940000	217645.000000
364.945000	159164.000000
364.950000	69246.000000
364.955000	40082.000000
364.960000	23751.000000
364.965000	16698.000000
364.970000	7957.000000
364.975000	5761.000000
364.980000	4400.000000
364.985000	3444.000000
364.990000	2460.000000
364.995000	2666.000000
365.000000	1954.000000
365.005000	1859.000000
365.010000	1784.000000
365.015000	1694.000000
365.020000	1343.000000
365.025000	1404.000000
365.030000	1289.000000
365.035000	1061.000000
365.040000	1154.000000
365.045000	995.000000
365.050000	1073.000000
365.055000	896.000000
365.060000	799.000000
365.065000	830.000000
365.070000	778.000000
365.075000	635.000000
365.080000	625.000000
365.085000	845.000000
365.090000	660.000000
365.095000	586.000000
365.100000	517.000000
365.105000	638.000000
365.110000	661.000000
365.115000	446.000000
365.120000	444.000000
365.125000	452.000000
365.130000	435.000000
365.135000	289.000000
365.140000	396.000000
365.145000	386.000000
365.150000	368.000000
365.155000	441.000000
365.160000	375.000000
365.165000	337.000000
365.170000	425.000000
365.175000	341.000000
365.180000	318.000000
365.185000	456.000000
365.190000	481.000000
365.195000	367.000000
365.200000	335.000000
365.205000	364.000000
365.210000	423.000000
365.215000	248.000000
365.220000	300.000000
365.225000	379.000000
365.230000	312.000000
365.235000	281.000000
365.240000	495.000000
365.245000	468.000000
365.250000	283.000000
365.255000	278.000000
365.260000	296.000000
365.265000	325.000000
365.270000	413.000000
365.275000	319.000000
365.280000	299.000000
365.285000	180.000000
365.290000	363.000000
365.295000	254.000000
365.300000	368.000000
365.305000	333.000000
365.310000	461.000000
365.315000	317.000000
365.320000	368.000000
365.325000	392.000000
365.330000	509.000000
365.335000	519.000000
365.340000	888.000000
365.345000	988.000000
365.350000	1465.000000
365.355000	2691.000000
365.360000	3149.000000
365.365000	3545.000000
365.370000	4703.000000
365.375000	6462.000000
365.380000	6666.000000
365.385000	8118.000000
365.390000	10614.000000
365.395000	16563.000000
365.400000	25381.000000
365.405000	48173.000000
365.410000	36385.000000
365.415000	18599.000000
365.420000	8531.000000
365.425000	5057.000000
365.430000	2998.000000
365.435000	1720.000000
365.440000	1248.000000
365.445000	836.000000
365.450000	789.000000
365.455000	587.000000
365.460000	535.000000
365.465000	532.000000
365.470000	443.000000
365.475000	465.000000
365.480000	431.000000
365.485000	388.000000
365.490000	458.000000
365.495000	345.000000
365.500000	549.000000
365.505000	369.000000
365.510000	431.000000
365.515000	389.000000
365.520000	442.000000
365.525000	407.000000
365.530000	451.000000
