Sample ID:		None
Start Time:		Wed Jun 24 2020 6:28:24 PM
Averaging Time:		1.000s

364.600000	22.000000
364.605000	74.000000
364.610000	21.000000
364.615000	50.000000
364.620000	41.000000
364.625000	41.000000
364.630000	35.000000
364.635000	43.000000
364.640000	47.000000
364.645000	91.000000
364.650000	76.000000
364.655000	38.000000
364.660000	83.000000
364.665000	64.000000
364.670000	50.000000
364.675000	76.000000
364.680000	133.000000
364.685000	128.000000
364.690000	75.000000
364.695000	145.000000
364.700000	103.000000
364.705000	142.000000
364.710000	177.000000
364.715000	211.000000
364.720000	277.000000
364.725000	184.000000
364.730000	336.000000
364.735000	285.000000
364.740000	268.000000
364.745000	280.000000
364.750000	234.000000
364.755000	312.000000
364.760000	329.000000
364.765000	301.000000
364.770000	289.000000
364.775000	189.000000
364.780000	258.000000
364.785000	336.000000
364.790000	247.000000
364.795000	293.000000
364.800000	338.000000
364.805000	401.000000
364.810000	322.000000
364.815000	412.000000
364.820000	354.000000
364.825000	386.000000
364.830000	347.000000
364.835000	394.000000
364.840000	435.000000
364.845000	588.000000
364.850000	612.000000
364.855000	610.000000
364.860000	832.000000
364.865000	912.000000
364.870000	1307.000000
364.875000	1900.000000
364.880000	2848.000000
364.885000	4903.000000
364.890000	8092.000000
364.895000	13175.000000
364.900000	16707.000000
364.905000	21769.000000
364.910000	25898.000000
364.915000	29599.000000
364.920000	33563.000000
364.925000	44994.000000
364.930000	67418.000000
364.935000	161024.000000
364.940000	221330.000000
364.945000	113782.000000
364.950000	50408.000000
364.955000	30458.000000
364.960000	18637.000000
364.965000	12662.000000
364.970000	7361.000000
364.975000	4725.000000
364.980000	3817.000000
364.985000	2750.000000
364.990000	2223.000000
364.995000	2106.000000
365.000000	1789.000000
365.005000	1495.000000
365.010000	1453.000000
365.015000	1213.000000
365.020000	1274.000000
365.025000	1289.000000
365.030000	1073.000000
365.035000	1263.000000
365.040000	972.000000
365.045000	834.000000
365.050000	933.000000
365.055000	611.000000
365.060000	667.000000
365.065000	684.000000
365.070000	642.000000
365.075000	668.000000
365.080000	547.000000
365.085000	556.000000
365.090000	494.000000
365.095000	619.000000
365.100000	351.000000
365.105000	534.000000
365.110000	634.000000
365.115000	429.000000
365.120000	517.000000
365.125000	394.000000
365.130000	373.000000
365.135000	398.000000
365.140000	357.000000
365.145000	349.000000
365.150000	417.000000
365.155000	291.000000
365.160000	345.000000
365.165000	353.000000
365.170000	372.000000
365.175000	385.000000
365.180000	330.000000
365.185000	422.000000
365.190000	405.000000
365.195000	358.000000
365.200000	424.000000
365.205000	313.000000
365.210000	415.000000
365.215000	360.000000
365.220000	297.000000
365.225000	248.000000
365.230000	404.000000
365.235000	412.000000
365.240000	366.000000
365.245000	248.000000
365.250000	272.000000
365.255000	329.000000
365.260000	272.000000
365.265000	329.000000
365.270000	368.000000
365.275000	280.000000
365.280000	274.000000
365.285000	305.000000
365.290000	391.000000
365.295000	326.000000
365.300000	299.000000
365.305000	352.000000
365.310000	368.000000
365.315000	397.000000
365.320000	353.000000
365.325000	454.000000
365.330000	397.000000
365.335000	583.000000
365.340000	808.000000
365.345000	1301.000000
365.350000	1468.000000
365.355000	2673.000000
365.360000	3365.000000
365.365000	4252.000000
365.370000	5084.000000
365.375000	6626.000000
365.380000	7281.000000
365.385000	8768.000000
365.390000	13193.000000
365.395000	21066.000000
365.400000	36755.000000
365.405000	42909.000000
365.410000	24730.000000
365.415000	11832.000000
365.420000	6539.000000
365.425000	3680.000000
365.430000	2814.000000
365.435000	1459.000000
365.440000	1037.000000
365.445000	847.000000
365.450000	586.000000
365.455000	528.000000
365.460000	536.000000
365.465000	405.000000
365.470000	513.000000
365.475000	428.000000
365.480000	397.000000
365.485000	347.000000
365.490000	414.000000
365.495000	372.000000
365.500000	336.000000
365.505000	333.000000
365.510000	324.000000
365.515000	363.000000
365.520000	308.000000
365.525000	353.000000
365.530000	294.000000
365.535000	248.000000
365.540000	321.000000
365.545000	282.000000
365.550000	305.000000
365.555000	444.000000
365.560000	224.000000
365.565000	314.000000
365.570000	304.000000
365.575000	270.000000
365.580000	265.000000
365.585000	193.000000
365.590000	342.000000
365.595000	269.000000
365.600000	253.000000
