Sample ID:		None
Start Time:		Wed Jun 24 2020 11:39:25 PM
Averaging Time:		1.000s

364.600000	52.000000
364.605000	24.000000
364.610000	97.000000
364.615000	53.000000
364.620000	29.000000
364.625000	106.000000
364.630000	99.000000
364.635000	36.000000
364.640000	73.000000
364.645000	82.000000
364.650000	56.000000
364.655000	58.000000
364.660000	49.000000
364.665000	78.000000
364.670000	56.000000
364.675000	74.000000
364.680000	47.000000
364.685000	123.000000
364.690000	39.000000
364.695000	136.000000
364.700000	169.000000
364.705000	110.000000
364.710000	220.000000
364.715000	284.000000
364.720000	230.000000
364.725000	195.000000
364.730000	249.000000
364.735000	141.000000
364.740000	308.000000
364.745000	336.000000
364.750000	277.000000
364.755000	295.000000
364.760000	285.000000
364.765000	255.000000
364.770000	377.000000
364.775000	369.000000
364.780000	334.000000
364.785000	298.000000
364.790000	352.000000
364.795000	332.000000
364.800000	304.000000
364.805000	268.000000
364.810000	274.000000
364.815000	356.000000
364.820000	326.000000
364.825000	375.000000
364.830000	486.000000
364.835000	326.000000
364.840000	542.000000
364.845000	599.000000
364.850000	674.000000
364.855000	656.000000
364.860000	915.000000
364.865000	1073.000000
364.870000	1547.000000
364.875000	2613.000000
364.880000	4057.000000
364.885000	6902.000000
364.890000	11728.000000
364.895000	15189.000000
364.900000	18740.000000
364.905000	23867.000000
364.910000	28804.000000
364.915000	31942.000000
364.920000	39600.000000
364.925000	58743.000000
364.930000	101364.000000
364.935000	215450.000000
364.940000	178928.000000
364.945000	71641.000000
364.950000	40614.000000
364.955000	23384.000000
364.960000	14858.000000
364.965000	8833.000000
364.970000	5604.000000
364.975000	4138.000000
364.980000	3310.000000
364.985000	2713.000000
364.990000	2117.000000
364.995000	2008.000000
365.000000	1774.000000
365.005000	1640.000000
365.010000	1470.000000
365.015000	1494.000000
365.020000	1106.000000
365.025000	1271.000000
365.030000	1165.000000
365.035000	1216.000000
365.040000	1007.000000
365.045000	891.000000
365.050000	864.000000
365.055000	800.000000
365.060000	523.000000
365.065000	727.000000
365.070000	695.000000
365.075000	624.000000
365.080000	750.000000
365.085000	594.000000
365.090000	540.000000
365.095000	630.000000
365.100000	394.000000
365.105000	402.000000
365.110000	456.000000
365.115000	485.000000
365.120000	379.000000
365.125000	500.000000
365.130000	341.000000
365.135000	339.000000
365.140000	250.000000
365.145000	473.000000
365.150000	310.000000
365.155000	405.000000
365.160000	323.000000
365.165000	307.000000
365.170000	367.000000
365.175000	378.000000
365.180000	408.000000
365.185000	343.000000
365.190000	324.000000
365.195000	327.000000
365.200000	465.000000
365.205000	398.000000
365.210000	355.000000
365.215000	277.000000
365.220000	302.000000
365.225000	277.000000
365.230000	338.000000
365.235000	299.000000
365.240000	264.000000
365.245000	180.000000
365.250000	294.000000
365.255000	256.000000
365.260000	266.000000
365.265000	501.000000
365.270000	427.000000
365.275000	298.000000
365.280000	240.000000
365.285000	302.000000
365.290000	329.000000
365.295000	215.000000
365.300000	261.000000
365.305000	279.000000
365.310000	395.000000
365.315000	356.000000
365.320000	473.000000
365.325000	545.000000
365.330000	363.000000
365.335000	660.000000
365.340000	881.000000
365.345000	1421.000000
365.350000	2214.000000
365.355000	2643.000000
365.360000	3864.000000
365.365000	4922.000000
365.370000	6135.000000
365.375000	6845.000000
365.380000	7584.000000
365.385000	10571.000000
365.390000	17405.000000
365.395000	30624.000000
365.400000	48871.000000
365.405000	31420.000000
365.410000	16172.000000
365.415000	7758.000000
365.420000	4458.000000
365.425000	3004.000000
365.430000	1752.000000
365.435000	1182.000000
365.440000	916.000000
365.445000	711.000000
365.450000	473.000000
365.455000	466.000000
365.460000	632.000000
365.465000	507.000000
365.470000	513.000000
365.475000	506.000000
365.480000	291.000000
365.485000	381.000000
365.490000	389.000000
365.495000	241.000000
365.500000	385.000000
365.505000	346.000000
365.510000	401.000000
365.515000	443.000000
365.520000	353.000000
365.525000	289.000000
365.530000	435.000000
365.535000	221.000000
365.540000	294.000000
365.545000	244.000000
365.550000	296.000000
365.555000	267.000000
365.560000	269.000000
365.565000	255.000000
365.570000	256.000000
365.575000	226.000000
365.580000	218.000000
365.585000	397.000000
365.590000	298.000000
365.595000	183.000000
365.600000	241.000000
