Sample ID:		None
Start Time:		Wed Jun 24 2020 8:25:01 PM
Averaging Time:		1.000s

364.600000	47.000000
364.605000	40.000000
364.610000	78.000000
364.615000	74.000000
364.620000	35.000000
364.625000	53.000000
364.630000	82.000000
364.635000	71.000000
364.640000	90.000000
364.645000	35.000000
364.650000	36.000000
364.655000	54.000000
364.660000	53.000000
364.665000	122.000000
364.670000	61.000000
364.675000	30.000000
364.680000	84.000000
364.685000	77.000000
364.690000	86.000000
364.695000	74.000000
364.700000	115.000000
364.705000	223.000000
364.710000	133.000000
364.715000	225.000000
364.720000	209.000000
364.725000	200.000000
364.730000	284.000000
364.735000	251.000000
364.740000	232.000000
364.745000	255.000000
364.750000	194.000000
364.755000	179.000000
364.760000	269.000000
364.765000	318.000000
364.770000	211.000000
364.775000	348.000000
364.780000	309.000000
364.785000	281.000000
364.790000	325.000000
364.795000	356.000000
364.800000	256.000000
364.805000	367.000000
364.810000	376.000000
364.815000	408.000000
364.820000	438.000000
364.825000	376.000000
364.830000	372.000000
364.835000	521.000000
364.840000	598.000000
364.845000	484.000000
364.850000	591.000000
364.855000	705.000000
364.860000	856.000000
364.865000	1167.000000
364.870000	1410.000000
364.875000	2409.000000
364.880000	3770.000000
364.885000	6158.000000
364.890000	9672.000000
364.895000	13774.000000
364.900000	17601.000000
364.905000	21829.000000
364.910000	26188.000000
364.915000	30416.000000
364.920000	36967.000000
364.925000	51900.000000
364.930000	86684.000000
364.935000	197815.000000
364.940000	197661.000000
364.945000	84075.000000
364.950000	45103.000000
364.955000	26450.000000
364.960000	16137.000000
364.965000	10404.000000
364.970000	6152.000000
364.975000	4606.000000
364.980000	3428.000000
364.985000	2797.000000
364.990000	2348.000000
364.995000	1946.000000
365.000000	2120.000000
365.005000	1335.000000
365.010000	1231.000000
365.015000	1470.000000
365.020000	1050.000000
365.025000	1041.000000
365.030000	1005.000000
365.035000	1211.000000
365.040000	957.000000
365.045000	897.000000
365.050000	864.000000
365.055000	862.000000
365.060000	733.000000
365.065000	633.000000
365.070000	811.000000
365.075000	593.000000
365.080000	665.000000
365.085000	590.000000
365.090000	504.000000
365.095000	467.000000
365.100000	479.000000
365.105000	401.000000
365.110000	554.000000
365.115000	430.000000
365.120000	313.000000
365.125000	451.000000
365.130000	324.000000
365.135000	327.000000
365.140000	294.000000
365.145000	418.000000
365.150000	431.000000
365.155000	319.000000
365.160000	255.000000
365.165000	340.000000
365.170000	363.000000
365.175000	332.000000
365.180000	359.000000
365.185000	330.000000
365.190000	338.000000
365.195000	279.000000
365.200000	359.000000
365.205000	417.000000
365.210000	241.000000
365.215000	296.000000
365.220000	292.000000
365.225000	334.000000
365.230000	376.000000
365.235000	225.000000
365.240000	341.000000
365.245000	357.000000
365.250000	275.000000
365.255000	233.000000
365.260000	341.000000
365.265000	173.000000
365.270000	276.000000
365.275000	210.000000
365.280000	301.000000
365.285000	409.000000
365.290000	320.000000
365.295000	344.000000
365.300000	355.000000
365.305000	220.000000
365.310000	497.000000
365.315000	303.000000
365.320000	401.000000
365.325000	470.000000
365.330000	493.000000
365.335000	621.000000
365.340000	923.000000
365.345000	1728.000000
365.350000	2195.000000
365.355000	3167.000000
365.360000	3955.000000
365.365000	5537.000000
365.370000	6078.000000
365.375000	7793.000000
365.380000	8447.000000
365.385000	10998.000000
365.390000	18701.000000
365.395000	33354.000000
365.400000	47514.000000
365.405000	27076.000000
365.410000	14007.000000
365.415000	7274.000000
365.420000	4373.000000
365.425000	2800.000000
365.430000	1556.000000
365.435000	946.000000
365.440000	879.000000
365.445000	521.000000
365.450000	534.000000
365.455000	576.000000
365.460000	372.000000
365.465000	377.000000
365.470000	436.000000
365.475000	309.000000
365.480000	256.000000
365.485000	381.000000
365.490000	314.000000
365.495000	285.000000
365.500000	352.000000
365.505000	338.000000
365.510000	369.000000
365.515000	339.000000
365.520000	333.000000
365.525000	242.000000
365.530000	388.000000
365.535000	274.000000
365.540000	331.000000
365.545000	263.000000
365.550000	241.000000
365.555000	311.000000
365.560000	303.000000
365.565000	230.000000
365.570000	362.000000
365.575000	317.000000
365.580000	275.000000
365.585000	209.000000
365.590000	261.000000
365.595000	149.000000
365.600000	213.000000
