Sample ID:		None
Start Time:		Wed Jun 24 2020 5:05:06 PM
Averaging Time:		1.000s

364.600000	64.000000
364.605000	68.000000
364.610000	79.000000
364.615000	125.000000
364.620000	111.000000
364.625000	68.000000
364.630000	66.000000
364.635000	48.000000
364.640000	44.000000
364.645000	64.000000
364.650000	93.000000
364.655000	42.000000
364.660000	105.000000
364.665000	78.000000
364.670000	70.000000
364.675000	44.000000
364.680000	138.000000
364.685000	155.000000
364.690000	115.000000
364.695000	104.000000
364.700000	168.000000
364.705000	235.000000
364.710000	178.000000
364.715000	224.000000
364.720000	252.000000
364.725000	203.000000
364.730000	222.000000
364.735000	236.000000
364.740000	228.000000
364.745000	283.000000
364.750000	287.000000
364.755000	200.000000
364.760000	305.000000
364.765000	425.000000
364.770000	288.000000
364.775000	306.000000
364.780000	281.000000
364.785000	304.000000
364.790000	420.000000
364.795000	337.000000
364.800000	386.000000
364.805000	414.000000
364.810000	284.000000
364.815000	342.000000
364.820000	438.000000
364.825000	380.000000
364.830000	369.000000
364.835000	521.000000
364.840000	578.000000
364.845000	585.000000
364.850000	444.000000
364.855000	703.000000
364.860000	1006.000000
364.865000	1293.000000
364.870000	1470.000000
364.875000	2608.000000
364.880000	3606.000000
364.885000	5800.000000
364.890000	9801.000000
364.895000	14131.000000
364.900000	17373.000000
364.905000	22869.000000
364.910000	27509.000000
364.915000	29438.000000
364.920000	35847.000000
364.925000	51406.000000
364.930000	89790.000000
364.935000	182970.000000
364.940000	201584.000000
364.945000	86991.000000
364.950000	45682.000000
364.955000	26990.000000
364.960000	16603.000000
364.965000	11423.000000
364.970000	6761.000000
364.975000	4213.000000
364.980000	3605.000000
364.985000	2911.000000
364.990000	2395.000000
364.995000	1877.000000
365.000000	1725.000000
365.005000	1661.000000
365.010000	1506.000000
365.015000	1501.000000
365.020000	1352.000000
365.025000	1214.000000
365.030000	1209.000000
365.035000	1138.000000
365.040000	845.000000
365.045000	905.000000
365.050000	896.000000
365.055000	785.000000
365.060000	682.000000
365.065000	602.000000
365.070000	731.000000
365.075000	537.000000
365.080000	749.000000
365.085000	664.000000
365.090000	601.000000
365.095000	441.000000
365.100000	514.000000
365.105000	532.000000
365.110000	553.000000
365.115000	364.000000
365.120000	458.000000
365.125000	459.000000
365.130000	369.000000
365.135000	424.000000
365.140000	334.000000
365.145000	311.000000
365.150000	355.000000
365.155000	418.000000
365.160000	310.000000
365.165000	419.000000
365.170000	383.000000
365.175000	303.000000
365.180000	383.000000
365.185000	501.000000
365.190000	446.000000
365.195000	347.000000
365.200000	475.000000
365.205000	374.000000
365.210000	355.000000
365.215000	321.000000
365.220000	257.000000
365.225000	230.000000
365.230000	354.000000
365.235000	314.000000
365.240000	319.000000
365.245000	522.000000
365.250000	284.000000
365.255000	330.000000
365.260000	279.000000
365.265000	312.000000
365.270000	350.000000
365.275000	319.000000
365.280000	263.000000
365.285000	319.000000
365.290000	316.000000
365.295000	269.000000
365.300000	288.000000
365.305000	268.000000
365.310000	329.000000
365.315000	339.000000
365.320000	413.000000
365.325000	571.000000
365.330000	374.000000
365.335000	588.000000
365.340000	975.000000
365.345000	1088.000000
365.350000	1961.000000
365.355000	2756.000000
365.360000	3386.000000
365.365000	4287.000000
365.370000	5519.000000
365.375000	6576.000000
365.380000	7040.000000
365.385000	8656.000000
365.390000	13902.000000
365.395000	20980.000000
365.400000	37345.000000
365.405000	40063.000000
365.410000	22783.000000
365.415000	11354.000000
365.420000	6264.000000
365.425000	3489.000000
365.430000	2170.000000
365.435000	1520.000000
365.440000	769.000000
365.445000	704.000000
365.450000	781.000000
365.455000	551.000000
365.460000	539.000000
365.465000	407.000000
365.470000	542.000000
365.475000	462.000000
365.480000	416.000000
365.485000	589.000000
365.490000	457.000000
365.495000	365.000000
365.500000	403.000000
365.505000	347.000000
365.510000	257.000000
365.515000	415.000000
365.520000	258.000000
365.525000	332.000000
365.530000	333.000000
365.535000	404.000000
365.540000	375.000000
365.545000	317.000000
365.550000	258.000000
365.555000	206.000000
365.560000	337.000000
365.565000	307.000000
365.570000	237.000000
365.575000	227.000000
365.580000	224.000000
365.585000	327.000000
365.590000	275.000000
365.595000	366.000000
365.600000	267.000000
