Sample ID:		None
Start Time:		Wed Jun 24 2020 1:46:27 PM
Averaging Time:		1.000s

364.600000	101.000000
364.605000	51.000000
364.610000	47.000000
364.615000	122.000000
364.620000	70.000000
364.625000	82.000000
364.630000	105.000000
364.635000	33.000000
364.640000	53.000000
364.645000	90.000000
364.650000	137.000000
364.655000	31.000000
364.660000	76.000000
364.665000	60.000000
364.670000	137.000000
364.675000	44.000000
364.680000	44.000000
364.685000	87.000000
364.690000	69.000000
364.695000	148.000000
364.700000	62.000000
364.705000	112.000000
364.710000	90.000000
364.715000	170.000000
364.720000	184.000000
364.725000	238.000000
364.730000	301.000000
364.735000	306.000000
364.740000	333.000000
364.745000	359.000000
364.750000	318.000000
364.755000	208.000000
364.760000	328.000000
364.765000	311.000000
364.770000	302.000000
364.775000	323.000000
364.780000	277.000000
364.785000	333.000000
364.790000	232.000000
364.795000	325.000000
364.800000	279.000000
364.805000	286.000000
364.810000	350.000000
364.815000	394.000000
364.820000	472.000000
364.825000	441.000000
364.830000	376.000000
364.835000	522.000000
364.840000	409.000000
364.845000	567.000000
364.850000	550.000000
364.855000	688.000000
364.860000	445.000000
364.865000	807.000000
364.870000	991.000000
364.875000	1152.000000
364.880000	1284.000000
364.885000	1750.000000
364.890000	3498.000000
364.895000	5380.000000
364.900000	8708.000000
364.905000	12936.000000
364.910000	16494.000000
364.915000	22017.000000
364.920000	25415.000000
364.925000	30716.000000
364.930000	38563.000000
364.935000	50130.000000
364.940000	80146.000000
364.945000	191653.000000
364.950000	215968.000000
364.955000	92145.000000
364.960000	45603.000000
364.965000	28061.000000
364.970000	17161.000000
364.975000	9674.000000
364.980000	6755.000000
364.985000	5040.000000
364.990000	2911.000000
364.995000	2554.000000
365.000000	2268.000000
365.005000	2135.000000
365.010000	1735.000000
365.015000	1700.000000
365.020000	1394.000000
365.025000	1226.000000
365.030000	1198.000000
365.035000	1236.000000
365.040000	1099.000000
365.045000	989.000000
365.050000	907.000000
365.055000	974.000000
365.060000	788.000000
365.065000	1051.000000
365.070000	805.000000
365.075000	652.000000
365.080000	664.000000
365.085000	596.000000
365.090000	752.000000
365.095000	667.000000
365.100000	599.000000
365.105000	641.000000
365.110000	488.000000
365.115000	610.000000
365.120000	516.000000
365.125000	458.000000
365.130000	498.000000
365.135000	419.000000
365.140000	509.000000
365.145000	430.000000
365.150000	298.000000
365.155000	332.000000
365.160000	343.000000
365.165000	436.000000
365.170000	460.000000
365.175000	483.000000
365.180000	357.000000
365.185000	378.000000
365.190000	354.000000
365.195000	313.000000
365.200000	431.000000
365.205000	415.000000
365.210000	375.000000
365.215000	432.000000
365.220000	320.000000
365.225000	398.000000
365.230000	258.000000
365.235000	354.000000
365.240000	385.000000
365.245000	335.000000
365.250000	388.000000
365.255000	284.000000
365.260000	185.000000
365.265000	243.000000
365.270000	375.000000
365.275000	274.000000
365.280000	326.000000
365.285000	432.000000
365.290000	397.000000
365.295000	416.000000
365.300000	299.000000
365.305000	367.000000
365.310000	285.000000
365.315000	277.000000
365.320000	439.000000
365.325000	344.000000
365.330000	401.000000
365.335000	431.000000
365.340000	542.000000
365.345000	661.000000
365.350000	924.000000
365.355000	1362.000000
365.360000	2049.000000
365.365000	2588.000000
365.370000	3962.000000
365.375000	4669.000000
365.380000	5143.000000
365.385000	6276.000000
365.390000	7036.000000
365.395000	9114.000000
365.400000	14556.000000
365.405000	21946.000000
365.410000	43877.000000
365.415000	42236.000000
365.420000	22226.000000
365.425000	10698.000000
365.430000	5862.000000
365.435000	3999.000000
365.440000	2278.000000
365.445000	1363.000000
365.450000	1019.000000
365.455000	700.000000
365.460000	419.000000
365.465000	411.000000
365.470000	592.000000
365.475000	440.000000
365.480000	563.000000
365.485000	386.000000
365.490000	325.000000
365.495000	465.000000
365.500000	453.000000
365.505000	526.000000
365.510000	394.000000
365.515000	506.000000
365.520000	466.000000
365.525000	296.000000
365.530000	342.000000
365.535000	409.000000
365.540000	304.000000
365.545000	335.000000
365.550000	352.000000
365.555000	289.000000
365.560000	369.000000
365.565000	290.000000
365.570000	251.000000
365.575000	412.000000
365.580000	343.000000
365.585000	199.000000
365.590000	332.000000
365.595000	357.000000
365.600000	281.000000
