Sample ID:		None
Start Time:		Wed Jun 24 2020 9:42:47 PM
Averaging Time:		1.000s

364.600000	33.000000
364.605000	52.000000
364.610000	68.000000
364.615000	45.000000
364.620000	21.000000
364.625000	30.000000
364.630000	43.000000
364.635000	55.000000
364.640000	18.000000
364.645000	79.000000
364.650000	62.000000
364.655000	81.000000
364.660000	98.000000
364.665000	60.000000
364.670000	72.000000
364.675000	77.000000
364.680000	140.000000
364.685000	84.000000
364.690000	99.000000
364.695000	162.000000
364.700000	162.000000
364.705000	211.000000
364.710000	227.000000
364.715000	301.000000
364.720000	202.000000
364.725000	146.000000
364.730000	335.000000
364.735000	254.000000
364.740000	237.000000
364.745000	206.000000
364.750000	241.000000
364.755000	220.000000
364.760000	226.000000
364.765000	276.000000
364.770000	307.000000
364.775000	248.000000
364.780000	334.000000
364.785000	243.000000
364.790000	308.000000
364.795000	440.000000
364.800000	353.000000
364.805000	404.000000
364.810000	308.000000
364.815000	362.000000
364.820000	441.000000
364.825000	452.000000
364.830000	609.000000
364.835000	660.000000
364.840000	778.000000
364.845000	549.000000
364.850000	555.000000
364.855000	818.000000
364.860000	973.000000
364.865000	1315.000000
364.870000	1829.000000
364.875000	3875.000000
364.880000	6570.000000
364.885000	9283.000000
364.890000	14000.000000
364.895000	19541.000000
364.900000	23019.000000
364.905000	26707.000000
364.910000	32130.000000
364.915000	37957.000000
364.920000	49571.000000
364.925000	82895.000000
364.930000	195828.000000
364.935000	192845.000000
364.940000	75178.000000
364.945000	43473.000000
364.950000	27787.000000
364.955000	14660.000000
364.960000	10321.000000
364.965000	6571.000000
364.970000	4575.000000
364.975000	2928.000000
364.980000	2838.000000
364.985000	2138.000000
364.990000	1945.000000
364.995000	2002.000000
365.000000	1763.000000
365.005000	1509.000000
365.010000	1482.000000
365.015000	1209.000000
365.020000	1259.000000
365.025000	1062.000000
365.030000	1097.000000
365.035000	869.000000
365.040000	718.000000
365.045000	824.000000
365.050000	812.000000
365.055000	755.000000
365.060000	626.000000
365.065000	894.000000
365.070000	698.000000
365.075000	489.000000
365.080000	703.000000
365.085000	440.000000
365.090000	458.000000
365.095000	515.000000
365.100000	474.000000
365.105000	530.000000
365.110000	379.000000
365.115000	442.000000
365.120000	490.000000
365.125000	367.000000
365.130000	414.000000
365.135000	279.000000
365.140000	351.000000
365.145000	404.000000
365.150000	442.000000
365.155000	404.000000
365.160000	354.000000
365.165000	241.000000
365.170000	294.000000
365.175000	298.000000
365.180000	309.000000
365.185000	380.000000
365.190000	418.000000
365.195000	285.000000
365.200000	300.000000
365.205000	435.000000
365.210000	329.000000
365.215000	378.000000
365.220000	345.000000
365.225000	308.000000
365.230000	305.000000
365.235000	364.000000
365.240000	328.000000
365.245000	292.000000
365.250000	276.000000
365.255000	212.000000
365.260000	329.000000
365.265000	248.000000
365.270000	266.000000
365.275000	306.000000
365.280000	308.000000
365.285000	197.000000
365.290000	299.000000
365.295000	333.000000
365.300000	296.000000
365.305000	445.000000
365.310000	420.000000
365.315000	361.000000
365.320000	394.000000
365.325000	554.000000
365.330000	699.000000
365.335000	786.000000
365.340000	901.000000
365.345000	1718.000000
365.350000	2311.000000
365.355000	3315.000000
365.360000	3873.000000
365.365000	5567.000000
365.370000	5777.000000
365.375000	7366.000000
365.380000	8026.000000
365.385000	11868.000000
365.390000	20008.000000
365.395000	36795.000000
365.400000	48449.000000
365.405000	26860.000000
365.410000	13651.000000
365.415000	7315.000000
365.420000	4509.000000
365.425000	2736.000000
365.430000	1722.000000
365.435000	1232.000000
365.440000	887.000000
365.445000	555.000000
365.450000	641.000000
365.455000	572.000000
365.460000	370.000000
365.465000	464.000000
365.470000	264.000000
365.475000	251.000000
365.480000	479.000000
365.485000	318.000000
365.490000	393.000000
365.495000	372.000000
365.500000	363.000000
365.505000	327.000000
365.510000	301.000000
365.515000	401.000000
365.520000	310.000000
365.525000	354.000000
365.530000	290.000000
365.535000	354.000000
365.540000	276.000000
365.545000	200.000000
365.550000	267.000000
365.555000	359.000000
365.560000	201.000000
365.565000	293.000000
365.570000	250.000000
365.575000	308.000000
365.580000	221.000000
365.585000	281.000000
365.590000	317.000000
365.595000	159.000000
365.600000	167.000000
