Sample ID:		None
Start Time:		Wed Jun 24 2020 8:02:48 PM
Averaging Time:		1.000s

364.600000	35.000000
364.605000	54.000000
364.610000	56.000000
364.615000	24.000000
364.620000	40.000000
364.625000	29.000000
364.630000	72.000000
364.635000	54.000000
364.640000	47.000000
364.645000	88.000000
364.650000	25.000000
364.655000	26.000000
364.660000	77.000000
364.665000	52.000000
364.670000	68.000000
364.675000	57.000000
364.680000	36.000000
364.685000	148.000000
364.690000	128.000000
364.695000	91.000000
364.700000	138.000000
364.705000	198.000000
364.710000	277.000000
364.715000	199.000000
364.720000	313.000000
364.725000	265.000000
364.730000	292.000000
364.735000	262.000000
364.740000	302.000000
364.745000	205.000000
364.750000	223.000000
364.755000	214.000000
364.760000	411.000000
364.765000	260.000000
364.770000	274.000000
364.775000	279.000000
364.780000	225.000000
364.785000	415.000000
364.790000	241.000000
364.795000	254.000000
364.800000	286.000000
364.805000	378.000000
364.810000	338.000000
364.815000	316.000000
364.820000	358.000000
364.825000	462.000000
364.830000	608.000000
364.835000	528.000000
364.840000	654.000000
364.845000	579.000000
364.850000	706.000000
364.855000	793.000000
364.860000	986.000000
364.865000	1115.000000
364.870000	1629.000000
364.875000	3028.000000
364.880000	4187.000000
364.885000	7394.000000
364.890000	12978.000000
364.895000	15625.000000
364.900000	19117.000000
364.905000	23614.000000
364.910000	26559.000000
364.915000	34008.000000
364.920000	41760.000000
364.925000	64137.000000
364.930000	145933.000000
364.935000	220385.000000
364.940000	123377.000000
364.945000	54602.000000
364.950000	34897.000000
364.955000	20480.000000
364.960000	13132.000000
364.965000	7751.000000
364.970000	5070.000000
364.975000	3886.000000
364.980000	2939.000000
364.985000	2473.000000
364.990000	1984.000000
364.995000	1682.000000
365.000000	1733.000000
365.005000	1436.000000
365.010000	1482.000000
365.015000	1566.000000
365.020000	1450.000000
365.025000	1166.000000
365.030000	968.000000
365.035000	956.000000
365.040000	836.000000
365.045000	908.000000
365.050000	877.000000
365.055000	989.000000
365.060000	726.000000
365.065000	626.000000
365.070000	700.000000
365.075000	543.000000
365.080000	551.000000
365.085000	579.000000
365.090000	521.000000
365.095000	583.000000
365.100000	638.000000
365.105000	404.000000
365.110000	504.000000
365.115000	467.000000
365.120000	435.000000
365.125000	367.000000
365.130000	293.000000
365.135000	243.000000
365.140000	337.000000
365.145000	307.000000
365.150000	382.000000
365.155000	243.000000
365.160000	260.000000
365.165000	395.000000
365.170000	287.000000
365.175000	264.000000
365.180000	360.000000
365.185000	356.000000
365.190000	262.000000
365.195000	429.000000
365.200000	319.000000
365.205000	346.000000
365.210000	451.000000
365.215000	444.000000
365.220000	239.000000
365.225000	356.000000
365.230000	271.000000
365.235000	322.000000
365.240000	280.000000
365.245000	340.000000
365.250000	313.000000
365.255000	291.000000
365.260000	223.000000
365.265000	302.000000
365.270000	336.000000
365.275000	210.000000
365.280000	399.000000
365.285000	192.000000
365.290000	341.000000
365.295000	232.000000
365.300000	315.000000
365.305000	269.000000
365.310000	279.000000
365.315000	365.000000
365.320000	357.000000
365.325000	491.000000
365.330000	470.000000
365.335000	805.000000
365.340000	1262.000000
365.345000	1544.000000
365.350000	2657.000000
365.355000	3283.000000
365.360000	4334.000000
365.365000	4989.000000
365.370000	6240.000000
365.375000	7498.000000
365.380000	8422.000000
365.385000	12661.000000
365.390000	20294.000000
365.395000	39057.000000
365.400000	46585.000000
365.405000	22747.000000
365.410000	11159.000000
365.415000	5997.000000
365.420000	3958.000000
365.425000	2273.000000
365.430000	1818.000000
365.435000	1043.000000
365.440000	808.000000
365.445000	599.000000
365.450000	842.000000
365.455000	591.000000
365.460000	437.000000
365.465000	391.000000
365.470000	454.000000
365.475000	400.000000
365.480000	329.000000
365.485000	391.000000
365.490000	383.000000
365.495000	395.000000
365.500000	421.000000
365.505000	363.000000
365.510000	388.000000
365.515000	311.000000
365.520000	352.000000
365.525000	324.000000
365.530000	252.000000
365.535000	437.000000
365.540000	315.000000
365.545000	380.000000
365.550000	238.000000
365.555000	180.000000
365.560000	175.000000
365.565000	213.000000
365.570000	304.000000
365.575000	217.000000
365.580000	331.000000
365.585000	294.000000
365.590000	266.000000
365.595000	233.000000
365.600000	197.000000
