Sample ID:		None
Start Time:		Wed Jun 24 2020 1:52:01 PM
Averaging Time:		1.000s

364.600000	50.000000
364.605000	102.000000
364.610000	42.000000
364.615000	90.000000
364.620000	115.000000
364.625000	80.000000
364.630000	66.000000
364.635000	87.000000
364.640000	31.000000
364.645000	57.000000
364.650000	42.000000
364.655000	64.000000
364.660000	150.000000
364.665000	80.000000
364.670000	97.000000
364.675000	94.000000
364.680000	143.000000
364.685000	74.000000
364.690000	159.000000
364.695000	99.000000
364.700000	71.000000
364.705000	167.000000
364.710000	186.000000
364.715000	230.000000
364.720000	222.000000
364.725000	257.000000
364.730000	302.000000
364.735000	188.000000
364.740000	235.000000
364.745000	247.000000
364.750000	261.000000
364.755000	248.000000
364.760000	282.000000
364.765000	249.000000
364.770000	436.000000
364.775000	296.000000
364.780000	341.000000
364.785000	241.000000
364.790000	283.000000
364.795000	415.000000
364.800000	364.000000
364.805000	388.000000
364.810000	324.000000
364.815000	344.000000
364.820000	382.000000
364.825000	415.000000
364.830000	460.000000
364.835000	437.000000
364.840000	437.000000
364.845000	443.000000
364.850000	424.000000
364.855000	589.000000
364.860000	646.000000
364.865000	792.000000
364.870000	826.000000
364.875000	1097.000000
364.880000	1381.000000
364.885000	2047.000000
364.890000	3618.000000
364.895000	5901.000000
364.900000	8251.000000
364.905000	13713.000000
364.910000	18161.000000
364.915000	22466.000000
364.920000	25803.000000
364.925000	31396.000000
364.930000	37397.000000
364.935000	51395.000000
364.940000	86330.000000
364.945000	206754.000000
364.950000	198979.000000
364.955000	78221.000000
364.960000	41618.000000
364.965000	25932.000000
364.970000	15694.000000
364.975000	8470.000000
364.980000	6212.000000
364.985000	4568.000000
364.990000	3138.000000
364.995000	2525.000000
365.000000	2179.000000
365.005000	2118.000000
365.010000	1881.000000
365.015000	1538.000000
365.020000	1728.000000
365.025000	1250.000000
365.030000	1158.000000
365.035000	1199.000000
365.040000	1019.000000
365.045000	1096.000000
365.050000	1010.000000
365.055000	898.000000
365.060000	1072.000000
365.065000	860.000000
365.070000	660.000000
365.075000	916.000000
365.080000	531.000000
365.085000	614.000000
365.090000	658.000000
365.095000	566.000000
365.100000	524.000000
365.105000	558.000000
365.110000	566.000000
365.115000	443.000000
365.120000	467.000000
365.125000	612.000000
365.130000	458.000000
365.135000	484.000000
365.140000	412.000000
365.145000	435.000000
365.150000	334.000000
365.155000	377.000000
365.160000	279.000000
365.165000	387.000000
365.170000	310.000000
365.175000	429.000000
365.180000	318.000000
365.185000	360.000000
365.190000	368.000000
365.195000	335.000000
365.200000	344.000000
365.205000	245.000000
365.210000	431.000000
365.215000	366.000000
365.220000	417.000000
365.225000	328.000000
365.230000	314.000000
365.235000	374.000000
365.240000	273.000000
365.245000	407.000000
365.250000	250.000000
365.255000	251.000000
365.260000	256.000000
365.265000	272.000000
365.270000	291.000000
365.275000	331.000000
365.280000	339.000000
365.285000	347.000000
365.290000	374.000000
365.295000	311.000000
365.300000	312.000000
365.305000	375.000000
365.310000	331.000000
365.315000	291.000000
365.320000	325.000000
365.325000	479.000000
365.330000	390.000000
365.335000	607.000000
365.340000	441.000000
365.345000	654.000000
365.350000	1036.000000
365.355000	1537.000000
365.360000	1934.000000
365.365000	3083.000000
365.370000	3741.000000
365.375000	4947.000000
365.380000	5442.000000
365.385000	6052.000000
365.390000	8540.000000
365.395000	11282.000000
365.400000	17170.000000
365.405000	30231.000000
365.410000	48728.000000
365.415000	31883.000000
365.420000	17287.000000
365.425000	7796.000000
365.430000	4263.000000
365.435000	3178.000000
365.440000	1840.000000
365.445000	1023.000000
365.450000	729.000000
365.455000	575.000000
365.460000	478.000000
365.465000	443.000000
365.470000	511.000000
365.475000	423.000000
365.480000	603.000000
365.485000	502.000000
365.490000	444.000000
365.495000	529.000000
365.500000	447.000000
365.505000	395.000000
365.510000	442.000000
365.515000	382.000000
365.520000	371.000000
365.525000	421.000000
365.530000	324.000000
365.535000	301.000000
365.540000	338.000000
365.545000	374.000000
365.550000	271.000000
365.555000	325.000000
365.560000	347.000000
365.565000	406.000000
365.570000	343.000000
365.575000	279.000000
365.580000	299.000000
365.585000	209.000000
365.590000	338.000000
365.595000	252.000000
365.600000	329.000000
