Sample ID:		None
Start Time:		Wed Jun 24 2020 8:30:35 PM
Averaging Time:		1.000s

364.600000	38.000000
364.605000	51.000000
364.610000	47.000000
364.615000	54.000000
364.620000	67.000000
364.625000	46.000000
364.630000	23.000000
364.635000	59.000000
364.640000	28.000000
364.645000	57.000000
364.650000	33.000000
364.655000	29.000000
364.660000	53.000000
364.665000	89.000000
364.670000	80.000000
364.675000	79.000000
364.680000	23.000000
364.685000	127.000000
364.690000	84.000000
364.695000	147.000000
364.700000	149.000000
364.705000	172.000000
364.710000	189.000000
364.715000	224.000000
364.720000	261.000000
364.725000	251.000000
364.730000	304.000000
364.735000	224.000000
364.740000	210.000000
364.745000	215.000000
364.750000	270.000000
364.755000	234.000000
364.760000	295.000000
364.765000	319.000000
364.770000	284.000000
364.775000	240.000000
364.780000	311.000000
364.785000	202.000000
364.790000	280.000000
364.795000	381.000000
364.800000	319.000000
364.805000	364.000000
364.810000	355.000000
364.815000	364.000000
364.820000	413.000000
364.825000	396.000000
364.830000	406.000000
364.835000	520.000000
364.840000	544.000000
364.845000	627.000000
364.850000	518.000000
364.855000	648.000000
364.860000	997.000000
364.865000	1180.000000
364.870000	1646.000000
364.875000	3238.000000
364.880000	4805.000000
364.885000	7320.000000
364.890000	11761.000000
364.895000	15891.000000
364.900000	20098.000000
364.905000	24383.000000
364.910000	28660.000000
364.915000	32975.000000
364.920000	42694.000000
364.925000	68509.000000
364.930000	137661.000000
364.935000	222346.000000
364.940000	117024.000000
364.945000	59489.000000
364.950000	32571.000000
364.955000	21668.000000
364.960000	12426.000000
364.965000	8767.000000
364.970000	5229.000000
364.975000	3548.000000
364.980000	3150.000000
364.985000	2591.000000
364.990000	1782.000000
364.995000	2063.000000
365.000000	1610.000000
365.005000	1571.000000
365.010000	1379.000000
365.015000	1392.000000
365.020000	1155.000000
365.025000	903.000000
365.030000	1019.000000
365.035000	1020.000000
365.040000	912.000000
365.045000	988.000000
365.050000	710.000000
365.055000	839.000000
365.060000	702.000000
365.065000	710.000000
365.070000	537.000000
365.075000	883.000000
365.080000	599.000000
365.085000	457.000000
365.090000	520.000000
365.095000	462.000000
365.100000	402.000000
365.105000	383.000000
365.110000	511.000000
365.115000	369.000000
365.120000	403.000000
365.125000	255.000000
365.130000	368.000000
365.135000	294.000000
365.140000	368.000000
365.145000	376.000000
365.150000	440.000000
365.155000	372.000000
365.160000	292.000000
365.165000	386.000000
365.170000	400.000000
365.175000	432.000000
365.180000	407.000000
365.185000	317.000000
365.190000	348.000000
365.195000	436.000000
365.200000	243.000000
365.205000	368.000000
365.210000	358.000000
365.215000	373.000000
365.220000	311.000000
365.225000	342.000000
365.230000	284.000000
365.235000	324.000000
365.240000	287.000000
365.245000	248.000000
365.250000	367.000000
365.255000	264.000000
365.260000	292.000000
365.265000	226.000000
365.270000	265.000000
365.275000	300.000000
365.280000	357.000000
365.285000	265.000000
365.290000	266.000000
365.295000	420.000000
365.300000	326.000000
365.305000	341.000000
365.310000	360.000000
365.315000	413.000000
365.320000	325.000000
365.325000	457.000000
365.330000	612.000000
365.335000	703.000000
365.340000	1157.000000
365.345000	1589.000000
365.350000	2494.000000
365.355000	3314.000000
365.360000	4161.000000
365.365000	5041.000000
365.370000	6110.000000
365.375000	7386.000000
365.380000	8118.000000
365.385000	12254.000000
365.390000	20476.000000
365.395000	37740.000000
365.400000	47811.000000
365.405000	25172.000000
365.410000	11056.000000
365.415000	6303.000000
365.420000	3598.000000
365.425000	2642.000000
365.430000	1483.000000
365.435000	970.000000
365.440000	826.000000
365.445000	597.000000
365.450000	563.000000
365.455000	575.000000
365.460000	540.000000
365.465000	412.000000
365.470000	413.000000
365.475000	436.000000
365.480000	341.000000
365.485000	286.000000
365.490000	446.000000
365.495000	390.000000
365.500000	296.000000
365.505000	312.000000
365.510000	270.000000
365.515000	302.000000
365.520000	363.000000
365.525000	228.000000
365.530000	301.000000
365.535000	292.000000
365.540000	406.000000
365.545000	241.000000
365.550000	252.000000
365.555000	200.000000
365.560000	275.000000
365.565000	284.000000
365.570000	277.000000
365.575000	301.000000
365.580000	200.000000
365.585000	317.000000
365.590000	340.000000
365.595000	263.000000
365.600000	134.000000
