Sample ID:		None
Start Time:		Wed Jun 24 2020 1:07:35 PM
Averaging Time:		1.000s

364.600000	70.000000
364.605000	64.000000
364.610000	94.000000
364.615000	35.000000
364.620000	47.000000
364.625000	137.000000
364.630000	101.000000
364.635000	72.000000
364.640000	98.000000
364.645000	21.000000
364.650000	74.000000
364.655000	93.000000
364.660000	48.000000
364.665000	106.000000
364.670000	106.000000
364.675000	173.000000
364.680000	117.000000
364.685000	189.000000
364.690000	42.000000
364.695000	174.000000
364.700000	136.000000
364.705000	99.000000
364.710000	134.000000
364.715000	217.000000
364.720000	119.000000
364.725000	302.000000
364.730000	221.000000
364.735000	198.000000
364.740000	279.000000
364.745000	321.000000
364.750000	241.000000
364.755000	259.000000
364.760000	242.000000
364.765000	242.000000
364.770000	257.000000
364.775000	291.000000
364.780000	271.000000
364.785000	294.000000
364.790000	400.000000
364.795000	280.000000
364.800000	385.000000
364.805000	478.000000
364.810000	346.000000
364.815000	337.000000
364.820000	433.000000
364.825000	402.000000
364.830000	425.000000
364.835000	502.000000
364.840000	492.000000
364.845000	540.000000
364.850000	419.000000
364.855000	530.000000
364.860000	598.000000
364.865000	718.000000
364.870000	791.000000
364.875000	943.000000
364.880000	1108.000000
364.885000	1779.000000
364.890000	2744.000000
364.895000	4450.000000
364.900000	7395.000000
364.905000	10781.000000
364.910000	15979.000000
364.915000	19961.000000
364.920000	23791.000000
364.925000	27567.000000
364.930000	33467.000000
364.935000	42832.000000
364.940000	68843.000000
364.945000	150250.000000
364.950000	225333.000000
364.955000	129983.000000
364.960000	42802.000000
364.965000	32680.000000
364.970000	20851.000000
364.975000	12105.000000
364.980000	7433.000000
364.985000	4754.000000
364.990000	3457.000000
364.995000	2575.000000
365.000000	2489.000000
365.005000	1936.000000
365.010000	2156.000000
365.015000	1917.000000
365.020000	1500.000000
365.025000	1296.000000
365.030000	1326.000000
365.035000	1308.000000
365.040000	1158.000000
365.045000	1138.000000
365.050000	774.000000
365.055000	716.000000
365.060000	827.000000
365.065000	706.000000
365.070000	639.000000
365.075000	733.000000
365.080000	767.000000
365.085000	660.000000
365.090000	712.000000
365.095000	521.000000
365.100000	606.000000
365.105000	543.000000
365.110000	379.000000
365.115000	606.000000
365.120000	555.000000
365.125000	409.000000
365.130000	465.000000
365.135000	498.000000
365.140000	348.000000
365.145000	381.000000
365.150000	486.000000
365.155000	294.000000
365.160000	379.000000
365.165000	279.000000
365.170000	411.000000
365.175000	421.000000
365.180000	298.000000
365.185000	448.000000
365.190000	347.000000
365.195000	287.000000
365.200000	422.000000
365.205000	351.000000
365.210000	477.000000
365.215000	300.000000
365.220000	319.000000
365.225000	377.000000
365.230000	343.000000
365.235000	283.000000
365.240000	330.000000
365.245000	241.000000
365.250000	424.000000
365.255000	297.000000
365.260000	288.000000
365.265000	256.000000
365.270000	362.000000
365.275000	278.000000
365.280000	238.000000
365.285000	250.000000
365.290000	322.000000
365.295000	327.000000
365.300000	290.000000
365.305000	362.000000
365.310000	297.000000
365.315000	329.000000
365.320000	298.000000
365.325000	262.000000
365.330000	363.000000
365.335000	366.000000
365.340000	476.000000
365.345000	529.000000
365.350000	697.000000
365.355000	1124.000000
365.360000	1772.000000
365.365000	2308.000000
365.370000	3064.000000
365.375000	4020.000000
365.380000	4986.000000
365.385000	5522.000000
365.390000	6727.000000
365.395000	8208.000000
365.400000	11710.000000
365.405000	19170.000000
365.410000	35853.000000
365.415000	43801.000000
365.420000	22618.000000
365.425000	10853.000000
365.430000	5982.000000
365.435000	3978.000000
365.440000	2677.000000
365.445000	1472.000000
365.450000	1029.000000
365.455000	561.000000
365.460000	618.000000
365.465000	584.000000
365.470000	546.000000
365.475000	482.000000
365.480000	456.000000
365.485000	365.000000
365.490000	423.000000
365.495000	391.000000
365.500000	416.000000
365.505000	452.000000
365.510000	442.000000
365.515000	453.000000
365.520000	384.000000
365.525000	359.000000
365.530000	404.000000
365.535000	330.000000
365.540000	352.000000
365.545000	392.000000
365.550000	342.000000
365.555000	395.000000
365.560000	205.000000
365.565000	364.000000
365.570000	291.000000
365.575000	289.000000
365.580000	324.000000
365.585000	245.000000
365.590000	374.000000
365.595000	223.000000
365.600000	236.000000
