Sample ID:		None
Start Time:		Wed Jun 24 2020 4:20:43 PM
Averaging Time:		1.000s

364.600000	72.000000
364.605000	56.000000
364.610000	93.000000
364.615000	30.000000
364.620000	145.000000
364.625000	82.000000
364.630000	65.000000
364.635000	97.000000
364.640000	66.000000
364.645000	26.000000
364.650000	70.000000
364.655000	159.000000
364.660000	84.000000
364.665000	80.000000
364.670000	104.000000
364.675000	90.000000
364.680000	97.000000
364.685000	77.000000
364.690000	114.000000
364.695000	165.000000
364.700000	115.000000
364.705000	222.000000
364.710000	221.000000
364.715000	242.000000
364.720000	295.000000
364.725000	272.000000
364.730000	248.000000
364.735000	289.000000
364.740000	328.000000
364.745000	268.000000
364.750000	430.000000
364.755000	415.000000
364.760000	243.000000
364.765000	236.000000
364.770000	362.000000
364.775000	188.000000
364.780000	290.000000
364.785000	306.000000
364.790000	223.000000
364.795000	380.000000
364.800000	363.000000
364.805000	514.000000
364.810000	428.000000
364.815000	375.000000
364.820000	385.000000
364.825000	275.000000
364.830000	444.000000
364.835000	546.000000
364.840000	553.000000
364.845000	556.000000
364.850000	676.000000
364.855000	683.000000
364.860000	827.000000
364.865000	923.000000
364.870000	1162.000000
364.875000	1613.000000
364.880000	2551.000000
364.885000	4700.000000
364.890000	8456.000000
364.895000	11923.000000
364.900000	15589.000000
364.905000	19716.000000
364.910000	26974.000000
364.915000	27652.000000
364.920000	33307.000000
364.925000	42777.000000
364.930000	60306.000000
364.935000	122133.000000
364.940000	225312.000000
364.945000	143847.000000
364.950000	58669.000000
364.955000	34126.000000
364.960000	20794.000000
364.965000	13985.000000
364.970000	9142.000000
364.975000	5641.000000
364.980000	3996.000000
364.985000	3000.000000
364.990000	2342.000000
364.995000	2317.000000
365.000000	1819.000000
365.005000	1880.000000
365.010000	1568.000000
365.015000	1370.000000
365.020000	1525.000000
365.025000	1311.000000
365.030000	1156.000000
365.035000	1262.000000
365.040000	1005.000000
365.045000	1072.000000
365.050000	931.000000
365.055000	811.000000
365.060000	844.000000
365.065000	857.000000
365.070000	611.000000
365.075000	708.000000
365.080000	757.000000
365.085000	565.000000
365.090000	538.000000
365.095000	562.000000
365.100000	456.000000
365.105000	462.000000
365.110000	499.000000
365.115000	479.000000
365.120000	447.000000
365.125000	437.000000
365.130000	409.000000
365.135000	459.000000
365.140000	436.000000
365.145000	272.000000
365.150000	382.000000
365.155000	338.000000
365.160000	295.000000
365.165000	345.000000
365.170000	408.000000
365.175000	383.000000
365.180000	351.000000
365.185000	397.000000
365.190000	444.000000
365.195000	347.000000
365.200000	366.000000
365.205000	326.000000
365.210000	292.000000
365.215000	415.000000
365.220000	342.000000
365.225000	300.000000
365.230000	335.000000
365.235000	348.000000
365.240000	372.000000
365.245000	362.000000
365.250000	407.000000
365.255000	396.000000
365.260000	246.000000
365.265000	467.000000
365.270000	304.000000
365.275000	412.000000
365.280000	414.000000
365.285000	318.000000
365.290000	244.000000
365.295000	522.000000
365.300000	368.000000
365.305000	304.000000
365.310000	362.000000
365.315000	264.000000
365.320000	362.000000
365.325000	430.000000
365.330000	396.000000
365.335000	591.000000
365.340000	795.000000
365.345000	894.000000
365.350000	1352.000000
365.355000	1890.000000
365.360000	2831.000000
365.365000	3789.000000
365.370000	4953.000000
365.375000	6113.000000
365.380000	6453.000000
365.385000	7871.000000
365.390000	11061.000000
365.395000	16711.000000
365.400000	24665.000000
365.405000	49388.000000
365.410000	35790.000000
365.415000	18082.000000
365.420000	9200.000000
365.425000	5144.000000
365.430000	3503.000000
365.435000	2144.000000
365.440000	1183.000000
365.445000	713.000000
365.450000	669.000000
365.455000	695.000000
365.460000	509.000000
365.465000	619.000000
365.470000	411.000000
365.475000	531.000000
365.480000	579.000000
365.485000	359.000000
365.490000	443.000000
365.495000	373.000000
365.500000	439.000000
365.505000	430.000000
365.510000	404.000000
365.515000	448.000000
365.520000	413.000000
365.525000	463.000000
365.530000	325.000000
365.535000	432.000000
365.540000	405.000000
365.545000	467.000000
365.550000	335.000000
365.555000	314.000000
365.560000	230.000000
365.565000	405.000000
365.570000	338.000000
365.575000	270.000000
365.580000	235.000000
365.585000	419.000000
365.590000	222.000000
365.595000	290.000000
365.600000	271.000000
