Sample ID:		None
Start Time:		Wed Jun 24 2020 7:51:41 PM
Averaging Time:		1.000s

364.600000	35.000000
364.605000	91.000000
364.610000	56.000000
364.615000	75.000000
364.620000	68.000000
364.625000	46.000000
364.630000	55.000000
364.635000	94.000000
364.640000	58.000000
364.645000	34.000000
364.650000	46.000000
364.655000	50.000000
364.660000	38.000000
364.665000	57.000000
364.670000	80.000000
364.675000	59.000000
364.680000	52.000000
364.685000	63.000000
364.690000	88.000000
364.695000	125.000000
364.700000	213.000000
364.705000	138.000000
364.710000	251.000000
364.715000	300.000000
364.720000	230.000000
364.725000	197.000000
364.730000	199.000000
364.735000	203.000000
364.740000	163.000000
364.745000	188.000000
364.750000	184.000000
364.755000	165.000000
364.760000	398.000000
364.765000	271.000000
364.770000	306.000000
364.775000	285.000000
364.780000	322.000000
364.785000	249.000000
364.790000	232.000000
364.795000	342.000000
364.800000	356.000000
364.805000	287.000000
364.810000	397.000000
364.815000	329.000000
364.820000	329.000000
364.825000	398.000000
364.830000	420.000000
364.835000	548.000000
364.840000	396.000000
364.845000	540.000000
364.850000	712.000000
364.855000	761.000000
364.860000	975.000000
364.865000	1078.000000
364.870000	1849.000000
364.875000	3231.000000
364.880000	4745.000000
364.885000	7825.000000
364.890000	11745.000000
364.895000	15954.000000
364.900000	19843.000000
364.905000	25897.000000
364.910000	29051.000000
364.915000	33493.000000
364.920000	42534.000000
364.925000	65661.000000
364.930000	151476.000000
364.935000	222107.000000
364.940000	123524.000000
364.945000	56294.000000
364.950000	33797.000000
364.955000	18544.000000
364.960000	12543.000000
364.965000	8323.000000
364.970000	4645.000000
364.975000	3217.000000
364.980000	2891.000000
364.985000	2538.000000
364.990000	1909.000000
364.995000	1482.000000
365.000000	1609.000000
365.005000	1469.000000
365.010000	1274.000000
365.015000	1249.000000
365.020000	1267.000000
365.025000	1006.000000
365.030000	844.000000
365.035000	934.000000
365.040000	974.000000
365.045000	1016.000000
365.050000	1002.000000
365.055000	864.000000
365.060000	808.000000
365.065000	726.000000
365.070000	657.000000
365.075000	617.000000
365.080000	600.000000
365.085000	520.000000
365.090000	562.000000
365.095000	521.000000
365.100000	421.000000
365.105000	433.000000
365.110000	408.000000
365.115000	478.000000
365.120000	425.000000
365.125000	404.000000
365.130000	289.000000
365.135000	265.000000
365.140000	309.000000
365.145000	363.000000
365.150000	303.000000
365.155000	430.000000
365.160000	423.000000
365.165000	298.000000
365.170000	359.000000
365.175000	324.000000
365.180000	335.000000
365.185000	303.000000
365.190000	355.000000
365.195000	319.000000
365.200000	374.000000
365.205000	249.000000
365.210000	288.000000
365.215000	281.000000
365.220000	323.000000
365.225000	342.000000
365.230000	180.000000
365.235000	385.000000
365.240000	384.000000
365.245000	304.000000
365.250000	215.000000
365.255000	272.000000
365.260000	300.000000
365.265000	215.000000
365.270000	207.000000
365.275000	359.000000
365.280000	319.000000
365.285000	240.000000
365.290000	310.000000
365.295000	373.000000
365.300000	284.000000
365.305000	261.000000
365.310000	343.000000
365.315000	397.000000
365.320000	398.000000
365.325000	465.000000
365.330000	477.000000
365.335000	693.000000
365.340000	1173.000000
365.345000	1506.000000
365.350000	2223.000000
365.355000	3187.000000
365.360000	3748.000000
365.365000	4721.000000
365.370000	5912.000000
365.375000	6849.000000
365.380000	7450.000000
365.385000	10936.000000
365.390000	17837.000000
365.395000	31738.000000
365.400000	47867.000000
365.405000	28126.000000
365.410000	15441.000000
365.415000	7249.000000
365.420000	4416.000000
365.425000	2895.000000
365.430000	1820.000000
365.435000	980.000000
365.440000	755.000000
365.445000	557.000000
365.450000	692.000000
365.455000	522.000000
365.460000	469.000000
365.465000	492.000000
365.470000	422.000000
365.475000	435.000000
365.480000	331.000000
365.485000	343.000000
365.490000	419.000000
365.495000	379.000000
365.500000	389.000000
365.505000	360.000000
365.510000	319.000000
365.515000	296.000000
365.520000	359.000000
365.525000	243.000000
365.530000	349.000000
365.535000	355.000000
365.540000	236.000000
365.545000	227.000000
365.550000	263.000000
365.555000	230.000000
365.560000	220.000000
365.565000	388.000000
365.570000	388.000000
365.575000	268.000000
365.580000	301.000000
365.585000	312.000000
365.590000	283.000000
365.595000	191.000000
365.600000	207.000000
