Sample ID:		None
Start Time:		Wed Jun 24 2020 11:00:32 PM
Averaging Time:		1.000s

364.600000	61.000000
364.605000	37.000000
364.610000	105.000000
364.615000	43.000000
364.620000	46.000000
364.625000	80.000000
364.630000	50.000000
364.635000	80.000000
364.640000	29.000000
364.645000	49.000000
364.650000	20.000000
364.655000	73.000000
364.660000	52.000000
364.665000	42.000000
364.670000	42.000000
364.675000	73.000000
364.680000	48.000000
364.685000	107.000000
364.690000	146.000000
364.695000	93.000000
364.700000	175.000000
364.705000	130.000000
364.710000	273.000000
364.715000	167.000000
364.720000	203.000000
364.725000	246.000000
364.730000	197.000000
364.735000	257.000000
364.740000	284.000000
364.745000	211.000000
364.750000	212.000000
364.755000	256.000000
364.760000	178.000000
364.765000	255.000000
364.770000	275.000000
364.775000	282.000000
364.780000	378.000000
364.785000	258.000000
364.790000	299.000000
364.795000	296.000000
364.800000	348.000000
364.805000	283.000000
364.810000	296.000000
364.815000	303.000000
364.820000	259.000000
364.825000	508.000000
364.830000	541.000000
364.835000	488.000000
364.840000	494.000000
364.845000	448.000000
364.850000	581.000000
364.855000	625.000000
364.860000	883.000000
364.865000	1103.000000
364.870000	1342.000000
364.875000	1932.000000
364.880000	3144.000000
364.885000	5043.000000
364.890000	10020.000000
364.895000	12792.000000
364.900000	15933.000000
364.905000	20880.000000
364.910000	26197.000000
364.915000	29094.000000
364.920000	35347.000000
364.925000	47449.000000
364.930000	81513.000000
364.935000	165981.000000
364.940000	215959.000000
364.945000	101002.000000
364.950000	47445.000000
364.955000	28388.000000
364.960000	17211.000000
364.965000	11510.000000
364.970000	6504.000000
364.975000	3914.000000
364.980000	3613.000000
364.985000	2760.000000
364.990000	2341.000000
364.995000	2005.000000
365.000000	1677.000000
365.005000	1539.000000
365.010000	1483.000000
365.015000	1408.000000
365.020000	1257.000000
365.025000	1108.000000
365.030000	963.000000
365.035000	836.000000
365.040000	938.000000
365.045000	986.000000
365.050000	1243.000000
365.055000	1066.000000
365.060000	757.000000
365.065000	736.000000
365.070000	846.000000
365.075000	564.000000
365.080000	594.000000
365.085000	601.000000
365.090000	582.000000
365.095000	554.000000
365.100000	497.000000
365.105000	397.000000
365.110000	430.000000
365.115000	391.000000
365.120000	439.000000
365.125000	492.000000
365.130000	358.000000
365.135000	422.000000
365.140000	364.000000
365.145000	449.000000
365.150000	319.000000
365.155000	279.000000
365.160000	332.000000
365.165000	358.000000
365.170000	329.000000
365.175000	428.000000
365.180000	361.000000
365.185000	270.000000
365.190000	375.000000
365.195000	335.000000
365.200000	442.000000
365.205000	357.000000
365.210000	379.000000
365.215000	241.000000
365.220000	339.000000
365.225000	309.000000
365.230000	282.000000
365.235000	333.000000
365.240000	248.000000
365.245000	342.000000
365.250000	371.000000
365.255000	348.000000
365.260000	213.000000
365.265000	213.000000
365.270000	157.000000
365.275000	298.000000
365.280000	265.000000
365.285000	355.000000
365.290000	403.000000
365.295000	300.000000
365.300000	304.000000
365.305000	348.000000
365.310000	302.000000
365.315000	291.000000
365.320000	335.000000
365.325000	407.000000
365.330000	496.000000
365.335000	704.000000
365.340000	1206.000000
365.345000	1150.000000
365.350000	2351.000000
365.355000	3381.000000
365.360000	3966.000000
365.365000	4943.000000
365.370000	5833.000000
365.375000	6989.000000
365.380000	7959.000000
365.385000	10513.000000
365.390000	20617.000000
365.395000	31731.000000
365.400000	50375.000000
365.405000	28286.000000
365.410000	15169.000000
365.415000	7999.000000
365.420000	4832.000000
365.425000	2687.000000
365.430000	1598.000000
365.435000	994.000000
365.440000	982.000000
365.445000	725.000000
365.450000	547.000000
365.455000	575.000000
365.460000	508.000000
365.465000	571.000000
365.470000	416.000000
365.475000	388.000000
365.480000	397.000000
365.485000	316.000000
365.490000	438.000000
365.495000	297.000000
365.500000	402.000000
365.505000	407.000000
365.510000	343.000000
365.515000	368.000000
365.520000	396.000000
365.525000	361.000000
365.530000	251.000000
365.535000	274.000000
365.540000	344.000000
365.545000	330.000000
365.550000	235.000000
365.555000	268.000000
365.560000	265.000000
365.565000	275.000000
365.570000	217.000000
365.575000	210.000000
365.580000	174.000000
365.585000	250.000000
365.590000	233.000000
365.595000	275.000000
365.600000	237.000000
