Sample ID:		None
Start Time:		Wed Jun 24 2020 6:56:09 PM
Averaging Time:		1.000s

364.600000	37.000000
364.605000	36.000000
364.610000	53.000000
364.615000	39.000000
364.620000	30.000000
364.625000	38.000000
364.630000	27.000000
364.635000	40.000000
364.640000	32.000000
364.645000	74.000000
364.650000	33.000000
364.655000	83.000000
364.660000	49.000000
364.665000	47.000000
364.670000	87.000000
364.675000	64.000000
364.680000	66.000000
364.685000	75.000000
364.690000	117.000000
364.695000	110.000000
364.700000	166.000000
364.705000	126.000000
364.710000	367.000000
364.715000	300.000000
364.720000	183.000000
364.725000	301.000000
364.730000	206.000000
364.735000	301.000000
364.740000	300.000000
364.745000	269.000000
364.750000	158.000000
364.755000	244.000000
364.760000	293.000000
364.765000	185.000000
364.770000	246.000000
364.775000	322.000000
364.780000	268.000000
364.785000	343.000000
364.790000	379.000000
364.795000	307.000000
364.800000	362.000000
364.805000	368.000000
364.810000	450.000000
364.815000	392.000000
364.820000	324.000000
364.825000	295.000000
364.830000	513.000000
364.835000	431.000000
364.840000	544.000000
364.845000	521.000000
364.850000	718.000000
364.855000	744.000000
364.860000	967.000000
364.865000	1006.000000
364.870000	1410.000000
364.875000	2565.000000
364.880000	3905.000000
364.885000	5625.000000
364.890000	10057.000000
364.895000	13731.000000
364.900000	17031.000000
364.905000	22230.000000
364.910000	27939.000000
364.915000	31227.000000
364.920000	36714.000000
364.925000	54243.000000
364.930000	89495.000000
364.935000	194281.000000
364.940000	166148.000000
364.945000	75624.000000
364.950000	42168.000000
364.955000	24026.000000
364.960000	16595.000000
364.965000	11480.000000
364.970000	6351.000000
364.975000	3828.000000
364.980000	3380.000000
364.985000	2750.000000
364.990000	2100.000000
364.995000	2184.000000
365.000000	1891.000000
365.005000	1652.000000
365.010000	1433.000000
365.015000	1233.000000
365.020000	1101.000000
365.025000	1136.000000
365.030000	1062.000000
365.035000	1188.000000
365.040000	1047.000000
365.045000	736.000000
365.050000	825.000000
365.055000	853.000000
365.060000	749.000000
365.065000	749.000000
365.070000	446.000000
365.075000	657.000000
365.080000	577.000000
365.085000	496.000000
365.090000	587.000000
365.095000	517.000000
365.100000	429.000000
365.105000	436.000000
365.110000	401.000000
365.115000	418.000000
365.120000	390.000000
365.125000	305.000000
365.130000	348.000000
365.135000	307.000000
365.140000	404.000000
365.145000	243.000000
365.150000	313.000000
365.155000	376.000000
365.160000	292.000000
365.165000	294.000000
365.170000	332.000000
365.175000	278.000000
365.180000	369.000000
365.185000	376.000000
365.190000	388.000000
365.195000	362.000000
365.200000	336.000000
365.205000	275.000000
365.210000	330.000000
365.215000	319.000000
365.220000	424.000000
365.225000	289.000000
365.230000	325.000000
365.235000	346.000000
365.240000	391.000000
365.245000	418.000000
365.250000	348.000000
365.255000	332.000000
365.260000	266.000000
365.265000	269.000000
365.270000	273.000000
365.275000	244.000000
365.280000	322.000000
365.285000	276.000000
365.290000	449.000000
365.295000	246.000000
365.300000	470.000000
365.305000	382.000000
365.310000	389.000000
365.315000	359.000000
365.320000	484.000000
365.325000	401.000000
365.330000	460.000000
365.335000	545.000000
365.340000	671.000000
365.345000	1237.000000
365.350000	1879.000000
365.355000	2705.000000
365.360000	3658.000000
365.365000	4140.000000
365.370000	5461.000000
365.375000	6604.000000
365.380000	7217.000000
365.385000	8756.000000
365.390000	13612.000000
365.395000	22824.000000
365.400000	40944.000000
365.405000	40923.000000
365.410000	18511.000000
365.415000	10164.000000
365.420000	5846.000000
365.425000	3544.000000
365.430000	2583.000000
365.435000	1464.000000
365.440000	804.000000
365.445000	746.000000
365.450000	633.000000
365.455000	606.000000
365.460000	432.000000
365.465000	604.000000
365.470000	460.000000
365.475000	349.000000
365.480000	494.000000
365.485000	401.000000
365.490000	281.000000
365.495000	484.000000
365.500000	387.000000
365.505000	379.000000
365.510000	274.000000
365.515000	283.000000
365.520000	441.000000
365.525000	281.000000
365.530000	345.000000
365.535000	339.000000
365.540000	251.000000
365.545000	305.000000
365.550000	258.000000
365.555000	454.000000
365.560000	350.000000
365.565000	310.000000
365.570000	209.000000
365.575000	278.000000
365.580000	293.000000
365.585000	271.000000
365.590000	263.000000
365.595000	319.000000
365.600000	104.000000
