Sample ID:		None
Start Time:		Wed Jun 24 2020 10:32:46 PM
Averaging Time:		1.000s

364.600000	22.000000
364.605000	8.000000
364.610000	62.000000
364.615000	50.000000
364.620000	37.000000
364.625000	45.000000
364.630000	31.000000
364.635000	46.000000
364.640000	43.000000
364.645000	82.000000
364.650000	37.000000
364.655000	36.000000
364.660000	44.000000
364.665000	41.000000
364.670000	62.000000
364.675000	52.000000
364.680000	48.000000
364.685000	95.000000
364.690000	97.000000
364.695000	110.000000
364.700000	155.000000
364.705000	229.000000
364.710000	173.000000
364.715000	304.000000
364.720000	246.000000
364.725000	159.000000
364.730000	252.000000
364.735000	283.000000
364.740000	323.000000
364.745000	126.000000
364.750000	275.000000
364.755000	293.000000
364.760000	311.000000
364.765000	318.000000
364.770000	330.000000
364.775000	325.000000
364.780000	286.000000
364.785000	292.000000
364.790000	428.000000
364.795000	213.000000
364.800000	225.000000
364.805000	303.000000
364.810000	423.000000
364.815000	351.000000
364.820000	292.000000
364.825000	419.000000
364.830000	642.000000
364.835000	494.000000
364.840000	474.000000
364.845000	560.000000
364.850000	724.000000
364.855000	757.000000
364.860000	800.000000
364.865000	1233.000000
364.870000	1625.000000
364.875000	3040.000000
364.880000	4148.000000
364.885000	6165.000000
364.890000	10356.000000
364.895000	16405.000000
364.900000	18772.000000
364.905000	23946.000000
364.910000	27874.000000
364.915000	33405.000000
364.920000	42011.000000
364.925000	61536.000000
364.930000	141942.000000
364.935000	226099.000000
364.940000	129480.000000
364.945000	60277.000000
364.950000	36694.000000
364.955000	20490.000000
364.960000	13022.000000
364.965000	8810.000000
364.970000	5104.000000
364.975000	3606.000000
364.980000	2944.000000
364.985000	2737.000000
364.990000	2255.000000
364.995000	2165.000000
365.000000	2061.000000
365.005000	1497.000000
365.010000	1470.000000
365.015000	1507.000000
365.020000	1242.000000
365.025000	1282.000000
365.030000	1159.000000
365.035000	860.000000
365.040000	1053.000000
365.045000	925.000000
365.050000	785.000000
365.055000	796.000000
365.060000	781.000000
365.065000	751.000000
365.070000	683.000000
365.075000	689.000000
365.080000	533.000000
365.085000	542.000000
365.090000	513.000000
365.095000	494.000000
365.100000	464.000000
365.105000	343.000000
365.110000	309.000000
365.115000	464.000000
365.120000	505.000000
365.125000	491.000000
365.130000	408.000000
365.135000	252.000000
365.140000	244.000000
365.145000	349.000000
365.150000	366.000000
365.155000	348.000000
365.160000	318.000000
365.165000	388.000000
365.170000	417.000000
365.175000	407.000000
365.180000	503.000000
365.185000	305.000000
365.190000	256.000000
365.195000	321.000000
365.200000	272.000000
365.205000	389.000000
365.210000	309.000000
365.215000	247.000000
365.220000	235.000000
365.225000	331.000000
365.230000	365.000000
365.235000	352.000000
365.240000	256.000000
365.245000	307.000000
365.250000	301.000000
365.255000	249.000000
365.260000	272.000000
365.265000	335.000000
365.270000	262.000000
365.275000	341.000000
365.280000	298.000000
365.285000	261.000000
365.290000	408.000000
365.295000	284.000000
365.300000	297.000000
365.305000	233.000000
365.310000	421.000000
365.315000	338.000000
365.320000	412.000000
365.325000	495.000000
365.330000	520.000000
365.335000	612.000000
365.340000	1197.000000
365.345000	1746.000000
365.350000	2529.000000
365.355000	3431.000000
365.360000	4569.000000
365.365000	5066.000000
365.370000	6156.000000
365.375000	7467.000000
365.380000	8500.000000
365.385000	12131.000000
365.390000	22233.000000
365.395000	39265.000000
365.400000	49129.000000
365.405000	25799.000000
365.410000	12923.000000
365.415000	6668.000000
365.420000	4193.000000
365.425000	2158.000000
365.430000	1497.000000
365.435000	859.000000
365.440000	705.000000
365.445000	677.000000
365.450000	642.000000
365.455000	400.000000
365.460000	433.000000
365.465000	473.000000
365.470000	448.000000
365.475000	561.000000
365.480000	393.000000
365.485000	390.000000
365.490000	301.000000
365.495000	467.000000
365.500000	321.000000
365.505000	450.000000
365.510000	437.000000
365.515000	426.000000
365.520000	318.000000
365.525000	242.000000
365.530000	327.000000
365.535000	272.000000
365.540000	273.000000
365.545000	356.000000
365.550000	236.000000
365.555000	222.000000
365.560000	253.000000
365.565000	295.000000
365.570000	250.000000
365.575000	300.000000
365.580000	369.000000
365.585000	187.000000
365.590000	146.000000
365.595000	202.000000
365.600000	184.000000
