Sample ID:		None
Start Time:		Wed Jun 24 2020 3:09:51 PM
Averaging Time:		1.000s

364.600000	90.000000
364.605000	34.000000
364.610000	50.000000
364.615000	44.000000
364.620000	79.000000
364.625000	80.000000
364.630000	134.000000
364.635000	53.000000
364.640000	93.000000
364.645000	49.000000
364.650000	96.000000
364.655000	40.000000
364.660000	114.000000
364.665000	147.000000
364.670000	150.000000
364.675000	57.000000
364.680000	84.000000
364.685000	174.000000
364.690000	136.000000
364.695000	91.000000
364.700000	166.000000
364.705000	122.000000
364.710000	166.000000
364.715000	279.000000
364.720000	396.000000
364.725000	233.000000
364.730000	329.000000
364.735000	313.000000
364.740000	303.000000
364.745000	320.000000
364.750000	274.000000
364.755000	381.000000
364.760000	353.000000
364.765000	279.000000
364.770000	294.000000
364.775000	299.000000
364.780000	435.000000
364.785000	373.000000
364.790000	399.000000
364.795000	410.000000
364.800000	393.000000
364.805000	398.000000
364.810000	412.000000
364.815000	366.000000
364.820000	381.000000
364.825000	429.000000
364.830000	549.000000
364.835000	721.000000
364.840000	347.000000
364.845000	571.000000
364.850000	441.000000
364.855000	654.000000
364.860000	670.000000
364.865000	838.000000
364.870000	915.000000
364.875000	1361.000000
364.880000	2037.000000
364.885000	3689.000000
364.890000	5210.000000
364.895000	10210.000000
364.900000	12397.000000
364.905000	14526.000000
364.910000	20548.000000
364.915000	27388.000000
364.920000	31325.000000
364.925000	40539.000000
364.930000	51859.000000
364.935000	77816.000000
364.940000	163099.000000
364.945000	223881.000000
364.950000	121706.000000
364.955000	45305.000000
364.960000	29807.000000
364.965000	20374.000000
364.970000	12378.000000
364.975000	7026.000000
364.980000	4556.000000
364.985000	3745.000000
364.990000	2898.000000
364.995000	2367.000000
365.000000	2229.000000
365.005000	1879.000000
365.010000	1381.000000
365.015000	1594.000000
365.020000	1462.000000
365.025000	1256.000000
365.030000	1280.000000
365.035000	1064.000000
365.040000	926.000000
365.045000	1125.000000
365.050000	899.000000
365.055000	861.000000
365.060000	897.000000
365.065000	820.000000
365.070000	864.000000
365.075000	524.000000
365.080000	688.000000
365.085000	663.000000
365.090000	564.000000
365.095000	590.000000
365.100000	532.000000
365.105000	581.000000
365.110000	396.000000
365.115000	472.000000
365.120000	391.000000
365.125000	590.000000
365.130000	377.000000
365.135000	428.000000
365.140000	447.000000
365.145000	339.000000
365.150000	366.000000
365.155000	429.000000
365.160000	410.000000
365.165000	339.000000
365.170000	434.000000
365.175000	363.000000
365.180000	381.000000
365.185000	440.000000
365.190000	431.000000
365.195000	443.000000
365.200000	315.000000
365.205000	377.000000
365.210000	399.000000
365.215000	388.000000
365.220000	270.000000
365.225000	514.000000
365.230000	340.000000
365.235000	296.000000
365.240000	382.000000
365.245000	306.000000
365.250000	373.000000
365.255000	389.000000
365.260000	379.000000
365.265000	381.000000
365.270000	305.000000
365.275000	346.000000
365.280000	381.000000
365.285000	290.000000
365.290000	328.000000
365.295000	354.000000
365.300000	366.000000
365.305000	386.000000
365.310000	341.000000
365.315000	527.000000
365.320000	339.000000
365.325000	410.000000
365.330000	523.000000
365.335000	437.000000
365.340000	677.000000
365.345000	851.000000
365.350000	1158.000000
365.355000	1909.000000
365.360000	2470.000000
365.365000	3497.000000
365.370000	4904.000000
365.375000	5375.000000
365.380000	5728.000000
365.385000	7533.000000
365.390000	10390.000000
365.395000	14738.000000
365.400000	23915.000000
365.405000	45239.000000
365.410000	37807.000000
365.415000	26580.000000
365.420000	15217.000000
365.425000	7474.000000
365.430000	4679.000000
365.435000	2884.000000
365.440000	1640.000000
365.445000	1083.000000
365.450000	713.000000
365.455000	796.000000
365.460000	591.000000
365.465000	583.000000
365.470000	380.000000
365.475000	500.000000
365.480000	407.000000
365.485000	465.000000
365.490000	377.000000
365.495000	387.000000
365.500000	438.000000
365.505000	364.000000
365.510000	395.000000
365.515000	303.000000
365.520000	424.000000
365.525000	409.000000
365.530000	342.000000
365.535000	377.000000
365.540000	395.000000
365.545000	370.000000
365.550000	328.000000
365.555000	391.000000
365.560000	260.000000
365.565000	330.000000
365.570000	427.000000
365.575000	313.000000
365.580000	323.000000
365.585000	388.000000
365.590000	275.000000
365.595000	374.000000
365.600000	268.000000
