Sample ID:		None
Start Time:		Wed Jun 24 2020 12:28:25 PM
Averaging Time:		1.000s

364.600000	386.000000
364.605000	386.000000
364.610000	491.000000
364.615000	395.000000
364.620000	477.000000
364.625000	397.000000
364.630000	415.000000
364.635000	505.000000
364.640000	612.000000
364.645000	719.000000
364.650000	886.000000
364.655000	906.000000
364.660000	1343.000000
364.665000	1524.000000
364.670000	2807.000000
364.675000	4277.000000
364.680000	6778.000000
364.685000	11209.000000
364.690000	15667.000000
364.695000	18551.000000
364.700000	23109.000000
364.705000	30374.000000
364.710000	34018.000000
364.715000	39988.000000
364.720000	61489.000000
364.725000	127401.000000
364.730000	227786.000000
364.735000	148332.000000
364.740000	65494.000000
364.745000	38276.000000
364.750000	21513.000000
364.755000	11987.000000
364.760000	9001.000000
364.765000	5183.000000
364.770000	3441.000000
364.775000	3021.000000
364.780000	2262.000000
364.785000	2379.000000
364.790000	1960.000000
364.795000	1779.000000
364.800000	1691.000000
364.805000	1524.000000
364.810000	1331.000000
364.815000	1183.000000
364.820000	1121.000000
364.825000	1038.000000
364.830000	1127.000000
364.835000	937.000000
364.840000	909.000000
364.845000	741.000000
364.850000	756.000000
364.855000	963.000000
364.860000	608.000000
364.865000	713.000000
364.870000	724.000000
364.875000	699.000000
364.880000	556.000000
364.885000	559.000000
364.890000	530.000000
364.895000	584.000000
364.900000	473.000000
364.905000	449.000000
364.910000	372.000000
364.915000	349.000000
364.920000	410.000000
364.925000	403.000000
364.930000	417.000000
364.935000	361.000000
364.940000	323.000000
364.945000	297.000000
364.950000	386.000000
364.955000	377.000000
364.960000	409.000000
364.965000	448.000000
364.970000	329.000000
364.975000	340.000000
364.980000	348.000000
364.985000	396.000000
364.990000	323.000000
364.995000	391.000000
365.000000	320.000000
365.005000	265.000000
365.010000	391.000000
365.015000	365.000000
365.020000	352.000000
365.025000	359.000000
365.030000	415.000000
365.035000	328.000000
365.040000	275.000000
365.045000	288.000000
365.050000	280.000000
365.055000	348.000000
365.060000	446.000000
365.065000	264.000000
365.070000	414.000000
365.075000	296.000000
365.080000	377.000000
365.085000	273.000000
365.090000	425.000000
365.095000	313.000000
365.100000	273.000000
365.105000	294.000000
365.110000	454.000000
365.115000	439.000000
365.120000	375.000000
365.125000	461.000000
365.130000	565.000000
365.135000	883.000000
365.140000	1348.000000
365.145000	1960.000000
365.150000	2881.000000
365.155000	3995.000000
365.160000	4766.000000
365.165000	5470.000000
365.170000	6847.000000
365.175000	7690.000000
365.180000	9690.000000
365.185000	17252.000000
365.190000	31106.000000
365.195000	48699.000000
365.200000	34344.000000
365.205000	17285.000000
365.210000	7994.000000
365.215000	4903.000000
365.220000	2936.000000
365.225000	1930.000000
365.230000	910.000000
365.235000	890.000000
365.240000	729.000000
365.245000	656.000000
365.250000	511.000000
365.255000	512.000000
365.260000	423.000000
365.265000	566.000000
365.270000	522.000000
365.275000	373.000000
365.280000	370.000000
365.285000	497.000000
365.290000	334.000000
365.295000	424.000000
365.300000	499.000000
365.305000	383.000000
365.310000	361.000000
365.315000	370.000000
365.320000	267.000000
365.325000	473.000000
365.330000	425.000000
365.335000	276.000000
365.340000	226.000000
365.345000	222.000000
365.350000	397.000000
365.355000	258.000000
365.360000	306.000000
365.365000	297.000000
365.370000	345.000000
365.375000	329.000000
365.380000	247.000000
365.385000	310.000000
365.390000	154.000000
365.395000	258.000000
365.400000	168.000000
365.405000	156.000000
365.410000	224.000000
365.415000	174.000000
365.420000	145.000000
365.425000	130.000000
365.430000	172.000000
365.435000	92.000000
365.440000	176.000000
365.445000	196.000000
365.450000	138.000000
365.455000	159.000000
365.460000	93.000000
365.465000	116.000000
365.470000	188.000000
365.475000	72.000000
365.480000	137.000000
365.485000	192.000000
365.490000	85.000000
365.495000	125.000000
365.500000	136.000000
365.505000	199.000000
365.510000	73.000000
365.515000	77.000000
365.520000	113.000000
365.525000	143.000000
365.530000	110.000000
365.535000	136.000000
365.540000	95.000000
365.545000	108.000000
365.550000	163.000000
365.555000	186.000000
365.560000	201.000000
365.565000	139.000000
365.570000	84.000000
365.575000	186.000000
365.580000	128.000000
365.585000	85.000000
365.590000	134.000000
365.595000	65.000000
365.600000	148.000000
