Sample ID:		None
Start Time:		Wed Jun 24 2020 4:31:51 PM
Averaging Time:		1.000s

364.600000	56.000000
364.605000	43.000000
364.610000	29.000000
364.615000	51.000000
364.620000	19.000000
364.625000	84.000000
364.630000	100.000000
364.635000	93.000000
364.640000	95.000000
364.645000	72.000000
364.650000	24.000000
364.655000	88.000000
364.660000	109.000000
364.665000	37.000000
364.670000	117.000000
364.675000	55.000000
364.680000	60.000000
364.685000	120.000000
364.690000	74.000000
364.695000	143.000000
364.700000	65.000000
364.705000	148.000000
364.710000	168.000000
364.715000	322.000000
364.720000	337.000000
364.725000	333.000000
364.730000	323.000000
364.735000	186.000000
364.740000	238.000000
364.745000	218.000000
364.750000	232.000000
364.755000	288.000000
364.760000	334.000000
364.765000	421.000000
364.770000	307.000000
364.775000	305.000000
364.780000	330.000000
364.785000	224.000000
364.790000	321.000000
364.795000	400.000000
364.800000	354.000000
364.805000	463.000000
364.810000	357.000000
364.815000	324.000000
364.820000	430.000000
364.825000	311.000000
364.830000	396.000000
364.835000	647.000000
364.840000	439.000000
364.845000	481.000000
364.850000	586.000000
364.855000	713.000000
364.860000	882.000000
364.865000	1208.000000
364.870000	1531.000000
364.875000	2143.000000
364.880000	3378.000000
364.885000	5443.000000
364.890000	8942.000000
364.895000	13702.000000
364.900000	16155.000000
364.905000	20886.000000
364.910000	26726.000000
364.915000	28584.000000
364.920000	34589.000000
364.925000	48313.000000
364.930000	74540.000000
364.935000	166745.000000
364.940000	191016.000000
364.945000	92090.000000
364.950000	48699.000000
364.955000	23962.000000
364.960000	17273.000000
364.965000	11467.000000
364.970000	5783.000000
364.975000	4336.000000
364.980000	3547.000000
364.985000	2734.000000
364.990000	2133.000000
364.995000	1976.000000
365.000000	1989.000000
365.005000	1509.000000
365.010000	1424.000000
365.015000	1339.000000
365.020000	1256.000000
365.025000	1097.000000
365.030000	1081.000000
365.035000	986.000000
365.040000	989.000000
365.045000	1025.000000
365.050000	863.000000
365.055000	831.000000
365.060000	718.000000
365.065000	816.000000
365.070000	800.000000
365.075000	783.000000
365.080000	548.000000
365.085000	608.000000
365.090000	661.000000
365.095000	569.000000
365.100000	635.000000
365.105000	492.000000
365.110000	367.000000
365.115000	425.000000
365.120000	479.000000
365.125000	427.000000
365.130000	429.000000
365.135000	335.000000
365.140000	316.000000
365.145000	333.000000
365.150000	247.000000
365.155000	286.000000
365.160000	333.000000
365.165000	366.000000
365.170000	356.000000
365.175000	457.000000
365.180000	422.000000
365.185000	329.000000
365.190000	372.000000
365.195000	306.000000
365.200000	245.000000
365.205000	296.000000
365.210000	312.000000
365.215000	274.000000
365.220000	285.000000
365.225000	246.000000
365.230000	377.000000
365.235000	403.000000
365.240000	300.000000
365.245000	345.000000
365.250000	233.000000
365.255000	271.000000
365.260000	351.000000
365.265000	270.000000
365.270000	292.000000
365.275000	384.000000
365.280000	346.000000
365.285000	273.000000
365.290000	285.000000
365.295000	393.000000
365.300000	311.000000
365.305000	263.000000
365.310000	323.000000
365.315000	377.000000
365.320000	281.000000
365.325000	352.000000
365.330000	428.000000
365.335000	538.000000
365.340000	805.000000
365.345000	1269.000000
365.350000	1549.000000
365.355000	2528.000000
365.360000	3177.000000
365.365000	4429.000000
365.370000	5508.000000
365.375000	6500.000000
365.380000	6844.000000
365.385000	8710.000000
365.390000	13881.000000
365.395000	21474.000000
365.400000	37162.000000
365.405000	42755.000000
365.410000	21245.000000
365.415000	11496.000000
365.420000	5910.000000
365.425000	3749.000000
365.430000	2528.000000
365.435000	1296.000000
365.440000	1057.000000
365.445000	809.000000
365.450000	669.000000
365.455000	464.000000
365.460000	482.000000
365.465000	380.000000
365.470000	298.000000
365.475000	434.000000
365.480000	469.000000
365.485000	480.000000
365.490000	424.000000
365.495000	421.000000
365.500000	393.000000
365.505000	278.000000
365.510000	451.000000
365.515000	332.000000
365.520000	393.000000
365.525000	292.000000
365.530000	329.000000
365.535000	357.000000
365.540000	335.000000
365.545000	336.000000
365.550000	368.000000
365.555000	287.000000
365.560000	264.000000
365.565000	235.000000
365.570000	343.000000
365.575000	322.000000
365.580000	332.000000
365.585000	180.000000
365.590000	330.000000
365.595000	243.000000
365.600000	226.000000
