Sample ID:		None
Start Time:		Wed Jun 24 2020 7:01:43 PM
Averaging Time:		1.000s

364.600000	63.000000
364.605000	84.000000
364.610000	29.000000
364.615000	69.000000
364.620000	62.000000
364.625000	25.000000
364.630000	48.000000
364.635000	40.000000
364.640000	48.000000
364.645000	29.000000
364.650000	72.000000
364.655000	22.000000
364.660000	54.000000
364.665000	60.000000
364.670000	63.000000
364.675000	39.000000
364.680000	71.000000
364.685000	81.000000
364.690000	87.000000
364.695000	110.000000
364.700000	84.000000
364.705000	200.000000
364.710000	236.000000
364.715000	183.000000
364.720000	169.000000
364.725000	257.000000
364.730000	195.000000
364.735000	227.000000
364.740000	196.000000
364.745000	196.000000
364.750000	266.000000
364.755000	219.000000
364.760000	205.000000
364.765000	266.000000
364.770000	278.000000
364.775000	216.000000
364.780000	297.000000
364.785000	311.000000
364.790000	358.000000
364.795000	292.000000
364.800000	351.000000
364.805000	276.000000
364.810000	410.000000
364.815000	232.000000
364.820000	323.000000
364.825000	448.000000
364.830000	600.000000
364.835000	472.000000
364.840000	443.000000
364.845000	708.000000
364.850000	706.000000
364.855000	743.000000
364.860000	780.000000
364.865000	1055.000000
364.870000	1419.000000
364.875000	2369.000000
364.880000	3510.000000
364.885000	6296.000000
364.890000	10209.000000
364.895000	14267.000000
364.900000	17320.000000
364.905000	22100.000000
364.910000	27269.000000
364.915000	30404.000000
364.920000	37936.000000
364.925000	51059.000000
364.930000	97828.000000
364.935000	193239.000000
364.940000	189243.000000
364.945000	82993.000000
364.950000	41112.000000
364.955000	23958.000000
364.960000	16528.000000
364.965000	11344.000000
364.970000	6261.000000
364.975000	3722.000000
364.980000	3441.000000
364.985000	2895.000000
364.990000	2077.000000
364.995000	2068.000000
365.000000	1687.000000
365.005000	1866.000000
365.010000	1613.000000
365.015000	1201.000000
365.020000	1349.000000
365.025000	1314.000000
365.030000	1020.000000
365.035000	902.000000
365.040000	978.000000
365.045000	797.000000
365.050000	592.000000
365.055000	841.000000
365.060000	686.000000
365.065000	592.000000
365.070000	490.000000
365.075000	640.000000
365.080000	462.000000
365.085000	594.000000
365.090000	533.000000
365.095000	501.000000
365.100000	501.000000
365.105000	562.000000
365.110000	403.000000
365.115000	368.000000
365.120000	449.000000
365.125000	350.000000
365.130000	455.000000
365.135000	337.000000
365.140000	377.000000
365.145000	350.000000
365.150000	258.000000
365.155000	367.000000
365.160000	385.000000
365.165000	295.000000
365.170000	377.000000
365.175000	441.000000
365.180000	385.000000
365.185000	396.000000
365.190000	338.000000
365.195000	462.000000
365.200000	377.000000
365.205000	320.000000
365.210000	353.000000
365.215000	311.000000
365.220000	364.000000
365.225000	424.000000
365.230000	212.000000
365.235000	221.000000
365.240000	240.000000
365.245000	371.000000
365.250000	214.000000
365.255000	305.000000
365.260000	290.000000
365.265000	223.000000
365.270000	281.000000
365.275000	309.000000
365.280000	405.000000
365.285000	329.000000
365.290000	317.000000
365.295000	303.000000
365.300000	410.000000
365.305000	221.000000
365.310000	268.000000
365.315000	290.000000
365.320000	320.000000
365.325000	403.000000
365.330000	587.000000
365.335000	543.000000
365.340000	766.000000
365.345000	1312.000000
365.350000	2019.000000
365.355000	2582.000000
365.360000	3333.000000
365.365000	4325.000000
365.370000	5791.000000
365.375000	6237.000000
365.380000	6990.000000
365.385000	8856.000000
365.390000	14648.000000
365.395000	21806.000000
365.400000	38969.000000
365.405000	43247.000000
365.410000	23157.000000
365.415000	10640.000000
365.420000	5625.000000
365.425000	3501.000000
365.430000	2269.000000
365.435000	1290.000000
365.440000	978.000000
365.445000	518.000000
365.450000	534.000000
365.455000	515.000000
365.460000	395.000000
365.465000	435.000000
365.470000	364.000000
365.475000	373.000000
365.480000	336.000000
365.485000	304.000000
365.490000	348.000000
365.495000	377.000000
365.500000	436.000000
365.505000	369.000000
365.510000	236.000000
365.515000	348.000000
365.520000	359.000000
365.525000	363.000000
365.530000	286.000000
365.535000	236.000000
365.540000	377.000000
365.545000	330.000000
365.550000	384.000000
365.555000	316.000000
365.560000	242.000000
365.565000	316.000000
365.570000	237.000000
365.575000	364.000000
365.580000	307.000000
365.585000	330.000000
365.590000	188.000000
365.595000	174.000000
365.600000	191.000000
