Sample ID:		None
Start Time:		Wed Jun 24 2020 7:18:23 PM
Averaging Time:		1.000s

364.600000	28.000000
364.605000	20.000000
364.610000	86.000000
364.615000	31.000000
364.620000	30.000000
364.625000	38.000000
364.630000	30.000000
364.635000	74.000000
364.640000	74.000000
364.645000	93.000000
364.650000	30.000000
364.655000	44.000000
364.660000	92.000000
364.665000	46.000000
364.670000	67.000000
364.675000	53.000000
364.680000	132.000000
364.685000	54.000000
364.690000	138.000000
364.695000	133.000000
364.700000	79.000000
364.705000	164.000000
364.710000	324.000000
364.715000	296.000000
364.720000	165.000000
364.725000	243.000000
364.730000	148.000000
364.735000	250.000000
364.740000	258.000000
364.745000	121.000000
364.750000	286.000000
364.755000	211.000000
364.760000	243.000000
364.765000	175.000000
364.770000	346.000000
364.775000	299.000000
364.780000	293.000000
364.785000	418.000000
364.790000	234.000000
364.795000	246.000000
364.800000	289.000000
364.805000	381.000000
364.810000	268.000000
364.815000	374.000000
364.820000	304.000000
364.825000	473.000000
364.830000	504.000000
364.835000	584.000000
364.840000	520.000000
364.845000	691.000000
364.850000	677.000000
364.855000	704.000000
364.860000	795.000000
364.865000	1123.000000
364.870000	1728.000000
364.875000	2810.000000
364.880000	4952.000000
364.885000	7259.000000
364.890000	11641.000000
364.895000	16211.000000
364.900000	19516.000000
364.905000	24197.000000
364.910000	28700.000000
364.915000	35460.000000
364.920000	43416.000000
364.925000	64089.000000
364.930000	136435.000000
364.935000	222592.000000
364.940000	132146.000000
364.945000	55755.000000
364.950000	33516.000000
364.955000	19669.000000
364.960000	12455.000000
364.965000	8614.000000
364.970000	5346.000000
364.975000	3768.000000
364.980000	3156.000000
364.985000	2450.000000
364.990000	1990.000000
364.995000	1748.000000
365.000000	1645.000000
365.005000	1333.000000
365.010000	1399.000000
365.015000	1208.000000
365.020000	1020.000000
365.025000	961.000000
365.030000	1043.000000
365.035000	998.000000
365.040000	919.000000
365.045000	752.000000
365.050000	843.000000
365.055000	712.000000
365.060000	734.000000
365.065000	601.000000
365.070000	624.000000
365.075000	571.000000
365.080000	690.000000
365.085000	573.000000
365.090000	599.000000
365.095000	542.000000
365.100000	505.000000
365.105000	457.000000
365.110000	438.000000
365.115000	398.000000
365.120000	307.000000
365.125000	349.000000
365.130000	430.000000
365.135000	483.000000
365.140000	326.000000
365.145000	403.000000
365.150000	336.000000
365.155000	372.000000
365.160000	398.000000
365.165000	315.000000
365.170000	354.000000
365.175000	418.000000
365.180000	437.000000
365.185000	243.000000
365.190000	474.000000
365.195000	166.000000
365.200000	320.000000
365.205000	364.000000
365.210000	326.000000
365.215000	281.000000
365.220000	325.000000
365.225000	276.000000
365.230000	367.000000
365.235000	335.000000
365.240000	263.000000
365.245000	244.000000
365.250000	208.000000
365.255000	242.000000
365.260000	285.000000
365.265000	317.000000
365.270000	151.000000
365.275000	286.000000
365.280000	370.000000
365.285000	245.000000
365.290000	197.000000
365.295000	340.000000
365.300000	305.000000
365.305000	281.000000
365.310000	413.000000
365.315000	472.000000
365.320000	348.000000
365.325000	406.000000
365.330000	477.000000
365.335000	802.000000
365.340000	1136.000000
365.345000	1661.000000
365.350000	2347.000000
365.355000	3386.000000
365.360000	4132.000000
365.365000	4819.000000
365.370000	5842.000000
365.375000	6950.000000
365.380000	8264.000000
365.385000	11352.000000
365.390000	21566.000000
365.395000	33920.000000
365.400000	47844.000000
365.405000	25268.000000
365.410000	13952.000000
365.415000	6933.000000
365.420000	4297.000000
365.425000	2475.000000
365.430000	1691.000000
365.435000	1195.000000
365.440000	781.000000
365.445000	650.000000
365.450000	649.000000
365.455000	587.000000
365.460000	602.000000
365.465000	524.000000
365.470000	471.000000
365.475000	361.000000
365.480000	424.000000
365.485000	400.000000
365.490000	390.000000
365.495000	297.000000
365.500000	486.000000
365.505000	398.000000
365.510000	314.000000
365.515000	325.000000
365.520000	322.000000
365.525000	267.000000
365.530000	440.000000
365.535000	325.000000
365.540000	249.000000
365.545000	300.000000
365.550000	324.000000
365.555000	294.000000
365.560000	268.000000
365.565000	271.000000
365.570000	324.000000
365.575000	373.000000
365.580000	275.000000
365.585000	323.000000
365.590000	212.000000
365.595000	307.000000
365.600000	124.000000
