Sample ID:		None
Start Time:		Wed Jun 24 2020 5:49:31 PM
Averaging Time:		1.000s

364.600000	54.000000
364.605000	54.000000
364.610000	31.000000
364.615000	75.000000
364.620000	34.000000
364.625000	31.000000
364.630000	21.000000
364.635000	37.000000
364.640000	114.000000
364.645000	21.000000
364.650000	22.000000
364.655000	66.000000
364.660000	73.000000
364.665000	23.000000
364.670000	64.000000
364.675000	80.000000
364.680000	51.000000
364.685000	107.000000
364.690000	69.000000
364.695000	53.000000
364.700000	98.000000
364.705000	110.000000
364.710000	183.000000
364.715000	234.000000
364.720000	189.000000
364.725000	196.000000
364.730000	301.000000
364.735000	231.000000
364.740000	238.000000
364.745000	257.000000
364.750000	211.000000
364.755000	310.000000
364.760000	341.000000
364.765000	198.000000
364.770000	333.000000
364.775000	299.000000
364.780000	247.000000
364.785000	271.000000
364.790000	281.000000
364.795000	352.000000
364.800000	359.000000
364.805000	364.000000
364.810000	409.000000
364.815000	393.000000
364.820000	294.000000
364.825000	363.000000
364.830000	337.000000
364.835000	400.000000
364.840000	502.000000
364.845000	566.000000
364.850000	507.000000
364.855000	676.000000
364.860000	693.000000
364.865000	895.000000
364.870000	1106.000000
364.875000	1247.000000
364.880000	2080.000000
364.885000	3455.000000
364.890000	5905.000000
364.895000	10956.000000
364.900000	12625.000000
364.905000	17160.000000
364.910000	22513.000000
364.915000	27173.000000
364.920000	29645.000000
364.925000	36800.000000
364.930000	51033.000000
364.935000	75627.000000
364.940000	183175.000000
364.945000	210974.000000
364.950000	91684.000000
364.955000	47582.000000
364.960000	28979.000000
364.965000	19980.000000
364.970000	11112.000000
364.975000	6948.000000
364.980000	4579.000000
364.985000	3669.000000
364.990000	2983.000000
364.995000	2344.000000
365.000000	1794.000000
365.005000	1835.000000
365.010000	1831.000000
365.015000	1490.000000
365.020000	1432.000000
365.025000	1166.000000
365.030000	1302.000000
365.035000	1010.000000
365.040000	924.000000
365.045000	1010.000000
365.050000	916.000000
365.055000	971.000000
365.060000	862.000000
365.065000	792.000000
365.070000	643.000000
365.075000	642.000000
365.080000	640.000000
365.085000	736.000000
365.090000	584.000000
365.095000	566.000000
365.100000	462.000000
365.105000	541.000000
365.110000	406.000000
365.115000	456.000000
365.120000	504.000000
365.125000	348.000000
365.130000	387.000000
365.135000	442.000000
365.140000	303.000000
365.145000	369.000000
365.150000	270.000000
365.155000	357.000000
365.160000	265.000000
365.165000	293.000000
365.170000	234.000000
365.175000	438.000000
365.180000	249.000000
365.185000	335.000000
365.190000	404.000000
365.195000	428.000000
365.200000	372.000000
365.205000	475.000000
365.210000	364.000000
365.215000	291.000000
365.220000	352.000000
365.225000	331.000000
365.230000	288.000000
365.235000	290.000000
365.240000	306.000000
365.245000	300.000000
365.250000	264.000000
365.255000	292.000000
365.260000	282.000000
365.265000	296.000000
365.270000	261.000000
365.275000	407.000000
365.280000	277.000000
365.285000	321.000000
365.290000	246.000000
365.295000	295.000000
365.300000	295.000000
365.305000	282.000000
365.310000	357.000000
365.315000	283.000000
365.320000	338.000000
365.325000	318.000000
365.330000	410.000000
365.335000	588.000000
365.340000	825.000000
365.345000	1030.000000
365.350000	1545.000000
365.355000	2276.000000
365.360000	3395.000000
365.365000	3833.000000
365.370000	4703.000000
365.375000	6393.000000
365.380000	6670.000000
365.385000	8419.000000
365.390000	11158.000000
365.395000	18563.000000
365.400000	30378.000000
365.405000	48190.000000
365.410000	27502.000000
365.415000	14036.000000
365.420000	7735.000000
365.425000	4436.000000
365.430000	3080.000000
365.435000	1455.000000
365.440000	1048.000000
365.445000	894.000000
365.450000	611.000000
365.455000	500.000000
365.460000	568.000000
365.465000	487.000000
365.470000	449.000000
365.475000	488.000000
365.480000	390.000000
365.485000	475.000000
365.490000	419.000000
365.495000	421.000000
365.500000	451.000000
365.505000	409.000000
365.510000	393.000000
365.515000	551.000000
365.520000	357.000000
365.525000	292.000000
365.530000	339.000000
365.535000	398.000000
365.540000	341.000000
365.545000	334.000000
365.550000	284.000000
365.555000	278.000000
365.560000	283.000000
365.565000	240.000000
365.570000	293.000000
365.575000	188.000000
365.580000	287.000000
365.585000	256.000000
365.590000	246.000000
365.595000	273.000000
365.600000	207.000000
