Sample ID:		None
Start Time:		Wed Jun 24 2020 9:20:34 PM
Averaging Time:		1.000s

364.600000	43.000000
364.605000	22.000000
364.610000	5.000000
364.615000	48.000000
364.620000	92.000000
364.625000	36.000000
364.630000	47.000000
364.635000	15.000000
364.640000	94.000000
364.645000	39.000000
364.650000	37.000000
364.655000	64.000000
364.660000	48.000000
364.665000	69.000000
364.670000	33.000000
364.675000	106.000000
364.680000	45.000000
364.685000	63.000000
364.690000	120.000000
364.695000	152.000000
364.700000	129.000000
364.705000	242.000000
364.710000	187.000000
364.715000	200.000000
364.720000	304.000000
364.725000	233.000000
364.730000	227.000000
364.735000	295.000000
364.740000	262.000000
364.745000	306.000000
364.750000	190.000000
364.755000	328.000000
364.760000	264.000000
364.765000	316.000000
364.770000	302.000000
364.775000	379.000000
364.780000	215.000000
364.785000	290.000000
364.790000	319.000000
364.795000	422.000000
364.800000	298.000000
364.805000	496.000000
364.810000	284.000000
364.815000	261.000000
364.820000	402.000000
364.825000	462.000000
364.830000	473.000000
364.835000	521.000000
364.840000	590.000000
364.845000	632.000000
364.850000	639.000000
364.855000	715.000000
364.860000	1058.000000
364.865000	1527.000000
364.870000	2252.000000
364.875000	3361.000000
364.880000	5199.000000
364.885000	8316.000000
364.890000	14373.000000
364.895000	16839.000000
364.900000	20886.000000
364.905000	24971.000000
364.910000	30028.000000
364.915000	36612.000000
364.920000	47012.000000
364.925000	76012.000000
364.930000	182507.000000
364.935000	209549.000000
364.940000	108480.000000
364.945000	50371.000000
364.950000	29029.000000
364.955000	18217.000000
364.960000	12080.000000
364.965000	7675.000000
364.970000	4704.000000
364.975000	3404.000000
364.980000	2736.000000
364.985000	2395.000000
364.990000	2150.000000
364.995000	1872.000000
365.000000	1644.000000
365.005000	1356.000000
365.010000	1312.000000
365.015000	1102.000000
365.020000	1173.000000
365.025000	1123.000000
365.030000	937.000000
365.035000	1098.000000
365.040000	887.000000
365.045000	822.000000
365.050000	911.000000
365.055000	956.000000
365.060000	582.000000
365.065000	753.000000
365.070000	713.000000
365.075000	693.000000
365.080000	650.000000
365.085000	588.000000
365.090000	566.000000
365.095000	541.000000
365.100000	490.000000
365.105000	408.000000
365.110000	413.000000
365.115000	409.000000
365.120000	339.000000
365.125000	408.000000
365.130000	336.000000
365.135000	409.000000
365.140000	340.000000
365.145000	273.000000
365.150000	319.000000
365.155000	311.000000
365.160000	383.000000
365.165000	378.000000
365.170000	400.000000
365.175000	327.000000
365.180000	447.000000
365.185000	373.000000
365.190000	310.000000
365.195000	363.000000
365.200000	314.000000
365.205000	311.000000
365.210000	231.000000
365.215000	274.000000
365.220000	415.000000
365.225000	386.000000
365.230000	316.000000
365.235000	330.000000
365.240000	336.000000
365.245000	191.000000
365.250000	268.000000
365.255000	312.000000
365.260000	185.000000
365.265000	258.000000
365.270000	358.000000
365.275000	289.000000
365.280000	288.000000
365.285000	309.000000
365.290000	253.000000
365.295000	252.000000
365.300000	349.000000
365.305000	355.000000
365.310000	343.000000
365.315000	312.000000
365.320000	304.000000
365.325000	418.000000
365.330000	684.000000
365.335000	742.000000
365.340000	998.000000
365.345000	1741.000000
365.350000	2630.000000
365.355000	3546.000000
365.360000	4503.000000
365.365000	5328.000000
365.370000	6127.000000
365.375000	8107.000000
365.380000	8868.000000
365.385000	11631.000000
365.390000	20216.000000
365.395000	40187.000000
365.400000	47713.000000
365.405000	24440.000000
365.410000	11897.000000
365.415000	6300.000000
365.420000	3875.000000
365.425000	2257.000000
365.430000	1674.000000
365.435000	1088.000000
365.440000	700.000000
365.445000	602.000000
365.450000	406.000000
365.455000	588.000000
365.460000	564.000000
365.465000	512.000000
365.470000	459.000000
365.475000	338.000000
365.480000	282.000000
365.485000	480.000000
365.490000	306.000000
365.495000	323.000000
365.500000	353.000000
365.505000	359.000000
365.510000	368.000000
365.515000	340.000000
365.520000	311.000000
365.525000	297.000000
365.530000	298.000000
365.535000	381.000000
365.540000	318.000000
365.545000	344.000000
365.550000	318.000000
365.555000	225.000000
365.560000	302.000000
365.565000	246.000000
365.570000	235.000000
365.575000	221.000000
365.580000	329.000000
365.585000	268.000000
365.590000	301.000000
365.595000	214.000000
365.600000	213.000000
