Sample ID:		None
Start Time:		Wed Jun 24 2020 3:15:25 PM
Averaging Time:		1.000s

364.600000	47.000000
364.605000	77.000000
364.610000	56.000000
364.615000	61.000000
364.620000	60.000000
364.625000	94.000000
364.630000	146.000000
364.635000	33.000000
364.640000	93.000000
364.645000	68.000000
364.650000	40.000000
364.655000	108.000000
364.660000	87.000000
364.665000	63.000000
364.670000	49.000000
364.675000	90.000000
364.680000	75.000000
364.685000	159.000000
364.690000	145.000000
364.695000	87.000000
364.700000	163.000000
364.705000	110.000000
364.710000	239.000000
364.715000	205.000000
364.720000	230.000000
364.725000	345.000000
364.730000	332.000000
364.735000	193.000000
364.740000	231.000000
364.745000	260.000000
364.750000	363.000000
364.755000	300.000000
364.760000	353.000000
364.765000	235.000000
364.770000	290.000000
364.775000	254.000000
364.780000	290.000000
364.785000	397.000000
364.790000	358.000000
364.795000	331.000000
364.800000	403.000000
364.805000	374.000000
364.810000	365.000000
364.815000	385.000000
364.820000	429.000000
364.825000	295.000000
364.830000	449.000000
364.835000	477.000000
364.840000	445.000000
364.845000	400.000000
364.850000	473.000000
364.855000	632.000000
364.860000	655.000000
364.865000	971.000000
364.870000	1028.000000
364.875000	1811.000000
364.880000	2134.000000
364.885000	3074.000000
364.890000	5528.000000
364.895000	9478.000000
364.900000	12207.000000
364.905000	16810.000000
364.910000	22237.000000
364.915000	25409.000000
364.920000	29671.000000
364.925000	36242.000000
364.930000	50178.000000
364.935000	73949.000000
364.940000	183053.000000
364.945000	214826.000000
364.950000	121254.000000
364.955000	51798.000000
364.960000	28717.000000
364.965000	19445.000000
364.970000	12117.000000
364.975000	7203.000000
364.980000	5002.000000
364.985000	3925.000000
364.990000	2726.000000
364.995000	2372.000000
365.000000	2337.000000
365.005000	1849.000000
365.010000	1771.000000
365.015000	1560.000000
365.020000	1541.000000
365.025000	1316.000000
365.030000	1233.000000
365.035000	1172.000000
365.040000	1061.000000
365.045000	1092.000000
365.050000	992.000000
365.055000	841.000000
365.060000	894.000000
365.065000	770.000000
365.070000	863.000000
365.075000	826.000000
365.080000	678.000000
365.085000	670.000000
365.090000	642.000000
365.095000	681.000000
365.100000	645.000000
365.105000	537.000000
365.110000	526.000000
365.115000	552.000000
365.120000	496.000000
365.125000	494.000000
365.130000	513.000000
365.135000	427.000000
365.140000	410.000000
365.145000	478.000000
365.150000	491.000000
365.155000	493.000000
365.160000	353.000000
365.165000	419.000000
365.170000	472.000000
365.175000	344.000000
365.180000	354.000000
365.185000	364.000000
365.190000	367.000000
365.195000	382.000000
365.200000	403.000000
365.205000	340.000000
365.210000	326.000000
365.215000	360.000000
365.220000	349.000000
365.225000	451.000000
365.230000	341.000000
365.235000	297.000000
365.240000	479.000000
365.245000	416.000000
365.250000	326.000000
365.255000	279.000000
365.260000	245.000000
365.265000	268.000000
365.270000	251.000000
365.275000	274.000000
365.280000	471.000000
365.285000	269.000000
365.290000	355.000000
365.295000	273.000000
365.300000	346.000000
365.305000	294.000000
365.310000	285.000000
365.315000	358.000000
365.320000	464.000000
365.325000	396.000000
365.330000	300.000000
365.335000	408.000000
365.340000	538.000000
365.345000	744.000000
365.350000	1122.000000
365.355000	1873.000000
365.360000	2364.000000
365.365000	3190.000000
365.370000	4092.000000
365.375000	5497.000000
365.380000	5669.000000
365.385000	6731.000000
365.390000	9250.000000
365.395000	11972.000000
365.400000	19930.000000
365.405000	38978.000000
365.410000	47641.000000
365.415000	25474.000000
365.420000	13809.000000
365.425000	6837.000000
365.430000	4490.000000
365.435000	2126.000000
365.440000	1457.000000
365.445000	1175.000000
365.450000	751.000000
365.455000	504.000000
365.460000	596.000000
365.465000	538.000000
365.470000	565.000000
365.475000	453.000000
365.480000	478.000000
365.485000	424.000000
365.490000	383.000000
365.495000	363.000000
365.500000	407.000000
365.505000	526.000000
365.510000	442.000000
365.515000	348.000000
365.520000	446.000000
365.525000	417.000000
365.530000	541.000000
365.535000	257.000000
365.540000	403.000000
365.545000	273.000000
365.550000	389.000000
365.555000	259.000000
365.560000	200.000000
365.565000	290.000000
365.570000	299.000000
365.575000	372.000000
365.580000	322.000000
365.585000	296.000000
365.590000	311.000000
365.595000	294.000000
365.600000	307.000000
