Sample ID:		None
Start Time:		Wed Jun 24 2020 10:38:19 PM
Averaging Time:		1.000s

364.600000	67.000000
364.605000	30.000000
364.610000	57.000000
364.615000	51.000000
364.620000	37.000000
364.625000	48.000000
364.630000	64.000000
364.635000	47.000000
364.640000	56.000000
364.645000	52.000000
364.650000	79.000000
364.655000	77.000000
364.660000	63.000000
364.665000	45.000000
364.670000	74.000000
364.675000	62.000000
364.680000	55.000000
364.685000	105.000000
364.690000	99.000000
364.695000	89.000000
364.700000	134.000000
364.705000	239.000000
364.710000	174.000000
364.715000	218.000000
364.720000	251.000000
364.725000	292.000000
364.730000	240.000000
364.735000	246.000000
364.740000	236.000000
364.745000	255.000000
364.750000	225.000000
364.755000	173.000000
364.760000	195.000000
364.765000	216.000000
364.770000	404.000000
364.775000	206.000000
364.780000	225.000000
364.785000	269.000000
364.790000	222.000000
364.795000	247.000000
364.800000	333.000000
364.805000	444.000000
364.810000	433.000000
364.815000	487.000000
364.820000	374.000000
364.825000	391.000000
364.830000	609.000000
364.835000	601.000000
364.840000	488.000000
364.845000	719.000000
364.850000	794.000000
364.855000	622.000000
364.860000	907.000000
364.865000	1223.000000
364.870000	1489.000000
364.875000	2500.000000
364.880000	4043.000000
364.885000	7074.000000
364.890000	12437.000000
364.895000	15367.000000
364.900000	19316.000000
364.905000	24425.000000
364.910000	27770.000000
364.915000	33459.000000
364.920000	40898.000000
364.925000	60462.000000
364.930000	125836.000000
364.935000	225667.000000
364.940000	132260.000000
364.945000	61386.000000
364.950000	36789.000000
364.955000	21267.000000
364.960000	12921.000000
364.965000	9070.000000
364.970000	4913.000000
364.975000	3826.000000
364.980000	3037.000000
364.985000	2473.000000
364.990000	2260.000000
364.995000	2037.000000
365.000000	1754.000000
365.005000	1424.000000
365.010000	1503.000000
365.015000	1493.000000
365.020000	1363.000000
365.025000	1248.000000
365.030000	1174.000000
365.035000	907.000000
365.040000	818.000000
365.045000	787.000000
365.050000	813.000000
365.055000	904.000000
365.060000	725.000000
365.065000	682.000000
365.070000	459.000000
365.075000	564.000000
365.080000	622.000000
365.085000	495.000000
365.090000	501.000000
365.095000	667.000000
365.100000	465.000000
365.105000	416.000000
365.110000	421.000000
365.115000	422.000000
365.120000	369.000000
365.125000	383.000000
365.130000	303.000000
365.135000	398.000000
365.140000	303.000000
365.145000	342.000000
365.150000	374.000000
365.155000	488.000000
365.160000	388.000000
365.165000	307.000000
365.170000	511.000000
365.175000	399.000000
365.180000	322.000000
365.185000	424.000000
365.190000	414.000000
365.195000	365.000000
365.200000	429.000000
365.205000	275.000000
365.210000	445.000000
365.215000	389.000000
365.220000	291.000000
365.225000	275.000000
365.230000	284.000000
365.235000	243.000000
365.240000	395.000000
365.245000	257.000000
365.250000	248.000000
365.255000	220.000000
365.260000	245.000000
365.265000	222.000000
365.270000	293.000000
365.275000	272.000000
365.280000	357.000000
365.285000	286.000000
365.290000	287.000000
365.295000	395.000000
365.300000	378.000000
365.305000	343.000000
365.310000	304.000000
365.315000	526.000000
365.320000	335.000000
365.325000	324.000000
365.330000	387.000000
365.335000	669.000000
365.340000	1282.000000
365.345000	1649.000000
365.350000	2407.000000
365.355000	3485.000000
365.360000	4128.000000
365.365000	4838.000000
365.370000	6237.000000
365.375000	7206.000000
365.380000	8237.000000
365.385000	11006.000000
365.390000	18787.000000
365.395000	34931.000000
365.400000	49525.000000
365.405000	28088.000000
365.410000	14632.000000
365.415000	7018.000000
365.420000	4448.000000
365.425000	2972.000000
365.430000	1920.000000
365.435000	1086.000000
365.440000	848.000000
365.445000	638.000000
365.450000	656.000000
365.455000	522.000000
365.460000	558.000000
365.465000	407.000000
365.470000	529.000000
365.475000	355.000000
365.480000	356.000000
365.485000	393.000000
365.490000	399.000000
365.495000	370.000000
365.500000	328.000000
365.505000	369.000000
365.510000	327.000000
365.515000	359.000000
365.520000	401.000000
365.525000	336.000000
365.530000	305.000000
365.535000	298.000000
365.540000	299.000000
365.545000	319.000000
365.550000	234.000000
365.555000	218.000000
365.560000	233.000000
365.565000	222.000000
365.570000	245.000000
365.575000	260.000000
365.580000	247.000000
365.585000	243.000000
365.590000	301.000000
365.595000	353.000000
365.600000	239.000000
