Sample ID:		None
Start Time:		Wed Jun 24 2020 7:29:29 PM
Averaging Time:		1.000s

364.600000	28.000000
364.605000	12.000000
364.610000	58.000000
364.615000	11.000000
364.620000	11.000000
364.625000	102.000000
364.630000	40.000000
364.635000	38.000000
364.640000	52.000000
364.645000	40.000000
364.650000	72.000000
364.655000	70.000000
364.660000	10.000000
364.665000	30.000000
364.670000	18.000000
364.675000	52.000000
364.680000	105.000000
364.685000	91.000000
364.690000	54.000000
364.695000	151.000000
364.700000	88.000000
364.705000	145.000000
364.710000	200.000000
364.715000	242.000000
364.720000	228.000000
364.725000	204.000000
364.730000	242.000000
364.735000	264.000000
364.740000	205.000000
364.745000	353.000000
364.750000	277.000000
364.755000	323.000000
364.760000	271.000000
364.765000	304.000000
364.770000	299.000000
364.775000	283.000000
364.780000	178.000000
364.785000	226.000000
364.790000	248.000000
364.795000	291.000000
364.800000	245.000000
364.805000	376.000000
364.810000	271.000000
364.815000	448.000000
364.820000	248.000000
364.825000	386.000000
364.830000	437.000000
364.835000	558.000000
364.840000	561.000000
364.845000	476.000000
364.850000	682.000000
364.855000	869.000000
364.860000	837.000000
364.865000	1350.000000
364.870000	2152.000000
364.875000	3444.000000
364.880000	5235.000000
364.885000	8407.000000
364.890000	13628.000000
364.895000	17441.000000
364.900000	20238.000000
364.905000	24670.000000
364.910000	30858.000000
364.915000	35465.000000
364.920000	44283.000000
364.925000	68334.000000
364.930000	153450.000000
364.935000	218186.000000
364.940000	90178.000000
364.945000	50086.000000
364.950000	29706.000000
364.955000	17682.000000
364.960000	11327.000000
364.965000	8112.000000
364.970000	4910.000000
364.975000	3208.000000
364.980000	2804.000000
364.985000	2267.000000
364.990000	2126.000000
364.995000	1807.000000
365.000000	1650.000000
365.005000	1551.000000
365.010000	1510.000000
365.015000	1304.000000
365.020000	1315.000000
365.025000	1172.000000
365.030000	1057.000000
365.035000	936.000000
365.040000	1085.000000
365.045000	898.000000
365.050000	915.000000
365.055000	804.000000
365.060000	703.000000
365.065000	578.000000
365.070000	612.000000
365.075000	607.000000
365.080000	475.000000
365.085000	528.000000
365.090000	400.000000
365.095000	394.000000
365.100000	558.000000
365.105000	428.000000
365.110000	361.000000
365.115000	426.000000
365.120000	365.000000
365.125000	328.000000
365.130000	351.000000
365.135000	365.000000
365.140000	484.000000
365.145000	222.000000
365.150000	302.000000
365.155000	276.000000
365.160000	394.000000
365.165000	284.000000
365.170000	332.000000
365.175000	364.000000
365.180000	371.000000
365.185000	395.000000
365.190000	374.000000
365.195000	301.000000
365.200000	365.000000
365.205000	366.000000
365.210000	409.000000
365.215000	402.000000
365.220000	288.000000
365.225000	340.000000
365.230000	310.000000
365.235000	250.000000
365.240000	302.000000
365.245000	310.000000
365.250000	251.000000
365.255000	313.000000
365.260000	307.000000
365.265000	230.000000
365.270000	266.000000
365.275000	343.000000
365.280000	303.000000
365.285000	393.000000
365.290000	338.000000
365.295000	335.000000
365.300000	340.000000
365.305000	431.000000
365.310000	327.000000
365.315000	462.000000
365.320000	371.000000
365.325000	398.000000
365.330000	618.000000
365.335000	932.000000
365.340000	925.000000
365.345000	1589.000000
365.350000	2494.000000
365.355000	3481.000000
365.360000	3924.000000
365.365000	4967.000000
365.370000	5758.000000
365.375000	7399.000000
365.380000	8058.000000
365.385000	11135.000000
365.390000	18737.000000
365.395000	33199.000000
365.400000	47248.000000
365.405000	26131.000000
365.410000	15050.000000
365.415000	7497.000000
365.420000	4946.000000
365.425000	2403.000000
365.430000	1614.000000
365.435000	1011.000000
365.440000	869.000000
365.445000	509.000000
365.450000	547.000000
365.455000	488.000000
365.460000	584.000000
365.465000	432.000000
365.470000	543.000000
365.475000	409.000000
365.480000	429.000000
365.485000	447.000000
365.490000	483.000000
365.495000	411.000000
365.500000	312.000000
365.505000	356.000000
365.510000	304.000000
365.515000	340.000000
365.520000	380.000000
365.525000	327.000000
365.530000	281.000000
365.535000	254.000000
365.540000	257.000000
365.545000	267.000000
365.550000	251.000000
365.555000	332.000000
365.560000	263.000000
365.565000	282.000000
365.570000	300.000000
365.575000	263.000000
365.580000	256.000000
365.585000	350.000000
365.590000	224.000000
365.595000	181.000000
365.600000	205.000000
