Sample ID:		None
Start Time:		Wed Jun 24 2020 3:20:59 PM
Averaging Time:		1.000s

364.600000	84.000000
364.605000	55.000000
364.610000	40.000000
364.615000	43.000000
364.620000	78.000000
364.625000	114.000000
364.630000	67.000000
364.635000	81.000000
364.640000	103.000000
364.645000	43.000000
364.650000	94.000000
364.655000	97.000000
364.660000	72.000000
364.665000	58.000000
364.670000	78.000000
364.675000	83.000000
364.680000	89.000000
364.685000	74.000000
364.690000	122.000000
364.695000	219.000000
364.700000	79.000000
364.705000	169.000000
364.710000	189.000000
364.715000	339.000000
364.720000	276.000000
364.725000	270.000000
364.730000	184.000000
364.735000	247.000000
364.740000	293.000000
364.745000	239.000000
364.750000	325.000000
364.755000	362.000000
364.760000	318.000000
364.765000	264.000000
364.770000	307.000000
364.775000	350.000000
364.780000	253.000000
364.785000	271.000000
364.790000	340.000000
364.795000	303.000000
364.800000	418.000000
364.805000	287.000000
364.810000	376.000000
364.815000	339.000000
364.820000	357.000000
364.825000	428.000000
364.830000	425.000000
364.835000	433.000000
364.840000	482.000000
364.845000	606.000000
364.850000	602.000000
364.855000	611.000000
364.860000	678.000000
364.865000	856.000000
364.870000	1017.000000
364.875000	1432.000000
364.880000	1856.000000
364.885000	2826.000000
364.890000	5322.000000
364.895000	9078.000000
364.900000	12134.000000
364.905000	16549.000000
364.910000	19836.000000
364.915000	25310.000000
364.920000	28898.000000
364.925000	35125.000000
364.930000	45181.000000
364.935000	67561.000000
364.940000	147707.000000
364.945000	223778.000000
364.950000	109333.000000
364.955000	47825.000000
364.960000	31483.000000
364.965000	20611.000000
364.970000	13711.000000
364.975000	7019.000000
364.980000	4797.000000
364.985000	3515.000000
364.990000	2817.000000
364.995000	2504.000000
365.000000	2327.000000
365.005000	1884.000000
365.010000	1384.000000
365.015000	1450.000000
365.020000	1482.000000
365.025000	1441.000000
365.030000	1312.000000
365.035000	1150.000000
365.040000	1263.000000
365.045000	976.000000
365.050000	957.000000
365.055000	850.000000
365.060000	882.000000
365.065000	878.000000
365.070000	755.000000
365.075000	752.000000
365.080000	599.000000
365.085000	697.000000
365.090000	763.000000
365.095000	609.000000
365.100000	459.000000
365.105000	610.000000
365.110000	627.000000
365.115000	463.000000
365.120000	509.000000
365.125000	382.000000
365.130000	390.000000
365.135000	352.000000
365.140000	324.000000
365.145000	359.000000
365.150000	406.000000
365.155000	355.000000
365.160000	364.000000
365.165000	436.000000
365.170000	469.000000
365.175000	449.000000
365.180000	289.000000
365.185000	362.000000
365.190000	428.000000
365.195000	343.000000
365.200000	428.000000
365.205000	271.000000
365.210000	308.000000
365.215000	294.000000
365.220000	207.000000
365.225000	390.000000
365.230000	302.000000
365.235000	405.000000
365.240000	186.000000
365.245000	339.000000
365.250000	308.000000
365.255000	397.000000
365.260000	500.000000
365.265000	285.000000
365.270000	342.000000
365.275000	359.000000
365.280000	304.000000
365.285000	360.000000
365.290000	378.000000
365.295000	282.000000
365.300000	493.000000
365.305000	391.000000
365.310000	407.000000
365.315000	486.000000
365.320000	330.000000
365.325000	338.000000
365.330000	406.000000
365.335000	423.000000
365.340000	568.000000
365.345000	789.000000
365.350000	1128.000000
365.355000	1605.000000
365.360000	2468.000000
365.365000	3207.000000
365.370000	4616.000000
365.375000	5582.000000
365.380000	6125.000000
365.385000	6730.000000
365.390000	9886.000000
365.395000	13143.000000
365.400000	18962.000000
365.405000	36889.000000
365.410000	46797.000000
365.415000	25997.000000
365.420000	13819.000000
365.425000	7059.000000
365.430000	4634.000000
365.435000	2472.000000
365.440000	1815.000000
365.445000	1258.000000
365.450000	564.000000
365.455000	669.000000
365.460000	622.000000
365.465000	618.000000
365.470000	635.000000
365.475000	466.000000
365.480000	520.000000
365.485000	534.000000
365.490000	408.000000
365.495000	548.000000
365.500000	347.000000
365.505000	382.000000
365.510000	319.000000
365.515000	336.000000
365.520000	374.000000
365.525000	425.000000
365.530000	392.000000
365.535000	320.000000
365.540000	379.000000
365.545000	301.000000
365.550000	395.000000
365.555000	281.000000
365.560000	399.000000
365.565000	301.000000
365.570000	298.000000
365.575000	336.000000
365.580000	284.000000
365.585000	322.000000
365.590000	331.000000
365.595000	318.000000
365.600000	267.000000
