Sample ID:		None
Start Time:		Wed Jun 24 2020 3:26:32 PM
Averaging Time:		1.000s

364.600000	63.000000
364.605000	27.000000
364.610000	132.000000
364.615000	45.000000
364.620000	61.000000
364.625000	88.000000
364.630000	110.000000
364.635000	65.000000
364.640000	51.000000
364.645000	77.000000
364.650000	47.000000
364.655000	63.000000
364.660000	78.000000
364.665000	61.000000
364.670000	122.000000
364.675000	93.000000
364.680000	102.000000
364.685000	81.000000
364.690000	146.000000
364.695000	124.000000
364.700000	134.000000
364.705000	135.000000
364.710000	213.000000
364.715000	307.000000
364.720000	290.000000
364.725000	238.000000
364.730000	267.000000
364.735000	202.000000
364.740000	229.000000
364.745000	234.000000
364.750000	229.000000
364.755000	286.000000
364.760000	404.000000
364.765000	297.000000
364.770000	265.000000
364.775000	231.000000
364.780000	406.000000
364.785000	244.000000
364.790000	428.000000
364.795000	387.000000
364.800000	320.000000
364.805000	360.000000
364.810000	450.000000
364.815000	405.000000
364.820000	381.000000
364.825000	436.000000
364.830000	363.000000
364.835000	529.000000
364.840000	547.000000
364.845000	511.000000
364.850000	578.000000
364.855000	742.000000
364.860000	543.000000
364.865000	875.000000
364.870000	1099.000000
364.875000	1521.000000
364.880000	2095.000000
364.885000	3215.000000
364.890000	5926.000000
364.895000	9071.000000
364.900000	12747.000000
364.905000	16516.000000
364.910000	22056.000000
364.915000	26865.000000
364.920000	29930.000000
364.925000	36534.000000
364.930000	46746.000000
364.935000	72723.000000
364.940000	162829.000000
364.945000	218476.000000
364.950000	115170.000000
364.955000	46585.000000
364.960000	27920.000000
364.965000	19109.000000
364.970000	12102.000000
364.975000	5720.000000
364.980000	4451.000000
364.985000	4013.000000
364.990000	2854.000000
364.995000	2432.000000
365.000000	2004.000000
365.005000	2066.000000
365.010000	1748.000000
365.015000	1441.000000
365.020000	1167.000000
365.025000	1407.000000
365.030000	1141.000000
365.035000	1107.000000
365.040000	1032.000000
365.045000	934.000000
365.050000	845.000000
365.055000	1007.000000
365.060000	869.000000
365.065000	687.000000
365.070000	704.000000
365.075000	675.000000
365.080000	582.000000
365.085000	652.000000
365.090000	595.000000
365.095000	661.000000
365.100000	632.000000
365.105000	422.000000
365.110000	538.000000
365.115000	619.000000
365.120000	419.000000
365.125000	515.000000
365.130000	491.000000
365.135000	442.000000
365.140000	339.000000
365.145000	444.000000
365.150000	333.000000
365.155000	322.000000
365.160000	352.000000
365.165000	365.000000
365.170000	393.000000
365.175000	437.000000
365.180000	419.000000
365.185000	339.000000
365.190000	369.000000
365.195000	370.000000
365.200000	447.000000
365.205000	379.000000
365.210000	475.000000
365.215000	357.000000
365.220000	421.000000
365.225000	402.000000
365.230000	356.000000
365.235000	275.000000
365.240000	280.000000
365.245000	309.000000
365.250000	430.000000
365.255000	401.000000
365.260000	293.000000
365.265000	223.000000
365.270000	308.000000
365.275000	360.000000
365.280000	300.000000
365.285000	362.000000
365.290000	334.000000
365.295000	382.000000
365.300000	441.000000
365.305000	329.000000
365.310000	280.000000
365.315000	232.000000
365.320000	566.000000
365.325000	391.000000
365.330000	485.000000
365.335000	457.000000
365.340000	739.000000
365.345000	741.000000
365.350000	1312.000000
365.355000	1723.000000
365.360000	2827.000000
365.365000	3117.000000
365.370000	4840.000000
365.375000	5555.000000
365.380000	6503.000000
365.385000	6986.000000
365.390000	9491.000000
365.395000	13724.000000
365.400000	20571.000000
365.405000	38858.000000
365.410000	45460.000000
365.415000	25799.000000
365.420000	11050.000000
365.425000	6456.000000
365.430000	3982.000000
365.435000	2302.000000
365.440000	1642.000000
365.445000	1359.000000
365.450000	764.000000
365.455000	756.000000
365.460000	596.000000
365.465000	591.000000
365.470000	495.000000
365.475000	417.000000
365.480000	530.000000
365.485000	531.000000
365.490000	480.000000
365.495000	449.000000
365.500000	438.000000
365.505000	256.000000
365.510000	324.000000
365.515000	195.000000
365.520000	301.000000
365.525000	374.000000
365.530000	348.000000
365.535000	270.000000
365.540000	348.000000
365.545000	381.000000
365.550000	340.000000
365.555000	380.000000
365.560000	342.000000
365.565000	242.000000
365.570000	270.000000
365.575000	297.000000
365.580000	240.000000
365.585000	284.000000
365.590000	367.000000
365.595000	271.000000
365.600000	245.000000
