Sample ID:		None
Start Time:		Wed Jun 24 2020 3:48:43 PM
Averaging Time:		1.000s

364.600000	49.000000
364.605000	64.000000
364.610000	83.000000
364.615000	71.000000
364.620000	70.000000
364.625000	71.000000
364.630000	46.000000
364.635000	62.000000
364.640000	70.000000
364.645000	76.000000
364.650000	55.000000
364.655000	66.000000
364.660000	68.000000
364.665000	65.000000
364.670000	69.000000
364.675000	167.000000
364.680000	115.000000
364.685000	106.000000
364.690000	93.000000
364.695000	114.000000
364.700000	80.000000
364.705000	139.000000
364.710000	203.000000
364.715000	212.000000
364.720000	289.000000
364.725000	291.000000
364.730000	301.000000
364.735000	313.000000
364.740000	268.000000
364.745000	226.000000
364.750000	309.000000
364.755000	368.000000
364.760000	352.000000
364.765000	294.000000
364.770000	257.000000
364.775000	300.000000
364.780000	378.000000
364.785000	251.000000
364.790000	359.000000
364.795000	337.000000
364.800000	345.000000
364.805000	387.000000
364.810000	321.000000
364.815000	268.000000
364.820000	368.000000
364.825000	313.000000
364.830000	291.000000
364.835000	545.000000
364.840000	565.000000
364.845000	695.000000
364.850000	693.000000
364.855000	634.000000
364.860000	894.000000
364.865000	921.000000
364.870000	1098.000000
364.875000	1704.000000
364.880000	2549.000000
364.885000	4123.000000
364.890000	6843.000000
364.895000	11158.000000
364.900000	13876.000000
364.905000	18520.000000
364.910000	25308.000000
364.915000	27936.000000
364.920000	31863.000000
364.925000	39652.000000
364.930000	54699.000000
364.935000	90486.000000
364.940000	219640.000000
364.945000	180376.000000
364.950000	87316.000000
364.955000	44202.000000
364.960000	25424.000000
364.965000	17386.000000
364.970000	10569.000000
364.975000	5218.000000
364.980000	4303.000000
364.985000	3399.000000
364.990000	2698.000000
364.995000	2295.000000
365.000000	2109.000000
365.005000	2063.000000
365.010000	1510.000000
365.015000	1510.000000
365.020000	1442.000000
365.025000	1334.000000
365.030000	1221.000000
365.035000	1161.000000
365.040000	1059.000000
365.045000	908.000000
365.050000	958.000000
365.055000	926.000000
365.060000	843.000000
365.065000	704.000000
365.070000	660.000000
365.075000	569.000000
365.080000	737.000000
365.085000	500.000000
365.090000	640.000000
365.095000	653.000000
365.100000	532.000000
365.105000	571.000000
365.110000	412.000000
365.115000	524.000000
365.120000	364.000000
365.125000	401.000000
365.130000	556.000000
365.135000	381.000000
365.140000	372.000000
365.145000	321.000000
365.150000	364.000000
365.155000	435.000000
365.160000	325.000000
365.165000	358.000000
365.170000	553.000000
365.175000	515.000000
365.180000	380.000000
365.185000	329.000000
365.190000	377.000000
365.195000	421.000000
365.200000	414.000000
365.205000	423.000000
365.210000	369.000000
365.215000	330.000000
365.220000	284.000000
365.225000	271.000000
365.230000	379.000000
365.235000	310.000000
365.240000	343.000000
365.245000	283.000000
365.250000	257.000000
365.255000	338.000000
365.260000	300.000000
365.265000	267.000000
365.270000	344.000000
365.275000	317.000000
365.280000	302.000000
365.285000	364.000000
365.290000	365.000000
365.295000	323.000000
365.300000	389.000000
365.305000	344.000000
365.310000	361.000000
365.315000	276.000000
365.320000	402.000000
365.325000	496.000000
365.330000	465.000000
365.335000	614.000000
365.340000	708.000000
365.345000	880.000000
365.350000	1423.000000
365.355000	1834.000000
365.360000	2932.000000
365.365000	3659.000000
365.370000	4801.000000
365.375000	6148.000000
365.380000	6700.000000
365.385000	7870.000000
365.390000	10473.000000
365.395000	16226.000000
365.400000	24236.000000
365.405000	48258.000000
365.410000	39362.000000
365.415000	18885.000000
365.420000	9491.000000
365.425000	5200.000000
365.430000	3265.000000
365.435000	2392.000000
365.440000	1161.000000
365.445000	973.000000
365.450000	648.000000
365.455000	563.000000
365.460000	447.000000
365.465000	442.000000
365.470000	407.000000
365.475000	647.000000
365.480000	452.000000
365.485000	324.000000
365.490000	391.000000
365.495000	372.000000
365.500000	426.000000
365.505000	460.000000
365.510000	348.000000
365.515000	354.000000
365.520000	352.000000
365.525000	372.000000
365.530000	354.000000
365.535000	401.000000
365.540000	249.000000
365.545000	329.000000
365.550000	323.000000
365.555000	188.000000
365.560000	328.000000
365.565000	279.000000
365.570000	259.000000
365.575000	273.000000
365.580000	353.000000
365.585000	251.000000
365.590000	214.000000
365.595000	256.000000
365.600000	316.000000
