Sample ID:		None
Start Time:		Wed Jun 24 2020 6:45:03 PM
Averaging Time:		1.000s

364.600000	35.000000
364.605000	42.000000
364.610000	26.000000
364.615000	45.000000
364.620000	37.000000
364.625000	36.000000
364.630000	49.000000
364.635000	45.000000
364.640000	31.000000
364.645000	40.000000
364.650000	31.000000
364.655000	41.000000
364.660000	126.000000
364.665000	57.000000
364.670000	14.000000
364.675000	78.000000
364.680000	165.000000
364.685000	84.000000
364.690000	112.000000
364.695000	81.000000
364.700000	92.000000
364.705000	204.000000
364.710000	177.000000
364.715000	251.000000
364.720000	262.000000
364.725000	237.000000
364.730000	359.000000
364.735000	334.000000
364.740000	218.000000
364.745000	255.000000
364.750000	196.000000
364.755000	255.000000
364.760000	197.000000
364.765000	322.000000
364.770000	202.000000
364.775000	292.000000
364.780000	269.000000
364.785000	286.000000
364.790000	303.000000
364.795000	221.000000
364.800000	319.000000
364.805000	230.000000
364.810000	361.000000
364.815000	303.000000
364.820000	469.000000
364.825000	379.000000
364.830000	489.000000
364.835000	482.000000
364.840000	531.000000
364.845000	683.000000
364.850000	602.000000
364.855000	792.000000
364.860000	888.000000
364.865000	1122.000000
364.870000	1455.000000
364.875000	2480.000000
364.880000	3807.000000
364.885000	5895.000000
364.890000	11309.000000
364.895000	14118.000000
364.900000	17684.000000
364.905000	22314.000000
364.910000	26300.000000
364.915000	30652.000000
364.920000	37315.000000
364.925000	52684.000000
364.930000	89218.000000
364.935000	194117.000000
364.940000	176373.000000
364.945000	76717.000000
364.950000	41445.000000
364.955000	23518.000000
364.960000	16003.000000
364.965000	9270.000000
364.970000	5584.000000
364.975000	4021.000000
364.980000	3688.000000
364.985000	2530.000000
364.990000	1887.000000
364.995000	1909.000000
365.000000	1794.000000
365.005000	1633.000000
365.010000	1646.000000
365.015000	1406.000000
365.020000	1087.000000
365.025000	1092.000000
365.030000	1015.000000
365.035000	1103.000000
365.040000	1103.000000
365.045000	934.000000
365.050000	925.000000
365.055000	870.000000
365.060000	762.000000
365.065000	798.000000
365.070000	708.000000
365.075000	446.000000
365.080000	685.000000
365.085000	516.000000
365.090000	510.000000
365.095000	550.000000
365.100000	480.000000
365.105000	441.000000
365.110000	401.000000
365.115000	367.000000
365.120000	549.000000
365.125000	361.000000
365.130000	354.000000
365.135000	370.000000
365.140000	350.000000
365.145000	286.000000
365.150000	318.000000
365.155000	365.000000
365.160000	389.000000
365.165000	221.000000
365.170000	456.000000
365.175000	410.000000
365.180000	398.000000
365.185000	188.000000
365.190000	412.000000
365.195000	343.000000
365.200000	300.000000
365.205000	330.000000
365.210000	240.000000
365.215000	280.000000
365.220000	389.000000
365.225000	354.000000
365.230000	353.000000
365.235000	290.000000
365.240000	383.000000
365.245000	257.000000
365.250000	281.000000
365.255000	383.000000
365.260000	289.000000
365.265000	252.000000
365.270000	274.000000
365.275000	334.000000
365.280000	345.000000
365.285000	288.000000
365.290000	424.000000
365.295000	243.000000
365.300000	259.000000
365.305000	304.000000
365.310000	412.000000
365.315000	425.000000
365.320000	354.000000
365.325000	409.000000
365.330000	594.000000
365.335000	635.000000
365.340000	803.000000
365.345000	1494.000000
365.350000	2098.000000
365.355000	3061.000000
365.360000	3346.000000
365.365000	4541.000000
365.370000	6362.000000
365.375000	6796.000000
365.380000	7800.000000
365.385000	9011.000000
365.390000	15666.000000
365.395000	24763.000000
365.400000	44035.000000
365.405000	32811.000000
365.410000	18225.000000
365.415000	10564.000000
365.420000	5790.000000
365.425000	3330.000000
365.430000	2245.000000
365.435000	1127.000000
365.440000	920.000000
365.445000	786.000000
365.450000	486.000000
365.455000	469.000000
365.460000	496.000000
365.465000	503.000000
365.470000	373.000000
365.475000	494.000000
365.480000	390.000000
365.485000	490.000000
365.490000	556.000000
365.495000	262.000000
365.500000	346.000000
365.505000	345.000000
365.510000	354.000000
365.515000	335.000000
365.520000	283.000000
365.525000	361.000000
365.530000	436.000000
365.535000	301.000000
365.540000	258.000000
365.545000	296.000000
365.550000	221.000000
365.555000	280.000000
365.560000	264.000000
365.565000	283.000000
365.570000	253.000000
365.575000	239.000000
365.580000	335.000000
365.585000	257.000000
365.590000	197.000000
365.595000	207.000000
365.600000	169.000000
