Sample ID:		None
Start Time:		Wed Jun 24 2020 7:23:56 PM
Averaging Time:		1.000s

364.600000	21.000000
364.605000	13.000000
364.610000	40.000000
364.615000	22.000000
364.620000	60.000000
364.625000	44.000000
364.630000	50.000000
364.635000	65.000000
364.640000	63.000000
364.645000	23.000000
364.650000	98.000000
364.655000	38.000000
364.660000	49.000000
364.665000	44.000000
364.670000	46.000000
364.675000	75.000000
364.680000	82.000000
364.685000	56.000000
364.690000	67.000000
364.695000	179.000000
364.700000	190.000000
364.705000	218.000000
364.710000	309.000000
364.715000	271.000000
364.720000	155.000000
364.725000	208.000000
364.730000	269.000000
364.735000	245.000000
364.740000	246.000000
364.745000	196.000000
364.750000	252.000000
364.755000	231.000000
364.760000	267.000000
364.765000	224.000000
364.770000	269.000000
364.775000	251.000000
364.780000	347.000000
364.785000	309.000000
364.790000	314.000000
364.795000	266.000000
364.800000	343.000000
364.805000	299.000000
364.810000	285.000000
364.815000	460.000000
364.820000	455.000000
364.825000	307.000000
364.830000	414.000000
364.835000	609.000000
364.840000	448.000000
364.845000	594.000000
364.850000	578.000000
364.855000	774.000000
364.860000	876.000000
364.865000	1186.000000
364.870000	1869.000000
364.875000	3657.000000
364.880000	4985.000000
364.885000	7903.000000
364.890000	13307.000000
364.895000	17061.000000
364.900000	20636.000000
364.905000	24220.000000
364.910000	29484.000000
364.915000	34262.000000
364.920000	43361.000000
364.925000	73902.000000
364.930000	149876.000000
364.935000	215084.000000
364.940000	111969.000000
364.945000	49728.000000
364.950000	30090.000000
364.955000	19502.000000
364.960000	11628.000000
364.965000	7501.000000
364.970000	4626.000000
364.975000	3421.000000
364.980000	2896.000000
364.985000	2461.000000
364.990000	1754.000000
364.995000	1560.000000
365.000000	1723.000000
365.005000	1749.000000
365.010000	1219.000000
365.015000	1091.000000
365.020000	1327.000000
365.025000	1148.000000
365.030000	1157.000000
365.035000	910.000000
365.040000	844.000000
365.045000	878.000000
365.050000	855.000000
365.055000	872.000000
365.060000	766.000000
365.065000	748.000000
365.070000	742.000000
365.075000	660.000000
365.080000	550.000000
365.085000	430.000000
365.090000	455.000000
365.095000	576.000000
365.100000	478.000000
365.105000	427.000000
365.110000	402.000000
365.115000	405.000000
365.120000	456.000000
365.125000	314.000000
365.130000	304.000000
365.135000	403.000000
365.140000	421.000000
365.145000	369.000000
365.150000	360.000000
365.155000	309.000000
365.160000	295.000000
365.165000	473.000000
365.170000	399.000000
365.175000	300.000000
365.180000	374.000000
365.185000	375.000000
365.190000	353.000000
365.195000	349.000000
365.200000	303.000000
365.205000	313.000000
365.210000	308.000000
365.215000	221.000000
365.220000	228.000000
365.225000	295.000000
365.230000	249.000000
365.235000	289.000000
365.240000	272.000000
365.245000	286.000000
365.250000	342.000000
365.255000	360.000000
365.260000	230.000000
365.265000	237.000000
365.270000	324.000000
365.275000	361.000000
365.280000	301.000000
365.285000	359.000000
365.290000	268.000000
365.295000	265.000000
365.300000	310.000000
365.305000	228.000000
365.310000	317.000000
365.315000	456.000000
365.320000	452.000000
365.325000	432.000000
365.330000	485.000000
365.335000	614.000000
365.340000	1016.000000
365.345000	1557.000000
365.350000	2622.000000
365.355000	3694.000000
365.360000	3909.000000
365.365000	5224.000000
365.370000	6273.000000
365.375000	7328.000000
365.380000	7718.000000
365.385000	10874.000000
365.390000	21773.000000
365.395000	33263.000000
365.400000	48940.000000
365.405000	29494.000000
365.410000	15360.000000
365.415000	7513.000000
365.420000	3973.000000
365.425000	2435.000000
365.430000	1744.000000
365.435000	1288.000000
365.440000	786.000000
365.445000	861.000000
365.450000	688.000000
365.455000	518.000000
365.460000	500.000000
365.465000	456.000000
365.470000	385.000000
365.475000	468.000000
365.480000	355.000000
365.485000	261.000000
365.490000	372.000000
365.495000	420.000000
365.500000	340.000000
365.505000	317.000000
365.510000	337.000000
365.515000	334.000000
365.520000	333.000000
365.525000	422.000000
365.530000	349.000000
365.535000	398.000000
365.540000	379.000000
365.545000	258.000000
365.550000	316.000000
365.555000	267.000000
365.560000	282.000000
365.565000	259.000000
365.570000	250.000000
365.575000	189.000000
365.580000	225.000000
365.585000	245.000000
365.590000	282.000000
365.595000	130.000000
365.600000	185.000000
