Sample ID:		None
Start Time:		Wed Jun 24 2020 5:32:51 PM
Averaging Time:		1.000s

364.600000	23.000000
364.605000	28.000000
364.610000	40.000000
364.615000	46.000000
364.620000	24.000000
364.625000	91.000000
364.630000	48.000000
364.635000	20.000000
364.640000	74.000000
364.645000	58.000000
364.650000	32.000000
364.655000	15.000000
364.660000	49.000000
364.665000	53.000000
364.670000	43.000000
364.675000	71.000000
364.680000	24.000000
364.685000	54.000000
364.690000	66.000000
364.695000	162.000000
364.700000	137.000000
364.705000	212.000000
364.710000	192.000000
364.715000	266.000000
364.720000	190.000000
364.725000	177.000000
364.730000	246.000000
364.735000	212.000000
364.740000	271.000000
364.745000	261.000000
364.750000	255.000000
364.755000	216.000000
364.760000	355.000000
364.765000	211.000000
364.770000	363.000000
364.775000	322.000000
364.780000	278.000000
364.785000	300.000000
364.790000	301.000000
364.795000	321.000000
364.800000	415.000000
364.805000	225.000000
364.810000	384.000000
364.815000	364.000000
364.820000	374.000000
364.825000	454.000000
364.830000	477.000000
364.835000	416.000000
364.840000	531.000000
364.845000	696.000000
364.850000	509.000000
364.855000	664.000000
364.860000	876.000000
364.865000	905.000000
364.870000	1351.000000
364.875000	1780.000000
364.880000	3118.000000
364.885000	5359.000000
364.890000	9923.000000
364.895000	12633.000000
364.900000	16281.000000
364.905000	20531.000000
364.910000	24892.000000
364.915000	28308.000000
364.920000	35147.000000
364.925000	46151.000000
364.930000	71101.000000
364.935000	164528.000000
364.940000	213005.000000
364.945000	97376.000000
364.950000	51334.000000
364.955000	28463.000000
364.960000	16938.000000
364.965000	11768.000000
364.970000	7323.000000
364.975000	4558.000000
364.980000	3492.000000
364.985000	2993.000000
364.990000	2109.000000
364.995000	2031.000000
365.000000	1910.000000
365.005000	1620.000000
365.010000	1461.000000
365.015000	1520.000000
365.020000	1186.000000
365.025000	919.000000
365.030000	972.000000
365.035000	979.000000
365.040000	1030.000000
365.045000	979.000000
365.050000	892.000000
365.055000	961.000000
365.060000	869.000000
365.065000	681.000000
365.070000	741.000000
365.075000	616.000000
365.080000	462.000000
365.085000	640.000000
365.090000	585.000000
365.095000	611.000000
365.100000	564.000000
365.105000	411.000000
365.110000	527.000000
365.115000	420.000000
365.120000	432.000000
365.125000	400.000000
365.130000	308.000000
365.135000	432.000000
365.140000	343.000000
365.145000	312.000000
365.150000	433.000000
365.155000	314.000000
365.160000	406.000000
365.165000	329.000000
365.170000	380.000000
365.175000	364.000000
365.180000	332.000000
365.185000	393.000000
365.190000	301.000000
365.195000	334.000000
365.200000	244.000000
365.205000	333.000000
365.210000	358.000000
365.215000	373.000000
365.220000	327.000000
365.225000	242.000000
365.230000	259.000000
365.235000	336.000000
365.240000	421.000000
365.245000	316.000000
365.250000	261.000000
365.255000	205.000000
365.260000	229.000000
365.265000	258.000000
365.270000	281.000000
365.275000	300.000000
365.280000	408.000000
365.285000	222.000000
365.290000	326.000000
365.295000	369.000000
365.300000	356.000000
365.305000	305.000000
365.310000	280.000000
365.315000	293.000000
365.320000	392.000000
365.325000	410.000000
365.330000	379.000000
365.335000	590.000000
365.340000	932.000000
365.345000	1326.000000
365.350000	1649.000000
365.355000	2847.000000
365.360000	3223.000000
365.365000	4717.000000
365.370000	5409.000000
365.375000	6329.000000
365.380000	7260.000000
365.385000	9175.000000
365.390000	14335.000000
365.395000	23394.000000
365.400000	42767.000000
365.405000	38669.000000
365.410000	21978.000000
365.415000	11795.000000
365.420000	5489.000000
365.425000	3868.000000
365.430000	2459.000000
365.435000	1682.000000
365.440000	891.000000
365.445000	831.000000
365.450000	605.000000
365.455000	457.000000
365.460000	463.000000
365.465000	440.000000
365.470000	363.000000
365.475000	522.000000
365.480000	377.000000
365.485000	397.000000
365.490000	380.000000
365.495000	412.000000
365.500000	432.000000
365.505000	375.000000
365.510000	433.000000
365.515000	322.000000
365.520000	344.000000
365.525000	335.000000
365.530000	302.000000
365.535000	286.000000
365.540000	421.000000
365.545000	264.000000
365.550000	241.000000
365.555000	250.000000
365.560000	295.000000
365.565000	224.000000
365.570000	202.000000
365.575000	270.000000
365.580000	345.000000
365.585000	312.000000
365.590000	226.000000
365.595000	221.000000
365.600000	254.000000
