Sample ID:		None
Start Time:		Wed Jun 24 2020 1:29:48 PM
Averaging Time:		1.000s

364.600000	87.000000
364.605000	49.000000
364.610000	111.000000
364.615000	123.000000
364.620000	39.000000
364.625000	95.000000
364.630000	105.000000
364.635000	85.000000
364.640000	61.000000
364.645000	76.000000
364.650000	68.000000
364.655000	82.000000
364.660000	62.000000
364.665000	39.000000
364.670000	123.000000
364.675000	67.000000
364.680000	183.000000
364.685000	43.000000
364.690000	38.000000
364.695000	92.000000
364.700000	111.000000
364.705000	124.000000
364.710000	127.000000
364.715000	165.000000
364.720000	218.000000
364.725000	306.000000
364.730000	281.000000
364.735000	259.000000
364.740000	255.000000
364.745000	235.000000
364.750000	338.000000
364.755000	292.000000
364.760000	299.000000
364.765000	288.000000
364.770000	316.000000
364.775000	340.000000
364.780000	211.000000
364.785000	289.000000
364.790000	304.000000
364.795000	267.000000
364.800000	412.000000
364.805000	369.000000
364.810000	323.000000
364.815000	462.000000
364.820000	457.000000
364.825000	307.000000
364.830000	316.000000
364.835000	508.000000
364.840000	299.000000
364.845000	605.000000
364.850000	483.000000
364.855000	544.000000
364.860000	481.000000
364.865000	670.000000
364.870000	1019.000000
364.875000	913.000000
364.880000	1320.000000
364.885000	1837.000000
364.890000	2751.000000
364.895000	5264.000000
364.900000	8327.000000
364.905000	12603.000000
364.910000	16678.000000
364.915000	21644.000000
364.920000	26555.000000
364.925000	29673.000000
364.930000	36204.000000
364.935000	48007.000000
364.940000	89873.000000
364.945000	169766.000000
364.950000	222259.000000
364.955000	69913.000000
364.960000	45688.000000
364.965000	29804.000000
364.970000	18115.000000
364.975000	9519.000000
364.980000	6977.000000
364.985000	4914.000000
364.990000	3027.000000
364.995000	2572.000000
365.000000	2513.000000
365.005000	2013.000000
365.010000	1967.000000
365.015000	1815.000000
365.020000	1438.000000
365.025000	1501.000000
365.030000	1200.000000
365.035000	1295.000000
365.040000	1183.000000
365.045000	1036.000000
365.050000	972.000000
365.055000	1024.000000
365.060000	939.000000
365.065000	777.000000
365.070000	648.000000
365.075000	799.000000
365.080000	648.000000
365.085000	635.000000
365.090000	775.000000
365.095000	689.000000
365.100000	524.000000
365.105000	543.000000
365.110000	506.000000
365.115000	501.000000
365.120000	558.000000
365.125000	397.000000
365.130000	519.000000
365.135000	388.000000
365.140000	497.000000
365.145000	276.000000
365.150000	433.000000
365.155000	342.000000
365.160000	322.000000
365.165000	379.000000
365.170000	383.000000
365.175000	374.000000
365.180000	361.000000
365.185000	377.000000
365.190000	297.000000
365.195000	350.000000
365.200000	403.000000
365.205000	435.000000
365.210000	365.000000
365.215000	480.000000
365.220000	415.000000
365.225000	346.000000
365.230000	295.000000
365.235000	415.000000
365.240000	323.000000
365.245000	331.000000
365.250000	422.000000
365.255000	355.000000
365.260000	266.000000
365.265000	323.000000
365.270000	273.000000
365.275000	336.000000
365.280000	359.000000
365.285000	323.000000
365.290000	293.000000
365.295000	398.000000
365.300000	302.000000
365.305000	398.000000
365.310000	467.000000
365.315000	390.000000
365.320000	318.000000
365.325000	349.000000
365.330000	327.000000
365.335000	461.000000
365.340000	513.000000
365.345000	565.000000
365.350000	725.000000
365.355000	1253.000000
365.360000	1832.000000
365.365000	2600.000000
365.370000	3425.000000
365.375000	4476.000000
365.380000	5020.000000
365.385000	5955.000000
365.390000	7650.000000
365.395000	8775.000000
365.400000	13240.000000
365.405000	22818.000000
365.410000	41805.000000
365.415000	43495.000000
365.420000	24594.000000
365.425000	11358.000000
365.430000	6083.000000
365.435000	3210.000000
365.440000	1941.000000
365.445000	1534.000000
365.450000	1058.000000
365.455000	855.000000
365.460000	583.000000
365.465000	562.000000
365.470000	526.000000
365.475000	351.000000
365.480000	522.000000
365.485000	381.000000
365.490000	313.000000
365.495000	458.000000
365.500000	450.000000
365.505000	393.000000
365.510000	377.000000
365.515000	463.000000
365.520000	325.000000
365.525000	409.000000
365.530000	270.000000
365.535000	360.000000
365.540000	421.000000
365.545000	306.000000
365.550000	356.000000
365.555000	394.000000
365.560000	304.000000
365.565000	282.000000
365.570000	257.000000
365.575000	335.000000
365.580000	313.000000
365.585000	325.000000
365.590000	219.000000
365.595000	201.000000
365.600000	328.000000
