Sample ID:		None
Start Time:		Wed Jun 24 2020 9:09:27 PM
Averaging Time:		1.000s

364.600000	73.000000
364.605000	20.000000
364.610000	36.000000
364.615000	63.000000
364.620000	55.000000
364.625000	49.000000
364.630000	40.000000
364.635000	100.000000
364.640000	32.000000
364.645000	61.000000
364.650000	42.000000
364.655000	29.000000
364.660000	44.000000
364.665000	96.000000
364.670000	68.000000
364.675000	78.000000
364.680000	35.000000
364.685000	82.000000
364.690000	64.000000
364.695000	70.000000
364.700000	161.000000
364.705000	130.000000
364.710000	235.000000
364.715000	297.000000
364.720000	194.000000
364.725000	278.000000
364.730000	225.000000
364.735000	291.000000
364.740000	202.000000
364.745000	221.000000
364.750000	263.000000
364.755000	301.000000
364.760000	244.000000
364.765000	271.000000
364.770000	326.000000
364.775000	235.000000
364.780000	249.000000
364.785000	271.000000
364.790000	276.000000
364.795000	377.000000
364.800000	309.000000
364.805000	405.000000
364.810000	304.000000
364.815000	338.000000
364.820000	405.000000
364.825000	514.000000
364.830000	361.000000
364.835000	491.000000
364.840000	718.000000
364.845000	614.000000
364.850000	502.000000
364.855000	789.000000
364.860000	1009.000000
364.865000	1216.000000
364.870000	1556.000000
364.875000	2476.000000
364.880000	4462.000000
364.885000	7063.000000
364.890000	12660.000000
364.895000	14398.000000
364.900000	19466.000000
364.905000	24361.000000
364.910000	29186.000000
364.915000	32870.000000
364.920000	40747.000000
364.925000	62970.000000
364.930000	119097.000000
364.935000	219535.000000
364.940000	163147.000000
364.945000	66749.000000
364.950000	39726.000000
364.955000	24220.000000
364.960000	13797.000000
364.965000	8924.000000
364.970000	4937.000000
364.975000	4338.000000
364.980000	3065.000000
364.985000	2324.000000
364.990000	2151.000000
364.995000	1761.000000
365.000000	1540.000000
365.005000	1345.000000
365.010000	1457.000000
365.015000	1404.000000
365.020000	1262.000000
365.025000	1171.000000
365.030000	1048.000000
365.035000	929.000000
365.040000	1051.000000
365.045000	869.000000
365.050000	811.000000
365.055000	686.000000
365.060000	643.000000
365.065000	741.000000
365.070000	562.000000
365.075000	650.000000
365.080000	520.000000
365.085000	655.000000
365.090000	411.000000
365.095000	501.000000
365.100000	557.000000
365.105000	434.000000
365.110000	478.000000
365.115000	344.000000
365.120000	271.000000
365.125000	323.000000
365.130000	363.000000
365.135000	353.000000
365.140000	357.000000
365.145000	296.000000
365.150000	358.000000
365.155000	408.000000
365.160000	298.000000
365.165000	343.000000
365.170000	430.000000
365.175000	325.000000
365.180000	465.000000
365.185000	291.000000
365.190000	324.000000
365.195000	372.000000
365.200000	423.000000
365.205000	337.000000
365.210000	282.000000
365.215000	296.000000
365.220000	459.000000
365.225000	331.000000
365.230000	347.000000
365.235000	281.000000
365.240000	266.000000
365.245000	271.000000
365.250000	290.000000
365.255000	328.000000
365.260000	236.000000
365.265000	207.000000
365.270000	250.000000
365.275000	282.000000
365.280000	332.000000
365.285000	329.000000
365.290000	337.000000
365.295000	488.000000
365.300000	324.000000
365.305000	440.000000
365.310000	333.000000
365.315000	349.000000
365.320000	285.000000
365.325000	365.000000
365.330000	488.000000
365.335000	777.000000
365.340000	1060.000000
365.345000	1263.000000
365.350000	2262.000000
365.355000	3053.000000
365.360000	4363.000000
365.365000	4732.000000
365.370000	6009.000000
365.375000	7301.000000
365.380000	8456.000000
365.385000	11155.000000
365.390000	19415.000000
365.395000	37078.000000
365.400000	49557.000000
365.405000	25424.000000
365.410000	12906.000000
365.415000	7007.000000
365.420000	4482.000000
365.425000	2760.000000
365.430000	1738.000000
365.435000	1039.000000
365.440000	735.000000
365.445000	662.000000
365.450000	531.000000
365.455000	484.000000
365.460000	486.000000
365.465000	344.000000
365.470000	376.000000
365.475000	482.000000
365.480000	506.000000
365.485000	381.000000
365.490000	305.000000
365.495000	342.000000
365.500000	405.000000
365.505000	329.000000
365.510000	353.000000
365.515000	316.000000
365.520000	317.000000
365.525000	339.000000
365.530000	267.000000
365.535000	337.000000
365.540000	255.000000
365.545000	222.000000
365.550000	316.000000
365.555000	292.000000
365.560000	231.000000
365.565000	267.000000
365.570000	256.000000
365.575000	272.000000
365.580000	302.000000
365.585000	293.000000
365.590000	239.000000
365.595000	262.000000
365.600000	207.000000
