Sample ID:		None
Start Time:		Wed Jun 24 2020 10:54:59 PM
Averaging Time:		1.000s

364.600000	25.000000
364.605000	33.000000
364.610000	50.000000
364.615000	48.000000
364.620000	22.000000
364.625000	33.000000
364.630000	72.000000
364.635000	80.000000
364.640000	36.000000
364.645000	27.000000
364.650000	53.000000
364.655000	51.000000
364.660000	39.000000
364.665000	152.000000
364.670000	122.000000
364.675000	89.000000
364.680000	41.000000
364.685000	69.000000
364.690000	104.000000
364.695000	164.000000
364.700000	123.000000
364.705000	179.000000
364.710000	236.000000
364.715000	208.000000
364.720000	227.000000
364.725000	258.000000
364.730000	160.000000
364.735000	211.000000
364.740000	163.000000
364.745000	312.000000
364.750000	201.000000
364.755000	200.000000
364.760000	282.000000
364.765000	245.000000
364.770000	352.000000
364.775000	427.000000
364.780000	234.000000
364.785000	267.000000
364.790000	273.000000
364.795000	385.000000
364.800000	323.000000
364.805000	323.000000
364.810000	338.000000
364.815000	283.000000
364.820000	404.000000
364.825000	395.000000
364.830000	408.000000
364.835000	377.000000
364.840000	483.000000
364.845000	529.000000
364.850000	691.000000
364.855000	723.000000
364.860000	925.000000
364.865000	1023.000000
364.870000	1327.000000
364.875000	2267.000000
364.880000	3517.000000
364.885000	5489.000000
364.890000	9376.000000
364.895000	14634.000000
364.900000	17313.000000
364.905000	21914.000000
364.910000	26481.000000
364.915000	30465.000000
364.920000	37428.000000
364.925000	51444.000000
364.930000	78832.000000
364.935000	175770.000000
364.940000	187664.000000
364.945000	93631.000000
364.950000	47351.000000
364.955000	29818.000000
364.960000	17336.000000
364.965000	11431.000000
364.970000	6768.000000
364.975000	4694.000000
364.980000	3179.000000
364.985000	2768.000000
364.990000	2561.000000
364.995000	2122.000000
365.000000	1830.000000
365.005000	1691.000000
365.010000	1486.000000
365.015000	1448.000000
365.020000	1354.000000
365.025000	1234.000000
365.030000	1110.000000
365.035000	1001.000000
365.040000	1031.000000
365.045000	910.000000
365.050000	827.000000
365.055000	922.000000
365.060000	850.000000
365.065000	803.000000
365.070000	715.000000
365.075000	545.000000
365.080000	550.000000
365.085000	685.000000
365.090000	528.000000
365.095000	506.000000
365.100000	661.000000
365.105000	556.000000
365.110000	419.000000
365.115000	428.000000
365.120000	471.000000
365.125000	650.000000
365.130000	329.000000
365.135000	272.000000
365.140000	363.000000
365.145000	326.000000
365.150000	466.000000
365.155000	325.000000
365.160000	299.000000
365.165000	511.000000
365.170000	425.000000
365.175000	338.000000
365.180000	401.000000
365.185000	387.000000
365.190000	190.000000
365.195000	340.000000
365.200000	337.000000
365.205000	443.000000
365.210000	249.000000
365.215000	310.000000
365.220000	305.000000
365.225000	302.000000
365.230000	276.000000
365.235000	327.000000
365.240000	317.000000
365.245000	359.000000
365.250000	307.000000
365.255000	242.000000
365.260000	286.000000
365.265000	413.000000
365.270000	296.000000
365.275000	220.000000
365.280000	301.000000
365.285000	348.000000
365.290000	439.000000
365.295000	409.000000
365.300000	227.000000
365.305000	367.000000
365.310000	382.000000
365.315000	282.000000
365.320000	410.000000
365.325000	386.000000
365.330000	450.000000
365.335000	810.000000
365.340000	1054.000000
365.345000	1617.000000
365.350000	1855.000000
365.355000	3365.000000
365.360000	4131.000000
365.365000	4597.000000
365.370000	6380.000000
365.375000	6828.000000
365.380000	7670.000000
365.385000	10939.000000
365.390000	18776.000000
365.395000	33212.000000
365.400000	49098.000000
365.405000	29006.000000
365.410000	14868.000000
365.415000	7821.000000
365.420000	4162.000000
365.425000	3007.000000
365.430000	1642.000000
365.435000	926.000000
365.440000	908.000000
365.445000	712.000000
365.450000	591.000000
365.455000	402.000000
365.460000	457.000000
365.465000	487.000000
365.470000	540.000000
365.475000	420.000000
365.480000	368.000000
365.485000	361.000000
365.490000	361.000000
365.495000	387.000000
365.500000	393.000000
365.505000	382.000000
365.510000	271.000000
365.515000	295.000000
365.520000	407.000000
365.525000	312.000000
365.530000	285.000000
365.535000	368.000000
365.540000	270.000000
365.545000	255.000000
365.550000	302.000000
365.555000	251.000000
365.560000	254.000000
365.565000	236.000000
365.570000	254.000000
365.575000	332.000000
365.580000	365.000000
365.585000	354.000000
365.590000	247.000000
365.595000	231.000000
365.600000	237.000000
