Sample ID:		None
Start Time:		Wed Jun 24 2020 12:45:23 PM
Averaging Time:		1.000s

364.600000	53.000000
364.605000	34.000000
364.610000	53.000000
364.615000	114.000000
364.620000	134.000000
364.625000	111.000000
364.630000	60.000000
364.635000	119.000000
364.640000	143.000000
364.645000	83.000000
364.650000	101.000000
364.655000	58.000000
364.660000	56.000000
364.665000	93.000000
364.670000	50.000000
364.675000	120.000000
364.680000	225.000000
364.685000	89.000000
364.690000	105.000000
364.695000	82.000000
364.700000	56.000000
364.705000	92.000000
364.710000	112.000000
364.715000	79.000000
364.720000	81.000000
364.725000	141.000000
364.730000	205.000000
364.735000	246.000000
364.740000	310.000000
364.745000	182.000000
364.750000	261.000000
364.755000	300.000000
364.760000	282.000000
364.765000	269.000000
364.770000	162.000000
364.775000	282.000000
364.780000	279.000000
364.785000	223.000000
364.790000	259.000000
364.795000	416.000000
364.800000	232.000000
364.805000	351.000000
364.810000	398.000000
364.815000	360.000000
364.820000	340.000000
364.825000	292.000000
364.830000	439.000000
364.835000	444.000000
364.840000	394.000000
364.845000	313.000000
364.850000	502.000000
364.855000	445.000000
364.860000	607.000000
364.865000	588.000000
364.870000	711.000000
364.875000	635.000000
364.880000	727.000000
364.885000	926.000000
364.890000	1449.000000
364.895000	2123.000000
364.900000	3407.000000
364.905000	5867.000000
364.910000	8299.000000
364.915000	13084.000000
364.920000	18443.000000
364.925000	21968.000000
364.930000	26027.000000
364.935000	31668.000000
364.940000	36765.000000
364.945000	49567.000000
364.950000	87640.000000
364.955000	178435.000000
364.960000	220250.000000
364.965000	100041.000000
364.970000	46303.000000
364.975000	26447.000000
364.980000	17740.000000
364.985000	10198.000000
364.990000	6897.000000
364.995000	4683.000000
365.000000	3871.000000
365.005000	2822.000000
365.010000	2183.000000
365.015000	2258.000000
365.020000	1945.000000
365.025000	1525.000000
365.030000	1626.000000
365.035000	1440.000000
365.040000	1480.000000
365.045000	1337.000000
365.050000	1240.000000
365.055000	1017.000000
365.060000	1010.000000
365.065000	987.000000
365.070000	906.000000
365.075000	995.000000
365.080000	952.000000
365.085000	609.000000
365.090000	775.000000
365.095000	577.000000
365.100000	692.000000
365.105000	562.000000
365.110000	527.000000
365.115000	609.000000
365.120000	595.000000
365.125000	604.000000
365.130000	553.000000
365.135000	481.000000
365.140000	475.000000
365.145000	425.000000
365.150000	320.000000
365.155000	452.000000
365.160000	373.000000
365.165000	497.000000
365.170000	301.000000
365.175000	384.000000
365.180000	420.000000
365.185000	290.000000
365.190000	424.000000
365.195000	450.000000
365.200000	396.000000
365.205000	385.000000
365.210000	357.000000
365.215000	386.000000
365.220000	411.000000
365.225000	360.000000
365.230000	369.000000
365.235000	346.000000
365.240000	428.000000
365.245000	432.000000
365.250000	269.000000
365.255000	316.000000
365.260000	247.000000
365.265000	234.000000
365.270000	282.000000
365.275000	327.000000
365.280000	229.000000
365.285000	314.000000
365.290000	335.000000
365.295000	255.000000
365.300000	292.000000
365.305000	353.000000
365.310000	305.000000
365.315000	299.000000
365.320000	400.000000
365.325000	407.000000
365.330000	292.000000
365.335000	367.000000
365.340000	285.000000
365.345000	371.000000
365.350000	486.000000
365.355000	467.000000
365.360000	762.000000
365.365000	1168.000000
365.370000	1652.000000
365.375000	2068.000000
365.380000	3107.000000
365.385000	4000.000000
365.390000	4648.000000
365.395000	6191.000000
365.400000	6692.000000
365.405000	7726.000000
365.410000	11688.000000
365.415000	18527.000000
365.420000	31371.000000
365.425000	47799.000000
365.430000	24591.000000
365.435000	13195.000000
365.440000	7583.000000
365.445000	4488.000000
365.450000	2356.000000
365.455000	1625.000000
365.460000	1049.000000
365.465000	698.000000
365.470000	755.000000
365.475000	449.000000
365.480000	607.000000
365.485000	358.000000
365.490000	422.000000
365.495000	423.000000
365.500000	339.000000
365.505000	352.000000
365.510000	404.000000
365.515000	494.000000
365.520000	516.000000
365.525000	290.000000
365.530000	368.000000
365.535000	291.000000
365.540000	428.000000
365.545000	402.000000
365.550000	383.000000
365.555000	418.000000
365.560000	461.000000
365.565000	327.000000
365.570000	294.000000
365.575000	240.000000
365.580000	316.000000
365.585000	301.000000
365.590000	318.000000
365.595000	327.000000
365.600000	252.000000
