Sample ID:		None
Start Time:		Wed Jun 24 2020 11:06:05 PM
Averaging Time:		1.000s

364.600000	116.000000
364.605000	58.000000
364.610000	55.000000
364.615000	53.000000
364.620000	55.000000
364.625000	42.000000
364.630000	45.000000
364.635000	83.000000
364.640000	39.000000
364.645000	47.000000
364.650000	15.000000
364.655000	78.000000
364.660000	45.000000
364.665000	53.000000
364.670000	62.000000
364.675000	34.000000
364.680000	44.000000
364.685000	105.000000
364.690000	57.000000
364.695000	110.000000
364.700000	117.000000
364.705000	148.000000
364.710000	242.000000
364.715000	226.000000
364.720000	218.000000
364.725000	201.000000
364.730000	144.000000
364.735000	304.000000
364.740000	267.000000
364.745000	251.000000
364.750000	236.000000
364.755000	346.000000
364.760000	210.000000
364.765000	207.000000
364.770000	207.000000
364.775000	292.000000
364.780000	227.000000
364.785000	377.000000
364.790000	226.000000
364.795000	312.000000
364.800000	429.000000
364.805000	497.000000
364.810000	379.000000
364.815000	387.000000
364.820000	350.000000
364.825000	426.000000
364.830000	352.000000
364.835000	363.000000
364.840000	515.000000
364.845000	742.000000
364.850000	759.000000
364.855000	603.000000
364.860000	734.000000
364.865000	1039.000000
364.870000	1442.000000
364.875000	2101.000000
364.880000	3553.000000
364.885000	6000.000000
364.890000	9994.000000
364.895000	13582.000000
364.900000	17533.000000
364.905000	22085.000000
364.910000	26923.000000
364.915000	31192.000000
364.920000	35673.000000
364.925000	53583.000000
364.930000	79180.000000
364.935000	183103.000000
364.940000	206707.000000
364.945000	93071.000000
364.950000	47812.000000
364.955000	27577.000000
364.960000	17372.000000
364.965000	10997.000000
364.970000	6277.000000
364.975000	4589.000000
364.980000	3650.000000
364.985000	3153.000000
364.990000	2203.000000
364.995000	2143.000000
365.000000	1931.000000
365.005000	1721.000000
365.010000	1475.000000
365.015000	1327.000000
365.020000	1336.000000
365.025000	1194.000000
365.030000	1168.000000
365.035000	1109.000000
365.040000	830.000000
365.045000	864.000000
365.050000	958.000000
365.055000	774.000000
365.060000	840.000000
365.065000	726.000000
365.070000	642.000000
365.075000	608.000000
365.080000	584.000000
365.085000	598.000000
365.090000	448.000000
365.095000	717.000000
365.100000	628.000000
365.105000	551.000000
365.110000	313.000000
365.115000	386.000000
365.120000	467.000000
365.125000	378.000000
365.130000	375.000000
365.135000	353.000000
365.140000	404.000000
365.145000	277.000000
365.150000	345.000000
365.155000	332.000000
365.160000	321.000000
365.165000	297.000000
365.170000	339.000000
365.175000	377.000000
365.180000	347.000000
365.185000	429.000000
365.190000	423.000000
365.195000	299.000000
365.200000	286.000000
365.205000	306.000000
365.210000	313.000000
365.215000	427.000000
365.220000	253.000000
365.225000	280.000000
365.230000	314.000000
365.235000	307.000000
365.240000	292.000000
365.245000	300.000000
365.250000	301.000000
365.255000	191.000000
365.260000	244.000000
365.265000	314.000000
365.270000	234.000000
365.275000	275.000000
365.280000	334.000000
365.285000	263.000000
365.290000	279.000000
365.295000	332.000000
365.300000	318.000000
365.305000	325.000000
365.310000	399.000000
365.315000	344.000000
365.320000	315.000000
365.325000	539.000000
365.330000	389.000000
365.335000	742.000000
365.340000	931.000000
365.345000	1291.000000
365.350000	2137.000000
365.355000	3385.000000
365.360000	4039.000000
365.365000	4854.000000
365.370000	5916.000000
365.375000	6966.000000
365.380000	8327.000000
365.385000	10269.000000
365.390000	17621.000000
365.395000	32893.000000
365.400000	49254.000000
365.405000	31230.000000
365.410000	16182.000000
365.415000	7689.000000
365.420000	5117.000000
365.425000	2790.000000
365.430000	1640.000000
365.435000	1048.000000
365.440000	765.000000
365.445000	641.000000
365.450000	582.000000
365.455000	459.000000
365.460000	355.000000
365.465000	457.000000
365.470000	374.000000
365.475000	423.000000
365.480000	313.000000
365.485000	440.000000
365.490000	407.000000
365.495000	312.000000
365.500000	393.000000
365.505000	386.000000
365.510000	374.000000
365.515000	262.000000
365.520000	299.000000
365.525000	395.000000
365.530000	353.000000
365.535000	312.000000
365.540000	363.000000
365.545000	383.000000
365.550000	213.000000
365.555000	353.000000
365.560000	210.000000
365.565000	265.000000
365.570000	382.000000
365.575000	282.000000
365.580000	272.000000
365.585000	243.000000
365.590000	261.000000
365.595000	201.000000
365.600000	125.000000
