Sample ID:		None
Start Time:		Wed Jun 24 2020 4:42:57 PM
Averaging Time:		1.000s

364.600000	97.000000
364.605000	111.000000
364.610000	93.000000
364.615000	78.000000
364.620000	55.000000
364.625000	61.000000
364.630000	95.000000
364.635000	95.000000
364.640000	68.000000
364.645000	117.000000
364.650000	93.000000
364.655000	119.000000
364.660000	101.000000
364.665000	68.000000
364.670000	60.000000
364.675000	49.000000
364.680000	134.000000
364.685000	94.000000
364.690000	183.000000
364.695000	105.000000
364.700000	174.000000
364.705000	221.000000
364.710000	203.000000
364.715000	289.000000
364.720000	165.000000
364.725000	354.000000
364.730000	213.000000
364.735000	236.000000
364.740000	335.000000
364.745000	224.000000
364.750000	278.000000
364.755000	224.000000
364.760000	281.000000
364.765000	288.000000
364.770000	333.000000
364.775000	267.000000
364.780000	335.000000
364.785000	298.000000
364.790000	285.000000
364.795000	406.000000
364.800000	279.000000
364.805000	458.000000
364.810000	266.000000
364.815000	407.000000
364.820000	338.000000
364.825000	317.000000
364.830000	435.000000
364.835000	362.000000
364.840000	536.000000
364.845000	654.000000
364.850000	690.000000
364.855000	718.000000
364.860000	802.000000
364.865000	964.000000
364.870000	1602.000000
364.875000	2687.000000
364.880000	3805.000000
364.885000	5835.000000
364.890000	9154.000000
364.895000	13572.000000
364.900000	17095.000000
364.905000	22353.000000
364.910000	27012.000000
364.915000	30058.000000
364.920000	35769.000000
364.925000	49893.000000
364.930000	82217.000000
364.935000	185524.000000
364.940000	198469.000000
364.945000	89405.000000
364.950000	46978.000000
364.955000	27684.000000
364.960000	16879.000000
364.965000	10951.000000
364.970000	6157.000000
364.975000	3674.000000
364.980000	3690.000000
364.985000	2521.000000
364.990000	2295.000000
364.995000	1829.000000
365.000000	2005.000000
365.005000	1632.000000
365.010000	1810.000000
365.015000	1327.000000
365.020000	1306.000000
365.025000	1263.000000
365.030000	1113.000000
365.035000	920.000000
365.040000	981.000000
365.045000	1011.000000
365.050000	1026.000000
365.055000	709.000000
365.060000	814.000000
365.065000	783.000000
365.070000	747.000000
365.075000	646.000000
365.080000	744.000000
365.085000	661.000000
365.090000	367.000000
365.095000	534.000000
365.100000	608.000000
365.105000	518.000000
365.110000	555.000000
365.115000	636.000000
365.120000	477.000000
365.125000	538.000000
365.130000	524.000000
365.135000	316.000000
365.140000	307.000000
365.145000	422.000000
365.150000	533.000000
365.155000	387.000000
365.160000	400.000000
365.165000	434.000000
365.170000	437.000000
365.175000	508.000000
365.180000	384.000000
365.185000	481.000000
365.190000	242.000000
365.195000	327.000000
365.200000	460.000000
365.205000	395.000000
365.210000	291.000000
365.215000	349.000000
365.220000	444.000000
365.225000	430.000000
365.230000	301.000000
365.235000	321.000000
365.240000	378.000000
365.245000	293.000000
365.250000	381.000000
365.255000	291.000000
365.260000	425.000000
365.265000	299.000000
365.270000	311.000000
365.275000	300.000000
365.280000	476.000000
365.285000	379.000000
365.290000	339.000000
365.295000	370.000000
365.300000	398.000000
365.305000	291.000000
365.310000	470.000000
365.315000	298.000000
365.320000	284.000000
365.325000	370.000000
365.330000	716.000000
365.335000	666.000000
365.340000	791.000000
365.345000	1271.000000
365.350000	1634.000000
365.355000	2715.000000
365.360000	4029.000000
365.365000	4664.000000
365.370000	5819.000000
365.375000	6702.000000
365.380000	7743.000000
365.385000	9406.000000
365.390000	17849.000000
365.395000	24273.000000
365.400000	45047.000000
365.405000	39133.000000
365.410000	21241.000000
365.415000	10305.000000
365.420000	5469.000000
365.425000	3750.000000
365.430000	2006.000000
365.435000	1411.000000
365.440000	824.000000
365.445000	714.000000
365.450000	720.000000
365.455000	437.000000
365.460000	435.000000
365.465000	518.000000
365.470000	597.000000
365.475000	307.000000
365.480000	589.000000
365.485000	416.000000
365.490000	346.000000
365.495000	356.000000
365.500000	412.000000
365.505000	397.000000
365.510000	451.000000
365.515000	344.000000
365.520000	336.000000
365.525000	480.000000
365.530000	360.000000
365.535000	363.000000
365.540000	377.000000
365.545000	271.000000
365.550000	451.000000
365.555000	241.000000
365.560000	283.000000
365.565000	451.000000
365.570000	295.000000
365.575000	392.000000
365.580000	370.000000
365.585000	311.000000
365.590000	329.000000
365.595000	264.000000
365.600000	269.000000
