Sample ID:		None
Start Time:		Wed Jun 24 2020 11:44:58 PM
Averaging Time:		1.000s

364.600000	26.000000
364.605000	30.000000
364.610000	70.000000
364.615000	18.000000
364.620000	23.000000
364.625000	38.000000
364.630000	69.000000
364.635000	45.000000
364.640000	54.000000
364.645000	34.000000
364.650000	19.000000
364.655000	39.000000
364.660000	26.000000
364.665000	63.000000
364.670000	65.000000
364.675000	29.000000
364.680000	131.000000
364.685000	85.000000
364.690000	109.000000
364.695000	78.000000
364.700000	182.000000
364.705000	133.000000
364.710000	309.000000
364.715000	282.000000
364.720000	193.000000
364.725000	198.000000
364.730000	224.000000
364.735000	252.000000
364.740000	140.000000
364.745000	194.000000
364.750000	153.000000
364.755000	235.000000
364.760000	244.000000
364.765000	285.000000
364.770000	170.000000
364.775000	255.000000
364.780000	266.000000
364.785000	304.000000
364.790000	375.000000
364.795000	232.000000
364.800000	368.000000
364.805000	415.000000
364.810000	299.000000
364.815000	387.000000
364.820000	447.000000
364.825000	442.000000
364.830000	371.000000
364.835000	487.000000
364.840000	616.000000
364.845000	614.000000
364.850000	658.000000
364.855000	602.000000
364.860000	823.000000
364.865000	1126.000000
364.870000	1332.000000
364.875000	3115.000000
364.880000	3993.000000
364.885000	6016.000000
364.890000	11025.000000
364.895000	15783.000000
364.900000	18386.000000
364.905000	23810.000000
364.910000	27756.000000
364.915000	32755.000000
364.920000	38273.000000
364.925000	54796.000000
364.930000	100075.000000
364.935000	212802.000000
364.940000	161794.000000
364.945000	77376.000000
364.950000	43836.000000
364.955000	20969.000000
364.960000	15797.000000
364.965000	9713.000000
364.970000	6305.000000
364.975000	3888.000000
364.980000	3418.000000
364.985000	2562.000000
364.990000	2503.000000
364.995000	1916.000000
365.000000	1965.000000
365.005000	1463.000000
365.010000	1682.000000
365.015000	1442.000000
365.020000	1178.000000
365.025000	945.000000
365.030000	994.000000
365.035000	867.000000
365.040000	739.000000
365.045000	912.000000
365.050000	1049.000000
365.055000	759.000000
365.060000	659.000000
365.065000	797.000000
365.070000	792.000000
365.075000	814.000000
365.080000	602.000000
365.085000	579.000000
365.090000	455.000000
365.095000	508.000000
365.100000	476.000000
365.105000	457.000000
365.110000	407.000000
365.115000	504.000000
365.120000	410.000000
365.125000	403.000000
365.130000	402.000000
365.135000	344.000000
365.140000	393.000000
365.145000	402.000000
365.150000	443.000000
365.155000	318.000000
365.160000	334.000000
365.165000	405.000000
365.170000	284.000000
365.175000	439.000000
365.180000	378.000000
365.185000	401.000000
365.190000	362.000000
365.195000	549.000000
365.200000	458.000000
365.205000	417.000000
365.210000	347.000000
365.215000	375.000000
365.220000	291.000000
365.225000	348.000000
365.230000	267.000000
365.235000	389.000000
365.240000	324.000000
365.245000	185.000000
365.250000	296.000000
365.255000	296.000000
365.260000	233.000000
365.265000	243.000000
365.270000	177.000000
365.275000	373.000000
365.280000	352.000000
365.285000	326.000000
365.290000	221.000000
365.295000	396.000000
365.300000	362.000000
365.305000	348.000000
365.310000	333.000000
365.315000	297.000000
365.320000	365.000000
365.325000	480.000000
365.330000	462.000000
365.335000	559.000000
365.340000	1091.000000
365.345000	1285.000000
365.350000	2058.000000
365.355000	2808.000000
365.360000	3632.000000
365.365000	4494.000000
365.370000	5631.000000
365.375000	6436.000000
365.380000	7748.000000
365.385000	9611.000000
365.390000	16244.000000
365.395000	28799.000000
365.400000	47586.000000
365.405000	31422.000000
365.410000	17013.000000
365.415000	8313.000000
365.420000	4913.000000
365.425000	2947.000000
365.430000	1944.000000
365.435000	1464.000000
365.440000	834.000000
365.445000	655.000000
365.450000	615.000000
365.455000	530.000000
365.460000	455.000000
365.465000	367.000000
365.470000	411.000000
365.475000	415.000000
365.480000	467.000000
365.485000	470.000000
365.490000	421.000000
365.495000	321.000000
365.500000	389.000000
365.505000	289.000000
365.510000	386.000000
365.515000	339.000000
365.520000	346.000000
365.525000	196.000000
365.530000	391.000000
365.535000	156.000000
365.540000	308.000000
365.545000	290.000000
365.550000	314.000000
365.555000	320.000000
365.560000	263.000000
365.565000	225.000000
365.570000	255.000000
365.575000	288.000000
365.580000	359.000000
365.585000	253.000000
365.590000	329.000000
365.595000	215.000000
365.600000	247.000000
