Sample ID:		None
Start Time:		Wed Jun 24 2020 5:21:45 PM
Averaging Time:		1.000s

364.600000	24.000000
364.605000	55.000000
364.610000	42.000000
364.615000	46.000000
364.620000	64.000000
364.625000	53.000000
364.630000	68.000000
364.635000	51.000000
364.640000	48.000000
364.645000	37.000000
364.650000	46.000000
364.655000	60.000000
364.660000	92.000000
364.665000	56.000000
364.670000	58.000000
364.675000	82.000000
364.680000	88.000000
364.685000	116.000000
364.690000	57.000000
364.695000	114.000000
364.700000	160.000000
364.705000	138.000000
364.710000	225.000000
364.715000	154.000000
364.720000	202.000000
364.725000	174.000000
364.730000	217.000000
364.735000	224.000000
364.740000	232.000000
364.745000	273.000000
364.750000	240.000000
364.755000	246.000000
364.760000	242.000000
364.765000	283.000000
364.770000	219.000000
364.775000	234.000000
364.780000	275.000000
364.785000	293.000000
364.790000	302.000000
364.795000	284.000000
364.800000	402.000000
364.805000	319.000000
364.810000	270.000000
364.815000	449.000000
364.820000	372.000000
364.825000	343.000000
364.830000	404.000000
364.835000	536.000000
364.840000	490.000000
364.845000	604.000000
364.850000	706.000000
364.855000	698.000000
364.860000	860.000000
364.865000	1045.000000
364.870000	1314.000000
364.875000	2026.000000
364.880000	3221.000000
364.885000	5458.000000
364.890000	8857.000000
364.895000	13023.000000
364.900000	16553.000000
364.905000	20924.000000
364.910000	24232.000000
364.915000	29981.000000
364.920000	34921.000000
364.925000	46575.000000
364.930000	75746.000000
364.935000	169695.000000
364.940000	211119.000000
364.945000	102830.000000
364.950000	50129.000000
364.955000	26161.000000
364.960000	18502.000000
364.965000	12948.000000
364.970000	6122.000000
364.975000	4926.000000
364.980000	3311.000000
364.985000	2981.000000
364.990000	2312.000000
364.995000	1799.000000
365.000000	1726.000000
365.005000	1826.000000
365.010000	1586.000000
365.015000	1465.000000
365.020000	1268.000000
365.025000	1088.000000
365.030000	1261.000000
365.035000	1095.000000
365.040000	987.000000
365.045000	932.000000
365.050000	708.000000
365.055000	906.000000
365.060000	888.000000
365.065000	684.000000
365.070000	842.000000
365.075000	617.000000
365.080000	489.000000
365.085000	558.000000
365.090000	519.000000
365.095000	519.000000
365.100000	413.000000
365.105000	422.000000
365.110000	372.000000
365.115000	385.000000
365.120000	338.000000
365.125000	496.000000
365.130000	363.000000
365.135000	353.000000
365.140000	395.000000
365.145000	298.000000
365.150000	380.000000
365.155000	425.000000
365.160000	447.000000
365.165000	332.000000
365.170000	348.000000
365.175000	398.000000
365.180000	338.000000
365.185000	390.000000
365.190000	293.000000
365.195000	404.000000
365.200000	259.000000
365.205000	336.000000
365.210000	264.000000
365.215000	333.000000
365.220000	339.000000
365.225000	355.000000
365.230000	293.000000
365.235000	400.000000
365.240000	197.000000
365.245000	363.000000
365.250000	339.000000
365.255000	301.000000
365.260000	277.000000
365.265000	329.000000
365.270000	230.000000
365.275000	267.000000
365.280000	355.000000
365.285000	328.000000
365.290000	360.000000
365.295000	285.000000
365.300000	387.000000
365.305000	322.000000
365.310000	297.000000
365.315000	401.000000
365.320000	280.000000
365.325000	432.000000
365.330000	357.000000
365.335000	711.000000
365.340000	816.000000
365.345000	1307.000000
365.350000	2093.000000
365.355000	2967.000000
365.360000	3889.000000
365.365000	4495.000000
365.370000	5704.000000
365.375000	6459.000000
365.380000	6912.000000
365.385000	8900.000000
365.390000	15480.000000
365.395000	23028.000000
365.400000	41981.000000
365.405000	40185.000000
365.410000	20342.000000
365.415000	10677.000000
365.420000	6189.000000
365.425000	3374.000000
365.430000	2095.000000
365.435000	1351.000000
365.440000	892.000000
365.445000	832.000000
365.450000	466.000000
365.455000	506.000000
365.460000	487.000000
365.465000	472.000000
365.470000	389.000000
365.475000	469.000000
365.480000	370.000000
365.485000	428.000000
365.490000	335.000000
365.495000	350.000000
365.500000	386.000000
365.505000	404.000000
365.510000	284.000000
365.515000	301.000000
365.520000	358.000000
365.525000	281.000000
365.530000	332.000000
365.535000	328.000000
365.540000	243.000000
365.545000	205.000000
365.550000	259.000000
365.555000	301.000000
365.560000	191.000000
365.565000	259.000000
365.570000	279.000000
365.575000	235.000000
365.580000	271.000000
365.585000	150.000000
365.590000	323.000000
365.595000	132.000000
365.600000	166.000000
