Sample ID:		None
Start Time:		Wed Jun 24 2020 12:56:29 PM
Averaging Time:		1.000s

364.600000	43.000000
364.605000	95.000000
364.610000	126.000000
364.615000	45.000000
364.620000	87.000000
364.625000	66.000000
364.630000	49.000000
364.635000	102.000000
364.640000	50.000000
364.645000	33.000000
364.650000	97.000000
364.655000	92.000000
364.660000	64.000000
364.665000	49.000000
364.670000	56.000000
364.675000	109.000000
364.680000	79.000000
364.685000	62.000000
364.690000	63.000000
364.695000	114.000000
364.700000	180.000000
364.705000	84.000000
364.710000	121.000000
364.715000	144.000000
364.720000	101.000000
364.725000	238.000000
364.730000	294.000000
364.735000	199.000000
364.740000	157.000000
364.745000	231.000000
364.750000	293.000000
364.755000	327.000000
364.760000	258.000000
364.765000	260.000000
364.770000	230.000000
364.775000	344.000000
364.780000	365.000000
364.785000	291.000000
364.790000	372.000000
364.795000	254.000000
364.800000	354.000000
364.805000	420.000000
364.810000	383.000000
364.815000	320.000000
364.820000	374.000000
364.825000	456.000000
364.830000	335.000000
364.835000	409.000000
364.840000	408.000000
364.845000	454.000000
364.850000	462.000000
364.855000	519.000000
364.860000	562.000000
364.865000	610.000000
364.870000	664.000000
364.875000	787.000000
364.880000	1066.000000
364.885000	1314.000000
364.890000	1883.000000
364.895000	3617.000000
364.900000	5753.000000
364.905000	7982.000000
364.910000	12749.000000
364.915000	18047.000000
364.920000	20823.000000
364.925000	25712.000000
364.930000	29442.000000
364.935000	36421.000000
364.940000	47469.000000
364.945000	87305.000000
364.950000	194627.000000
364.955000	193889.000000
364.960000	84474.000000
364.965000	40948.000000
364.970000	25544.000000
364.975000	15178.000000
364.980000	8958.000000
364.985000	5994.000000
364.990000	4171.000000
364.995000	2828.000000
365.000000	2455.000000
365.005000	2512.000000
365.010000	1959.000000
365.015000	1749.000000
365.020000	1337.000000
365.025000	1454.000000
365.030000	1252.000000
365.035000	1223.000000
365.040000	1129.000000
365.045000	1021.000000
365.050000	999.000000
365.055000	890.000000
365.060000	971.000000
365.065000	840.000000
365.070000	790.000000
365.075000	877.000000
365.080000	683.000000
365.085000	665.000000
365.090000	634.000000
365.095000	682.000000
365.100000	518.000000
365.105000	353.000000
365.110000	562.000000
365.115000	524.000000
365.120000	543.000000
365.125000	584.000000
365.130000	314.000000
365.135000	417.000000
365.140000	500.000000
365.145000	415.000000
365.150000	363.000000
365.155000	349.000000
365.160000	315.000000
365.165000	421.000000
365.170000	225.000000
365.175000	327.000000
365.180000	421.000000
365.185000	438.000000
365.190000	333.000000
365.195000	257.000000
365.200000	310.000000
365.205000	296.000000
365.210000	424.000000
365.215000	246.000000
365.220000	310.000000
365.225000	412.000000
365.230000	310.000000
365.235000	305.000000
365.240000	309.000000
365.245000	275.000000
365.250000	307.000000
365.255000	261.000000
365.260000	357.000000
365.265000	403.000000
365.270000	285.000000
365.275000	220.000000
365.280000	425.000000
365.285000	444.000000
365.290000	419.000000
365.295000	280.000000
365.300000	258.000000
365.305000	281.000000
365.310000	283.000000
365.315000	293.000000
365.320000	397.000000
365.325000	303.000000
365.330000	331.000000
365.335000	384.000000
365.340000	408.000000
365.345000	481.000000
365.350000	519.000000
365.355000	734.000000
365.360000	944.000000
365.365000	1581.000000
365.370000	2172.000000
365.375000	3082.000000
365.380000	3855.000000
365.385000	4756.000000
365.390000	5414.000000
365.395000	6749.000000
365.400000	7946.000000
365.405000	11567.000000
365.410000	21449.000000
365.415000	39753.000000
365.420000	41861.000000
365.425000	21199.000000
365.430000	10319.000000
365.435000	5317.000000
365.440000	3232.000000
365.445000	2087.000000
365.450000	1407.000000
365.455000	851.000000
365.460000	642.000000
365.465000	686.000000
365.470000	477.000000
365.475000	465.000000
365.480000	455.000000
365.485000	523.000000
365.490000	477.000000
365.495000	448.000000
365.500000	445.000000
365.505000	425.000000
365.510000	455.000000
365.515000	433.000000
365.520000	389.000000
365.525000	295.000000
365.530000	324.000000
365.535000	466.000000
365.540000	329.000000
365.545000	349.000000
365.550000	259.000000
365.555000	466.000000
365.560000	320.000000
365.565000	362.000000
365.570000	243.000000
365.575000	290.000000
365.580000	263.000000
365.585000	231.000000
365.590000	243.000000
365.595000	276.000000
365.600000	257.000000
