Sample ID:		None
Start Time:		Wed Jun 24 2020 9:48:20 PM
Averaging Time:		1.000s

364.600000	32.000000
364.605000	13.000000
364.610000	45.000000
364.615000	17.000000
364.620000	46.000000
364.625000	46.000000
364.630000	28.000000
364.635000	43.000000
364.640000	62.000000
364.645000	78.000000
364.650000	120.000000
364.655000	43.000000
364.660000	64.000000
364.665000	50.000000
364.670000	107.000000
364.675000	35.000000
364.680000	109.000000
364.685000	87.000000
364.690000	73.000000
364.695000	116.000000
364.700000	177.000000
364.705000	217.000000
364.710000	259.000000
364.715000	217.000000
364.720000	166.000000
364.725000	276.000000
364.730000	154.000000
364.735000	230.000000
364.740000	244.000000
364.745000	161.000000
364.750000	255.000000
364.755000	214.000000
364.760000	144.000000
364.765000	290.000000
364.770000	179.000000
364.775000	269.000000
364.780000	291.000000
364.785000	300.000000
364.790000	351.000000
364.795000	263.000000
364.800000	233.000000
364.805000	427.000000
364.810000	478.000000
364.815000	375.000000
364.820000	361.000000
364.825000	458.000000
364.830000	491.000000
364.835000	358.000000
364.840000	553.000000
364.845000	684.000000
364.850000	653.000000
364.855000	769.000000
364.860000	1052.000000
364.865000	1180.000000
364.870000	1639.000000
364.875000	2687.000000
364.880000	4529.000000
364.885000	7388.000000
364.890000	11608.000000
364.895000	16244.000000
364.900000	20496.000000
364.905000	24655.000000
364.910000	29171.000000
364.915000	33419.000000
364.920000	42456.000000
364.925000	63842.000000
364.930000	146200.000000
364.935000	227626.000000
364.940000	137323.000000
364.945000	58442.000000
364.950000	36338.000000
364.955000	21745.000000
364.960000	13204.000000
364.965000	8709.000000
364.970000	4723.000000
364.975000	3504.000000
364.980000	3041.000000
364.985000	2393.000000
364.990000	2136.000000
364.995000	1934.000000
365.000000	1905.000000
365.005000	1464.000000
365.010000	1614.000000
365.015000	1246.000000
365.020000	1232.000000
365.025000	1383.000000
365.030000	1088.000000
365.035000	900.000000
365.040000	929.000000
365.045000	875.000000
365.050000	827.000000
365.055000	650.000000
365.060000	809.000000
365.065000	844.000000
365.070000	517.000000
365.075000	549.000000
365.080000	500.000000
365.085000	583.000000
365.090000	556.000000
365.095000	591.000000
365.100000	584.000000
365.105000	486.000000
365.110000	431.000000
365.115000	568.000000
365.120000	397.000000
365.125000	353.000000
365.130000	318.000000
365.135000	413.000000
365.140000	533.000000
365.145000	449.000000
365.150000	395.000000
365.155000	360.000000
365.160000	460.000000
365.165000	318.000000
365.170000	352.000000
365.175000	318.000000
365.180000	357.000000
365.185000	301.000000
365.190000	453.000000
365.195000	483.000000
365.200000	242.000000
365.205000	253.000000
365.210000	320.000000
365.215000	287.000000
365.220000	278.000000
365.225000	255.000000
365.230000	353.000000
365.235000	275.000000
365.240000	330.000000
365.245000	332.000000
365.250000	346.000000
365.255000	327.000000
365.260000	252.000000
365.265000	298.000000
365.270000	319.000000
365.275000	335.000000
365.280000	249.000000
365.285000	240.000000
365.290000	368.000000
365.295000	411.000000
365.300000	232.000000
365.305000	310.000000
365.310000	378.000000
365.315000	412.000000
365.320000	345.000000
365.325000	339.000000
365.330000	588.000000
365.335000	652.000000
365.340000	1167.000000
365.345000	1544.000000
365.350000	2350.000000
365.355000	3548.000000
365.360000	3886.000000
365.365000	5283.000000
365.370000	5947.000000
365.375000	7114.000000
365.380000	8085.000000
365.385000	10479.000000
365.390000	18626.000000
365.395000	30263.000000
365.400000	48822.000000
365.405000	28994.000000
365.410000	15311.000000
365.415000	8172.000000
365.420000	4918.000000
365.425000	2994.000000
365.430000	1747.000000
365.435000	1159.000000
365.440000	866.000000
365.445000	646.000000
365.450000	515.000000
365.455000	519.000000
365.460000	329.000000
365.465000	315.000000
365.470000	426.000000
365.475000	391.000000
365.480000	399.000000
365.485000	417.000000
365.490000	411.000000
365.495000	297.000000
365.500000	342.000000
365.505000	401.000000
365.510000	416.000000
365.515000	308.000000
365.520000	384.000000
365.525000	339.000000
365.530000	289.000000
365.535000	441.000000
365.540000	284.000000
365.545000	378.000000
365.550000	193.000000
365.555000	358.000000
365.560000	274.000000
365.565000	314.000000
365.570000	404.000000
365.575000	252.000000
365.580000	284.000000
365.585000	172.000000
365.590000	273.000000
365.595000	247.000000
365.600000	188.000000
