Sample ID:		None
Start Time:		Wed Jun 24 2020 11:50:31 PM
Averaging Time:		1.000s

364.600000	75.000000
364.605000	37.000000
364.610000	21.000000
364.615000	48.000000
364.620000	16.000000
364.625000	75.000000
364.630000	50.000000
364.635000	61.000000
364.640000	48.000000
364.645000	53.000000
364.650000	101.000000
364.655000	35.000000
364.660000	47.000000
364.665000	21.000000
364.670000	69.000000
364.675000	48.000000
364.680000	46.000000
364.685000	54.000000
364.690000	107.000000
364.695000	114.000000
364.700000	113.000000
364.705000	139.000000
364.710000	250.000000
364.715000	190.000000
364.720000	326.000000
364.725000	255.000000
364.730000	320.000000
364.735000	223.000000
364.740000	182.000000
364.745000	199.000000
364.750000	203.000000
364.755000	270.000000
364.760000	236.000000
364.765000	416.000000
364.770000	221.000000
364.775000	264.000000
364.780000	235.000000
364.785000	346.000000
364.790000	406.000000
364.795000	256.000000
364.800000	342.000000
364.805000	445.000000
364.810000	459.000000
364.815000	299.000000
364.820000	341.000000
364.825000	512.000000
364.830000	398.000000
364.835000	407.000000
364.840000	588.000000
364.845000	575.000000
364.850000	493.000000
364.855000	772.000000
364.860000	789.000000
364.865000	1122.000000
364.870000	1681.000000
364.875000	2898.000000
364.880000	4597.000000
364.885000	7255.000000
364.890000	12134.000000
364.895000	15057.000000
364.900000	19245.000000
364.905000	23319.000000
364.910000	29468.000000
364.915000	32646.000000
364.920000	40999.000000
364.925000	62016.000000
364.930000	138157.000000
364.935000	223950.000000
364.940000	142433.000000
364.945000	62114.000000
364.950000	35865.000000
364.955000	21043.000000
364.960000	12943.000000
364.965000	8327.000000
364.970000	4831.000000
364.975000	3628.000000
364.980000	3032.000000
364.985000	2397.000000
364.990000	2191.000000
364.995000	1980.000000
365.000000	1723.000000
365.005000	1486.000000
365.010000	1551.000000
365.015000	1415.000000
365.020000	1246.000000
365.025000	1121.000000
365.030000	988.000000
365.035000	1110.000000
365.040000	881.000000
365.045000	746.000000
365.050000	889.000000
365.055000	648.000000
365.060000	758.000000
365.065000	599.000000
365.070000	714.000000
365.075000	613.000000
365.080000	660.000000
365.085000	482.000000
365.090000	604.000000
365.095000	548.000000
365.100000	595.000000
365.105000	389.000000
365.110000	426.000000
365.115000	249.000000
365.120000	471.000000
365.125000	337.000000
365.130000	414.000000
365.135000	443.000000
365.140000	284.000000
365.145000	267.000000
365.150000	283.000000
365.155000	303.000000
365.160000	387.000000
365.165000	460.000000
365.170000	355.000000
365.175000	453.000000
365.180000	428.000000
365.185000	347.000000
365.190000	346.000000
365.195000	342.000000
365.200000	364.000000
365.205000	308.000000
365.210000	264.000000
365.215000	336.000000
365.220000	354.000000
365.225000	243.000000
365.230000	291.000000
365.235000	297.000000
365.240000	266.000000
365.245000	299.000000
365.250000	304.000000
365.255000	396.000000
365.260000	228.000000
365.265000	331.000000
365.270000	299.000000
365.275000	257.000000
365.280000	371.000000
365.285000	304.000000
365.290000	294.000000
365.295000	345.000000
365.300000	377.000000
365.305000	386.000000
365.310000	256.000000
365.315000	237.000000
365.320000	297.000000
365.325000	254.000000
365.330000	533.000000
365.335000	726.000000
365.340000	997.000000
365.345000	1380.000000
365.350000	1979.000000
365.355000	3404.000000
365.360000	3963.000000
365.365000	4950.000000
365.370000	5804.000000
365.375000	6664.000000
365.380000	7722.000000
365.385000	9839.000000
365.390000	16491.000000
365.395000	28860.000000
365.400000	46396.000000
365.405000	29938.000000
365.410000	16178.000000
365.415000	8709.000000
365.420000	5383.000000
365.425000	2889.000000
365.430000	1708.000000
365.435000	956.000000
365.440000	753.000000
365.445000	649.000000
365.450000	702.000000
365.455000	396.000000
365.460000	366.000000
365.465000	584.000000
365.470000	431.000000
365.475000	489.000000
365.480000	340.000000
365.485000	393.000000
365.490000	451.000000
365.495000	271.000000
365.500000	356.000000
365.505000	301.000000
365.510000	344.000000
365.515000	423.000000
365.520000	332.000000
365.525000	371.000000
365.530000	307.000000
365.535000	361.000000
365.540000	279.000000
365.545000	372.000000
365.550000	260.000000
365.555000	326.000000
365.560000	279.000000
365.565000	287.000000
365.570000	330.000000
365.575000	258.000000
365.580000	235.000000
365.585000	238.000000
365.590000	297.000000
365.595000	176.000000
365.600000	168.000000
