Sample ID:		None
Start Time:		Wed Jun 24 2020 3:43:10 PM
Averaging Time:		1.000s

364.600000	62.000000
364.605000	82.000000
364.610000	107.000000
364.615000	60.000000
364.620000	80.000000
364.625000	135.000000
364.630000	32.000000
364.635000	53.000000
364.640000	56.000000
364.645000	85.000000
364.650000	63.000000
364.655000	119.000000
364.660000	122.000000
364.665000	77.000000
364.670000	85.000000
364.675000	96.000000
364.680000	100.000000
364.685000	64.000000
364.690000	88.000000
364.695000	120.000000
364.700000	182.000000
364.705000	262.000000
364.710000	159.000000
364.715000	298.000000
364.720000	223.000000
364.725000	194.000000
364.730000	261.000000
364.735000	360.000000
364.740000	218.000000
364.745000	308.000000
364.750000	248.000000
364.755000	266.000000
364.760000	342.000000
364.765000	207.000000
364.770000	231.000000
364.775000	275.000000
364.780000	239.000000
364.785000	355.000000
364.790000	271.000000
364.795000	406.000000
364.800000	347.000000
364.805000	304.000000
364.810000	388.000000
364.815000	478.000000
364.820000	340.000000
364.825000	504.000000
364.830000	424.000000
364.835000	573.000000
364.840000	639.000000
364.845000	548.000000
364.850000	623.000000
364.855000	706.000000
364.860000	789.000000
364.865000	1028.000000
364.870000	1028.000000
364.875000	1508.000000
364.880000	2747.000000
364.885000	4200.000000
364.890000	6674.000000
364.895000	11498.000000
364.900000	13787.000000
364.905000	18407.000000
364.910000	23757.000000
364.915000	28183.000000
364.920000	31955.000000
364.925000	41937.000000
364.930000	58313.000000
364.935000	105681.000000
364.940000	211584.000000
364.945000	172309.000000
364.950000	69508.000000
364.955000	38500.000000
364.960000	23746.000000
364.965000	16063.000000
364.970000	10021.000000
364.975000	5745.000000
364.980000	4716.000000
364.985000	3594.000000
364.990000	2789.000000
364.995000	2269.000000
365.000000	1921.000000
365.005000	1821.000000
365.010000	1606.000000
365.015000	1582.000000
365.020000	1286.000000
365.025000	1432.000000
365.030000	1333.000000
365.035000	1177.000000
365.040000	1059.000000
365.045000	1027.000000
365.050000	929.000000
365.055000	841.000000
365.060000	849.000000
365.065000	801.000000
365.070000	774.000000
365.075000	730.000000
365.080000	530.000000
365.085000	639.000000
365.090000	597.000000
365.095000	712.000000
365.100000	600.000000
365.105000	416.000000
365.110000	458.000000
365.115000	488.000000
365.120000	542.000000
365.125000	421.000000
365.130000	442.000000
365.135000	292.000000
365.140000	416.000000
365.145000	357.000000
365.150000	442.000000
365.155000	340.000000
365.160000	461.000000
365.165000	404.000000
365.170000	317.000000
365.175000	533.000000
365.180000	420.000000
365.185000	496.000000
365.190000	373.000000
365.195000	296.000000
365.200000	403.000000
365.205000	424.000000
365.210000	435.000000
365.215000	318.000000
365.220000	322.000000
365.225000	378.000000
365.230000	350.000000
365.235000	351.000000
365.240000	303.000000
365.245000	303.000000
365.250000	382.000000
365.255000	320.000000
365.260000	332.000000
365.265000	371.000000
365.270000	457.000000
365.275000	329.000000
365.280000	392.000000
365.285000	399.000000
365.290000	328.000000
365.295000	426.000000
365.300000	311.000000
365.305000	340.000000
365.310000	360.000000
365.315000	343.000000
365.320000	416.000000
365.325000	449.000000
365.330000	402.000000
365.335000	424.000000
365.340000	679.000000
365.345000	887.000000
365.350000	1259.000000
365.355000	2199.000000
365.360000	3016.000000
365.365000	4035.000000
365.370000	4436.000000
365.375000	5727.000000
365.380000	6256.000000
365.385000	7377.000000
365.390000	10089.000000
365.395000	14676.000000
365.400000	22163.000000
365.405000	47874.000000
365.410000	40679.000000
365.415000	20814.000000
365.420000	10854.000000
365.425000	5687.000000
365.430000	3742.000000
365.435000	2384.000000
365.440000	1270.000000
365.445000	892.000000
365.450000	753.000000
365.455000	593.000000
365.460000	616.000000
365.465000	502.000000
365.470000	386.000000
365.475000	482.000000
365.480000	406.000000
365.485000	360.000000
365.490000	408.000000
365.495000	394.000000
365.500000	441.000000
365.505000	308.000000
365.510000	361.000000
365.515000	377.000000
365.520000	379.000000
365.525000	415.000000
365.530000	439.000000
365.535000	394.000000
365.540000	354.000000
365.545000	340.000000
365.550000	291.000000
365.555000	285.000000
365.560000	293.000000
365.565000	248.000000
365.570000	267.000000
365.575000	344.000000
365.580000	347.000000
365.585000	267.000000
365.590000	401.000000
365.595000	327.000000
365.600000	299.000000
