Sample ID:		None
Start Time:		Wed Jun 24 2020 8:19:28 PM
Averaging Time:		1.000s

364.600000	25.000000
364.605000	25.000000
364.610000	28.000000
364.615000	10.000000
364.620000	40.000000
364.625000	31.000000
364.630000	25.000000
364.635000	71.000000
364.640000	44.000000
364.645000	27.000000
364.650000	66.000000
364.655000	78.000000
364.660000	66.000000
364.665000	97.000000
364.670000	37.000000
364.675000	47.000000
364.680000	34.000000
364.685000	52.000000
364.690000	140.000000
364.695000	122.000000
364.700000	163.000000
364.705000	215.000000
364.710000	232.000000
364.715000	191.000000
364.720000	276.000000
364.725000	248.000000
364.730000	317.000000
364.735000	183.000000
364.740000	204.000000
364.745000	277.000000
364.750000	313.000000
364.755000	268.000000
364.760000	255.000000
364.765000	227.000000
364.770000	318.000000
364.775000	303.000000
364.780000	217.000000
364.785000	405.000000
364.790000	299.000000
364.795000	385.000000
364.800000	302.000000
364.805000	301.000000
364.810000	316.000000
364.815000	431.000000
364.820000	341.000000
364.825000	433.000000
364.830000	652.000000
364.835000	470.000000
364.840000	514.000000
364.845000	564.000000
364.850000	681.000000
364.855000	766.000000
364.860000	1104.000000
364.865000	1268.000000
364.870000	1897.000000
364.875000	3091.000000
364.880000	5272.000000
364.885000	8250.000000
364.890000	12574.000000
364.895000	16453.000000
364.900000	20432.000000
364.905000	25927.000000
364.910000	31243.000000
364.915000	34067.000000
364.920000	43254.000000
364.925000	69344.000000
364.930000	145433.000000
364.935000	223226.000000
364.940000	118359.000000
364.945000	54754.000000
364.950000	32595.000000
364.955000	19363.000000
364.960000	12136.000000
364.965000	8145.000000
364.970000	4278.000000
364.975000	3726.000000
364.980000	2882.000000
364.985000	2470.000000
364.990000	2184.000000
364.995000	1781.000000
365.000000	1848.000000
365.005000	1291.000000
365.010000	1280.000000
365.015000	1294.000000
365.020000	1206.000000
365.025000	1172.000000
365.030000	1288.000000
365.035000	889.000000
365.040000	908.000000
365.045000	951.000000
365.050000	799.000000
365.055000	674.000000
365.060000	825.000000
365.065000	666.000000
365.070000	500.000000
365.075000	666.000000
365.080000	541.000000
365.085000	496.000000
365.090000	501.000000
365.095000	507.000000
365.100000	401.000000
365.105000	444.000000
365.110000	537.000000
365.115000	321.000000
365.120000	538.000000
365.125000	373.000000
365.130000	383.000000
365.135000	285.000000
365.140000	248.000000
365.145000	478.000000
365.150000	363.000000
365.155000	274.000000
365.160000	355.000000
365.165000	408.000000
365.170000	482.000000
365.175000	324.000000
365.180000	306.000000
365.185000	387.000000
365.190000	344.000000
365.195000	487.000000
365.200000	342.000000
365.205000	447.000000
365.210000	448.000000
365.215000	247.000000
365.220000	340.000000
365.225000	287.000000
365.230000	260.000000
365.235000	304.000000
365.240000	338.000000
365.245000	269.000000
365.250000	309.000000
365.255000	249.000000
365.260000	218.000000
365.265000	278.000000
365.270000	275.000000
365.275000	330.000000
365.280000	426.000000
365.285000	235.000000
365.290000	244.000000
365.295000	317.000000
365.300000	341.000000
365.305000	334.000000
365.310000	360.000000
365.315000	302.000000
365.320000	324.000000
365.325000	419.000000
365.330000	587.000000
365.335000	733.000000
365.340000	1125.000000
365.345000	1479.000000
365.350000	2437.000000
365.355000	3501.000000
365.360000	4781.000000
365.365000	4840.000000
365.370000	5895.000000
365.375000	6720.000000
365.380000	8212.000000
365.385000	11320.000000
365.390000	22008.000000
365.395000	34994.000000
365.400000	49025.000000
365.405000	27393.000000
365.410000	13498.000000
365.415000	7033.000000
365.420000	4024.000000
365.425000	2928.000000
365.430000	1731.000000
365.435000	1236.000000
365.440000	725.000000
365.445000	674.000000
365.450000	515.000000
365.455000	418.000000
365.460000	399.000000
365.465000	523.000000
365.470000	432.000000
365.475000	293.000000
365.480000	395.000000
365.485000	410.000000
365.490000	516.000000
365.495000	353.000000
365.500000	259.000000
365.505000	251.000000
365.510000	349.000000
365.515000	496.000000
365.520000	350.000000
365.525000	393.000000
365.530000	385.000000
365.535000	203.000000
365.540000	315.000000
365.545000	229.000000
365.550000	293.000000
365.555000	256.000000
365.560000	345.000000
365.565000	184.000000
365.570000	168.000000
365.575000	309.000000
365.580000	271.000000
365.585000	270.000000
365.590000	252.000000
365.595000	174.000000
365.600000	190.000000
