Sample ID:		None
Start Time:		Wed Jun 24 2020 11:33:52 PM
Averaging Time:		1.000s

364.600000	38.000000
364.605000	9.000000
364.610000	41.000000
364.615000	21.000000
364.620000	84.000000
364.625000	44.000000
364.630000	76.000000
364.635000	60.000000
364.640000	31.000000
364.645000	30.000000
364.650000	62.000000
364.655000	37.000000
364.660000	43.000000
364.665000	38.000000
364.670000	69.000000
364.675000	101.000000
364.680000	53.000000
364.685000	54.000000
364.690000	91.000000
364.695000	107.000000
364.700000	173.000000
364.705000	196.000000
364.710000	205.000000
364.715000	214.000000
364.720000	164.000000
364.725000	206.000000
364.730000	265.000000
364.735000	170.000000
364.740000	198.000000
364.745000	151.000000
364.750000	185.000000
364.755000	259.000000
364.760000	234.000000
364.765000	221.000000
364.770000	276.000000
364.775000	331.000000
364.780000	288.000000
364.785000	349.000000
364.790000	290.000000
364.795000	425.000000
364.800000	284.000000
364.805000	334.000000
364.810000	325.000000
364.815000	389.000000
364.820000	457.000000
364.825000	354.000000
364.830000	468.000000
364.835000	419.000000
364.840000	616.000000
364.845000	638.000000
364.850000	697.000000
364.855000	668.000000
364.860000	788.000000
364.865000	1079.000000
364.870000	1425.000000
364.875000	2685.000000
364.880000	3731.000000
364.885000	6698.000000
364.890000	10766.000000
364.895000	15793.000000
364.900000	18693.000000
364.905000	23233.000000
364.910000	28356.000000
364.915000	32951.000000
364.920000	40791.000000
364.925000	56346.000000
364.930000	99998.000000
364.935000	221779.000000
364.940000	159340.000000
364.945000	75358.000000
364.950000	39778.000000
364.955000	24970.000000
364.960000	15354.000000
364.965000	9649.000000
364.970000	5479.000000
364.975000	4315.000000
364.980000	3335.000000
364.985000	2438.000000
364.990000	1932.000000
364.995000	1800.000000
365.000000	1843.000000
365.005000	1478.000000
365.010000	1676.000000
365.015000	1335.000000
365.020000	1196.000000
365.025000	1291.000000
365.030000	1306.000000
365.035000	1129.000000
365.040000	1021.000000
365.045000	825.000000
365.050000	818.000000
365.055000	962.000000
365.060000	759.000000
365.065000	600.000000
365.070000	712.000000
365.075000	570.000000
365.080000	600.000000
365.085000	561.000000
365.090000	512.000000
365.095000	582.000000
365.100000	583.000000
365.105000	433.000000
365.110000	416.000000
365.115000	373.000000
365.120000	487.000000
365.125000	377.000000
365.130000	424.000000
365.135000	358.000000
365.140000	317.000000
365.145000	332.000000
365.150000	326.000000
365.155000	339.000000
365.160000	314.000000
365.165000	524.000000
365.170000	336.000000
365.175000	363.000000
365.180000	340.000000
365.185000	328.000000
365.190000	407.000000
365.195000	520.000000
365.200000	314.000000
365.205000	377.000000
365.210000	203.000000
365.215000	262.000000
365.220000	293.000000
365.225000	372.000000
365.230000	289.000000
365.235000	295.000000
365.240000	370.000000
365.245000	261.000000
365.250000	260.000000
365.255000	233.000000
365.260000	250.000000
365.265000	252.000000
365.270000	343.000000
365.275000	328.000000
365.280000	340.000000
365.285000	183.000000
365.290000	352.000000
365.295000	293.000000
365.300000	246.000000
365.305000	462.000000
365.310000	374.000000
365.315000	335.000000
365.320000	365.000000
365.325000	415.000000
365.330000	542.000000
365.335000	622.000000
365.340000	933.000000
365.345000	1429.000000
365.350000	2129.000000
365.355000	3157.000000
365.360000	3973.000000
365.365000	4698.000000
365.370000	5029.000000
365.375000	6567.000000
365.380000	8158.000000
365.385000	10250.000000
365.390000	17255.000000
365.395000	28762.000000
365.400000	47931.000000
365.405000	34595.000000
365.410000	15518.000000
365.415000	8489.000000
365.420000	4813.000000
365.425000	3063.000000
365.430000	2175.000000
365.435000	1095.000000
365.440000	842.000000
365.445000	637.000000
365.450000	681.000000
365.455000	520.000000
365.460000	552.000000
365.465000	449.000000
365.470000	524.000000
365.475000	413.000000
365.480000	297.000000
365.485000	314.000000
365.490000	525.000000
365.495000	417.000000
365.500000	336.000000
365.505000	348.000000
365.510000	377.000000
365.515000	371.000000
365.520000	302.000000
365.525000	404.000000
365.530000	245.000000
365.535000	416.000000
365.540000	335.000000
365.545000	322.000000
365.550000	285.000000
365.555000	166.000000
365.560000	248.000000
365.565000	211.000000
365.570000	267.000000
365.575000	361.000000
365.580000	271.000000
365.585000	417.000000
365.590000	249.000000
365.595000	222.000000
365.600000	183.000000
