Sample ID:		None
Start Time:		Wed Jun 24 2020 7:12:49 PM
Averaging Time:		1.000s

364.600000	64.000000
364.605000	79.000000
364.610000	22.000000
364.615000	21.000000
364.620000	22.000000
364.625000	86.000000
364.630000	64.000000
364.635000	50.000000
364.640000	47.000000
364.645000	28.000000
364.650000	68.000000
364.655000	56.000000
364.660000	50.000000
364.665000	108.000000
364.670000	59.000000
364.675000	23.000000
364.680000	43.000000
364.685000	92.000000
364.690000	50.000000
364.695000	174.000000
364.700000	205.000000
364.705000	183.000000
364.710000	259.000000
364.715000	179.000000
364.720000	166.000000
364.725000	222.000000
364.730000	217.000000
364.735000	236.000000
364.740000	242.000000
364.745000	203.000000
364.750000	229.000000
364.755000	195.000000
364.760000	235.000000
364.765000	202.000000
364.770000	239.000000
364.775000	318.000000
364.780000	361.000000
364.785000	187.000000
364.790000	261.000000
364.795000	302.000000
364.800000	336.000000
364.805000	276.000000
364.810000	269.000000
364.815000	347.000000
364.820000	357.000000
364.825000	370.000000
364.830000	352.000000
364.835000	461.000000
364.840000	625.000000
364.845000	480.000000
364.850000	639.000000
364.855000	718.000000
364.860000	911.000000
364.865000	1081.000000
364.870000	1442.000000
364.875000	2298.000000
364.880000	3870.000000
364.885000	6172.000000
364.890000	10394.000000
364.895000	16146.000000
364.900000	17752.000000
364.905000	22661.000000
364.910000	26459.000000
364.915000	31755.000000
364.920000	37855.000000
364.925000	51975.000000
364.930000	104018.000000
364.935000	205418.000000
364.940000	183666.000000
364.945000	80042.000000
364.950000	44866.000000
364.955000	24336.000000
364.960000	16205.000000
364.965000	10961.000000
364.970000	6233.000000
364.975000	4076.000000
364.980000	3460.000000
364.985000	2653.000000
364.990000	1886.000000
364.995000	2100.000000
365.000000	1880.000000
365.005000	1404.000000
365.010000	1523.000000
365.015000	1281.000000
365.020000	1252.000000
365.025000	1065.000000
365.030000	1205.000000
365.035000	906.000000
365.040000	877.000000
365.045000	1082.000000
365.050000	768.000000
365.055000	945.000000
365.060000	847.000000
365.065000	609.000000
365.070000	653.000000
365.075000	637.000000
365.080000	623.000000
365.085000	579.000000
365.090000	439.000000
365.095000	421.000000
365.100000	505.000000
365.105000	597.000000
365.110000	429.000000
365.115000	428.000000
365.120000	437.000000
365.125000	432.000000
365.130000	264.000000
365.135000	267.000000
365.140000	348.000000
365.145000	282.000000
365.150000	360.000000
365.155000	236.000000
365.160000	264.000000
365.165000	398.000000
365.170000	346.000000
365.175000	371.000000
365.180000	320.000000
365.185000	418.000000
365.190000	311.000000
365.195000	277.000000
365.200000	351.000000
365.205000	339.000000
365.210000	237.000000
365.215000	281.000000
365.220000	446.000000
365.225000	349.000000
365.230000	386.000000
365.235000	333.000000
365.240000	254.000000
365.245000	285.000000
365.250000	343.000000
365.255000	260.000000
365.260000	250.000000
365.265000	228.000000
365.270000	369.000000
365.275000	290.000000
365.280000	249.000000
365.285000	307.000000
365.290000	302.000000
365.295000	353.000000
365.300000	290.000000
365.305000	348.000000
365.310000	276.000000
365.315000	437.000000
365.320000	342.000000
365.325000	429.000000
365.330000	438.000000
365.335000	621.000000
365.340000	763.000000
365.345000	1113.000000
365.350000	1695.000000
365.355000	2519.000000
365.360000	3580.000000
365.365000	4131.000000
365.370000	5526.000000
365.375000	6628.000000
365.380000	7374.000000
365.385000	8952.000000
365.390000	12946.000000
365.395000	21027.000000
365.400000	39532.000000
365.405000	39044.000000
365.410000	20495.000000
365.415000	10670.000000
365.420000	5809.000000
365.425000	3825.000000
365.430000	2428.000000
365.435000	1282.000000
365.440000	1150.000000
365.445000	850.000000
365.450000	619.000000
365.455000	524.000000
365.460000	574.000000
365.465000	491.000000
365.470000	350.000000
365.475000	642.000000
365.480000	592.000000
365.485000	342.000000
365.490000	356.000000
365.495000	320.000000
365.500000	372.000000
365.505000	239.000000
365.510000	378.000000
365.515000	543.000000
365.520000	407.000000
365.525000	252.000000
365.530000	240.000000
365.535000	265.000000
365.540000	237.000000
365.545000	348.000000
365.550000	227.000000
365.555000	363.000000
365.560000	163.000000
365.565000	296.000000
365.570000	360.000000
365.575000	301.000000
365.580000	307.000000
365.585000	221.000000
365.590000	254.000000
365.595000	295.000000
365.600000	226.000000
