Sample ID:		None
Start Time:		Wed Jun 24 2020 8:52:47 PM
Averaging Time:		1.000s

364.600000	28.000000
364.605000	56.000000
364.610000	35.000000
364.615000	53.000000
364.620000	36.000000
364.625000	53.000000
364.630000	54.000000
364.635000	59.000000
364.640000	53.000000
364.645000	44.000000
364.650000	66.000000
364.655000	59.000000
364.660000	37.000000
364.665000	80.000000
364.670000	90.000000
364.675000	37.000000
364.680000	75.000000
364.685000	62.000000
364.690000	79.000000
364.695000	71.000000
364.700000	213.000000
364.705000	232.000000
364.710000	177.000000
364.715000	224.000000
364.720000	223.000000
364.725000	151.000000
364.730000	268.000000
364.735000	265.000000
364.740000	164.000000
364.745000	318.000000
364.750000	248.000000
364.755000	312.000000
364.760000	300.000000
364.765000	221.000000
364.770000	247.000000
364.775000	269.000000
364.780000	247.000000
364.785000	344.000000
364.790000	589.000000
364.795000	314.000000
364.800000	270.000000
364.805000	393.000000
364.810000	386.000000
364.815000	417.000000
364.820000	439.000000
364.825000	412.000000
364.830000	496.000000
364.835000	573.000000
364.840000	593.000000
364.845000	638.000000
364.850000	612.000000
364.855000	697.000000
364.860000	917.000000
364.865000	1349.000000
364.870000	1976.000000
364.875000	3026.000000
364.880000	5439.000000
364.885000	9266.000000
364.890000	13567.000000
364.895000	16066.000000
364.900000	21623.000000
364.905000	24844.000000
364.910000	29737.000000
364.915000	34420.000000
364.920000	46847.000000
364.925000	73110.000000
364.930000	167653.000000
364.935000	206629.000000
364.940000	102818.000000
364.945000	47945.000000
364.950000	30258.000000
364.955000	15066.000000
364.960000	11287.000000
364.965000	6804.000000
364.970000	4152.000000
364.975000	2969.000000
364.980000	3028.000000
364.985000	2382.000000
364.990000	2158.000000
364.995000	1850.000000
365.000000	1351.000000
365.005000	1468.000000
365.010000	1374.000000
365.015000	1503.000000
365.020000	1102.000000
365.025000	1073.000000
365.030000	1052.000000
365.035000	1193.000000
365.040000	961.000000
365.045000	1083.000000
365.050000	970.000000
365.055000	780.000000
365.060000	752.000000
365.065000	730.000000
365.070000	618.000000
365.075000	529.000000
365.080000	593.000000
365.085000	545.000000
365.090000	641.000000
365.095000	544.000000
365.100000	397.000000
365.105000	478.000000
365.110000	560.000000
365.115000	420.000000
365.120000	458.000000
365.125000	433.000000
365.130000	347.000000
365.135000	363.000000
365.140000	370.000000
365.145000	352.000000
365.150000	422.000000
365.155000	390.000000
365.160000	329.000000
365.165000	395.000000
365.170000	378.000000
365.175000	378.000000
365.180000	362.000000
365.185000	308.000000
365.190000	321.000000
365.195000	313.000000
365.200000	322.000000
365.205000	302.000000
365.210000	312.000000
365.215000	345.000000
365.220000	245.000000
365.225000	318.000000
365.230000	242.000000
365.235000	352.000000
365.240000	350.000000
365.245000	173.000000
365.250000	283.000000
365.255000	295.000000
365.260000	410.000000
365.265000	271.000000
365.270000	235.000000
365.275000	386.000000
365.280000	360.000000
365.285000	319.000000
365.290000	258.000000
365.295000	351.000000
365.300000	292.000000
365.305000	387.000000
365.310000	313.000000
365.315000	443.000000
365.320000	362.000000
365.325000	427.000000
365.330000	604.000000
365.335000	613.000000
365.340000	1219.000000
365.345000	1627.000000
365.350000	2592.000000
365.355000	3528.000000
365.360000	4438.000000
365.365000	5205.000000
365.370000	6470.000000
365.375000	6955.000000
365.380000	8409.000000
365.385000	12452.000000
365.390000	25793.000000
365.395000	41476.000000
365.400000	46313.000000
365.405000	23245.000000
365.410000	11099.000000
365.415000	5860.000000
365.420000	3581.000000
365.425000	2299.000000
365.430000	1421.000000
365.435000	945.000000
365.440000	758.000000
365.445000	637.000000
365.450000	577.000000
365.455000	518.000000
365.460000	416.000000
365.465000	353.000000
365.470000	346.000000
365.475000	477.000000
365.480000	496.000000
365.485000	411.000000
365.490000	393.000000
365.495000	381.000000
365.500000	437.000000
365.505000	371.000000
365.510000	266.000000
365.515000	331.000000
365.520000	293.000000
365.525000	273.000000
365.530000	326.000000
365.535000	315.000000
365.540000	290.000000
365.545000	274.000000
365.550000	267.000000
365.555000	338.000000
365.560000	298.000000
365.565000	271.000000
365.570000	277.000000
365.575000	390.000000
365.580000	230.000000
365.585000	328.000000
365.590000	351.000000
365.595000	231.000000
365.600000	210.000000
