Sample ID:		None
Start Time:		Wed Jun 24 2020 7:35:02 PM
Averaging Time:		1.000s

364.600000	27.000000
364.605000	55.000000
364.610000	63.000000
364.615000	73.000000
364.620000	33.000000
364.625000	45.000000
364.630000	42.000000
364.635000	67.000000
364.640000	13.000000
364.645000	63.000000
364.650000	56.000000
364.655000	47.000000
364.660000	44.000000
364.665000	66.000000
364.670000	82.000000
364.675000	58.000000
364.680000	101.000000
364.685000	123.000000
364.690000	111.000000
364.695000	89.000000
364.700000	136.000000
364.705000	147.000000
364.710000	172.000000
364.715000	280.000000
364.720000	175.000000
364.725000	240.000000
364.730000	237.000000
364.735000	349.000000
364.740000	223.000000
364.745000	249.000000
364.750000	262.000000
364.755000	190.000000
364.760000	285.000000
364.765000	282.000000
364.770000	214.000000
364.775000	321.000000
364.780000	282.000000
364.785000	369.000000
364.790000	285.000000
364.795000	314.000000
364.800000	396.000000
364.805000	242.000000
364.810000	359.000000
364.815000	319.000000
364.820000	422.000000
364.825000	370.000000
364.830000	472.000000
364.835000	551.000000
364.840000	418.000000
364.845000	546.000000
364.850000	760.000000
364.855000	917.000000
364.860000	904.000000
364.865000	1367.000000
364.870000	1624.000000
364.875000	3151.000000
364.880000	4953.000000
364.885000	8668.000000
364.890000	14150.000000
364.895000	17305.000000
364.900000	21304.000000
364.905000	24561.000000
364.910000	30022.000000
364.915000	36287.000000
364.920000	45892.000000
364.925000	77344.000000
364.930000	171147.000000
364.935000	211420.000000
364.940000	94750.000000
364.945000	46595.000000
364.950000	29299.000000
364.955000	18400.000000
364.960000	9973.000000
364.965000	6863.000000
364.970000	4146.000000
364.975000	3654.000000
364.980000	2777.000000
364.985000	2312.000000
364.990000	2019.000000
364.995000	1671.000000
365.000000	1686.000000
365.005000	1395.000000
365.010000	1549.000000
365.015000	1335.000000
365.020000	1345.000000
365.025000	1259.000000
365.030000	1032.000000
365.035000	922.000000
365.040000	848.000000
365.045000	858.000000
365.050000	719.000000
365.055000	711.000000
365.060000	745.000000
365.065000	423.000000
365.070000	548.000000
365.075000	763.000000
365.080000	652.000000
365.085000	460.000000
365.090000	410.000000
365.095000	374.000000
365.100000	446.000000
365.105000	550.000000
365.110000	454.000000
365.115000	345.000000
365.120000	360.000000
365.125000	330.000000
365.130000	323.000000
365.135000	296.000000
365.140000	295.000000
365.145000	280.000000
365.150000	308.000000
365.155000	362.000000
365.160000	338.000000
365.165000	501.000000
365.170000	433.000000
365.175000	299.000000
365.180000	299.000000
365.185000	257.000000
365.190000	404.000000
365.195000	389.000000
365.200000	291.000000
365.205000	255.000000
365.210000	508.000000
365.215000	450.000000
365.220000	292.000000
365.225000	213.000000
365.230000	243.000000
365.235000	402.000000
365.240000	340.000000
365.245000	350.000000
365.250000	331.000000
365.255000	213.000000
365.260000	321.000000
365.265000	250.000000
365.270000	319.000000
365.275000	209.000000
365.280000	296.000000
365.285000	274.000000
365.290000	225.000000
365.295000	429.000000
365.300000	354.000000
365.305000	239.000000
365.310000	305.000000
365.315000	351.000000
365.320000	417.000000
365.325000	428.000000
365.330000	648.000000
365.335000	931.000000
365.340000	1193.000000
365.345000	1590.000000
365.350000	2269.000000
365.355000	3869.000000
365.360000	3939.000000
365.365000	4717.000000
365.370000	6169.000000
365.375000	7159.000000
365.380000	8957.000000
365.385000	12553.000000
365.390000	20806.000000
365.395000	39404.000000
365.400000	46867.000000
365.405000	23896.000000
365.410000	11598.000000
365.415000	6263.000000
365.420000	3648.000000
365.425000	2234.000000
365.430000	1501.000000
365.435000	958.000000
365.440000	820.000000
365.445000	740.000000
365.450000	653.000000
365.455000	457.000000
365.460000	450.000000
365.465000	335.000000
365.470000	488.000000
365.475000	444.000000
365.480000	400.000000
365.485000	381.000000
365.490000	369.000000
365.495000	357.000000
365.500000	368.000000
365.505000	389.000000
365.510000	334.000000
365.515000	390.000000
365.520000	461.000000
365.525000	286.000000
365.530000	327.000000
365.535000	259.000000
365.540000	335.000000
365.545000	257.000000
365.550000	196.000000
365.555000	244.000000
365.560000	269.000000
365.565000	224.000000
365.570000	290.000000
365.575000	262.000000
365.580000	281.000000
365.585000	241.000000
365.590000	192.000000
365.595000	246.000000
365.600000	249.000000
