Sample ID:		None
Start Time:		Wed Jun 24 2020 6:06:11 PM
Averaging Time:		1.000s

364.600000	65.000000
364.605000	50.000000
364.610000	56.000000
364.615000	21.000000
364.620000	36.000000
364.625000	81.000000
364.630000	46.000000
364.635000	91.000000
364.640000	23.000000
364.645000	33.000000
364.650000	36.000000
364.655000	48.000000
364.660000	56.000000
364.665000	48.000000
364.670000	49.000000
364.675000	52.000000
364.680000	73.000000
364.685000	65.000000
364.690000	63.000000
364.695000	45.000000
364.700000	98.000000
364.705000	186.000000
364.710000	155.000000
364.715000	233.000000
364.720000	275.000000
364.725000	214.000000
364.730000	291.000000
364.735000	215.000000
364.740000	339.000000
364.745000	154.000000
364.750000	234.000000
364.755000	167.000000
364.760000	214.000000
364.765000	323.000000
364.770000	230.000000
364.775000	396.000000
364.780000	329.000000
364.785000	280.000000
364.790000	366.000000
364.795000	327.000000
364.800000	237.000000
364.805000	410.000000
364.810000	346.000000
364.815000	361.000000
364.820000	399.000000
364.825000	453.000000
364.830000	416.000000
364.835000	435.000000
364.840000	497.000000
364.845000	498.000000
364.850000	665.000000
364.855000	493.000000
364.860000	690.000000
364.865000	814.000000
364.870000	1216.000000
364.875000	1472.000000
364.880000	2340.000000
364.885000	3463.000000
364.890000	7237.000000
364.895000	10135.000000
364.900000	13287.000000
364.905000	17497.000000
364.910000	22400.000000
364.915000	27257.000000
364.920000	29704.000000
364.925000	37163.000000
364.930000	52789.000000
364.935000	81938.000000
364.940000	182024.000000
364.945000	203830.000000
364.950000	92973.000000
364.955000	43505.000000
364.960000	28672.000000
364.965000	19690.000000
364.970000	10372.000000
364.975000	6471.000000
364.980000	5233.000000
364.985000	3787.000000
364.990000	3028.000000
364.995000	2405.000000
365.000000	1891.000000
365.005000	1868.000000
365.010000	1880.000000
365.015000	1542.000000
365.020000	1438.000000
365.025000	1174.000000
365.030000	1341.000000
365.035000	1064.000000
365.040000	1033.000000
365.045000	1150.000000
365.050000	822.000000
365.055000	917.000000
365.060000	646.000000
365.065000	565.000000
365.070000	736.000000
365.075000	544.000000
365.080000	641.000000
365.085000	630.000000
365.090000	524.000000
365.095000	556.000000
365.100000	632.000000
365.105000	703.000000
365.110000	483.000000
365.115000	428.000000
365.120000	571.000000
365.125000	282.000000
365.130000	307.000000
365.135000	360.000000
365.140000	539.000000
365.145000	347.000000
365.150000	280.000000
365.155000	297.000000
365.160000	436.000000
365.165000	437.000000
365.170000	307.000000
365.175000	265.000000
365.180000	363.000000
365.185000	372.000000
365.190000	258.000000
365.195000	401.000000
365.200000	282.000000
365.205000	495.000000
365.210000	449.000000
365.215000	431.000000
365.220000	324.000000
365.225000	316.000000
365.230000	247.000000
365.235000	325.000000
365.240000	317.000000
365.245000	310.000000
365.250000	231.000000
365.255000	436.000000
365.260000	292.000000
365.265000	305.000000
365.270000	313.000000
365.275000	294.000000
365.280000	320.000000
365.285000	284.000000
365.290000	276.000000
365.295000	272.000000
365.300000	331.000000
365.305000	360.000000
365.310000	361.000000
365.315000	435.000000
365.320000	295.000000
365.325000	352.000000
365.330000	388.000000
365.335000	513.000000
365.340000	758.000000
365.345000	919.000000
365.350000	1328.000000
365.355000	2010.000000
365.360000	2810.000000
365.365000	3684.000000
365.370000	5187.000000
365.375000	5548.000000
365.380000	6262.000000
365.385000	8137.000000
365.390000	11144.000000
365.395000	16777.000000
365.400000	24761.000000
365.405000	47483.000000
365.410000	35112.000000
365.415000	18201.000000
365.420000	8950.000000
365.425000	5527.000000
365.430000	3278.000000
365.435000	2099.000000
365.440000	1240.000000
365.445000	964.000000
365.450000	784.000000
365.455000	556.000000
365.460000	464.000000
365.465000	463.000000
365.470000	486.000000
365.475000	500.000000
365.480000	423.000000
365.485000	466.000000
365.490000	413.000000
365.495000	384.000000
365.500000	418.000000
365.505000	356.000000
365.510000	357.000000
365.515000	345.000000
365.520000	371.000000
365.525000	311.000000
365.530000	379.000000
365.535000	247.000000
365.540000	305.000000
365.545000	325.000000
365.550000	293.000000
365.555000	357.000000
365.560000	231.000000
365.565000	241.000000
365.570000	338.000000
365.575000	242.000000
365.580000	305.000000
365.585000	276.000000
365.590000	276.000000
365.595000	241.000000
365.600000	393.000000
