Sample ID:		None
Start Time:		Wed Jun 24 2020 11:22:45 PM
Averaging Time:		1.000s

364.600000	12.000000
364.605000	42.000000
364.610000	11.000000
364.615000	48.000000
364.620000	60.000000
364.625000	46.000000
364.630000	20.000000
364.635000	48.000000
364.640000	32.000000
364.645000	40.000000
364.650000	38.000000
364.655000	58.000000
364.660000	75.000000
364.665000	48.000000
364.670000	57.000000
364.675000	60.000000
364.680000	87.000000
364.685000	91.000000
364.690000	101.000000
364.695000	86.000000
364.700000	126.000000
364.705000	131.000000
364.710000	205.000000
364.715000	242.000000
364.720000	284.000000
364.725000	204.000000
364.730000	233.000000
364.735000	189.000000
364.740000	197.000000
364.745000	390.000000
364.750000	332.000000
364.755000	270.000000
364.760000	259.000000
364.765000	338.000000
364.770000	279.000000
364.775000	253.000000
364.780000	264.000000
364.785000	340.000000
364.790000	289.000000
364.795000	393.000000
364.800000	384.000000
364.805000	279.000000
364.810000	320.000000
364.815000	265.000000
364.820000	393.000000
364.825000	419.000000
364.830000	466.000000
364.835000	551.000000
364.840000	461.000000
364.845000	459.000000
364.850000	659.000000
364.855000	726.000000
364.860000	875.000000
364.865000	933.000000
364.870000	1644.000000
364.875000	2967.000000
364.880000	4721.000000
364.885000	7247.000000
364.890000	10349.000000
364.895000	14979.000000
364.900000	19064.000000
364.905000	24968.000000
364.910000	27216.000000
364.915000	33892.000000
364.920000	41806.000000
364.925000	61090.000000
364.930000	125088.000000
364.935000	226713.000000
364.940000	149563.000000
364.945000	64955.000000
364.950000	37746.000000
364.955000	22202.000000
364.960000	13761.000000
364.965000	8333.000000
364.970000	5222.000000
364.975000	4099.000000
364.980000	2835.000000
364.985000	2341.000000
364.990000	1781.000000
364.995000	1758.000000
365.000000	1584.000000
365.005000	1434.000000
365.010000	1444.000000
365.015000	1311.000000
365.020000	1427.000000
365.025000	1157.000000
365.030000	1080.000000
365.035000	1003.000000
365.040000	981.000000
365.045000	773.000000
365.050000	833.000000
365.055000	686.000000
365.060000	732.000000
365.065000	876.000000
365.070000	857.000000
365.075000	584.000000
365.080000	564.000000
365.085000	494.000000
365.090000	443.000000
365.095000	537.000000
365.100000	433.000000
365.105000	373.000000
365.110000	529.000000
365.115000	377.000000
365.120000	412.000000
365.125000	415.000000
365.130000	302.000000
365.135000	386.000000
365.140000	201.000000
365.145000	345.000000
365.150000	452.000000
365.155000	300.000000
365.160000	435.000000
365.165000	307.000000
365.170000	353.000000
365.175000	364.000000
365.180000	401.000000
365.185000	426.000000
365.190000	287.000000
365.195000	353.000000
365.200000	324.000000
365.205000	310.000000
365.210000	414.000000
365.215000	283.000000
365.220000	374.000000
365.225000	279.000000
365.230000	273.000000
365.235000	288.000000
365.240000	323.000000
365.245000	321.000000
365.250000	269.000000
365.255000	336.000000
365.260000	266.000000
365.265000	336.000000
365.270000	350.000000
365.275000	314.000000
365.280000	200.000000
365.285000	278.000000
365.290000	250.000000
365.295000	436.000000
365.300000	267.000000
365.305000	286.000000
365.310000	384.000000
365.315000	403.000000
365.320000	453.000000
365.325000	309.000000
365.330000	465.000000
365.335000	772.000000
365.340000	1075.000000
365.345000	1468.000000
365.350000	2315.000000
365.355000	2950.000000
365.360000	3717.000000
365.365000	5159.000000
365.370000	5698.000000
365.375000	6903.000000
365.380000	7870.000000
365.385000	11185.000000
365.390000	20859.000000
365.395000	33495.000000
365.400000	48985.000000
365.405000	29877.000000
365.410000	14043.000000
365.415000	7835.000000
365.420000	4764.000000
365.425000	2833.000000
365.430000	1906.000000
365.435000	1177.000000
365.440000	776.000000
365.445000	532.000000
365.450000	685.000000
365.455000	525.000000
365.460000	621.000000
365.465000	520.000000
365.470000	434.000000
365.475000	336.000000
365.480000	324.000000
365.485000	334.000000
365.490000	382.000000
365.495000	375.000000
365.500000	399.000000
365.505000	349.000000
365.510000	295.000000
365.515000	445.000000
365.520000	371.000000
365.525000	301.000000
365.530000	309.000000
365.535000	350.000000
365.540000	224.000000
365.545000	300.000000
365.550000	310.000000
365.555000	215.000000
365.560000	283.000000
365.565000	311.000000
365.570000	285.000000
365.575000	264.000000
365.580000	140.000000
365.585000	302.000000
365.590000	255.000000
365.595000	262.000000
365.600000	154.000000
