Sample ID:		None
Start Time:		Wed Jun 24 2020 5:16:12 PM
Averaging Time:		1.000s

364.600000	21.000000
364.605000	44.000000
364.610000	78.000000
364.615000	35.000000
364.620000	70.000000
364.625000	68.000000
364.630000	39.000000
364.635000	66.000000
364.640000	53.000000
364.645000	71.000000
364.650000	46.000000
364.655000	24.000000
364.660000	47.000000
364.665000	71.000000
364.670000	50.000000
364.675000	68.000000
364.680000	85.000000
364.685000	123.000000
364.690000	63.000000
364.695000	78.000000
364.700000	183.000000
364.705000	172.000000
364.710000	182.000000
364.715000	219.000000
364.720000	214.000000
364.725000	147.000000
364.730000	259.000000
364.735000	219.000000
364.740000	214.000000
364.745000	335.000000
364.750000	261.000000
364.755000	181.000000
364.760000	320.000000
364.765000	168.000000
364.770000	220.000000
364.775000	303.000000
364.780000	157.000000
364.785000	209.000000
364.790000	263.000000
364.795000	296.000000
364.800000	408.000000
364.805000	441.000000
364.810000	429.000000
364.815000	369.000000
364.820000	309.000000
364.825000	393.000000
364.830000	518.000000
364.835000	503.000000
364.840000	584.000000
364.845000	519.000000
364.850000	517.000000
364.855000	647.000000
364.860000	892.000000
364.865000	1004.000000
364.870000	1236.000000
364.875000	2286.000000
364.880000	3379.000000
364.885000	5268.000000
364.890000	9282.000000
364.895000	13231.000000
364.900000	16167.000000
364.905000	20498.000000
364.910000	25973.000000
364.915000	28817.000000
364.920000	35261.000000
364.925000	48400.000000
364.930000	71339.000000
364.935000	167185.000000
364.940000	206685.000000
364.945000	97457.000000
364.950000	45481.000000
364.955000	27775.000000
364.960000	18186.000000
364.965000	11484.000000
364.970000	6684.000000
364.975000	3704.000000
364.980000	3448.000000
364.985000	2886.000000
364.990000	2306.000000
364.995000	1778.000000
365.000000	1782.000000
365.005000	1698.000000
365.010000	1317.000000
365.015000	1441.000000
365.020000	1329.000000
365.025000	1169.000000
365.030000	1123.000000
365.035000	880.000000
365.040000	951.000000
365.045000	806.000000
365.050000	649.000000
365.055000	773.000000
365.060000	692.000000
365.065000	665.000000
365.070000	733.000000
365.075000	530.000000
365.080000	532.000000
365.085000	633.000000
365.090000	548.000000
365.095000	621.000000
365.100000	536.000000
365.105000	545.000000
365.110000	296.000000
365.115000	372.000000
365.120000	345.000000
365.125000	323.000000
365.130000	387.000000
365.135000	270.000000
365.140000	327.000000
365.145000	323.000000
365.150000	321.000000
365.155000	276.000000
365.160000	320.000000
365.165000	347.000000
365.170000	228.000000
365.175000	464.000000
365.180000	403.000000
365.185000	302.000000
365.190000	332.000000
365.195000	436.000000
365.200000	377.000000
365.205000	377.000000
365.210000	330.000000
365.215000	333.000000
365.220000	306.000000
365.225000	229.000000
365.230000	329.000000
365.235000	392.000000
365.240000	319.000000
365.245000	243.000000
365.250000	285.000000
365.255000	281.000000
365.260000	300.000000
365.265000	222.000000
365.270000	302.000000
365.275000	259.000000
365.280000	242.000000
365.285000	348.000000
365.290000	246.000000
365.295000	333.000000
365.300000	319.000000
365.305000	280.000000
365.310000	342.000000
365.315000	361.000000
365.320000	350.000000
365.325000	490.000000
365.330000	457.000000
365.335000	583.000000
365.340000	848.000000
365.345000	1143.000000
365.350000	1911.000000
365.355000	2837.000000
365.360000	3298.000000
365.365000	4274.000000
365.370000	5548.000000
365.375000	5971.000000
365.380000	7103.000000
365.385000	9041.000000
365.390000	13996.000000
365.395000	23153.000000
365.400000	40180.000000
365.405000	38162.000000
365.410000	19378.000000
365.415000	9980.000000
365.420000	4988.000000
365.425000	3387.000000
365.430000	1935.000000
365.435000	1146.000000
365.440000	984.000000
365.445000	710.000000
365.450000	533.000000
365.455000	616.000000
365.460000	489.000000
365.465000	481.000000
365.470000	423.000000
365.475000	458.000000
365.480000	300.000000
365.485000	334.000000
365.490000	325.000000
365.495000	382.000000
365.500000	353.000000
365.505000	371.000000
365.510000	345.000000
365.515000	389.000000
365.520000	316.000000
365.525000	477.000000
365.530000	377.000000
365.535000	295.000000
365.540000	397.000000
365.545000	242.000000
365.550000	250.000000
365.555000	191.000000
365.560000	329.000000
365.565000	280.000000
365.570000	278.000000
365.575000	211.000000
365.580000	250.000000
365.585000	289.000000
365.590000	322.000000
365.595000	278.000000
365.600000	364.000000
