Sample ID:		None
Start Time:		Wed Jun 24 2020 10:49:26 PM
Averaging Time:		1.000s

364.600000	78.000000
364.605000	33.000000
364.610000	15.000000
364.615000	72.000000
364.620000	45.000000
364.625000	32.000000
364.630000	28.000000
364.635000	42.000000
364.640000	43.000000
364.645000	84.000000
364.650000	23.000000
364.655000	30.000000
364.660000	54.000000
364.665000	32.000000
364.670000	47.000000
364.675000	65.000000
364.680000	87.000000
364.685000	101.000000
364.690000	80.000000
364.695000	137.000000
364.700000	160.000000
364.705000	93.000000
364.710000	184.000000
364.715000	281.000000
364.720000	261.000000
364.725000	198.000000
364.730000	258.000000
364.735000	224.000000
364.740000	265.000000
364.745000	155.000000
364.750000	277.000000
364.755000	250.000000
364.760000	241.000000
364.765000	189.000000
364.770000	270.000000
364.775000	339.000000
364.780000	337.000000
364.785000	232.000000
364.790000	417.000000
364.795000	320.000000
364.800000	319.000000
364.805000	411.000000
364.810000	309.000000
364.815000	422.000000
364.820000	391.000000
364.825000	504.000000
364.830000	364.000000
364.835000	493.000000
364.840000	444.000000
364.845000	595.000000
364.850000	733.000000
364.855000	778.000000
364.860000	776.000000
364.865000	1130.000000
364.870000	1517.000000
364.875000	2338.000000
364.880000	4023.000000
364.885000	6250.000000
364.890000	10635.000000
364.895000	14889.000000
364.900000	18360.000000
364.905000	23205.000000
364.910000	26987.000000
364.915000	32072.000000
364.920000	39168.000000
364.925000	54067.000000
364.930000	113679.000000
364.935000	210655.000000
364.940000	161616.000000
364.945000	75592.000000
364.950000	42970.000000
364.955000	20050.000000
364.960000	14916.000000
364.965000	9902.000000
364.970000	5822.000000
364.975000	3505.000000
364.980000	3444.000000
364.985000	2757.000000
364.990000	2572.000000
364.995000	1788.000000
365.000000	1920.000000
365.005000	1404.000000
365.010000	1612.000000
365.015000	1278.000000
365.020000	1188.000000
365.025000	1153.000000
365.030000	1210.000000
365.035000	997.000000
365.040000	1004.000000
365.045000	864.000000
365.050000	864.000000
365.055000	940.000000
365.060000	887.000000
365.065000	687.000000
365.070000	991.000000
365.075000	614.000000
365.080000	671.000000
365.085000	603.000000
365.090000	556.000000
365.095000	631.000000
365.100000	496.000000
365.105000	477.000000
365.110000	362.000000
365.115000	400.000000
365.120000	322.000000
365.125000	307.000000
365.130000	387.000000
365.135000	317.000000
365.140000	352.000000
365.145000	402.000000
365.150000	309.000000
365.155000	395.000000
365.160000	387.000000
365.165000	370.000000
365.170000	355.000000
365.175000	250.000000
365.180000	319.000000
365.185000	300.000000
365.190000	332.000000
365.195000	438.000000
365.200000	410.000000
365.205000	316.000000
365.210000	359.000000
365.215000	321.000000
365.220000	335.000000
365.225000	312.000000
365.230000	340.000000
365.235000	342.000000
365.240000	290.000000
365.245000	281.000000
365.250000	225.000000
365.255000	368.000000
365.260000	262.000000
365.265000	249.000000
365.270000	290.000000
365.275000	333.000000
365.280000	228.000000
365.285000	331.000000
365.290000	410.000000
365.295000	308.000000
365.300000	300.000000
365.305000	263.000000
365.310000	296.000000
365.315000	486.000000
365.320000	414.000000
365.325000	274.000000
365.330000	479.000000
365.335000	707.000000
365.340000	1006.000000
365.345000	1612.000000
365.350000	2140.000000
365.355000	3843.000000
365.360000	4153.000000
365.365000	5524.000000
365.370000	6480.000000
365.375000	7249.000000
365.380000	8333.000000
365.385000	12150.000000
365.390000	22077.000000
365.395000	34611.000000
365.400000	49696.000000
365.405000	27866.000000
365.410000	14561.000000
365.415000	7927.000000
365.420000	5158.000000
365.425000	2752.000000
365.430000	1663.000000
365.435000	1207.000000
365.440000	666.000000
365.445000	614.000000
365.450000	520.000000
365.455000	500.000000
365.460000	443.000000
365.465000	431.000000
365.470000	440.000000
365.475000	266.000000
365.480000	460.000000
365.485000	329.000000
365.490000	472.000000
365.495000	320.000000
365.500000	302.000000
365.505000	331.000000
365.510000	349.000000
365.515000	331.000000
365.520000	356.000000
365.525000	417.000000
365.530000	299.000000
365.535000	324.000000
365.540000	207.000000
365.545000	264.000000
365.550000	361.000000
365.555000	268.000000
365.560000	350.000000
365.565000	249.000000
365.570000	296.000000
365.575000	249.000000
365.580000	282.000000
365.585000	265.000000
365.590000	234.000000
365.595000	246.000000
365.600000	124.000000
