Sample ID:		None
Start Time:		Wed Jun 24 2020 4:09:38 PM
Averaging Time:		1.000s

364.600000	66.000000
364.605000	112.000000
364.610000	85.000000
364.615000	114.000000
364.620000	155.000000
364.625000	27.000000
364.630000	42.000000
364.635000	35.000000
364.640000	70.000000
364.645000	79.000000
364.650000	94.000000
364.655000	131.000000
364.660000	93.000000
364.665000	64.000000
364.670000	76.000000
364.675000	100.000000
364.680000	74.000000
364.685000	114.000000
364.690000	32.000000
364.695000	128.000000
364.700000	118.000000
364.705000	154.000000
364.710000	154.000000
364.715000	216.000000
364.720000	243.000000
364.725000	307.000000
364.730000	296.000000
364.735000	308.000000
364.740000	212.000000
364.745000	277.000000
364.750000	220.000000
364.755000	369.000000
364.760000	297.000000
364.765000	296.000000
364.770000	267.000000
364.775000	341.000000
364.780000	351.000000
364.785000	268.000000
364.790000	412.000000
364.795000	238.000000
364.800000	398.000000
364.805000	353.000000
364.810000	313.000000
364.815000	378.000000
364.820000	320.000000
364.825000	321.000000
364.830000	435.000000
364.835000	428.000000
364.840000	413.000000
364.845000	421.000000
364.850000	616.000000
364.855000	751.000000
364.860000	786.000000
364.865000	688.000000
364.870000	1233.000000
364.875000	2103.000000
364.880000	2377.000000
364.885000	3905.000000
364.890000	6830.000000
364.895000	10855.000000
364.900000	14402.000000
364.905000	18369.000000
364.910000	22770.000000
364.915000	27587.000000
364.920000	30067.000000
364.925000	38116.000000
364.930000	53131.000000
364.935000	92350.000000
364.940000	212714.000000
364.945000	183546.000000
364.950000	74036.000000
364.955000	41823.000000
364.960000	23043.000000
364.965000	16389.000000
364.970000	9991.000000
364.975000	6006.000000
364.980000	4503.000000
364.985000	3393.000000
364.990000	2818.000000
364.995000	2237.000000
365.000000	1797.000000
365.005000	1621.000000
365.010000	1713.000000
365.015000	1474.000000
365.020000	1426.000000
365.025000	1218.000000
365.030000	1121.000000
365.035000	1015.000000
365.040000	968.000000
365.045000	933.000000
365.050000	843.000000
365.055000	1021.000000
365.060000	914.000000
365.065000	740.000000
365.070000	812.000000
365.075000	546.000000
365.080000	683.000000
365.085000	530.000000
365.090000	506.000000
365.095000	654.000000
365.100000	423.000000
365.105000	554.000000
365.110000	437.000000
365.115000	514.000000
365.120000	512.000000
365.125000	377.000000
365.130000	391.000000
365.135000	421.000000
365.140000	440.000000
365.145000	501.000000
365.150000	362.000000
365.155000	392.000000
365.160000	413.000000
365.165000	431.000000
365.170000	495.000000
365.175000	362.000000
365.180000	318.000000
365.185000	370.000000
365.190000	438.000000
365.195000	407.000000
365.200000	472.000000
365.205000	413.000000
365.210000	433.000000
365.215000	292.000000
365.220000	307.000000
365.225000	308.000000
365.230000	283.000000
365.235000	224.000000
365.240000	333.000000
365.245000	434.000000
365.250000	361.000000
365.255000	403.000000
365.260000	295.000000
365.265000	368.000000
365.270000	407.000000
365.275000	257.000000
365.280000	245.000000
365.285000	224.000000
365.290000	393.000000
365.295000	388.000000
365.300000	379.000000
365.305000	242.000000
365.310000	272.000000
365.315000	448.000000
365.320000	361.000000
365.325000	406.000000
365.330000	400.000000
365.335000	548.000000
365.340000	678.000000
365.345000	973.000000
365.350000	1294.000000
365.355000	2482.000000
365.360000	3060.000000
365.365000	3887.000000
365.370000	5278.000000
365.375000	5786.000000
365.380000	6410.000000
365.385000	7517.000000
365.390000	11950.000000
365.395000	16149.000000
365.400000	24441.000000
365.405000	48510.000000
365.410000	35408.000000
365.415000	18118.000000
365.420000	9410.000000
365.425000	5200.000000
365.430000	3442.000000
365.435000	1686.000000
365.440000	1086.000000
365.445000	1046.000000
365.450000	691.000000
365.455000	597.000000
365.460000	453.000000
365.465000	507.000000
365.470000	435.000000
365.475000	434.000000
365.480000	483.000000
365.485000	418.000000
365.490000	402.000000
365.495000	338.000000
365.500000	337.000000
365.505000	295.000000
365.510000	458.000000
365.515000	287.000000
365.520000	447.000000
365.525000	518.000000
365.530000	343.000000
365.535000	313.000000
365.540000	321.000000
365.545000	312.000000
365.550000	433.000000
365.555000	287.000000
365.560000	344.000000
365.565000	344.000000
365.570000	197.000000
365.575000	305.000000
365.580000	248.000000
