Sample ID:		None
Start Time:		Wed Jun 24 2020 9:53:53 PM
Averaging Time:		1.000s

364.600000	47.000000
364.605000	41.000000
364.610000	52.000000
364.615000	58.000000
364.620000	67.000000
364.625000	70.000000
364.630000	92.000000
364.635000	49.000000
364.640000	45.000000
364.645000	57.000000
364.650000	62.000000
364.655000	41.000000
364.660000	29.000000
364.665000	53.000000
364.670000	48.000000
364.675000	99.000000
364.680000	102.000000
364.685000	112.000000
364.690000	50.000000
364.695000	123.000000
364.700000	122.000000
364.705000	164.000000
364.710000	260.000000
364.715000	199.000000
364.720000	296.000000
364.725000	213.000000
364.730000	343.000000
364.735000	295.000000
364.740000	240.000000
364.745000	219.000000
364.750000	198.000000
364.755000	186.000000
364.760000	255.000000
364.765000	281.000000
364.770000	324.000000
364.775000	357.000000
364.780000	212.000000
364.785000	228.000000
364.790000	216.000000
364.795000	362.000000
364.800000	287.000000
364.805000	332.000000
364.810000	397.000000
364.815000	379.000000
364.820000	432.000000
364.825000	330.000000
364.830000	572.000000
364.835000	454.000000
364.840000	458.000000
364.845000	573.000000
364.850000	629.000000
364.855000	718.000000
364.860000	1182.000000
364.865000	1236.000000
364.870000	1830.000000
364.875000	3266.000000
364.880000	4558.000000
364.885000	8321.000000
364.890000	13858.000000
364.895000	16073.000000
364.900000	19695.000000
364.905000	25397.000000
364.910000	29098.000000
364.915000	34247.000000
364.920000	45789.000000
364.925000	69214.000000
364.930000	168027.000000
364.935000	224358.000000
364.940000	107717.000000
364.945000	55302.000000
364.950000	34022.000000
364.955000	18255.000000
364.960000	12164.000000
364.965000	7267.000000
364.970000	4932.000000
364.975000	3551.000000
364.980000	3086.000000
364.985000	2364.000000
364.990000	2085.000000
364.995000	1918.000000
365.000000	1790.000000
365.005000	1733.000000
365.010000	1361.000000
365.015000	1185.000000
365.020000	1181.000000
365.025000	1074.000000
365.030000	1083.000000
365.035000	1027.000000
365.040000	974.000000
365.045000	853.000000
365.050000	858.000000
365.055000	1074.000000
365.060000	775.000000
365.065000	628.000000
365.070000	573.000000
365.075000	520.000000
365.080000	588.000000
365.085000	611.000000
365.090000	659.000000
365.095000	378.000000
365.100000	522.000000
365.105000	318.000000
365.110000	455.000000
365.115000	346.000000
365.120000	475.000000
365.125000	536.000000
365.130000	400.000000
365.135000	286.000000
365.140000	395.000000
365.145000	323.000000
365.150000	264.000000
365.155000	396.000000
365.160000	385.000000
365.165000	390.000000
365.170000	305.000000
365.175000	405.000000
365.180000	326.000000
365.185000	420.000000
365.190000	360.000000
365.195000	284.000000
365.200000	370.000000
365.205000	343.000000
365.210000	241.000000
365.215000	253.000000
365.220000	240.000000
365.225000	361.000000
365.230000	447.000000
365.235000	291.000000
365.240000	273.000000
365.245000	230.000000
365.250000	327.000000
365.255000	196.000000
365.260000	241.000000
365.265000	304.000000
365.270000	255.000000
365.275000	374.000000
365.280000	195.000000
365.285000	238.000000
365.290000	396.000000
365.295000	345.000000
365.300000	380.000000
365.305000	327.000000
365.310000	314.000000
365.315000	326.000000
365.320000	441.000000
365.325000	456.000000
365.330000	509.000000
365.335000	772.000000
365.340000	1058.000000
365.345000	1677.000000
365.350000	2303.000000
365.355000	3246.000000
365.360000	3786.000000
365.365000	4986.000000
365.370000	5672.000000
365.375000	7079.000000
365.380000	8042.000000
365.385000	11109.000000
365.390000	22830.000000
365.395000	33984.000000
365.400000	48865.000000
365.405000	26714.000000
365.410000	13849.000000
365.415000	7261.000000
365.420000	3980.000000
365.425000	2417.000000
365.430000	1673.000000
365.435000	929.000000
365.440000	657.000000
365.445000	633.000000
365.450000	576.000000
365.455000	544.000000
365.460000	474.000000
365.465000	473.000000
365.470000	425.000000
365.475000	381.000000
365.480000	336.000000
365.485000	333.000000
365.490000	324.000000
365.495000	342.000000
365.500000	420.000000
365.505000	453.000000
365.510000	390.000000
365.515000	364.000000
365.520000	325.000000
365.525000	329.000000
365.530000	344.000000
365.535000	384.000000
365.540000	237.000000
365.545000	254.000000
365.550000	351.000000
365.555000	176.000000
365.560000	257.000000
365.565000	342.000000
365.570000	198.000000
365.575000	318.000000
365.580000	250.000000
365.585000	294.000000
365.590000	339.000000
365.595000	173.000000
365.600000	168.000000
