Sample ID:		None
Start Time:		Wed Jun 24 2020 8:47:14 PM
Averaging Time:		1.000s

364.600000	36.000000
364.605000	59.000000
364.610000	84.000000
364.615000	23.000000
364.620000	78.000000
364.625000	60.000000
364.630000	63.000000
364.635000	76.000000
364.640000	51.000000
364.645000	35.000000
364.650000	64.000000
364.655000	29.000000
364.660000	18.000000
364.665000	57.000000
364.670000	45.000000
364.675000	59.000000
364.680000	98.000000
364.685000	71.000000
364.690000	186.000000
364.695000	154.000000
364.700000	166.000000
364.705000	153.000000
364.710000	157.000000
364.715000	234.000000
364.720000	212.000000
364.725000	254.000000
364.730000	258.000000
364.735000	234.000000
364.740000	275.000000
364.745000	273.000000
364.750000	289.000000
364.755000	302.000000
364.760000	307.000000
364.765000	329.000000
364.770000	200.000000
364.775000	230.000000
364.780000	370.000000
364.785000	293.000000
364.790000	273.000000
364.795000	265.000000
364.800000	320.000000
364.805000	313.000000
364.810000	403.000000
364.815000	363.000000
364.820000	410.000000
364.825000	497.000000
364.830000	464.000000
364.835000	493.000000
364.840000	400.000000
364.845000	588.000000
364.850000	575.000000
364.855000	769.000000
364.860000	1033.000000
364.865000	1021.000000
364.870000	1631.000000
364.875000	3188.000000
364.880000	4640.000000
364.885000	6631.000000
364.890000	10774.000000
364.895000	14180.000000
364.900000	18693.000000
364.905000	24056.000000
364.910000	28642.000000
364.915000	31880.000000
364.920000	40827.000000
364.925000	59033.000000
364.930000	122735.000000
364.935000	220929.000000
364.940000	155466.000000
364.945000	64878.000000
364.950000	38947.000000
364.955000	19490.000000
364.960000	14068.000000
364.965000	8846.000000
364.970000	5451.000000
364.975000	3899.000000
364.980000	3104.000000
364.985000	2642.000000
364.990000	2128.000000
364.995000	1901.000000
365.000000	1828.000000
365.005000	1324.000000
365.010000	1277.000000
365.015000	1340.000000
365.020000	1325.000000
365.025000	1000.000000
365.030000	1014.000000
365.035000	789.000000
365.040000	1007.000000
365.045000	940.000000
365.050000	843.000000
365.055000	951.000000
365.060000	824.000000
365.065000	506.000000
365.070000	609.000000
365.075000	694.000000
365.080000	467.000000
365.085000	415.000000
365.090000	478.000000
365.095000	548.000000
365.100000	427.000000
365.105000	697.000000
365.110000	415.000000
365.115000	398.000000
365.120000	369.000000
365.125000	381.000000
365.130000	460.000000
365.135000	383.000000
365.140000	348.000000
365.145000	410.000000
365.150000	249.000000
365.155000	433.000000
365.160000	311.000000
365.165000	290.000000
365.170000	550.000000
365.175000	425.000000
365.180000	318.000000
365.185000	412.000000
365.190000	365.000000
365.195000	345.000000
365.200000	337.000000
365.205000	410.000000
365.210000	319.000000
365.215000	299.000000
365.220000	330.000000
365.225000	297.000000
365.230000	357.000000
365.235000	302.000000
365.240000	323.000000
365.245000	296.000000
365.250000	237.000000
365.255000	150.000000
365.260000	225.000000
365.265000	291.000000
365.270000	289.000000
365.275000	287.000000
365.280000	359.000000
365.285000	299.000000
365.290000	377.000000
365.295000	215.000000
365.300000	348.000000
365.305000	357.000000
365.310000	387.000000
365.315000	359.000000
365.320000	327.000000
365.325000	433.000000
365.330000	520.000000
365.335000	606.000000
365.340000	1047.000000
365.345000	1438.000000
365.350000	1882.000000
365.355000	3495.000000
365.360000	3887.000000
365.365000	4599.000000
365.370000	5890.000000
365.375000	7226.000000
365.380000	7754.000000
365.385000	10350.000000
365.390000	17986.000000
365.395000	30329.000000
365.400000	48105.000000
365.405000	29484.000000
365.410000	15499.000000
365.415000	8179.000000
365.420000	4784.000000
365.425000	2865.000000
365.430000	1914.000000
365.435000	1110.000000
365.440000	760.000000
365.445000	614.000000
365.450000	593.000000
365.455000	570.000000
365.460000	413.000000
365.465000	493.000000
365.470000	432.000000
365.475000	371.000000
365.480000	376.000000
365.485000	354.000000
365.490000	403.000000
365.495000	350.000000
365.500000	356.000000
365.505000	351.000000
365.510000	351.000000
365.515000	335.000000
365.520000	309.000000
365.525000	396.000000
365.530000	305.000000
365.535000	287.000000
365.540000	256.000000
365.545000	311.000000
365.550000	224.000000
365.555000	276.000000
365.560000	324.000000
365.565000	227.000000
365.570000	321.000000
365.575000	220.000000
365.580000	288.000000
365.585000	331.000000
365.590000	287.000000
365.595000	232.000000
365.600000	292.000000
