Sample ID:		None
Start Time:		Wed Jun 24 2020 8:08:21 PM
Averaging Time:		1.000s

364.600000	26.000000
364.605000	52.000000
364.610000	14.000000
364.615000	45.000000
364.620000	44.000000
364.625000	19.000000
364.630000	55.000000
364.635000	34.000000
364.640000	23.000000
364.645000	64.000000
364.650000	34.000000
364.655000	62.000000
364.660000	38.000000
364.665000	45.000000
364.670000	31.000000
364.675000	16.000000
364.680000	50.000000
364.685000	38.000000
364.690000	75.000000
364.695000	124.000000
364.700000	208.000000
364.705000	196.000000
364.710000	177.000000
364.715000	219.000000
364.720000	159.000000
364.725000	214.000000
364.730000	325.000000
364.735000	266.000000
364.740000	229.000000
364.745000	213.000000
364.750000	281.000000
364.755000	292.000000
364.760000	375.000000
364.765000	181.000000
364.770000	308.000000
364.775000	237.000000
364.780000	191.000000
364.785000	416.000000
364.790000	386.000000
364.795000	231.000000
364.800000	298.000000
364.805000	361.000000
364.810000	348.000000
364.815000	233.000000
364.820000	334.000000
364.825000	339.000000
364.830000	558.000000
364.835000	422.000000
364.840000	373.000000
364.845000	593.000000
364.850000	585.000000
364.855000	847.000000
364.860000	1162.000000
364.865000	1072.000000
364.870000	1589.000000
364.875000	2740.000000
364.880000	4630.000000
364.885000	7892.000000
364.890000	12076.000000
364.895000	15831.000000
364.900000	19802.000000
364.905000	25056.000000
364.910000	28609.000000
364.915000	33712.000000
364.920000	44179.000000
364.925000	67743.000000
364.930000	158885.000000
364.935000	220466.000000
364.940000	118514.000000
364.945000	53333.000000
364.950000	30062.000000
364.955000	19865.000000
364.960000	12475.000000
364.965000	7856.000000
364.970000	4929.000000
364.975000	3867.000000
364.980000	3069.000000
364.985000	2557.000000
364.990000	1911.000000
364.995000	2041.000000
365.000000	1543.000000
365.005000	1800.000000
365.010000	1056.000000
365.015000	1380.000000
365.020000	1307.000000
365.025000	1265.000000
365.030000	1016.000000
365.035000	988.000000
365.040000	1005.000000
365.045000	803.000000
365.050000	840.000000
365.055000	634.000000
365.060000	893.000000
365.065000	735.000000
365.070000	474.000000
365.075000	554.000000
365.080000	625.000000
365.085000	522.000000
365.090000	486.000000
365.095000	500.000000
365.100000	467.000000
365.105000	425.000000
365.110000	546.000000
365.115000	481.000000
365.120000	318.000000
365.125000	437.000000
365.130000	409.000000
365.135000	352.000000
365.140000	394.000000
365.145000	398.000000
365.150000	415.000000
365.155000	303.000000
365.160000	274.000000
365.165000	342.000000
365.170000	374.000000
365.175000	302.000000
365.180000	327.000000
365.185000	426.000000
365.190000	347.000000
365.195000	373.000000
365.200000	381.000000
365.205000	280.000000
365.210000	258.000000
365.215000	344.000000
365.220000	359.000000
365.225000	283.000000
365.230000	324.000000
365.235000	340.000000
365.240000	329.000000
365.245000	373.000000
365.250000	283.000000
365.255000	308.000000
365.260000	314.000000
365.265000	273.000000
365.270000	292.000000
365.275000	321.000000
365.280000	278.000000
365.285000	267.000000
365.290000	243.000000
365.295000	406.000000
365.300000	286.000000
365.305000	375.000000
365.310000	312.000000
365.315000	381.000000
365.320000	384.000000
365.325000	478.000000
365.330000	617.000000
365.335000	703.000000
365.340000	1319.000000
365.345000	1702.000000
365.350000	2596.000000
365.355000	3832.000000
365.360000	4347.000000
365.365000	5013.000000
365.370000	6224.000000
365.375000	7308.000000
365.380000	8678.000000
365.385000	12572.000000
365.390000	23295.000000
365.395000	39257.000000
365.400000	45770.000000
365.405000	24567.000000
365.410000	12658.000000
365.415000	6644.000000
365.420000	3762.000000
365.425000	2440.000000
365.430000	1561.000000
365.435000	881.000000
365.440000	872.000000
365.445000	631.000000
365.450000	507.000000
365.455000	444.000000
365.460000	519.000000
365.465000	476.000000
365.470000	589.000000
365.475000	396.000000
365.480000	344.000000
365.485000	371.000000
365.490000	380.000000
365.495000	397.000000
365.500000	388.000000
365.505000	366.000000
365.510000	400.000000
365.515000	457.000000
365.520000	283.000000
365.525000	386.000000
365.530000	332.000000
365.535000	300.000000
365.540000	245.000000
365.545000	268.000000
365.550000	339.000000
365.555000	271.000000
365.560000	318.000000
365.565000	311.000000
365.570000	242.000000
365.575000	224.000000
365.580000	296.000000
365.585000	435.000000
365.590000	170.000000
365.595000	299.000000
365.600000	202.000000
