Sample ID:		None
Start Time:		Wed Jun 24 2020 11:11:39 PM
Averaging Time:		1.000s

364.600000	35.000000
364.605000	23.000000
364.610000	36.000000
364.615000	71.000000
364.620000	63.000000
364.625000	106.000000
364.630000	19.000000
364.635000	52.000000
364.640000	113.000000
364.645000	43.000000
364.650000	38.000000
364.655000	107.000000
364.660000	41.000000
364.665000	105.000000
364.670000	99.000000
364.675000	82.000000
364.680000	39.000000
364.685000	65.000000
364.690000	69.000000
364.695000	68.000000
364.700000	170.000000
364.705000	152.000000
364.710000	214.000000
364.715000	247.000000
364.720000	223.000000
364.725000	159.000000
364.730000	331.000000
364.735000	177.000000
364.740000	295.000000
364.745000	207.000000
364.750000	174.000000
364.755000	200.000000
364.760000	330.000000
364.765000	250.000000
364.770000	297.000000
364.775000	315.000000
364.780000	357.000000
364.785000	307.000000
364.790000	225.000000
364.795000	274.000000
364.800000	441.000000
364.805000	369.000000
364.810000	322.000000
364.815000	274.000000
364.820000	371.000000
364.825000	321.000000
364.830000	389.000000
364.835000	452.000000
364.840000	498.000000
364.845000	604.000000
364.850000	696.000000
364.855000	737.000000
364.860000	767.000000
364.865000	940.000000
364.870000	1278.000000
364.875000	2456.000000
364.880000	3776.000000
364.885000	6040.000000
364.890000	10244.000000
364.895000	14556.000000
364.900000	18612.000000
364.905000	23016.000000
364.910000	27515.000000
364.915000	31888.000000
364.920000	37346.000000
364.925000	54087.000000
364.930000	106589.000000
364.935000	210115.000000
364.940000	191523.000000
364.945000	78396.000000
364.950000	43565.000000
364.955000	26497.000000
364.960000	15215.000000
364.965000	9999.000000
364.970000	6165.000000
364.975000	4214.000000
364.980000	3463.000000
364.985000	2729.000000
364.990000	2240.000000
364.995000	1926.000000
365.000000	1943.000000
365.005000	1563.000000
365.010000	1502.000000
365.015000	1396.000000
365.020000	1065.000000
365.025000	1283.000000
365.030000	1132.000000
365.035000	939.000000
365.040000	1107.000000
365.045000	828.000000
365.050000	828.000000
365.055000	951.000000
365.060000	693.000000
365.065000	629.000000
365.070000	612.000000
365.075000	657.000000
365.080000	470.000000
365.085000	569.000000
365.090000	361.000000
365.095000	550.000000
365.100000	443.000000
365.105000	560.000000
365.110000	458.000000
365.115000	472.000000
365.120000	538.000000
365.125000	398.000000
365.130000	451.000000
365.135000	350.000000
365.140000	314.000000
365.145000	343.000000
365.150000	392.000000
365.155000	238.000000
365.160000	370.000000
365.165000	460.000000
365.170000	275.000000
365.175000	363.000000
365.180000	412.000000
365.185000	481.000000
365.190000	424.000000
365.195000	277.000000
365.200000	349.000000
365.205000	355.000000
365.210000	383.000000
365.215000	367.000000
365.220000	213.000000
365.225000	441.000000
365.230000	276.000000
365.235000	353.000000
365.240000	340.000000
365.245000	302.000000
365.250000	265.000000
365.255000	328.000000
365.260000	252.000000
365.265000	329.000000
365.270000	258.000000
365.275000	361.000000
365.280000	320.000000
365.285000	282.000000
365.290000	221.000000
365.295000	368.000000
365.300000	395.000000
365.305000	344.000000
365.310000	446.000000
365.315000	275.000000
365.320000	549.000000
365.325000	386.000000
365.330000	501.000000
365.335000	754.000000
365.340000	941.000000
365.345000	1348.000000
365.350000	2371.000000
365.355000	2755.000000
365.360000	3708.000000
365.365000	4908.000000
365.370000	5524.000000
365.375000	6873.000000
365.380000	8127.000000
365.385000	9830.000000
365.390000	16654.000000
365.395000	29597.000000
365.400000	47526.000000
365.405000	33837.000000
365.410000	17511.000000
365.415000	8449.000000
365.420000	4866.000000
365.425000	2945.000000
365.430000	1782.000000
365.435000	1077.000000
365.440000	986.000000
365.445000	802.000000
365.450000	623.000000
365.455000	476.000000
365.460000	560.000000
365.465000	490.000000
365.470000	378.000000
365.475000	499.000000
365.480000	323.000000
365.485000	342.000000
365.490000	300.000000
365.495000	341.000000
365.500000	384.000000
365.505000	395.000000
365.510000	442.000000
365.515000	215.000000
365.520000	380.000000
365.525000	303.000000
365.530000	362.000000
365.535000	188.000000
365.540000	348.000000
365.545000	324.000000
365.550000	286.000000
365.555000	272.000000
365.560000	217.000000
365.565000	231.000000
365.570000	227.000000
365.575000	329.000000
365.580000	371.000000
365.585000	288.000000
365.590000	336.000000
365.595000	270.000000
365.600000	169.000000
