Sample ID:		None
Start Time:		Wed Jun 24 2020 6:22:51 PM
Averaging Time:		1.000s

364.600000	31.000000
364.605000	25.000000
364.610000	43.000000
364.615000	59.000000
364.620000	24.000000
364.625000	31.000000
364.630000	81.000000
364.635000	29.000000
364.640000	23.000000
364.645000	87.000000
364.650000	51.000000
364.655000	57.000000
364.660000	105.000000
364.665000	28.000000
364.670000	53.000000
364.675000	154.000000
364.680000	76.000000
364.685000	100.000000
364.690000	29.000000
364.695000	131.000000
364.700000	42.000000
364.705000	129.000000
364.710000	109.000000
364.715000	300.000000
364.720000	325.000000
364.725000	188.000000
364.730000	201.000000
364.735000	300.000000
364.740000	215.000000
364.745000	226.000000
364.750000	211.000000
364.755000	152.000000
364.760000	178.000000
364.765000	311.000000
364.770000	274.000000
364.775000	303.000000
364.780000	279.000000
364.785000	250.000000
364.790000	258.000000
364.795000	359.000000
364.800000	354.000000
364.805000	413.000000
364.810000	306.000000
364.815000	440.000000
364.820000	267.000000
364.825000	466.000000
364.830000	405.000000
364.835000	414.000000
364.840000	457.000000
364.845000	648.000000
364.850000	558.000000
364.855000	705.000000
364.860000	760.000000
364.865000	786.000000
364.870000	1011.000000
364.875000	1592.000000
364.880000	2562.000000
364.885000	4378.000000
364.890000	7247.000000
364.895000	10988.000000
364.900000	14662.000000
364.905000	19850.000000
364.910000	23629.000000
364.915000	27560.000000
364.920000	30535.000000
364.925000	40456.000000
364.930000	57293.000000
364.935000	104984.000000
364.940000	219958.000000
364.945000	155937.000000
364.950000	65451.000000
364.955000	36147.000000
364.960000	23353.000000
364.965000	14398.000000
364.970000	8227.000000
364.975000	5613.000000
364.980000	3846.000000
364.985000	3041.000000
364.990000	2484.000000
364.995000	1920.000000
365.000000	1805.000000
365.005000	1627.000000
365.010000	1448.000000
365.015000	1285.000000
365.020000	1280.000000
365.025000	1221.000000
365.030000	1170.000000
365.035000	1062.000000
365.040000	1029.000000
365.045000	860.000000
365.050000	830.000000
365.055000	839.000000
365.060000	775.000000
365.065000	720.000000
365.070000	784.000000
365.075000	684.000000
365.080000	571.000000
365.085000	671.000000
365.090000	500.000000
365.095000	612.000000
365.100000	455.000000
365.105000	391.000000
365.110000	522.000000
365.115000	379.000000
365.120000	348.000000
365.125000	309.000000
365.130000	467.000000
365.135000	397.000000
365.140000	357.000000
365.145000	344.000000
365.150000	322.000000
365.155000	363.000000
365.160000	394.000000
365.165000	378.000000
365.170000	445.000000
365.175000	405.000000
365.180000	334.000000
365.185000	315.000000
365.190000	556.000000
365.195000	378.000000
365.200000	427.000000
365.205000	341.000000
365.210000	343.000000
365.215000	300.000000
365.220000	328.000000
365.225000	248.000000
365.230000	384.000000
365.235000	185.000000
365.240000	266.000000
365.245000	237.000000
365.250000	305.000000
365.255000	360.000000
365.260000	315.000000
365.265000	238.000000
365.270000	291.000000
365.275000	393.000000
365.280000	248.000000
365.285000	234.000000
365.290000	273.000000
365.295000	279.000000
365.300000	349.000000
365.305000	293.000000
365.310000	382.000000
365.315000	290.000000
365.320000	272.000000
365.325000	600.000000
365.330000	365.000000
365.335000	506.000000
365.340000	847.000000
365.345000	1020.000000
365.350000	1507.000000
365.355000	2260.000000
365.360000	3264.000000
365.365000	4387.000000
365.370000	5128.000000
365.375000	6006.000000
365.380000	6397.000000
365.385000	8020.000000
365.390000	13070.000000
365.395000	18590.000000
365.400000	27656.000000
365.405000	46281.000000
365.410000	30423.000000
365.415000	14963.000000
365.420000	7773.000000
365.425000	4373.000000
365.430000	2588.000000
365.435000	1699.000000
365.440000	897.000000
365.445000	952.000000
365.450000	630.000000
365.455000	427.000000
365.460000	377.000000
365.465000	441.000000
365.470000	548.000000
365.475000	515.000000
365.480000	447.000000
365.485000	494.000000
365.490000	430.000000
365.495000	457.000000
365.500000	356.000000
365.505000	406.000000
365.510000	394.000000
365.515000	362.000000
365.520000	401.000000
365.525000	396.000000
365.530000	294.000000
365.535000	274.000000
365.540000	339.000000
365.545000	293.000000
365.550000	250.000000
365.555000	296.000000
365.560000	253.000000
365.565000	216.000000
365.570000	283.000000
365.575000	269.000000
365.580000	241.000000
365.585000	271.000000
365.590000	230.000000
365.595000	247.000000
365.600000	249.000000
