Sample ID:		None
Start Time:		Wed Jun 24 2020 6:00:37 PM
Averaging Time:		1.000s

364.600000	41.000000
364.605000	62.000000
364.610000	38.000000
364.615000	57.000000
364.620000	40.000000
364.625000	56.000000
364.630000	54.000000
364.635000	47.000000
364.640000	48.000000
364.645000	49.000000
364.650000	38.000000
364.655000	59.000000
364.660000	37.000000
364.665000	85.000000
364.670000	65.000000
364.675000	68.000000
364.680000	40.000000
364.685000	98.000000
364.690000	77.000000
364.695000	104.000000
364.700000	96.000000
364.705000	152.000000
364.710000	235.000000
364.715000	190.000000
364.720000	217.000000
364.725000	226.000000
364.730000	210.000000
364.735000	250.000000
364.740000	226.000000
364.745000	183.000000
364.750000	320.000000
364.755000	223.000000
364.760000	324.000000
364.765000	241.000000
364.770000	330.000000
364.775000	200.000000
364.780000	197.000000
364.785000	293.000000
364.790000	339.000000
364.795000	453.000000
364.800000	341.000000
364.805000	469.000000
364.810000	334.000000
364.815000	303.000000
364.820000	424.000000
364.825000	418.000000
364.830000	312.000000
364.835000	445.000000
364.840000	517.000000
364.845000	504.000000
364.850000	510.000000
364.855000	557.000000
364.860000	813.000000
364.865000	737.000000
364.870000	1171.000000
364.875000	1616.000000
364.880000	2579.000000
364.885000	3666.000000
364.890000	6249.000000
364.895000	9400.000000
364.900000	13255.000000
364.905000	18254.000000
364.910000	23712.000000
364.915000	26806.000000
364.920000	31508.000000
364.925000	38737.000000
364.930000	53871.000000
364.935000	83510.000000
364.940000	202931.000000
364.945000	200650.000000
364.950000	99082.000000
364.955000	47998.000000
364.960000	28726.000000
364.965000	18133.000000
364.970000	10852.000000
364.975000	6427.000000
364.980000	4262.000000
364.985000	3357.000000
364.990000	2492.000000
364.995000	2465.000000
365.000000	2232.000000
365.005000	1675.000000
365.010000	1719.000000
365.015000	1389.000000
365.020000	1414.000000
365.025000	1256.000000
365.030000	1092.000000
365.035000	1036.000000
365.040000	1106.000000
365.045000	996.000000
365.050000	924.000000
365.055000	765.000000
365.060000	939.000000
365.065000	883.000000
365.070000	601.000000
365.075000	756.000000
365.080000	669.000000
365.085000	665.000000
365.090000	690.000000
365.095000	458.000000
365.100000	586.000000
365.105000	446.000000
365.110000	601.000000
365.115000	387.000000
365.120000	581.000000
365.125000	406.000000
365.130000	357.000000
365.135000	430.000000
365.140000	360.000000
365.145000	435.000000
365.150000	394.000000
365.155000	311.000000
365.160000	322.000000
365.165000	268.000000
365.170000	407.000000
365.175000	441.000000
365.180000	378.000000
365.185000	365.000000
365.190000	285.000000
365.195000	360.000000
365.200000	285.000000
365.205000	341.000000
365.210000	411.000000
365.215000	319.000000
365.220000	347.000000
365.225000	362.000000
365.230000	367.000000
365.235000	259.000000
365.240000	394.000000
365.245000	353.000000
365.250000	360.000000
365.255000	317.000000
365.260000	206.000000
365.265000	243.000000
365.270000	247.000000
365.275000	258.000000
365.280000	390.000000
365.285000	234.000000
365.290000	179.000000
365.295000	383.000000
365.300000	364.000000
365.305000	278.000000
365.310000	268.000000
365.315000	324.000000
365.320000	305.000000
365.325000	285.000000
365.330000	444.000000
365.335000	431.000000
365.340000	737.000000
365.345000	1096.000000
365.350000	1720.000000
365.355000	2628.000000
365.360000	3369.000000
365.365000	3969.000000
365.370000	4907.000000
365.375000	6191.000000
365.380000	7116.000000
365.385000	8336.000000
365.390000	12500.000000
365.395000	19158.000000
365.400000	31129.000000
365.405000	46544.000000
365.410000	27825.000000
365.415000	15926.000000
365.420000	8263.000000
365.425000	4466.000000
365.430000	2452.000000
365.435000	1806.000000
365.440000	1067.000000
365.445000	853.000000
365.450000	705.000000
365.455000	566.000000
365.460000	638.000000
365.465000	410.000000
365.470000	610.000000
365.475000	641.000000
365.480000	344.000000
365.485000	358.000000
365.490000	392.000000
365.495000	345.000000
365.500000	404.000000
365.505000	424.000000
365.510000	374.000000
365.515000	376.000000
365.520000	335.000000
365.525000	403.000000
365.530000	346.000000
365.535000	284.000000
365.540000	228.000000
365.545000	346.000000
365.550000	314.000000
365.555000	251.000000
365.560000	328.000000
365.565000	295.000000
365.570000	259.000000
365.575000	341.000000
365.580000	240.000000
365.585000	250.000000
365.590000	271.000000
365.595000	279.000000
365.600000	187.000000
