Sample ID:		None
Start Time:		Wed Jun 24 2020 1:24:15 PM
Averaging Time:		1.000s

364.600000	80.000000
364.605000	35.000000
364.610000	108.000000
364.615000	72.000000
364.620000	81.000000
364.625000	35.000000
364.630000	98.000000
364.635000	32.000000
364.640000	75.000000
364.645000	93.000000
364.650000	56.000000
364.655000	60.000000
364.660000	31.000000
364.665000	65.000000
364.670000	127.000000
364.675000	70.000000
364.680000	129.000000
364.685000	99.000000
364.690000	128.000000
364.695000	35.000000
364.700000	61.000000
364.705000	167.000000
364.710000	108.000000
364.715000	121.000000
364.720000	193.000000
364.725000	219.000000
364.730000	300.000000
364.735000	268.000000
364.740000	374.000000
364.745000	348.000000
364.750000	327.000000
364.755000	280.000000
364.760000	220.000000
364.765000	260.000000
364.770000	203.000000
364.775000	318.000000
364.780000	260.000000
364.785000	221.000000
364.790000	316.000000
364.795000	289.000000
364.800000	420.000000
364.805000	450.000000
364.810000	359.000000
364.815000	471.000000
364.820000	472.000000
364.825000	274.000000
364.830000	442.000000
364.835000	415.000000
364.840000	474.000000
364.845000	575.000000
364.850000	501.000000
364.855000	655.000000
364.860000	679.000000
364.865000	643.000000
364.870000	854.000000
364.875000	838.000000
364.880000	1371.000000
364.885000	1997.000000
364.890000	3275.000000
364.895000	6012.000000
364.900000	8644.000000
364.905000	12439.000000
364.910000	17228.000000
364.915000	21838.000000
364.920000	25847.000000
364.925000	30169.000000
364.930000	34872.000000
364.935000	48930.000000
364.940000	77843.000000
364.945000	183116.000000
364.950000	211375.000000
364.955000	68431.000000
364.960000	42981.000000
364.965000	26922.000000
364.970000	15639.000000
364.975000	9721.000000
364.980000	6460.000000
364.985000	4343.000000
364.990000	3196.000000
364.995000	2452.000000
365.000000	2201.000000
365.005000	2103.000000
365.010000	2056.000000
365.015000	1653.000000
365.020000	1563.000000
365.025000	1193.000000
365.030000	1463.000000
365.035000	1211.000000
365.040000	1113.000000
365.045000	982.000000
365.050000	1036.000000
365.055000	929.000000
365.060000	841.000000
365.065000	862.000000
365.070000	749.000000
365.075000	684.000000
365.080000	620.000000
365.085000	687.000000
365.090000	563.000000
365.095000	525.000000
365.100000	463.000000
365.105000	551.000000
365.110000	594.000000
365.115000	466.000000
365.120000	424.000000
365.125000	468.000000
365.130000	385.000000
365.135000	462.000000
365.140000	285.000000
365.145000	354.000000
365.150000	354.000000
365.155000	340.000000
365.160000	411.000000
365.165000	311.000000
365.170000	416.000000
365.175000	369.000000
365.180000	370.000000
365.185000	371.000000
