Sample ID:		None
Start Time:		Wed Jun 24 2020 3:04:18 PM
Averaging Time:		1.000s

364.600000	39.000000
364.605000	72.000000
364.610000	43.000000
364.615000	85.000000
364.620000	84.000000
364.625000	124.000000
364.630000	45.000000
364.635000	98.000000
364.640000	82.000000
364.645000	57.000000
364.650000	64.000000
364.655000	74.000000
364.660000	137.000000
364.665000	66.000000
364.670000	93.000000
364.675000	34.000000
364.680000	100.000000
364.685000	131.000000
364.690000	104.000000
364.695000	130.000000
364.700000	118.000000
364.705000	98.000000
364.710000	189.000000
364.715000	326.000000
364.720000	298.000000
364.725000	267.000000
364.730000	320.000000
364.735000	371.000000
364.740000	343.000000
364.745000	251.000000
364.750000	234.000000
364.755000	299.000000
364.760000	229.000000
364.765000	318.000000
364.770000	267.000000
364.775000	402.000000
364.780000	302.000000
364.785000	304.000000
364.790000	336.000000
364.795000	267.000000
364.800000	334.000000
364.805000	322.000000
364.810000	416.000000
364.815000	338.000000
364.820000	301.000000
364.825000	425.000000
364.830000	431.000000
364.835000	400.000000
364.840000	602.000000
364.845000	539.000000
364.850000	628.000000
364.855000	563.000000
364.860000	684.000000
364.865000	683.000000
364.870000	1043.000000
364.875000	1259.000000
364.880000	2219.000000
364.885000	3131.000000
364.890000	6111.000000
364.895000	9633.000000
364.900000	12704.000000
364.905000	16605.000000
364.910000	23186.000000
364.915000	25499.000000
364.920000	29090.000000
364.925000	34960.000000
364.930000	50050.000000
364.935000	70464.000000
364.940000	145588.000000
364.945000	225800.000000
364.950000	128628.000000
364.955000	52440.000000
364.960000	29822.000000
364.965000	20811.000000
364.970000	11229.000000
364.975000	6475.000000
364.980000	5673.000000
364.985000	4155.000000
364.990000	2898.000000
364.995000	2570.000000
365.000000	2065.000000
365.005000	2277.000000
365.010000	1848.000000
365.015000	1607.000000
365.020000	1348.000000
365.025000	1240.000000
365.030000	1329.000000
365.035000	1359.000000
365.040000	1014.000000
365.045000	972.000000
365.050000	1019.000000
365.055000	983.000000
365.060000	876.000000
365.065000	760.000000
365.070000	891.000000
365.075000	819.000000
365.080000	708.000000
365.085000	625.000000
365.090000	496.000000
365.095000	535.000000
365.100000	487.000000
365.105000	665.000000
365.110000	398.000000
365.115000	536.000000
365.120000	353.000000
365.125000	529.000000
365.130000	447.000000
365.135000	460.000000
365.140000	379.000000
365.145000	337.000000
365.150000	480.000000
365.155000	420.000000
365.160000	379.000000
365.165000	387.000000
365.170000	425.000000
365.175000	331.000000
365.180000	421.000000
365.185000	564.000000
365.190000	460.000000
365.195000	368.000000
365.200000	372.000000
365.205000	353.000000
365.210000	426.000000
365.215000	500.000000
365.220000	331.000000
365.225000	396.000000
365.230000	340.000000
365.235000	331.000000
365.240000	339.000000
365.245000	383.000000
365.250000	291.000000
365.255000	340.000000
365.260000	255.000000
365.265000	298.000000
365.270000	385.000000
365.275000	398.000000
365.280000	301.000000
365.285000	273.000000
365.290000	302.000000
365.295000	353.000000
365.300000	327.000000
365.305000	398.000000
365.310000	337.000000
365.315000	380.000000
365.320000	409.000000
365.325000	385.000000
365.330000	465.000000
365.335000	403.000000
365.340000	526.000000
365.345000	1024.000000
365.350000	1300.000000
365.355000	1780.000000
365.360000	2304.000000
365.365000	3292.000000
365.370000	4512.000000
365.375000	5998.000000
365.380000	6094.000000
365.385000	7194.000000
365.390000	8359.000000
365.395000	12418.000000
365.400000	18749.000000
365.405000	36697.000000
365.410000	48778.000000
365.415000	29709.000000
365.420000	15272.000000
365.425000	7874.000000
365.430000	4206.000000
365.435000	2755.000000
365.440000	1676.000000
365.445000	999.000000
365.450000	748.000000
365.455000	639.000000
365.460000	677.000000
365.465000	478.000000
365.470000	558.000000
365.475000	483.000000
365.480000	442.000000
365.485000	438.000000
365.490000	377.000000
365.495000	344.000000
365.500000	401.000000
365.505000	420.000000
365.510000	485.000000
365.515000	431.000000
365.520000	267.000000
365.525000	471.000000
365.530000	336.000000
365.535000	315.000000
365.540000	354.000000
365.545000	357.000000
365.550000	288.000000
365.555000	397.000000
365.560000	355.000000
365.565000	362.000000
365.570000	278.000000
365.575000	243.000000
365.580000	289.000000
365.585000	266.000000
365.590000	323.000000
365.595000	398.000000
365.600000	283.000000
