Sample ID:		None
Start Time:		Wed Jun 24 2020 2:53:12 PM
Averaging Time:		1.000s

364.600000	106.000000
364.605000	70.000000
364.610000	147.000000
364.615000	106.000000
364.620000	55.000000
364.625000	87.000000
364.630000	94.000000
364.635000	61.000000
364.640000	187.000000
364.645000	90.000000
364.650000	172.000000
364.655000	69.000000
364.660000	71.000000
364.665000	48.000000
364.670000	61.000000
364.675000	173.000000
364.680000	109.000000
364.685000	112.000000
364.690000	96.000000
364.695000	70.000000
364.700000	149.000000
364.705000	180.000000
364.710000	210.000000
364.715000	147.000000
364.720000	270.000000
364.725000	326.000000
364.730000	228.000000
364.735000	259.000000
364.740000	301.000000
364.745000	249.000000
364.750000	246.000000
364.755000	186.000000
364.760000	295.000000
364.765000	247.000000
364.770000	278.000000
364.775000	298.000000
364.780000	320.000000
364.785000	372.000000
364.790000	353.000000
364.795000	408.000000
364.800000	389.000000
364.805000	307.000000
364.810000	506.000000
364.815000	328.000000
364.820000	412.000000
364.825000	307.000000
364.830000	381.000000
364.835000	322.000000
364.840000	371.000000
364.845000	544.000000
364.850000	496.000000
364.855000	578.000000
364.860000	802.000000
364.865000	895.000000
364.870000	983.000000
364.875000	1333.000000
364.880000	1900.000000
364.885000	2994.000000
364.890000	5293.000000
364.895000	8154.000000
364.900000	11583.000000
364.905000	15736.000000
364.910000	20857.000000
364.915000	24416.000000
364.920000	28483.000000
364.925000	32437.000000
364.930000	42878.000000
364.935000	61875.000000
364.940000	158307.000000
364.945000	227423.000000
364.950000	146394.000000
364.955000	52755.000000
364.960000	32417.000000
364.965000	21130.000000
364.970000	13619.000000
364.975000	6483.000000
364.980000	5212.000000
364.985000	4029.000000
364.990000	2626.000000
364.995000	2480.000000
365.000000	2248.000000
365.005000	2095.000000
365.010000	1805.000000
365.015000	1577.000000
365.020000	1368.000000
365.025000	1385.000000
365.030000	1267.000000
365.035000	1264.000000
365.040000	1158.000000
365.045000	1009.000000
365.050000	918.000000
365.055000	793.000000
365.060000	934.000000
365.065000	716.000000
365.070000	822.000000
365.075000	840.000000
365.080000	812.000000
365.085000	674.000000
365.090000	748.000000
365.095000	552.000000
365.100000	580.000000
365.105000	540.000000
365.110000	542.000000
365.115000	450.000000
365.120000	426.000000
365.125000	609.000000
365.130000	491.000000
365.135000	429.000000
365.140000	362.000000
365.145000	323.000000
365.150000	335.000000
365.155000	431.000000
365.160000	292.000000
365.165000	368.000000
365.170000	397.000000
365.175000	421.000000
365.180000	428.000000
365.185000	338.000000
365.190000	345.000000
365.195000	382.000000
365.200000	377.000000
365.205000	469.000000
365.210000	230.000000
365.215000	328.000000
365.220000	325.000000
365.225000	329.000000
365.230000	307.000000
365.235000	377.000000
365.240000	293.000000
365.245000	355.000000
365.250000	436.000000
365.255000	374.000000
365.260000	355.000000
365.265000	178.000000
365.270000	272.000000
365.275000	393.000000
365.280000	258.000000
365.285000	476.000000
365.290000	331.000000
365.295000	259.000000
365.300000	392.000000
365.305000	295.000000
365.310000	336.000000
365.315000	378.000000
365.320000	455.000000
365.325000	444.000000
365.330000	430.000000
365.335000	397.000000
365.340000	581.000000
365.345000	769.000000
365.350000	889.000000
365.355000	1422.000000
365.360000	2050.000000
365.365000	3063.000000
365.370000	4210.000000
365.375000	5087.000000
365.380000	6099.000000
365.385000	7013.000000
365.390000	8676.000000
365.395000	10648.000000
365.400000	16090.000000
365.405000	32930.000000
365.410000	47562.000000
365.415000	32450.000000
365.420000	17103.000000
365.425000	8119.000000
365.430000	4482.000000
365.435000	2932.000000
365.440000	1828.000000
365.445000	1016.000000
365.450000	908.000000
365.455000	621.000000
365.460000	686.000000
365.465000	557.000000
365.470000	641.000000
365.475000	535.000000
365.480000	500.000000
365.485000	442.000000
365.490000	369.000000
365.495000	363.000000
365.500000	398.000000
365.505000	360.000000
365.510000	373.000000
365.515000	344.000000
365.520000	324.000000
365.525000	355.000000
365.530000	345.000000
365.535000	310.000000
365.540000	337.000000
365.545000	336.000000
365.550000	340.000000
365.555000	253.000000
365.560000	234.000000
365.565000	254.000000
365.570000	274.000000
365.575000	219.000000
365.580000	293.000000
365.585000	377.000000
365.590000	258.000000
365.595000	285.000000
365.600000	248.000000
