Sample ID:		None
Start Time:		Wed Jun 24 2020 3:59:50 PM
Averaging Time:		1.000s

364.600000	82.000000
364.605000	68.000000
364.610000	87.000000
364.615000	78.000000
364.620000	100.000000
364.625000	118.000000
364.630000	84.000000
364.635000	66.000000
364.640000	55.000000
364.645000	47.000000
364.650000	76.000000
364.655000	58.000000
364.660000	114.000000
364.665000	108.000000
364.670000	118.000000
364.675000	73.000000
364.680000	121.000000
364.685000	110.000000
364.690000	109.000000
364.695000	119.000000
364.700000	201.000000
364.705000	253.000000
364.710000	190.000000
364.715000	218.000000
364.720000	210.000000
364.725000	252.000000
364.730000	256.000000
364.735000	239.000000
364.740000	288.000000
364.745000	182.000000
364.750000	297.000000
364.755000	323.000000
364.760000	202.000000
364.765000	269.000000
364.770000	351.000000
364.775000	277.000000
364.780000	337.000000
364.785000	303.000000
364.790000	414.000000
364.795000	295.000000
364.800000	364.000000
364.805000	333.000000
364.810000	374.000000
364.815000	340.000000
364.820000	527.000000
364.825000	433.000000
364.830000	454.000000
364.835000	409.000000
364.840000	526.000000
364.845000	489.000000
364.850000	577.000000
364.855000	687.000000
364.860000	859.000000
364.865000	776.000000
364.870000	1083.000000
364.875000	1586.000000
364.880000	2743.000000
364.885000	3716.000000
364.890000	7356.000000
364.895000	10880.000000
364.900000	14172.000000
364.905000	18447.000000
364.910000	23790.000000
364.915000	27285.000000
364.920000	31884.000000
364.925000	41498.000000
364.930000	53340.000000
364.935000	91343.000000
364.940000	209203.000000
364.945000	176861.000000
364.950000	82471.000000
364.955000	40855.000000
364.960000	25212.000000
364.965000	16091.000000
364.970000	9032.000000
364.975000	5954.000000
364.980000	4242.000000
364.985000	3415.000000
364.990000	2641.000000
364.995000	2310.000000
365.000000	2182.000000
365.005000	1624.000000
365.010000	1629.000000
365.015000	1617.000000
365.020000	1236.000000
365.025000	1448.000000
365.030000	1315.000000
365.035000	1087.000000
365.040000	1042.000000
365.045000	1086.000000
365.050000	916.000000
365.055000	750.000000
365.060000	804.000000
365.065000	611.000000
365.070000	507.000000
365.075000	814.000000
365.080000	528.000000
365.085000	681.000000
365.090000	631.000000
365.095000	482.000000
365.100000	430.000000
365.105000	381.000000
365.110000	498.000000
365.115000	445.000000
365.120000	430.000000
365.125000	371.000000
365.130000	388.000000
365.135000	310.000000
365.140000	403.000000
365.145000	345.000000
365.150000	328.000000
365.155000	463.000000
365.160000	456.000000
365.165000	433.000000
365.170000	330.000000
365.175000	439.000000
365.180000	476.000000
365.185000	514.000000
365.190000	431.000000
365.195000	471.000000
365.200000	339.000000
365.205000	549.000000
365.210000	270.000000
365.215000	444.000000
365.220000	388.000000
365.225000	383.000000
365.230000	321.000000
365.235000	257.000000
365.240000	333.000000
365.245000	224.000000
365.250000	320.000000
365.255000	314.000000
365.260000	421.000000
365.265000	229.000000
365.270000	346.000000
365.275000	386.000000
365.280000	358.000000
365.285000	293.000000
365.290000	314.000000
365.295000	309.000000
365.300000	290.000000
365.305000	365.000000
365.310000	388.000000
365.315000	366.000000
365.320000	276.000000
365.325000	421.000000
365.330000	343.000000
365.335000	634.000000
365.340000	572.000000
365.345000	783.000000
365.350000	1289.000000
365.355000	2077.000000
365.360000	2853.000000
365.365000	3825.000000
365.370000	4370.000000
365.375000	5982.000000
365.380000	6540.000000
365.385000	7566.000000
365.390000	10191.000000
365.395000	14661.000000
365.400000	21630.000000
365.405000	42983.000000
365.410000	39892.000000
365.415000	20596.000000
365.420000	10477.000000
365.425000	6177.000000
365.430000	3952.000000
365.435000	2251.000000
365.440000	1510.000000
365.445000	1049.000000
365.450000	750.000000
365.455000	659.000000
365.460000	573.000000
365.465000	389.000000
365.470000	554.000000
365.475000	429.000000
365.480000	475.000000
365.485000	404.000000
365.490000	374.000000
365.495000	402.000000
365.500000	493.000000
365.505000	477.000000
365.510000	541.000000
365.515000	414.000000
365.520000	330.000000
365.525000	351.000000
365.530000	451.000000
365.535000	391.000000
365.540000	263.000000
365.545000	371.000000
365.550000	184.000000
365.555000	322.000000
365.560000	339.000000
365.565000	296.000000
365.570000	283.000000
365.575000	265.000000
365.580000	348.000000
365.585000	350.000000
365.590000	331.000000
365.595000	326.000000
365.600000	271.000000
