Sample ID:		None
Start Time:		Wed Jun 24 2020 2:42:06 PM
Averaging Time:		1.000s

364.600000	39.000000
364.605000	70.000000
364.610000	69.000000
364.615000	51.000000
364.620000	58.000000
364.625000	72.000000
364.630000	120.000000
364.635000	45.000000
364.640000	69.000000
364.645000	50.000000
364.650000	49.000000
364.655000	59.000000
364.660000	151.000000
364.665000	88.000000
364.670000	75.000000
364.675000	100.000000
364.680000	61.000000
364.685000	104.000000
364.690000	96.000000
364.695000	109.000000
364.700000	98.000000
364.705000	124.000000
364.710000	193.000000
364.715000	262.000000
364.720000	337.000000
364.725000	223.000000
364.730000	283.000000
364.735000	286.000000
364.740000	236.000000
364.745000	273.000000
364.750000	215.000000
364.755000	336.000000
364.760000	269.000000
364.765000	360.000000
364.770000	250.000000
364.775000	309.000000
364.780000	230.000000
364.785000	308.000000
364.790000	275.000000
364.795000	319.000000
364.800000	330.000000
364.805000	362.000000
364.810000	304.000000
364.815000	485.000000
364.820000	333.000000
364.825000	433.000000
364.830000	367.000000
364.835000	429.000000
364.840000	586.000000
364.845000	495.000000
364.850000	639.000000
364.855000	529.000000
364.860000	787.000000
364.865000	742.000000
364.870000	970.000000
364.875000	1244.000000
364.880000	1601.000000
364.885000	2309.000000
364.890000	4190.000000
364.895000	6687.000000
364.900000	9813.000000
364.905000	14026.000000
364.910000	19161.000000
364.915000	24410.000000
364.920000	27568.000000
364.925000	32457.000000
364.930000	40939.000000
364.935000	54723.000000
364.940000	126125.000000
364.945000	216330.000000
364.950000	163909.000000
364.955000	70054.000000
364.960000	38732.000000
364.965000	25646.000000
364.970000	15066.000000
364.975000	8387.000000
364.980000	6090.000000
364.985000	4111.000000
364.990000	3149.000000
364.995000	2728.000000
365.000000	2592.000000
365.005000	1796.000000
365.010000	2035.000000
365.015000	1634.000000
365.020000	1200.000000
365.025000	1393.000000
365.030000	1305.000000
365.035000	1102.000000
365.040000	898.000000
365.045000	880.000000
365.050000	800.000000
365.055000	1052.000000
365.060000	736.000000
365.065000	841.000000
365.070000	696.000000
365.075000	709.000000
365.080000	566.000000
365.085000	655.000000
365.090000	631.000000
365.095000	610.000000
365.100000	704.000000
365.105000	493.000000
365.110000	512.000000
365.115000	579.000000
365.120000	656.000000
365.125000	520.000000
365.130000	379.000000
365.135000	524.000000
365.140000	353.000000
365.145000	308.000000
365.150000	452.000000
365.155000	310.000000
365.160000	404.000000
365.165000	349.000000
365.170000	326.000000
365.175000	324.000000
365.180000	357.000000
365.185000	350.000000
365.190000	471.000000
365.195000	407.000000
365.200000	368.000000
365.205000	386.000000
365.210000	337.000000
365.215000	427.000000
365.220000	288.000000
365.225000	517.000000
365.230000	368.000000
365.235000	309.000000
365.240000	353.000000
365.245000	265.000000
365.250000	437.000000
365.255000	303.000000
365.260000	342.000000
365.265000	279.000000
365.270000	283.000000
365.275000	350.000000
365.280000	324.000000
365.285000	177.000000
365.290000	394.000000
365.295000	315.000000
365.300000	345.000000
365.305000	416.000000
365.310000	251.000000
365.315000	374.000000
365.320000	493.000000
365.325000	353.000000
365.330000	602.000000
365.335000	468.000000
365.340000	567.000000
365.345000	807.000000
365.350000	1078.000000
365.355000	1587.000000
365.360000	2716.000000
365.365000	3151.000000
365.370000	3685.000000
365.375000	5181.000000
365.380000	5975.000000
365.385000	6448.000000
365.390000	8157.000000
365.395000	10828.000000
365.400000	16876.000000
365.405000	32337.000000
365.410000	48933.000000
365.415000	33863.000000
365.420000	16342.000000
365.425000	8596.000000
365.430000	4465.000000
365.435000	3266.000000
365.440000	1917.000000
365.445000	1295.000000
365.450000	844.000000
365.455000	738.000000
365.460000	680.000000
365.465000	596.000000
365.470000	429.000000
365.475000	491.000000
365.480000	699.000000
365.485000	482.000000
365.490000	574.000000
365.495000	445.000000
365.500000	372.000000
365.505000	462.000000
365.510000	351.000000
365.515000	404.000000
365.520000	439.000000
365.525000	434.000000
365.530000	460.000000
365.535000	340.000000
365.540000	311.000000
365.545000	328.000000
365.550000	278.000000
365.555000	347.000000
365.560000	322.000000
365.565000	384.000000
365.570000	317.000000
365.575000	307.000000
365.580000	351.000000
365.585000	446.000000
365.590000	281.000000
365.595000	394.000000
365.600000	228.000000
