Sample ID:		None
Start Time:		Wed Jun 24 2020 6:17:17 PM
Averaging Time:		1.000s

364.600000	105.000000
364.605000	33.000000
364.610000	27.000000
364.615000	44.000000
364.620000	53.000000
364.625000	20.000000
364.630000	49.000000
364.635000	24.000000
364.640000	43.000000
364.645000	42.000000
364.650000	25.000000
364.655000	76.000000
364.660000	41.000000
364.665000	43.000000
364.670000	69.000000
364.675000	35.000000
364.680000	63.000000
364.685000	69.000000
364.690000	45.000000
364.695000	91.000000
364.700000	131.000000
364.705000	169.000000
364.710000	179.000000
364.715000	238.000000
364.720000	265.000000
364.725000	246.000000
364.730000	227.000000
364.735000	217.000000
364.740000	305.000000
364.745000	289.000000
364.750000	188.000000
364.755000	204.000000
364.760000	290.000000
364.765000	204.000000
364.770000	236.000000
364.775000	216.000000
364.780000	234.000000
364.785000	341.000000
364.790000	332.000000
364.795000	263.000000
364.800000	241.000000
364.805000	244.000000
364.810000	383.000000
364.815000	328.000000
364.820000	401.000000
364.825000	343.000000
364.830000	450.000000
364.835000	424.000000
364.840000	406.000000
364.845000	423.000000
364.850000	576.000000
364.855000	727.000000
364.860000	777.000000
364.865000	911.000000
364.870000	1043.000000
364.875000	1670.000000
364.880000	2148.000000
364.885000	3430.000000
364.890000	5837.000000
364.895000	10041.000000
364.900000	12393.000000
364.905000	16772.000000
364.910000	22284.000000
364.915000	25607.000000
364.920000	28660.000000
364.925000	35408.000000
364.930000	48527.000000
364.935000	77788.000000
364.940000	176572.000000
364.945000	202661.000000
364.950000	97020.000000
364.955000	45863.000000
364.960000	27823.000000
364.965000	18590.000000
364.970000	10741.000000
364.975000	6609.000000
364.980000	4668.000000
364.985000	3729.000000
364.990000	2821.000000
364.995000	2071.000000
365.000000	2036.000000
365.005000	1764.000000
365.010000	1644.000000
365.015000	1584.000000
365.020000	1241.000000
365.025000	1105.000000
365.030000	1339.000000
365.035000	1019.000000
365.040000	1127.000000
365.045000	956.000000
365.050000	990.000000
365.055000	943.000000
365.060000	838.000000
365.065000	669.000000
365.070000	687.000000
365.075000	655.000000
365.080000	554.000000
365.085000	657.000000
365.090000	534.000000
365.095000	331.000000
365.100000	636.000000
365.105000	540.000000
365.110000	614.000000
365.115000	459.000000
365.120000	396.000000
365.125000	321.000000
365.130000	409.000000
365.135000	344.000000
365.140000	377.000000
365.145000	313.000000
365.150000	292.000000
365.155000	340.000000
365.160000	221.000000
365.165000	409.000000
365.170000	333.000000
365.175000	298.000000
365.180000	491.000000
365.185000	294.000000
365.190000	325.000000
365.195000	296.000000
365.200000	306.000000
365.205000	356.000000
365.210000	362.000000
365.215000	299.000000
365.220000	376.000000
365.225000	292.000000
365.230000	350.000000
365.235000	270.000000
365.240000	249.000000
365.245000	343.000000
365.250000	360.000000
365.255000	270.000000
365.260000	232.000000
365.265000	270.000000
365.270000	310.000000
365.275000	366.000000
365.280000	365.000000
365.285000	259.000000
365.290000	284.000000
365.295000	324.000000
365.300000	386.000000
365.305000	330.000000
365.310000	281.000000
365.315000	275.000000
365.320000	410.000000
365.325000	315.000000
365.330000	372.000000
365.335000	378.000000
365.340000	502.000000
365.345000	782.000000
365.350000	962.000000
365.355000	2138.000000
365.360000	2634.000000
365.365000	3640.000000
365.370000	4652.000000
365.375000	5508.000000
365.380000	6406.000000
365.385000	7163.000000
365.390000	9360.000000
365.395000	15493.000000
365.400000	21592.000000
365.405000	42484.000000
365.410000	40911.000000
365.415000	21046.000000
365.420000	10415.000000
365.425000	5759.000000
365.430000	3639.000000
365.435000	2180.000000
365.440000	1486.000000
365.445000	1093.000000
365.450000	813.000000
365.455000	550.000000
365.460000	584.000000
365.465000	456.000000
365.470000	503.000000
365.475000	533.000000
365.480000	473.000000
365.485000	357.000000
365.490000	445.000000
365.495000	382.000000
365.500000	421.000000
365.505000	348.000000
365.510000	232.000000
365.515000	373.000000
365.520000	461.000000
365.525000	296.000000
365.530000	362.000000
365.535000	375.000000
365.540000	362.000000
365.545000	274.000000
365.550000	350.000000
365.555000	314.000000
365.560000	222.000000
365.565000	267.000000
365.570000	298.000000
365.575000	244.000000
365.580000	293.000000
365.585000	230.000000
365.590000	295.000000
365.595000	208.000000
365.600000	236.000000
