Sample ID:		None
Start Time:		Wed Jun 24 2020 2:08:43 PM
Averaging Time:		1.000s

364.600000	62.000000
364.605000	71.000000
364.610000	86.000000
364.615000	70.000000
364.620000	56.000000
364.625000	60.000000
364.630000	62.000000
364.635000	75.000000
364.640000	49.000000
364.645000	76.000000
364.650000	101.000000
364.655000	114.000000
364.660000	88.000000
364.665000	59.000000
364.670000	84.000000
364.675000	71.000000
364.680000	81.000000
364.685000	105.000000
364.690000	99.000000
364.695000	48.000000
364.700000	77.000000
364.705000	119.000000
364.710000	139.000000
364.715000	157.000000
364.720000	208.000000
364.725000	232.000000
364.730000	329.000000
364.735000	260.000000
364.740000	317.000000
364.745000	296.000000
364.750000	277.000000
364.755000	363.000000
364.760000	248.000000
364.765000	289.000000
364.770000	258.000000
364.775000	253.000000
364.780000	202.000000
364.785000	350.000000
364.790000	343.000000
364.795000	297.000000
364.800000	356.000000
364.805000	248.000000
364.810000	372.000000
364.815000	403.000000
364.820000	358.000000
364.825000	311.000000
364.830000	336.000000
364.835000	378.000000
364.840000	321.000000
364.845000	486.000000
364.850000	556.000000
364.855000	616.000000
364.860000	516.000000
364.865000	715.000000
364.870000	817.000000
364.875000	969.000000
364.880000	1063.000000
364.885000	1559.000000
364.890000	3057.000000
364.895000	4718.000000
364.900000	7132.000000
364.905000	11474.000000
364.910000	15636.000000
364.915000	20770.000000
364.920000	24546.000000
364.925000	29178.000000
364.930000	33718.000000
364.935000	42128.000000
364.940000	63159.000000
364.945000	139417.000000
364.950000	227258.000000
364.955000	133033.000000
364.960000	57142.000000
364.965000	34505.000000
364.970000	20125.000000
364.975000	12037.000000
364.980000	8711.000000
364.985000	4942.000000
364.990000	3969.000000
364.995000	2605.000000
365.000000	2686.000000
365.005000	2195.000000
365.010000	1968.000000
365.015000	1788.000000
365.020000	1604.000000
365.025000	1260.000000
365.030000	1168.000000
365.035000	1209.000000
365.040000	1143.000000
365.045000	1134.000000
365.050000	878.000000
365.055000	835.000000
365.060000	883.000000
365.065000	868.000000
365.070000	842.000000
365.075000	819.000000
365.080000	726.000000
365.085000	751.000000
365.090000	664.000000
365.095000	482.000000
365.100000	487.000000
365.105000	511.000000
365.110000	485.000000
365.115000	547.000000
365.120000	489.000000
365.125000	644.000000
365.130000	436.000000
365.135000	304.000000
365.140000	304.000000
365.145000	431.000000
365.150000	299.000000
365.155000	427.000000
365.160000	396.000000
365.165000	275.000000
365.170000	497.000000
365.175000	265.000000
365.180000	485.000000
365.185000	451.000000
365.190000	415.000000
365.195000	378.000000
365.200000	364.000000
365.205000	373.000000
365.210000	347.000000
365.215000	300.000000
365.220000	332.000000
365.225000	298.000000
365.230000	421.000000
365.235000	296.000000
365.240000	330.000000
365.245000	355.000000
365.250000	371.000000
365.255000	419.000000
365.260000	341.000000
365.265000	342.000000
365.270000	356.000000
365.275000	350.000000
365.280000	308.000000
365.285000	301.000000
365.290000	204.000000
365.295000	263.000000
365.300000	405.000000
365.305000	333.000000
365.310000	252.000000
365.315000	339.000000
365.320000	294.000000
365.325000	299.000000
365.330000	418.000000
365.335000	397.000000
365.340000	446.000000
365.345000	740.000000
365.350000	1051.000000
365.355000	1419.000000
365.360000	1939.000000
365.365000	2955.000000
365.370000	4258.000000
365.375000	4893.000000
365.380000	5665.000000
365.385000	7640.000000
365.390000	8256.000000
365.395000	11137.000000
365.400000	16450.000000
365.405000	29904.000000
365.410000	48604.000000
365.415000	31866.000000
365.420000	15817.000000
365.425000	7407.000000
365.430000	4593.000000
365.435000	2913.000000
365.440000	1613.000000
365.445000	1349.000000
365.450000	920.000000
365.455000	783.000000
365.460000	726.000000
365.465000	542.000000
365.470000	425.000000
365.475000	452.000000
365.480000	438.000000
365.485000	397.000000
365.490000	395.000000
365.495000	398.000000
365.500000	361.000000
365.505000	353.000000
365.510000	370.000000
365.515000	473.000000
365.520000	361.000000
365.525000	461.000000
365.530000	404.000000
365.535000	410.000000
365.540000	393.000000
365.545000	418.000000
365.550000	350.000000
365.555000	373.000000
365.560000	271.000000
365.565000	463.000000
365.570000	250.000000
365.575000	419.000000
365.580000	318.000000
365.585000	221.000000
365.590000	234.000000
365.595000	339.000000
365.600000	297.000000
