Sample ID:		None
Start Time:		Wed Jun 24 2020 2:14:17 PM
Averaging Time:		1.000s

364.600000	70.000000
364.605000	75.000000
364.610000	68.000000
364.615000	62.000000
364.620000	42.000000
364.625000	149.000000
364.630000	98.000000
364.635000	54.000000
364.640000	113.000000
364.645000	53.000000
364.650000	58.000000
364.655000	93.000000
364.660000	62.000000
364.665000	96.000000
364.670000	114.000000
364.675000	72.000000
364.680000	80.000000
364.685000	135.000000
364.690000	128.000000
364.695000	145.000000
364.700000	111.000000
364.705000	126.000000
364.710000	201.000000
364.715000	252.000000
364.720000	219.000000
364.725000	259.000000
364.730000	257.000000
364.735000	360.000000
364.740000	218.000000
364.745000	191.000000
364.750000	251.000000
364.755000	291.000000
364.760000	351.000000
364.765000	254.000000
364.770000	348.000000
364.775000	377.000000
364.780000	289.000000
364.785000	364.000000
364.790000	322.000000
364.795000	387.000000
364.800000	429.000000
364.805000	358.000000
364.810000	332.000000
364.815000	395.000000
364.820000	427.000000
364.825000	405.000000
364.830000	410.000000
364.835000	469.000000
364.840000	480.000000
364.845000	494.000000
364.850000	566.000000
364.855000	529.000000
364.860000	712.000000
364.865000	764.000000
364.870000	918.000000
364.875000	977.000000
364.880000	1440.000000
364.885000	2246.000000
364.890000	4197.000000
364.895000	6849.000000
364.900000	9186.000000
364.905000	13953.000000
364.910000	18376.000000
364.915000	21951.000000
364.920000	26958.000000
364.925000	31446.000000
364.930000	39601.000000
364.935000	53495.000000
364.940000	98088.000000
364.945000	211073.000000
364.950000	186517.000000
364.955000	82716.000000
364.960000	40569.000000
364.965000	25321.000000
364.970000	16797.000000
364.975000	8223.000000
364.980000	6292.000000
364.985000	4625.000000
364.990000	3553.000000
364.995000	2447.000000
365.000000	2310.000000
365.005000	1895.000000
365.010000	1812.000000
365.015000	1585.000000
365.020000	1469.000000
365.025000	1482.000000
365.030000	1249.000000
365.035000	1368.000000
365.040000	1218.000000
365.045000	1030.000000
365.050000	986.000000
365.055000	1025.000000
365.060000	1026.000000
365.065000	860.000000
365.070000	784.000000
365.075000	693.000000
365.080000	786.000000
365.085000	749.000000
365.090000	664.000000
365.095000	582.000000
365.100000	569.000000
365.105000	557.000000
365.110000	583.000000
365.115000	491.000000
365.120000	482.000000
365.125000	491.000000
365.130000	458.000000
365.135000	444.000000
365.140000	395.000000
365.145000	424.000000
365.150000	534.000000
365.155000	355.000000
365.160000	465.000000
365.165000	460.000000
365.170000	367.000000
365.175000	474.000000
365.180000	385.000000
365.185000	428.000000
365.190000	437.000000
365.195000	518.000000
365.200000	490.000000
365.205000	329.000000
365.210000	308.000000
365.215000	415.000000
365.220000	306.000000
365.225000	312.000000
365.230000	378.000000
365.235000	322.000000
365.240000	399.000000
365.245000	394.000000
365.250000	408.000000
365.255000	399.000000
365.260000	313.000000
365.265000	266.000000
365.270000	326.000000
365.275000	229.000000
365.280000	276.000000
365.285000	322.000000
365.290000	372.000000
365.295000	279.000000
365.300000	282.000000
365.305000	436.000000
365.310000	474.000000
365.315000	370.000000
365.320000	296.000000
365.325000	388.000000
365.330000	292.000000
365.335000	471.000000
365.340000	529.000000
365.345000	560.000000
365.350000	822.000000
365.355000	1595.000000
365.360000	2309.000000
365.365000	2903.000000
365.370000	4000.000000
365.375000	4971.000000
365.380000	5925.000000
365.385000	6378.000000
365.390000	9020.000000
365.395000	10415.000000
365.400000	16357.000000
365.405000	27821.000000
365.410000	49536.000000
365.415000	34320.000000
365.420000	18112.000000
365.425000	9038.000000
365.430000	4798.000000
365.435000	2604.000000
365.440000	2013.000000
365.445000	1308.000000
365.450000	908.000000
365.455000	710.000000
365.460000	549.000000
365.465000	657.000000
365.470000	511.000000
365.475000	432.000000
365.480000	493.000000
365.485000	465.000000
365.490000	409.000000
365.495000	382.000000
365.500000	533.000000
365.505000	411.000000
365.510000	315.000000
365.515000	552.000000
365.520000	324.000000
365.525000	418.000000
365.530000	400.000000
365.535000	357.000000
365.540000	321.000000
365.545000	374.000000
365.550000	286.000000
365.555000	411.000000
365.560000	258.000000
365.565000	292.000000
365.570000	370.000000
365.575000	402.000000
365.580000	359.000000
365.585000	303.000000
365.590000	274.000000
365.595000	359.000000
365.600000	263.000000
