Sample ID:		None
Start Time:		Wed Jun 24 2020 2:03:09 PM
Averaging Time:		1.000s

364.600000	97.000000
364.605000	107.000000
364.610000	113.000000
364.615000	107.000000
364.620000	66.000000
364.625000	81.000000
364.630000	87.000000
364.635000	66.000000
364.640000	101.000000
364.645000	160.000000
364.650000	115.000000
364.655000	67.000000
364.660000	131.000000
364.665000	80.000000
364.670000	31.000000
364.675000	102.000000
364.680000	90.000000
364.685000	100.000000
364.690000	84.000000
364.695000	83.000000
364.700000	97.000000
364.705000	97.000000
364.710000	172.000000
364.715000	267.000000
364.720000	168.000000
364.725000	266.000000
364.730000	254.000000
364.735000	192.000000
364.740000	275.000000
364.745000	276.000000
364.750000	313.000000
364.755000	408.000000
364.760000	297.000000
364.765000	232.000000
364.770000	275.000000
364.775000	427.000000
364.780000	283.000000
364.785000	366.000000
364.790000	338.000000
364.795000	278.000000
364.800000	382.000000
364.805000	302.000000
364.810000	439.000000
364.815000	397.000000
364.820000	386.000000
364.825000	431.000000
364.830000	505.000000
364.835000	375.000000
364.840000	381.000000
364.845000	544.000000
364.850000	588.000000
