Sample ID:		None
Start Time:		Wed Jun 24 2020 12:34:18 PM
Averaging Time:		1.000s

364.600000	132.000000
364.605000	71.000000
364.610000	89.000000
364.615000	44.000000
364.620000	138.000000
364.625000	104.000000
364.630000	89.000000
364.635000	75.000000
364.640000	62.000000
364.645000	42.000000
364.650000	132.000000
364.655000	84.000000
364.660000	99.000000
364.665000	54.000000
364.670000	70.000000
364.675000	58.000000
364.680000	101.000000
364.685000	47.000000
364.690000	55.000000
364.695000	73.000000
364.700000	103.000000
364.705000	95.000000
364.710000	82.000000
364.715000	135.000000
364.720000	169.000000
364.725000	103.000000
364.730000	108.000000
364.735000	125.000000
364.740000	115.000000
364.745000	227.000000
364.750000	203.000000
364.755000	321.000000
364.760000	224.000000
364.765000	360.000000
364.770000	352.000000
364.775000	256.000000
364.780000	277.000000
364.785000	313.000000
364.790000	177.000000
364.795000	252.000000
364.800000	321.000000
364.805000	346.000000
364.810000	296.000000
364.815000	219.000000
364.820000	304.000000
364.825000	323.000000
364.830000	264.000000
364.835000	224.000000
364.840000	339.000000
364.845000	430.000000
364.850000	456.000000
364.855000	401.000000
364.860000	257.000000
364.865000	410.000000
364.870000	484.000000
364.875000	451.000000
364.880000	463.000000
364.885000	556.000000
364.890000	533.000000
364.895000	740.000000
364.900000	810.000000
364.905000	956.000000
364.910000	1350.000000
364.915000	1680.000000
364.920000	2628.000000
364.925000	4905.000000
364.930000	7366.000000
364.935000	11859.000000
364.940000	16701.000000
364.945000	21240.000000
364.950000	27544.000000
364.955000	31093.000000
364.960000	33672.000000
364.965000	47576.000000
364.970000	74219.000000
364.975000	126719.000000
364.980000	233414.000000
364.985000	136819.000000
364.990000	53594.000000
364.995000	34666.000000
365.000000	21180.000000
365.005000	12255.000000
365.010000	7909.000000
365.015000	4534.000000
365.020000	3705.000000
365.025000	3071.000000
365.030000	2241.000000
365.035000	2315.000000
365.040000	1864.000000
365.045000	1715.000000
365.050000	1534.000000
365.055000	1389.000000
365.060000	1410.000000
365.065000	1360.000000
365.070000	1321.000000
365.075000	1062.000000
365.080000	1181.000000
365.085000	998.000000
365.090000	1027.000000
365.095000	1082.000000
365.100000	690.000000
365.105000	679.000000
365.110000	673.000000
365.115000	648.000000
365.120000	645.000000
365.125000	772.000000
365.130000	625.000000
365.135000	639.000000
365.140000	518.000000
365.145000	639.000000
365.150000	656.000000
365.155000	463.000000
365.160000	523.000000
365.165000	505.000000
365.170000	342.000000
365.175000	394.000000
365.180000	371.000000
365.185000	454.000000
365.190000	550.000000
365.195000	314.000000
365.200000	264.000000
365.205000	450.000000
365.210000	362.000000
365.215000	473.000000
365.220000	294.000000
365.225000	460.000000
365.230000	438.000000
365.235000	505.000000
365.240000	461.000000
365.245000	354.000000
365.250000	290.000000
365.255000	395.000000
365.260000	308.000000
365.265000	437.000000
365.270000	262.000000
365.275000	414.000000
365.280000	211.000000
365.285000	335.000000
365.290000	401.000000
365.295000	282.000000
365.300000	282.000000
365.305000	289.000000
365.310000	342.000000
365.315000	292.000000
365.320000	199.000000
365.325000	267.000000
365.330000	323.000000
365.335000	398.000000
365.340000	358.000000
365.345000	270.000000
365.350000	433.000000
365.355000	370.000000
365.360000	353.000000
365.365000	427.000000
365.370000	442.000000
365.375000	515.000000
365.380000	749.000000
365.385000	927.000000
365.390000	1571.000000
365.395000	2132.000000
365.400000	3202.000000
365.405000	3618.000000
365.410000	5206.000000
365.415000	6147.000000
365.420000	6622.000000
365.425000	8622.000000
365.430000	11373.000000
365.435000	19772.000000
365.440000	30985.000000
365.445000	50958.000000
365.450000	25659.000000
365.455000	15371.000000
365.460000	7199.000000
365.465000	4300.000000
365.470000	2628.000000
365.475000	1749.000000
365.480000	1017.000000
365.485000	817.000000
365.490000	716.000000
365.495000	615.000000
365.500000	514.000000
365.505000	509.000000
365.510000	537.000000
365.515000	512.000000
365.520000	337.000000
365.525000	504.000000
365.530000	620.000000
365.535000	392.000000
365.540000	282.000000
365.545000	366.000000
365.550000	360.000000
365.555000	471.000000
365.560000	469.000000
365.565000	300.000000
365.570000	289.000000
365.575000	348.000000
365.580000	388.000000
365.585000	336.000000
365.590000	403.000000
365.595000	319.000000
365.600000	308.000000
