Sample ID:		None
Start Time:		Wed Jun 24 2020 4:54:00 PM
Averaging Time:		1.000s

364.600000	39.000000
364.605000	62.000000
364.610000	74.000000
364.615000	96.000000
364.620000	78.000000
364.625000	53.000000
364.630000	98.000000
364.635000	65.000000
364.640000	67.000000
364.645000	47.000000
364.650000	97.000000
364.655000	44.000000
364.660000	59.000000
364.665000	96.000000
364.670000	62.000000
364.675000	85.000000
364.680000	82.000000
364.685000	126.000000
364.690000	139.000000
364.695000	137.000000
364.700000	162.000000
364.705000	76.000000
364.710000	179.000000
364.715000	189.000000
364.720000	218.000000
364.725000	263.000000
364.730000	316.000000
364.735000	208.000000
364.740000	321.000000
364.745000	385.000000
364.750000	315.000000
364.755000	348.000000
364.760000	250.000000
364.765000	369.000000
364.770000	392.000000
364.775000	250.000000
364.780000	279.000000
364.785000	412.000000
364.790000	329.000000
364.795000	415.000000
364.800000	474.000000
364.805000	219.000000
364.810000	473.000000
364.815000	403.000000
364.820000	303.000000
364.825000	493.000000
364.830000	479.000000
364.835000	509.000000
364.840000	658.000000
364.845000	653.000000
364.850000	681.000000
364.855000	646.000000
364.860000	978.000000
364.865000	1443.000000
364.870000	1258.000000
364.875000	2819.000000
364.880000	3954.000000
364.885000	6282.000000
364.890000	11323.000000
364.895000	14249.000000
364.900000	17734.000000
364.905000	22610.000000
364.910000	28373.000000
364.915000	31219.000000
364.920000	37591.000000
364.925000	53930.000000
364.930000	97790.000000
364.935000	194249.000000
364.940000	187965.000000
364.945000	77954.000000
364.950000	42175.000000
364.955000	21502.000000
364.960000	16667.000000
364.965000	10547.000000
364.970000	6270.000000
364.975000	4042.000000
364.980000	3567.000000
364.985000	3062.000000
364.990000	2050.000000
364.995000	1841.000000
365.000000	1662.000000
365.005000	1625.000000
365.010000	1437.000000
365.015000	1553.000000
365.020000	1469.000000
365.025000	1548.000000
365.030000	992.000000
365.035000	993.000000
365.040000	891.000000
365.045000	914.000000
365.050000	1023.000000
365.055000	685.000000
365.060000	749.000000
365.065000	731.000000
365.070000	649.000000
365.075000	667.000000
365.080000	599.000000
365.085000	612.000000
365.090000	530.000000
365.095000	680.000000
365.100000	557.000000
365.105000	642.000000
365.110000	675.000000
365.115000	411.000000
365.120000	510.000000
365.125000	431.000000
365.130000	350.000000
365.135000	321.000000
365.140000	285.000000
365.145000	392.000000
365.150000	368.000000
365.155000	475.000000
365.160000	284.000000
365.165000	484.000000
365.170000	365.000000
365.175000	448.000000
365.180000	427.000000
365.185000	381.000000
365.190000	412.000000
365.195000	351.000000
365.200000	417.000000
365.205000	339.000000
365.210000	372.000000
365.215000	276.000000
365.220000	450.000000
365.225000	375.000000
365.230000	495.000000
365.235000	344.000000
365.240000	290.000000
365.245000	351.000000
365.250000	428.000000
365.255000	369.000000
365.260000	425.000000
365.265000	230.000000
365.270000	383.000000
365.275000	328.000000
365.280000	377.000000
365.285000	334.000000
365.290000	374.000000
365.295000	352.000000
365.300000	369.000000
365.305000	352.000000
365.310000	383.000000
365.315000	398.000000
365.320000	365.000000
365.325000	393.000000
365.330000	614.000000
365.335000	806.000000
365.340000	1011.000000
365.345000	1371.000000
365.350000	1992.000000
365.355000	2757.000000
365.360000	3820.000000
365.365000	4610.000000
365.370000	5818.000000
365.375000	6695.000000
365.380000	7588.000000
365.385000	9328.000000
365.390000	14266.000000
365.395000	25978.000000
365.400000	44197.000000
365.405000	40241.000000
365.410000	18961.000000
365.415000	9630.000000
365.420000	5656.000000
365.425000	3182.000000
365.430000	2380.000000
365.435000	1512.000000
365.440000	960.000000
365.445000	677.000000
365.450000	627.000000
365.455000	704.000000
365.460000	433.000000
365.465000	423.000000
365.470000	364.000000
365.475000	520.000000
365.480000	436.000000
365.485000	318.000000
365.490000	431.000000
365.495000	471.000000
365.500000	481.000000
365.505000	502.000000
365.510000	432.000000
365.515000	413.000000
365.520000	335.000000
365.525000	443.000000
365.530000	351.000000
365.535000	259.000000
365.540000	420.000000
365.545000	311.000000
365.550000	460.000000
365.555000	295.000000
365.560000	281.000000
365.565000	279.000000
365.570000	335.000000
365.575000	302.000000
365.580000	415.000000
365.585000	246.000000
365.590000	328.000000
365.595000	362.000000
365.600000	245.000000
