Sample ID:		None
Start Time:		Wed Jun 24 2020 10:05:00 PM
Averaging Time:		1.000s

364.600000	45.000000
364.605000	28.000000
364.610000	84.000000
364.615000	50.000000
364.620000	50.000000
364.625000	48.000000
364.630000	50.000000
364.635000	102.000000
364.640000	78.000000
364.645000	60.000000
364.650000	52.000000
364.655000	124.000000
364.660000	39.000000
364.665000	46.000000
364.670000	43.000000
364.675000	89.000000
364.680000	127.000000
364.685000	69.000000
364.690000	54.000000
364.695000	150.000000
364.700000	179.000000
364.705000	172.000000
364.710000	345.000000
364.715000	296.000000
364.720000	171.000000
364.725000	321.000000
364.730000	191.000000
364.735000	279.000000
364.740000	228.000000
364.745000	242.000000
364.750000	208.000000
364.755000	380.000000
364.760000	273.000000
364.765000	291.000000
364.770000	332.000000
364.775000	195.000000
364.780000	281.000000
364.785000	181.000000
364.790000	312.000000
364.795000	443.000000
364.800000	308.000000
364.805000	476.000000
364.810000	352.000000
364.815000	385.000000
364.820000	320.000000
364.825000	430.000000
364.830000	524.000000
364.835000	522.000000
364.840000	555.000000
364.845000	567.000000
364.850000	581.000000
364.855000	715.000000
364.860000	1060.000000
364.865000	1401.000000
364.870000	2168.000000
364.875000	3282.000000
364.880000	5807.000000
364.885000	8605.000000
364.890000	13323.000000
364.895000	17041.000000
364.900000	22050.000000
364.905000	26450.000000
364.910000	31444.000000
364.915000	36448.000000
364.920000	48062.000000
364.925000	78484.000000
364.930000	171270.000000
364.935000	216242.000000
364.940000	89141.000000
364.945000	47757.000000
364.950000	30696.000000
364.955000	15686.000000
364.960000	12084.000000
364.965000	7264.000000
364.970000	4378.000000
364.975000	3082.000000
364.980000	3197.000000
364.985000	2419.000000
364.990000	2060.000000
364.995000	2068.000000
365.000000	1744.000000
365.005000	1535.000000
365.010000	1179.000000
365.015000	1369.000000
365.020000	1037.000000
365.025000	967.000000
365.030000	1222.000000
365.035000	936.000000
365.040000	829.000000
365.045000	939.000000
365.050000	888.000000
365.055000	600.000000
365.060000	751.000000
365.065000	632.000000
365.070000	615.000000
365.075000	577.000000
365.080000	631.000000
365.085000	624.000000
365.090000	438.000000
365.095000	595.000000
365.100000	539.000000
365.105000	428.000000
365.110000	385.000000
365.115000	370.000000
365.120000	361.000000
365.125000	354.000000
365.130000	337.000000
365.135000	394.000000
365.140000	436.000000
365.145000	332.000000
365.150000	364.000000
365.155000	272.000000
365.160000	407.000000
365.165000	399.000000
365.170000	330.000000
365.175000	293.000000
365.180000	353.000000
365.185000	313.000000
365.190000	479.000000
365.195000	325.000000
365.200000	261.000000
365.205000	279.000000
365.210000	327.000000
365.215000	285.000000
365.220000	246.000000
365.225000	344.000000
365.230000	392.000000
365.235000	307.000000
365.240000	166.000000
365.245000	250.000000
365.250000	245.000000
365.255000	261.000000
365.260000	241.000000
365.265000	315.000000
365.270000	229.000000
365.275000	355.000000
365.280000	268.000000
365.285000	286.000000
365.290000	345.000000
365.295000	368.000000
365.300000	371.000000
365.305000	398.000000
365.310000	498.000000
365.315000	367.000000
365.320000	298.000000
365.325000	446.000000
365.330000	571.000000
365.335000	865.000000
365.340000	1004.000000
365.345000	1552.000000
365.350000	2613.000000
365.355000	3797.000000
365.360000	4589.000000
365.365000	5286.000000
365.370000	6230.000000
365.375000	7548.000000
365.380000	8267.000000
365.385000	11560.000000
365.390000	20599.000000
365.395000	37940.000000
365.400000	48296.000000
365.405000	24356.000000
365.410000	13879.000000
365.415000	6249.000000
365.420000	4011.000000
365.425000	2551.000000
365.430000	1676.000000
365.435000	1265.000000
365.440000	819.000000
365.445000	590.000000
365.450000	472.000000
365.455000	544.000000
365.460000	447.000000
365.465000	482.000000
365.470000	405.000000
365.475000	473.000000
365.480000	516.000000
365.485000	310.000000
365.490000	336.000000
365.495000	444.000000
365.500000	480.000000
365.505000	308.000000
365.510000	319.000000
365.515000	358.000000
365.520000	280.000000
365.525000	342.000000
365.530000	423.000000
365.535000	385.000000
365.540000	277.000000
365.545000	324.000000
365.550000	306.000000
365.555000	357.000000
365.560000	176.000000
365.565000	231.000000
365.570000	332.000000
365.575000	420.000000
365.580000	324.000000
365.585000	304.000000
365.590000	210.000000
365.595000	218.000000
365.600000	209.000000
