Sample ID:		None
Start Time:		Wed Jun 24 2020 12:50:56 PM
Averaging Time:		1.000s

364.600000	80.000000
364.605000	92.000000
364.610000	75.000000
364.615000	79.000000
364.620000	36.000000
364.625000	56.000000
364.630000	15.000000
364.635000	111.000000
364.640000	45.000000
364.645000	83.000000
364.650000	76.000000
364.655000	138.000000
364.660000	83.000000
364.665000	124.000000
364.670000	102.000000
364.675000	133.000000
364.680000	79.000000
364.685000	112.000000
364.690000	89.000000
364.695000	49.000000
364.700000	87.000000
364.705000	109.000000
364.710000	89.000000
364.715000	176.000000
364.720000	139.000000
364.725000	211.000000
364.730000	297.000000
364.735000	297.000000
364.740000	273.000000
364.745000	197.000000
364.750000	255.000000
364.755000	265.000000
364.760000	235.000000
364.765000	234.000000
364.770000	165.000000
364.775000	403.000000
364.780000	467.000000
364.785000	239.000000
364.790000	286.000000
364.795000	324.000000
364.800000	367.000000
364.805000	297.000000
364.810000	260.000000
364.815000	389.000000
364.820000	311.000000
364.825000	314.000000
364.830000	420.000000
364.835000	331.000000
364.840000	448.000000
364.845000	486.000000
364.850000	375.000000
364.855000	606.000000
364.860000	634.000000
364.865000	584.000000
364.870000	925.000000
364.875000	817.000000
364.880000	875.000000
364.885000	1096.000000
364.890000	1689.000000
364.895000	2990.000000
364.900000	4666.000000
364.905000	8261.000000
364.910000	11561.000000
364.915000	16133.000000
364.920000	20394.000000
364.925000	23853.000000
364.930000	28622.000000
364.935000	33956.000000
364.940000	43564.000000
364.945000	66810.000000
364.950000	150584.000000
364.955000	223092.000000
364.960000	92479.000000
364.965000	49966.000000
364.970000	32191.000000
364.975000	16933.000000
364.980000	10957.000000
364.985000	7443.000000
364.990000	4609.000000
364.995000	3079.000000
365.000000	3176.000000
365.005000	2176.000000
365.010000	2026.000000
365.015000	1695.000000
365.020000	1613.000000
365.025000	1746.000000
365.030000	1312.000000
365.035000	1183.000000
365.040000	1116.000000
365.045000	1050.000000
365.050000	899.000000
365.055000	819.000000
365.060000	965.000000
365.065000	814.000000
365.070000	848.000000
365.075000	675.000000
365.080000	813.000000
365.085000	642.000000
365.090000	615.000000
365.095000	635.000000
365.100000	525.000000
365.105000	591.000000
365.110000	570.000000
365.115000	638.000000
365.120000	417.000000
365.125000	637.000000
365.130000	509.000000
365.135000	372.000000
365.140000	393.000000
365.145000	303.000000
365.150000	512.000000
365.155000	505.000000
365.160000	381.000000
365.165000	333.000000
365.170000	409.000000
365.175000	334.000000
365.180000	298.000000
365.185000	413.000000
365.190000	372.000000
365.195000	297.000000
365.200000	454.000000
365.205000	373.000000
365.210000	366.000000
365.215000	366.000000
365.220000	426.000000
365.225000	434.000000
365.230000	490.000000
365.235000	418.000000
365.240000	292.000000
365.245000	345.000000
365.250000	279.000000
365.255000	367.000000
365.260000	247.000000
365.265000	272.000000
365.270000	423.000000
365.275000	252.000000
365.280000	224.000000
365.285000	355.000000
365.290000	293.000000
365.295000	272.000000
365.300000	329.000000
365.305000	254.000000
365.310000	251.000000
365.315000	337.000000
365.320000	203.000000
365.325000	427.000000
365.330000	355.000000
365.335000	310.000000
365.340000	416.000000
365.345000	491.000000
365.350000	558.000000
365.355000	570.000000
365.360000	689.000000
365.365000	1165.000000
365.370000	1612.000000
365.375000	2203.000000
365.380000	3878.000000
365.385000	4289.000000
365.390000	5199.000000
365.395000	6013.000000
365.400000	7339.000000
365.405000	9412.000000
365.410000	14709.000000
365.415000	24356.000000
365.420000	45388.000000
365.425000	35944.000000
365.430000	17011.000000
365.435000	8906.000000
365.440000	4920.000000
365.445000	2796.000000
365.450000	1832.000000
365.455000	1215.000000
365.460000	815.000000
365.465000	730.000000
365.470000	482.000000
365.475000	490.000000
365.480000	452.000000
365.485000	474.000000
365.490000	414.000000
365.495000	402.000000
365.500000	438.000000
365.505000	468.000000
365.510000	425.000000
365.515000	322.000000
365.520000	365.000000
365.525000	300.000000
365.530000	251.000000
365.535000	415.000000
365.540000	322.000000
365.545000	326.000000
365.550000	307.000000
365.555000	442.000000
365.560000	265.000000
365.565000	385.000000
365.570000	302.000000
365.575000	242.000000
365.580000	242.000000
365.585000	257.000000
365.590000	268.000000
365.595000	277.000000
365.600000	276.000000
