Sample ID:		None
Start Time:		Wed Jun 24 2020 5:43:58 PM
Averaging Time:		1.000s

364.600000	48.000000
364.605000	69.000000
364.610000	24.000000
364.615000	90.000000
364.620000	45.000000
364.625000	24.000000
364.630000	78.000000
364.635000	41.000000
364.640000	41.000000
364.645000	29.000000
364.650000	47.000000
364.655000	45.000000
364.660000	41.000000
364.665000	49.000000
364.670000	95.000000
364.675000	71.000000
364.680000	63.000000
364.685000	46.000000
364.690000	107.000000
364.695000	136.000000
364.700000	98.000000
364.705000	134.000000
364.710000	220.000000
364.715000	101.000000
364.720000	232.000000
364.725000	227.000000
364.730000	180.000000
364.735000	318.000000
364.740000	237.000000
364.745000	218.000000
364.750000	296.000000
364.755000	245.000000
364.760000	183.000000
364.765000	242.000000
364.770000	239.000000
364.775000	239.000000
364.780000	204.000000
364.785000	238.000000
364.790000	371.000000
364.795000	439.000000
364.800000	282.000000
364.805000	298.000000
364.810000	333.000000
364.815000	324.000000
364.820000	276.000000
364.825000	438.000000
364.830000	453.000000
364.835000	445.000000
364.840000	438.000000
364.845000	578.000000
364.850000	518.000000
364.855000	667.000000
364.860000	830.000000
364.865000	1086.000000
364.870000	1270.000000
364.875000	1746.000000
364.880000	3388.000000
364.885000	5089.000000
364.890000	8328.000000
364.895000	12137.000000
364.900000	16401.000000
364.905000	20488.000000
364.910000	24945.000000
364.915000	28104.000000
364.920000	34003.000000
364.925000	44163.000000
364.930000	65826.000000
364.935000	146923.000000
364.940000	216741.000000
364.945000	118987.000000
364.950000	59473.000000
364.955000	32292.000000
364.960000	20181.000000
364.965000	13527.000000
364.970000	7931.000000
364.975000	4786.000000
364.980000	4103.000000
364.985000	3110.000000
364.990000	2471.000000
364.995000	1863.000000
365.000000	2035.000000
365.005000	1829.000000
365.010000	1540.000000
365.015000	1454.000000
365.020000	1255.000000
365.025000	1075.000000
365.030000	1095.000000
365.035000	1012.000000
365.040000	924.000000
365.045000	940.000000
365.050000	974.000000
365.055000	919.000000
365.060000	783.000000
365.065000	696.000000
365.070000	637.000000
365.075000	652.000000
365.080000	642.000000
365.085000	664.000000
365.090000	534.000000
365.095000	446.000000
365.100000	622.000000
365.105000	446.000000
365.110000	359.000000
365.115000	316.000000
365.120000	330.000000
365.125000	455.000000
365.130000	353.000000
365.135000	465.000000
365.140000	450.000000
365.145000	339.000000
365.150000	390.000000
365.155000	345.000000
365.160000	350.000000
365.165000	428.000000
365.170000	333.000000
365.175000	380.000000
365.180000	304.000000
365.185000	279.000000
365.190000	345.000000
365.195000	240.000000
365.200000	474.000000
365.205000	445.000000
365.210000	343.000000
365.215000	289.000000
365.220000	405.000000
365.225000	332.000000
365.230000	327.000000
365.235000	321.000000
365.240000	425.000000
365.245000	335.000000
365.250000	277.000000
365.255000	224.000000
365.260000	242.000000
365.265000	167.000000
365.270000	278.000000
365.275000	386.000000
365.280000	335.000000
365.285000	235.000000
365.290000	368.000000
365.295000	294.000000
365.300000	414.000000
365.305000	167.000000
365.310000	304.000000
365.315000	470.000000
365.320000	365.000000
365.325000	397.000000
365.330000	474.000000
365.335000	488.000000
365.340000	732.000000
365.345000	1158.000000
365.350000	1994.000000
365.355000	3231.000000
365.360000	3489.000000
365.365000	4028.000000
365.370000	5232.000000
365.375000	6448.000000
365.380000	7465.000000
365.385000	8097.000000
365.390000	14460.000000
365.395000	21438.000000
365.400000	39691.000000
365.405000	44071.000000
365.410000	21116.000000
365.415000	11021.000000
365.420000	6004.000000
365.425000	3653.000000
365.430000	2514.000000
365.435000	1265.000000
365.440000	820.000000
365.445000	838.000000
365.450000	534.000000
365.455000	522.000000
365.460000	486.000000
365.465000	410.000000
365.470000	427.000000
365.475000	434.000000
365.480000	402.000000
365.485000	478.000000
365.490000	414.000000
365.495000	331.000000
365.500000	282.000000
365.505000	434.000000
365.510000	359.000000
365.515000	375.000000
365.520000	408.000000
365.525000	317.000000
365.530000	271.000000
365.535000	363.000000
365.540000	298.000000
365.545000	270.000000
365.550000	261.000000
365.555000	309.000000
365.560000	341.000000
365.565000	274.000000
365.570000	240.000000
365.575000	358.000000
365.580000	264.000000
365.585000	378.000000
365.590000	333.000000
365.595000	251.000000
365.600000	197.000000
