Sample ID:		None
Start Time:		Wed Jun 24 2020 9:31:40 PM
Averaging Time:		1.000s

364.600000	69.000000
364.605000	66.000000
364.610000	47.000000
364.615000	41.000000
364.620000	19.000000
364.625000	51.000000
364.630000	20.000000
364.635000	28.000000
364.640000	34.000000
364.645000	48.000000
364.650000	47.000000
364.655000	41.000000
364.660000	24.000000
364.665000	25.000000
364.670000	46.000000
364.675000	76.000000
364.680000	65.000000
364.685000	85.000000
364.690000	86.000000
364.695000	142.000000
364.700000	198.000000
364.705000	179.000000
364.710000	291.000000
364.715000	180.000000
364.720000	148.000000
364.725000	191.000000
364.730000	276.000000
364.735000	172.000000
364.740000	285.000000
364.745000	270.000000
364.750000	207.000000
364.755000	240.000000
364.760000	151.000000
364.765000	221.000000
364.770000	270.000000
364.775000	263.000000
364.780000	365.000000
364.785000	354.000000
364.790000	377.000000
364.795000	213.000000
364.800000	365.000000
364.805000	386.000000
364.810000	379.000000
364.815000	408.000000
364.820000	531.000000
364.825000	412.000000
364.830000	436.000000
364.835000	408.000000
364.840000	558.000000
364.845000	586.000000
364.850000	695.000000
364.855000	928.000000
364.860000	1011.000000
364.865000	1297.000000
364.870000	1915.000000
364.875000	4025.000000
364.880000	5414.000000
364.885000	8464.000000
364.890000	12732.000000
364.895000	16666.000000
364.900000	21436.000000
364.905000	25614.000000
364.910000	30534.000000
364.915000	35092.000000
364.920000	44823.000000
364.925000	70913.000000
364.930000	161210.000000
364.935000	225213.000000
364.940000	113156.000000
364.945000	51272.000000
364.950000	31251.000000
364.955000	17504.000000
364.960000	11126.000000
364.965000	7560.000000
364.970000	5175.000000
364.975000	3772.000000
364.980000	2971.000000
364.985000	2744.000000
364.990000	2000.000000
364.995000	1918.000000
365.000000	1713.000000
365.005000	1302.000000
365.010000	1532.000000
365.015000	1299.000000
365.020000	958.000000
365.025000	1003.000000
365.030000	1159.000000
365.035000	996.000000
365.040000	865.000000
365.045000	854.000000
365.050000	756.000000
365.055000	915.000000
365.060000	908.000000
365.065000	602.000000
365.070000	552.000000
365.075000	593.000000
365.080000	571.000000
365.085000	499.000000
365.090000	597.000000
365.095000	468.000000
365.100000	402.000000
365.105000	439.000000
365.110000	428.000000
365.115000	326.000000
365.120000	417.000000
365.125000	452.000000
365.130000	288.000000
365.135000	454.000000
365.140000	252.000000
365.145000	411.000000
365.150000	375.000000
365.155000	330.000000
365.160000	380.000000
365.165000	386.000000
365.170000	375.000000
365.175000	301.000000
365.180000	342.000000
365.185000	405.000000
365.190000	381.000000
365.195000	354.000000
365.200000	526.000000
365.205000	368.000000
365.210000	275.000000
365.215000	269.000000
365.220000	304.000000
365.225000	271.000000
365.230000	280.000000
365.235000	342.000000
365.240000	317.000000
365.245000	237.000000
365.250000	200.000000
365.255000	347.000000
365.260000	283.000000
365.265000	268.000000
365.270000	289.000000
365.275000	257.000000
365.280000	306.000000
365.285000	340.000000
365.290000	328.000000
365.295000	422.000000
365.300000	394.000000
365.305000	328.000000
365.310000	281.000000
365.315000	333.000000
365.320000	517.000000
365.325000	468.000000
365.330000	505.000000
365.335000	562.000000
365.340000	854.000000
365.345000	1629.000000
365.350000	1965.000000
365.355000	3054.000000
365.360000	4081.000000
365.365000	4945.000000
365.370000	5697.000000
365.375000	7355.000000
365.380000	8176.000000
365.385000	10324.000000
365.390000	17074.000000
365.395000	29593.000000
365.400000	49170.000000
365.405000	33654.000000
365.410000	18352.000000
365.415000	8255.000000
365.420000	5361.000000
365.425000	3168.000000
365.430000	1758.000000
365.435000	1080.000000
365.440000	772.000000
365.445000	668.000000
365.450000	567.000000
365.455000	391.000000
365.460000	506.000000
365.465000	553.000000
365.470000	395.000000
365.475000	344.000000
365.480000	320.000000
365.485000	430.000000
365.490000	434.000000
365.495000	415.000000
365.500000	309.000000
365.505000	445.000000
365.510000	439.000000
365.515000	341.000000
365.520000	270.000000
365.525000	322.000000
365.530000	208.000000
365.535000	325.000000
365.540000	236.000000
365.545000	290.000000
365.550000	333.000000
365.555000	411.000000
365.560000	306.000000
365.565000	254.000000
365.570000	255.000000
365.575000	293.000000
365.580000	210.000000
365.585000	329.000000
365.590000	241.000000
365.595000	283.000000
365.600000	152.000000
