Sample ID:		None
Start Time:		Wed Jun 24 2020 5:10:39 PM
Averaging Time:		1.000s

364.600000	57.000000
364.605000	75.000000
364.610000	44.000000
364.615000	59.000000
364.620000	61.000000
364.625000	39.000000
364.630000	61.000000
364.635000	75.000000
364.640000	103.000000
364.645000	93.000000
364.650000	93.000000
364.655000	50.000000
364.660000	40.000000
364.665000	117.000000
364.670000	62.000000
364.675000	131.000000
364.680000	78.000000
364.685000	108.000000
364.690000	114.000000
364.695000	197.000000
364.700000	133.000000
364.705000	150.000000
364.710000	169.000000
364.715000	235.000000
364.720000	315.000000
364.725000	225.000000
364.730000	277.000000
364.735000	207.000000
364.740000	274.000000
364.745000	194.000000
364.750000	182.000000
364.755000	344.000000
364.760000	380.000000
364.765000	283.000000
364.770000	246.000000
364.775000	276.000000
364.780000	159.000000
364.785000	326.000000
364.790000	331.000000
364.795000	362.000000
364.800000	340.000000
364.805000	365.000000
364.810000	428.000000
364.815000	427.000000
364.820000	300.000000
364.825000	484.000000
364.830000	595.000000
364.835000	730.000000
364.840000	560.000000
364.845000	620.000000
364.850000	714.000000
364.855000	700.000000
364.860000	792.000000
364.865000	1133.000000
364.870000	1451.000000
364.875000	2557.000000
364.880000	3799.000000
364.885000	6011.000000
364.890000	10005.000000
364.895000	12961.000000
364.900000	17314.000000
364.905000	22551.000000
364.910000	26722.000000
364.915000	31001.000000
364.920000	36564.000000
364.925000	51918.000000
364.930000	90936.000000
364.935000	193323.000000
364.940000	185945.000000
364.945000	76275.000000
364.950000	39867.000000
364.955000	26435.000000
364.960000	15449.000000
364.965000	10065.000000
364.970000	6262.000000
364.975000	4188.000000
364.980000	3055.000000
364.985000	2443.000000
364.990000	2075.000000
364.995000	1935.000000
365.000000	1904.000000
365.005000	1452.000000
365.010000	1564.000000
365.015000	1040.000000
365.020000	1390.000000
365.025000	1272.000000
365.030000	1130.000000
365.035000	984.000000
365.040000	963.000000
365.045000	1001.000000
365.050000	839.000000
365.055000	844.000000
365.060000	820.000000
365.065000	826.000000
365.070000	631.000000
365.075000	555.000000
365.080000	488.000000
365.085000	558.000000
365.090000	576.000000
365.095000	596.000000
365.100000	539.000000
365.105000	383.000000
365.110000	594.000000
365.115000	516.000000
365.120000	456.000000
365.125000	407.000000
365.130000	556.000000
365.135000	431.000000
365.140000	308.000000
365.145000	346.000000
365.150000	467.000000
365.155000	271.000000
365.160000	399.000000
365.165000	393.000000
365.170000	437.000000
365.175000	437.000000
365.180000	346.000000
365.185000	447.000000
365.190000	271.000000
365.195000	411.000000
365.200000	418.000000
365.205000	377.000000
365.210000	381.000000
365.215000	304.000000
365.220000	319.000000
365.225000	349.000000
365.230000	373.000000
365.235000	235.000000
365.240000	353.000000
365.245000	208.000000
365.250000	312.000000
365.255000	411.000000
365.260000	256.000000
365.265000	291.000000
365.270000	267.000000
365.275000	398.000000
365.280000	274.000000
365.285000	247.000000
365.290000	297.000000
365.295000	254.000000
365.300000	358.000000
365.305000	327.000000
365.310000	352.000000
365.315000	413.000000
365.320000	361.000000
365.325000	305.000000
365.330000	519.000000
365.335000	614.000000
365.340000	954.000000
365.345000	1369.000000
365.350000	2166.000000
365.355000	3296.000000
365.360000	3596.000000
365.365000	4629.000000
365.370000	5834.000000
365.375000	6558.000000
365.380000	7396.000000
365.385000	9210.000000
365.390000	16006.000000
365.395000	26875.000000
365.400000	44632.000000
365.405000	32791.000000
365.410000	17781.000000
365.415000	8177.000000
365.420000	5650.000000
365.425000	3053.000000
365.430000	2057.000000
365.435000	1255.000000
365.440000	805.000000
365.445000	659.000000
365.450000	512.000000
365.455000	337.000000
365.460000	544.000000
365.465000	434.000000
365.470000	292.000000
365.475000	441.000000
365.480000	430.000000
365.485000	252.000000
365.490000	338.000000
365.495000	221.000000
365.500000	307.000000
365.505000	351.000000
365.510000	341.000000
365.515000	433.000000
365.520000	232.000000
365.525000	281.000000
365.530000	387.000000
365.535000	314.000000
365.540000	236.000000
365.545000	322.000000
365.550000	317.000000
365.555000	317.000000
365.560000	371.000000
365.565000	267.000000
365.570000	252.000000
365.575000	330.000000
365.580000	299.000000
365.585000	313.000000
365.590000	219.000000
365.595000	391.000000
365.600000	254.000000
