Sample ID:		None
Start Time:		Wed Jun 24 2020 2:19:50 PM
Averaging Time:		1.000s

364.600000	22.000000
364.605000	100.000000
364.610000	47.000000
364.615000	68.000000
364.620000	46.000000
364.625000	78.000000
364.630000	42.000000
364.635000	130.000000
364.640000	61.000000
364.645000	127.000000
364.650000	100.000000
364.655000	39.000000
364.660000	81.000000
364.665000	24.000000
364.670000	65.000000
364.675000	34.000000
364.680000	60.000000
364.685000	124.000000
364.690000	79.000000
364.695000	108.000000
364.700000	144.000000
364.705000	165.000000
364.710000	116.000000
364.715000	240.000000
364.720000	176.000000
364.725000	216.000000
364.730000	227.000000
364.735000	156.000000
364.740000	320.000000
364.745000	251.000000
364.750000	283.000000
364.755000	268.000000
364.760000	323.000000
364.765000	205.000000
364.770000	235.000000
364.775000	311.000000
364.780000	218.000000
364.785000	274.000000
364.790000	302.000000
364.795000	266.000000
364.800000	425.000000
364.805000	308.000000
364.810000	261.000000
364.815000	349.000000
364.820000	413.000000
364.825000	473.000000
364.830000	308.000000
364.835000	521.000000
364.840000	549.000000
364.845000	578.000000
364.850000	708.000000
364.855000	691.000000
364.860000	691.000000
364.865000	769.000000
364.870000	886.000000
364.875000	1038.000000
364.880000	1339.000000
364.885000	1985.000000
364.890000	3067.000000
364.895000	5486.000000
364.900000	8653.000000
364.905000	11596.000000
364.910000	16390.000000
364.915000	20980.000000
364.920000	25473.000000
364.925000	30320.000000
364.930000	34204.000000
364.935000	47145.000000
364.940000	70063.000000
364.945000	159725.000000
364.950000	225513.000000
364.955000	120027.000000
364.960000	54205.000000
364.965000	32524.000000
364.970000	19216.000000
364.975000	11704.000000
364.980000	7917.000000
364.985000	5524.000000
364.990000	3311.000000
364.995000	3277.000000
365.000000	2385.000000
365.005000	2101.000000
365.010000	1947.000000
365.015000	1879.000000
365.020000	1589.000000
365.025000	1539.000000
365.030000	1417.000000
365.035000	1224.000000
365.040000	1420.000000
365.045000	1173.000000
365.050000	1173.000000
365.055000	1004.000000
365.060000	1068.000000
365.065000	827.000000
365.070000	705.000000
365.075000	1028.000000
365.080000	721.000000
365.085000	767.000000
365.090000	591.000000
365.095000	470.000000
365.100000	610.000000
365.105000	630.000000
365.110000	505.000000
365.115000	506.000000
365.120000	481.000000
365.125000	473.000000
365.130000	517.000000
365.135000	396.000000
365.140000	431.000000
365.145000	397.000000
365.150000	344.000000
365.155000	456.000000
365.160000	462.000000
365.165000	463.000000
365.170000	430.000000
365.175000	412.000000
365.180000	438.000000
365.185000	525.000000
365.190000	389.000000
365.195000	464.000000
365.200000	417.000000
365.205000	413.000000
365.210000	444.000000
365.215000	410.000000
365.220000	417.000000
365.225000	392.000000
365.230000	428.000000
365.235000	317.000000
365.240000	299.000000
365.245000	346.000000
365.250000	351.000000
365.255000	289.000000
365.260000	308.000000
365.265000	318.000000
365.270000	239.000000
365.275000	352.000000
365.280000	300.000000
365.285000	307.000000
365.290000	274.000000
365.295000	375.000000
365.300000	334.000000
365.305000	334.000000
365.310000	404.000000
365.315000	426.000000
365.320000	282.000000
365.325000	349.000000
365.330000	429.000000
365.335000	525.000000
365.340000	545.000000
365.345000	671.000000
365.350000	941.000000
365.355000	1490.000000
365.360000	1973.000000
365.365000	2648.000000
365.370000	3327.000000
365.375000	5022.000000
365.380000	5140.000000
365.385000	6837.000000
365.390000	7338.000000
365.395000	10256.000000
365.400000	14880.000000
365.405000	25721.000000
365.410000	45904.000000
365.415000	37145.000000
365.420000	20089.000000
365.425000	10102.000000
365.430000	5415.000000
365.435000	3271.000000
365.440000	1943.000000
365.445000	1413.000000
365.450000	800.000000
365.455000	703.000000
365.460000	554.000000
365.465000	556.000000
365.470000	451.000000
365.475000	529.000000
365.480000	529.000000
365.485000	454.000000
365.490000	537.000000
365.495000	324.000000
365.500000	414.000000
365.505000	401.000000
365.510000	314.000000
365.515000	511.000000
365.520000	485.000000
365.525000	565.000000
365.530000	351.000000
365.535000	381.000000
365.540000	355.000000
365.545000	329.000000
365.550000	281.000000
365.555000	224.000000
365.560000	343.000000
365.565000	230.000000
365.570000	234.000000
365.575000	308.000000
365.580000	343.000000
365.585000	215.000000
365.590000	252.000000
365.595000	337.000000
365.600000	184.000000
