Sample ID:		None
Start Time:		Wed Jun 24 2020 2:47:39 PM
Averaging Time:		1.000s

364.600000	94.000000
364.605000	58.000000
364.610000	67.000000
364.615000	65.000000
364.620000	56.000000
364.625000	70.000000
364.630000	98.000000
364.635000	66.000000
364.640000	47.000000
364.645000	87.000000
364.650000	111.000000
364.655000	68.000000
364.660000	51.000000
364.665000	57.000000
364.670000	85.000000
364.675000	94.000000
364.680000	113.000000
364.685000	159.000000
364.690000	101.000000
364.695000	53.000000
364.700000	101.000000
364.705000	116.000000
364.710000	207.000000
364.715000	200.000000
364.720000	185.000000
364.725000	224.000000
364.730000	307.000000
364.735000	290.000000
364.740000	259.000000
364.745000	221.000000
364.750000	234.000000
364.755000	288.000000
364.760000	292.000000
364.765000	215.000000
364.770000	276.000000
364.775000	410.000000
364.780000	355.000000
364.785000	407.000000
364.790000	390.000000
364.795000	294.000000
364.800000	318.000000
364.805000	314.000000
364.810000	310.000000
364.815000	410.000000
364.820000	416.000000
364.825000	367.000000
364.830000	405.000000
364.835000	464.000000
364.840000	514.000000
364.845000	483.000000
364.850000	486.000000
364.855000	517.000000
364.860000	596.000000
364.865000	908.000000
364.870000	955.000000
364.875000	1003.000000
364.880000	1194.000000
364.885000	2170.000000
364.890000	3324.000000
364.895000	6736.000000
364.900000	9109.000000
364.905000	12724.000000
364.910000	18193.000000
364.915000	22115.000000
364.920000	27087.000000
364.925000	31490.000000
364.930000	37638.000000
364.935000	51614.000000
364.940000	77210.000000
364.945000	190084.000000
364.950000	206184.000000
364.955000	74080.000000
364.960000	47132.000000
364.965000	29211.000000
364.970000	17955.000000
364.975000	10757.000000
364.980000	6849.000000
364.985000	4662.000000
364.990000	3821.000000
364.995000	2708.000000
365.000000	2462.000000
365.005000	2145.000000
365.010000	1773.000000
365.015000	1623.000000
365.020000	1735.000000
365.025000	1294.000000
365.030000	1313.000000
365.035000	1111.000000
365.040000	1017.000000
365.045000	1285.000000
365.050000	999.000000
365.055000	937.000000
365.060000	1083.000000
365.065000	836.000000
365.070000	888.000000
365.075000	663.000000
365.080000	826.000000
365.085000	630.000000
365.090000	690.000000
365.095000	605.000000
365.100000	645.000000
365.105000	465.000000
365.110000	568.000000
365.115000	513.000000
365.120000	448.000000
365.125000	492.000000
365.130000	525.000000
365.135000	437.000000
365.140000	451.000000
365.145000	334.000000
365.150000	360.000000
365.155000	383.000000
365.160000	385.000000
365.165000	360.000000
365.170000	419.000000
365.175000	452.000000
365.180000	372.000000
365.185000	475.000000
365.190000	454.000000
365.195000	318.000000
365.200000	446.000000
365.205000	335.000000
365.210000	370.000000
365.215000	371.000000
365.220000	386.000000
365.225000	427.000000
365.230000	414.000000
365.235000	299.000000
365.240000	373.000000
365.245000	321.000000
365.250000	329.000000
365.255000	400.000000
365.260000	314.000000
365.265000	264.000000
365.270000	402.000000
365.275000	299.000000
365.280000	335.000000
365.285000	336.000000
365.290000	319.000000
365.295000	341.000000
365.300000	397.000000
365.305000	297.000000
365.310000	342.000000
365.315000	414.000000
365.320000	463.000000
365.325000	279.000000
365.330000	494.000000
365.335000	422.000000
365.340000	451.000000
365.345000	550.000000
365.350000	763.000000
365.355000	1222.000000
365.360000	1665.000000
365.365000	2469.000000
365.370000	3670.000000
365.375000	4723.000000
365.380000	5034.000000
365.385000	6417.000000
365.390000	7463.000000
365.395000	8623.000000
365.400000	13340.000000
365.405000	20412.000000
365.410000	38531.000000
365.415000	43624.000000
365.420000	24804.000000
365.425000	12120.000000
365.430000	6411.000000
365.435000	4315.000000
365.440000	2128.000000
365.445000	1515.000000
365.450000	1017.000000
365.455000	868.000000
365.460000	694.000000
365.465000	679.000000
365.470000	467.000000
365.475000	609.000000
365.480000	446.000000
365.485000	415.000000
365.490000	316.000000
365.495000	347.000000
365.500000	418.000000
365.505000	444.000000
365.510000	442.000000
365.515000	384.000000
365.520000	395.000000
365.525000	410.000000
365.530000	496.000000
365.535000	364.000000
365.540000	441.000000
365.545000	348.000000
365.550000	238.000000
365.555000	341.000000
365.560000	346.000000
365.565000	276.000000
365.570000	419.000000
365.575000	280.000000
365.580000	228.000000
365.585000	332.000000
365.590000	374.000000
365.595000	252.000000
365.600000	250.000000
