Sample ID:		None
Start Time:		Wed Jun 24 2020 2:58:44 PM
Averaging Time:		1.000s

364.600000	71.000000
364.605000	36.000000
364.610000	68.000000
364.615000	79.000000
364.620000	63.000000
364.625000	38.000000
364.630000	70.000000
364.635000	94.000000
364.640000	94.000000
364.645000	48.000000
364.650000	75.000000
364.655000	76.000000
364.660000	48.000000
364.665000	41.000000
364.670000	93.000000
364.675000	100.000000
364.680000	140.000000
364.685000	96.000000
364.690000	78.000000
364.695000	149.000000
364.700000	113.000000
364.705000	164.000000
364.710000	221.000000
364.715000	302.000000
364.720000	248.000000
364.725000	287.000000
364.730000	221.000000
364.735000	226.000000
364.740000	264.000000
364.745000	277.000000
364.750000	245.000000
364.755000	282.000000
364.760000	315.000000
364.765000	266.000000
364.770000	351.000000
364.775000	346.000000
364.780000	227.000000
364.785000	350.000000
364.790000	343.000000
364.795000	280.000000
364.800000	383.000000
364.805000	390.000000
364.810000	467.000000
364.815000	245.000000
364.820000	317.000000
364.825000	313.000000
364.830000	379.000000
364.835000	581.000000
364.840000	460.000000
364.845000	498.000000
364.850000	701.000000
364.855000	683.000000
364.860000	657.000000
364.865000	851.000000
364.870000	887.000000
364.875000	1455.000000
364.880000	1632.000000
364.885000	2871.000000
364.890000	4949.000000
364.895000	8339.000000
364.900000	12128.000000
364.905000	16473.000000
364.910000	21804.000000
364.915000	24735.000000
364.920000	28557.000000
364.925000	34030.000000
364.930000	44484.000000
364.935000	64732.000000
364.940000	155101.000000
364.945000	227992.000000
364.950000	142660.000000
364.955000	58587.000000
364.960000	32580.000000
364.965000	21724.000000
364.970000	13140.000000
364.975000	8134.000000
364.980000	5211.000000
364.985000	3667.000000
364.990000	3284.000000
364.995000	2771.000000
365.000000	2010.000000
365.005000	2088.000000
365.010000	1613.000000
365.015000	1508.000000
365.020000	1547.000000
365.025000	1371.000000
365.030000	1303.000000
365.035000	1105.000000
365.040000	1181.000000
365.045000	1052.000000
365.050000	982.000000
365.055000	874.000000
365.060000	940.000000
365.065000	820.000000
365.070000	627.000000
365.075000	741.000000
365.080000	803.000000
365.085000	671.000000
365.090000	594.000000
365.095000	659.000000
365.100000	690.000000
365.105000	578.000000
365.110000	589.000000
365.115000	511.000000
365.120000	586.000000
365.125000	506.000000
365.130000	354.000000
365.135000	534.000000
365.140000	396.000000
365.145000	397.000000
365.150000	350.000000
365.155000	479.000000
365.160000	278.000000
365.165000	291.000000
365.170000	428.000000
365.175000	421.000000
365.180000	393.000000
365.185000	338.000000
365.190000	385.000000
365.195000	558.000000
