Sample ID:		None
Start Time:		Wed Jun 24 2020 11:56:04 PM
Averaging Time:		1.000s

364.600000	89.000000
364.605000	44.000000
364.610000	81.000000
364.615000	42.000000
364.620000	22.000000
364.625000	14.000000
364.630000	28.000000
364.635000	46.000000
364.640000	65.000000
364.645000	31.000000
364.650000	37.000000
364.655000	120.000000
364.660000	19.000000
364.665000	97.000000
364.670000	69.000000
364.675000	43.000000
364.680000	121.000000
364.685000	117.000000
364.690000	136.000000
364.695000	183.000000
364.700000	203.000000
364.705000	251.000000
364.710000	275.000000
364.715000	271.000000
364.720000	271.000000
364.725000	320.000000
364.730000	319.000000
364.735000	238.000000
364.740000	266.000000
364.745000	172.000000
364.750000	267.000000
364.755000	220.000000
364.760000	169.000000
364.765000	289.000000
364.770000	414.000000
364.775000	313.000000
364.780000	358.000000
364.785000	325.000000
364.790000	354.000000
364.795000	260.000000
364.800000	442.000000
364.805000	343.000000
364.810000	419.000000
364.815000	361.000000
364.820000	404.000000
364.825000	334.000000
364.830000	370.000000
364.835000	610.000000
364.840000	566.000000
364.845000	696.000000
364.850000	837.000000
364.855000	893.000000
364.860000	1124.000000
364.865000	1623.000000
364.870000	2279.000000
364.875000	3917.000000
364.880000	6042.000000
364.885000	9464.000000
364.890000	16051.000000
364.895000	17949.000000
364.900000	23170.000000
364.905000	27083.000000
364.910000	31854.000000
364.915000	37649.000000
364.920000	49587.000000
364.925000	91510.000000
364.930000	206078.000000
364.935000	195009.000000
364.940000	83933.000000
364.945000	42397.000000
364.950000	26609.000000
364.955000	16054.000000
364.960000	9176.000000
364.965000	5780.000000
364.970000	4241.000000
364.975000	3134.000000
364.980000	2597.000000
364.985000	2236.000000
364.990000	1890.000000
364.995000	1732.000000
365.000000	1335.000000
365.005000	1524.000000
365.010000	1291.000000
365.015000	1299.000000
365.020000	1002.000000
365.025000	1028.000000
365.030000	1009.000000
365.035000	958.000000
365.040000	869.000000
365.045000	827.000000
365.050000	812.000000
365.055000	780.000000
365.060000	633.000000
365.065000	635.000000
365.070000	702.000000
365.075000	516.000000
365.080000	648.000000
365.085000	664.000000
365.090000	523.000000
365.095000	295.000000
365.100000	479.000000
365.105000	446.000000
365.110000	341.000000
365.115000	433.000000
365.120000	405.000000
365.125000	418.000000
365.130000	319.000000
365.135000	440.000000
365.140000	317.000000
365.145000	293.000000
365.150000	310.000000
365.155000	359.000000
365.160000	295.000000
365.165000	365.000000
365.170000	328.000000
365.175000	365.000000
365.180000	370.000000
365.185000	336.000000
365.190000	402.000000
365.195000	383.000000
365.200000	358.000000
365.205000	385.000000
365.210000	369.000000
365.215000	319.000000
365.220000	305.000000
365.225000	305.000000
365.230000	235.000000
365.235000	369.000000
365.240000	271.000000
365.245000	206.000000
365.250000	303.000000
365.255000	275.000000
365.260000	312.000000
365.265000	262.000000
365.270000	155.000000
365.275000	235.000000
365.280000	331.000000
365.285000	256.000000
365.290000	351.000000
365.295000	308.000000
365.300000	289.000000
365.305000	317.000000
365.310000	281.000000
365.315000	368.000000
365.320000	453.000000
365.325000	473.000000
365.330000	577.000000
365.335000	791.000000
365.340000	1243.000000
365.345000	1531.000000
365.350000	2487.000000
365.355000	3765.000000
365.360000	4250.000000
365.365000	4986.000000
365.370000	6195.000000
365.375000	7637.000000
365.380000	8993.000000
365.385000	13194.000000
365.390000	21591.000000
365.395000	43424.000000
365.400000	42522.000000
365.405000	21319.000000
365.410000	10974.000000
365.415000	6305.000000
365.420000	3070.000000
365.425000	2182.000000
365.430000	1466.000000
365.435000	862.000000
365.440000	696.000000
365.445000	581.000000
365.450000	645.000000
365.455000	446.000000
365.460000	380.000000
365.465000	472.000000
365.470000	408.000000
365.475000	329.000000
365.480000	382.000000
365.485000	422.000000
365.490000	380.000000
365.495000	414.000000
365.500000	392.000000
365.505000	216.000000
365.510000	364.000000
365.515000	274.000000
365.520000	366.000000
365.525000	280.000000
365.530000	405.000000
365.535000	274.000000
365.540000	379.000000
365.545000	323.000000
365.550000	286.000000
365.555000	302.000000
365.560000	333.000000
365.565000	261.000000
365.570000	294.000000
365.575000	247.000000
365.580000	272.000000
365.585000	271.000000
365.590000	205.000000
365.595000	230.000000
365.600000	163.000000
