Sample ID:		None
Start Time:		Wed Jun 24 2020 1:02:02 PM
Averaging Time:		1.000s

364.600000	50.000000
364.605000	103.000000
364.610000	65.000000
364.615000	123.000000
364.620000	48.000000
364.625000	88.000000
364.630000	81.000000
364.635000	103.000000
364.640000	74.000000
364.645000	82.000000
364.650000	85.000000
364.655000	105.000000
364.660000	135.000000
364.665000	126.000000
364.670000	58.000000
364.675000	79.000000
364.680000	110.000000
364.685000	100.000000
364.690000	79.000000
364.695000	94.000000
364.700000	171.000000
364.705000	83.000000
364.710000	150.000000
364.715000	159.000000
364.720000	148.000000
364.725000	273.000000
364.730000	299.000000
364.735000	231.000000
364.740000	260.000000
364.745000	252.000000
364.750000	351.000000
364.755000	195.000000
364.760000	331.000000
364.765000	336.000000
364.770000	295.000000
364.775000	327.000000
364.780000	330.000000
364.785000	335.000000
364.790000	217.000000
364.795000	247.000000
364.800000	309.000000
364.805000	275.000000
364.810000	256.000000
364.815000	378.000000
364.820000	403.000000
364.825000	376.000000
364.830000	276.000000
364.835000	315.000000
364.840000	450.000000
364.845000	523.000000
364.850000	452.000000
364.855000	512.000000
364.860000	668.000000
364.865000	736.000000
364.870000	756.000000
364.875000	833.000000
364.880000	1123.000000
364.885000	1806.000000
364.890000	2423.000000
364.895000	4153.000000
364.900000	6081.000000
364.905000	10555.000000
364.910000	14265.000000
364.915000	18806.000000
364.920000	23659.000000
364.925000	25947.000000
364.930000	33867.000000
364.935000	38087.000000
364.940000	54402.000000
364.945000	106178.000000
364.950000	214225.000000
364.955000	177778.000000
364.960000	67209.000000
364.965000	37759.000000
364.970000	22160.000000
364.975000	13931.000000
364.980000	8608.000000
364.985000	6117.000000
364.990000	3764.000000
364.995000	2640.000000
365.000000	2316.000000
365.005000	2258.000000
365.010000	1988.000000
365.015000	1480.000000
365.020000	1336.000000
365.025000	1467.000000
365.030000	1244.000000
365.035000	992.000000
365.040000	1131.000000
365.045000	1172.000000
365.050000	894.000000
365.055000	955.000000
365.060000	844.000000
365.065000	768.000000
365.070000	750.000000
365.075000	595.000000
365.080000	769.000000
365.085000	688.000000
365.090000	565.000000
365.095000	577.000000
365.100000	524.000000
365.105000	504.000000
365.110000	418.000000
365.115000	616.000000
365.120000	577.000000
365.125000	490.000000
365.130000	361.000000
365.135000	469.000000
365.140000	411.000000
365.145000	390.000000
365.150000	254.000000
365.155000	295.000000
365.160000	368.000000
365.165000	303.000000
365.170000	370.000000
365.175000	335.000000
365.180000	335.000000
365.185000	444.000000
365.190000	398.000000
365.195000	257.000000
365.200000	335.000000
365.205000	413.000000
365.210000	422.000000
365.215000	326.000000
365.220000	294.000000
365.225000	319.000000
365.230000	269.000000
365.235000	298.000000
365.240000	367.000000
365.245000	311.000000
365.250000	384.000000
365.255000	348.000000
365.260000	424.000000
365.265000	300.000000
365.270000	334.000000
365.275000	246.000000
365.280000	221.000000
365.285000	326.000000
365.290000	335.000000
365.295000	370.000000
365.300000	371.000000
365.305000	361.000000
365.310000	299.000000
365.315000	343.000000
365.320000	352.000000
365.325000	353.000000
365.330000	342.000000
365.335000	353.000000
365.340000	373.000000
365.345000	379.000000
365.350000	539.000000
365.355000	772.000000
365.360000	1008.000000
365.365000	1558.000000
365.370000	2141.000000
365.375000	3231.000000
365.380000	4266.000000
365.385000	4997.000000
365.390000	6215.000000
365.395000	6767.000000
365.400000	8865.000000
365.405000	13913.000000
365.410000	22542.000000
365.415000	41243.000000
365.420000	40248.000000
365.425000	18965.000000
365.430000	8863.000000
365.435000	4808.000000
365.440000	3202.000000
365.445000	1985.000000
365.450000	1041.000000
365.455000	839.000000
365.460000	647.000000
365.465000	697.000000
365.470000	568.000000
365.475000	511.000000
365.480000	413.000000
365.485000	604.000000
365.490000	423.000000
365.495000	449.000000
365.500000	405.000000
365.505000	520.000000
365.510000	345.000000
365.515000	276.000000
365.520000	442.000000
365.525000	446.000000
365.530000	357.000000
365.535000	300.000000
365.540000	316.000000
365.545000	341.000000
365.550000	348.000000
365.555000	540.000000
365.560000	383.000000
365.565000	322.000000
365.570000	255.000000
365.575000	352.000000
365.580000	309.000000
365.585000	304.000000
365.590000	186.000000
365.595000	300.000000
365.600000	185.000000
