Sample ID:		None
Start Time:		Wed Jun 24 2020 9:59:26 PM
Averaging Time:		1.000s

364.600000	87.000000
364.605000	35.000000
364.610000	39.000000
364.615000	55.000000
364.620000	54.000000
364.625000	29.000000
364.630000	95.000000
364.635000	99.000000
364.640000	36.000000
364.645000	78.000000
364.650000	22.000000
364.655000	72.000000
364.660000	58.000000
364.665000	25.000000
364.670000	58.000000
364.675000	65.000000
364.680000	70.000000
364.685000	69.000000
364.690000	90.000000
364.695000	48.000000
364.700000	232.000000
364.705000	226.000000
364.710000	342.000000
364.715000	237.000000
364.720000	256.000000
364.725000	236.000000
364.730000	222.000000
364.735000	214.000000
364.740000	184.000000
364.745000	253.000000
364.750000	290.000000
364.755000	309.000000
364.760000	214.000000
364.765000	274.000000
364.770000	255.000000
364.775000	258.000000
364.780000	310.000000
364.785000	438.000000
364.790000	443.000000
364.795000	307.000000
364.800000	411.000000
364.805000	365.000000
364.810000	352.000000
364.815000	338.000000
364.820000	309.000000
364.825000	313.000000
364.830000	562.000000
364.835000	535.000000
364.840000	613.000000
364.845000	665.000000
364.850000	603.000000
364.855000	805.000000
364.860000	905.000000
364.865000	1284.000000
364.870000	1773.000000
364.875000	3213.000000
364.880000	5309.000000
364.885000	8016.000000
364.890000	12988.000000
364.895000	17144.000000
364.900000	20681.000000
364.905000	26390.000000
364.910000	30540.000000
364.915000	36208.000000
364.920000	45333.000000
364.925000	77042.000000
364.930000	154594.000000
364.935000	220926.000000
364.940000	96277.000000
364.945000	51156.000000
364.950000	32063.000000
364.955000	16019.000000
364.960000	11709.000000
364.965000	7297.000000
364.970000	4925.000000
364.975000	3432.000000
364.980000	2622.000000
364.985000	2618.000000
364.990000	1738.000000
364.995000	1900.000000
365.000000	1775.000000
365.005000	1419.000000
365.010000	1423.000000
365.015000	1348.000000
365.020000	1293.000000
365.025000	1233.000000
365.030000	1168.000000
365.035000	842.000000
365.040000	975.000000
365.045000	906.000000
365.050000	942.000000
365.055000	683.000000
365.060000	691.000000
365.065000	599.000000
365.070000	532.000000
365.075000	472.000000
365.080000	541.000000
365.085000	530.000000
365.090000	332.000000
365.095000	535.000000
365.100000	609.000000
365.105000	412.000000
365.110000	372.000000
365.115000	478.000000
365.120000	282.000000
365.125000	415.000000
365.130000	324.000000
365.135000	363.000000
365.140000	260.000000
365.145000	339.000000
365.150000	282.000000
365.155000	275.000000
365.160000	306.000000
365.165000	402.000000
365.170000	440.000000
365.175000	376.000000
365.180000	428.000000
365.185000	342.000000
365.190000	436.000000
365.195000	270.000000
365.200000	361.000000
365.205000	416.000000
365.210000	321.000000
365.215000	295.000000
365.220000	373.000000
365.225000	396.000000
365.230000	292.000000
365.235000	280.000000
365.240000	203.000000
365.245000	317.000000
365.250000	289.000000
365.255000	262.000000
365.260000	320.000000
365.265000	312.000000
365.270000	345.000000
365.275000	387.000000
365.280000	282.000000
365.285000	240.000000
365.290000	343.000000
365.295000	221.000000
365.300000	295.000000
365.305000	359.000000
365.310000	293.000000
365.315000	431.000000
365.320000	529.000000
365.325000	655.000000
365.330000	544.000000
365.335000	890.000000
365.340000	1225.000000
365.345000	1824.000000
365.350000	2469.000000
365.355000	2949.000000
365.360000	3996.000000
365.365000	5073.000000
365.370000	6154.000000
365.375000	7470.000000
365.380000	8337.000000
365.385000	11385.000000
365.390000	19765.000000
365.395000	36215.000000
365.400000	49863.000000
365.405000	27907.000000
365.410000	12710.000000
365.415000	7154.000000
365.420000	4414.000000
365.425000	2376.000000
365.430000	1769.000000
365.435000	1118.000000
365.440000	818.000000
365.445000	589.000000
365.450000	578.000000
365.455000	581.000000
365.460000	319.000000
365.465000	569.000000
365.470000	480.000000
365.475000	399.000000
365.480000	405.000000
365.485000	409.000000
365.490000	390.000000
365.495000	269.000000
365.500000	406.000000
365.505000	369.000000
365.510000	477.000000
365.515000	442.000000
365.520000	416.000000
365.525000	279.000000
365.530000	201.000000
365.535000	378.000000
365.540000	322.000000
365.545000	223.000000
365.550000	374.000000
365.555000	223.000000
365.560000	302.000000
365.565000	272.000000
365.570000	287.000000
365.575000	293.000000
365.580000	364.000000
365.585000	415.000000
365.590000	213.000000
365.595000	327.000000
365.600000	234.000000
