Sample ID:		None
Start Time:		Wed Jun 24 2020 12:39:51 PM
Averaging Time:		1.000s

364.600000	70.000000
364.605000	75.000000
364.610000	38.000000
364.615000	76.000000
364.620000	74.000000
364.625000	122.000000
364.630000	110.000000
364.635000	75.000000
364.640000	37.000000
364.645000	33.000000
364.650000	71.000000
364.655000	58.000000
364.660000	58.000000
364.665000	107.000000
364.670000	98.000000
364.675000	61.000000
364.680000	30.000000
364.685000	98.000000
364.690000	75.000000
364.695000	172.000000
364.700000	108.000000
364.705000	114.000000
364.710000	144.000000
364.715000	116.000000
364.720000	163.000000
364.725000	148.000000
364.730000	210.000000
364.735000	134.000000
364.740000	217.000000
364.745000	243.000000
364.750000	260.000000
364.755000	194.000000
364.760000	262.000000
364.765000	221.000000
364.770000	195.000000
364.775000	246.000000
364.780000	255.000000
364.785000	281.000000
364.790000	252.000000
364.795000	323.000000
364.800000	330.000000
364.805000	262.000000
364.810000	347.000000
364.815000	430.000000
364.820000	266.000000
364.825000	365.000000
364.830000	460.000000
364.835000	301.000000
364.840000	327.000000
364.845000	387.000000
364.850000	353.000000
364.855000	321.000000
364.860000	455.000000
364.865000	579.000000
364.870000	521.000000
364.875000	527.000000
364.880000	683.000000
364.885000	782.000000
364.890000	1074.000000
364.895000	1010.000000
364.900000	1637.000000
364.905000	2549.000000
364.910000	4132.000000
364.915000	5566.000000
364.920000	9241.000000
364.925000	13295.000000
364.930000	17535.000000
364.935000	22867.000000
364.940000	26893.000000
364.945000	31749.000000
364.950000	37543.000000
364.955000	49083.000000
364.960000	79650.000000
364.965000	186104.000000
364.970000	208309.000000
364.975000	80350.000000
364.980000	48259.000000
364.985000	28878.000000
364.990000	16430.000000
364.995000	11392.000000
365.000000	7075.000000
365.005000	4145.000000
365.010000	3283.000000
365.015000	2945.000000
365.020000	2426.000000
365.025000	2246.000000
365.030000	1825.000000
365.035000	1715.000000
365.040000	1664.000000
365.045000	1386.000000
365.050000	1464.000000
365.055000	1202.000000
365.060000	1148.000000
365.065000	1200.000000
365.070000	1000.000000
365.075000	950.000000
365.080000	923.000000
365.085000	986.000000
365.090000	829.000000
365.095000	787.000000
365.100000	684.000000
365.105000	533.000000
365.110000	706.000000
365.115000	577.000000
365.120000	767.000000
365.125000	513.000000
365.130000	553.000000
365.135000	328.000000
365.140000	528.000000
365.145000	421.000000
365.150000	409.000000
365.155000	455.000000
365.160000	431.000000
365.165000	391.000000
365.170000	486.000000
365.175000	369.000000
365.180000	317.000000
365.185000	461.000000
365.190000	298.000000
365.195000	377.000000
365.200000	420.000000
365.205000	410.000000
365.210000	417.000000
365.215000	337.000000
365.220000	348.000000
365.225000	332.000000
365.230000	395.000000
365.235000	412.000000
365.240000	357.000000
365.245000	277.000000
365.250000	447.000000
365.255000	318.000000
365.260000	354.000000
365.265000	281.000000
365.270000	376.000000
365.275000	244.000000
365.280000	332.000000
365.285000	320.000000
365.290000	284.000000
365.295000	277.000000
365.300000	235.000000
365.305000	363.000000
365.310000	201.000000
365.315000	312.000000
365.320000	337.000000
365.325000	305.000000
365.330000	399.000000
365.335000	308.000000
365.340000	293.000000
365.345000	315.000000
365.350000	424.000000
365.355000	489.000000
365.360000	406.000000
365.365000	608.000000
365.370000	798.000000
365.375000	1160.000000
365.380000	1747.000000
365.385000	2703.000000
365.390000	3733.000000
365.395000	4439.000000
365.400000	5582.000000
365.405000	6162.000000
365.410000	7373.000000
365.415000	8747.000000
365.420000	14300.000000
365.425000	22364.000000
365.430000	43498.000000
365.435000	46165.000000
365.440000	23288.000000
365.445000	11712.000000
365.450000	5660.000000
365.455000	3453.000000
365.460000	2285.000000
365.465000	1361.000000
365.470000	830.000000
365.475000	788.000000
365.480000	484.000000
365.485000	541.000000
365.490000	626.000000
365.495000	464.000000
365.500000	551.000000
365.505000	387.000000
365.510000	398.000000
365.515000	526.000000
365.520000	424.000000
365.525000	342.000000
365.530000	381.000000
365.535000	277.000000
365.540000	352.000000
365.545000	444.000000
365.550000	437.000000
365.555000	270.000000
365.560000	397.000000
365.565000	294.000000
365.570000	294.000000
365.575000	409.000000
365.580000	302.000000
365.585000	266.000000
365.590000	319.000000
365.595000	362.000000
365.600000	430.000000
