Sample ID:		None
Start Time:		Wed Jun 24 2020 5:38:25 PM
Averaging Time:		1.000s

364.600000	48.000000
364.605000	26.000000
364.610000	45.000000
364.615000	29.000000
364.620000	53.000000
364.625000	63.000000
364.630000	57.000000
364.635000	85.000000
364.640000	26.000000
364.645000	72.000000
364.650000	27.000000
364.655000	31.000000
364.660000	45.000000
364.665000	40.000000
364.670000	36.000000
364.675000	55.000000
364.680000	63.000000
364.685000	114.000000
364.690000	77.000000
364.695000	102.000000
364.700000	104.000000
364.705000	160.000000
364.710000	196.000000
364.715000	166.000000
364.720000	164.000000
364.725000	189.000000
364.730000	205.000000
364.735000	236.000000
364.740000	204.000000
364.745000	169.000000
364.750000	163.000000
364.755000	188.000000
364.760000	227.000000
364.765000	318.000000
364.770000	343.000000
364.775000	237.000000
364.780000	284.000000
364.785000	286.000000
364.790000	317.000000
364.795000	298.000000
364.800000	367.000000
364.805000	286.000000
364.810000	343.000000
364.815000	364.000000
364.820000	445.000000
364.825000	338.000000
364.830000	403.000000
364.835000	501.000000
364.840000	449.000000
364.845000	529.000000
364.850000	730.000000
364.855000	747.000000
364.860000	722.000000
364.865000	1092.000000
364.870000	1429.000000
364.875000	2550.000000
364.880000	2981.000000
364.885000	4998.000000
364.890000	9928.000000
364.895000	12900.000000
364.900000	17072.000000
364.905000	21186.000000
364.910000	26879.000000
364.915000	29173.000000
364.920000	34992.000000
364.925000	48460.000000
364.930000	74019.000000
364.935000	156976.000000
364.940000	203539.000000
364.945000	106554.000000
364.950000	54596.000000
364.955000	28910.000000
364.960000	18956.000000
364.965000	12068.000000
364.970000	6482.000000
364.975000	4715.000000
364.980000	3713.000000
364.985000	2717.000000
364.990000	2218.000000
364.995000	2013.000000
365.000000	1874.000000
365.005000	1510.000000
365.010000	1661.000000
365.015000	1425.000000
365.020000	1427.000000
365.025000	1262.000000
365.030000	1098.000000
365.035000	823.000000
365.040000	1063.000000
365.045000	973.000000
365.050000	950.000000
365.055000	764.000000
365.060000	563.000000
365.065000	647.000000
365.070000	698.000000
365.075000	578.000000
365.080000	617.000000
365.085000	455.000000
365.090000	645.000000
365.095000	462.000000
365.100000	508.000000
365.105000	456.000000
365.110000	500.000000
365.115000	441.000000
365.120000	319.000000
365.125000	386.000000
365.130000	487.000000
365.135000	370.000000
365.140000	336.000000
365.145000	335.000000
365.150000	314.000000
365.155000	311.000000
365.160000	398.000000
365.165000	415.000000
365.170000	445.000000
365.175000	399.000000
365.180000	335.000000
365.185000	416.000000
365.190000	288.000000
365.195000	243.000000
365.200000	372.000000
365.205000	422.000000
365.210000	321.000000
365.215000	247.000000
365.220000	245.000000
365.225000	402.000000
365.230000	231.000000
365.235000	353.000000
365.240000	434.000000
365.245000	257.000000
365.250000	366.000000
365.255000	236.000000
365.260000	388.000000
365.265000	272.000000
365.270000	248.000000
365.275000	251.000000
365.280000	340.000000
365.285000	331.000000
365.290000	285.000000
365.295000	257.000000
365.300000	230.000000
365.305000	335.000000
365.310000	300.000000
365.315000	455.000000
365.320000	424.000000
365.325000	441.000000
365.330000	481.000000
365.335000	508.000000
365.340000	815.000000
365.345000	1327.000000
365.350000	1765.000000
365.355000	2310.000000
365.360000	3553.000000
365.365000	4210.000000
365.370000	5387.000000
365.375000	6626.000000
365.380000	7497.000000
365.385000	8596.000000
365.390000	12604.000000
365.395000	20531.000000
365.400000	36225.000000
365.405000	45223.000000
365.410000	23458.000000
365.415000	12495.000000
365.420000	6481.000000
365.425000	3719.000000
365.430000	2412.000000
365.435000	1198.000000
365.440000	1072.000000
365.445000	834.000000
365.450000	663.000000
365.455000	594.000000
365.460000	641.000000
365.465000	488.000000
365.470000	454.000000
365.475000	362.000000
365.480000	365.000000
365.485000	351.000000
365.490000	369.000000
365.495000	452.000000
365.500000	369.000000
365.505000	389.000000
365.510000	342.000000
365.515000	371.000000
365.520000	449.000000
365.525000	400.000000
365.530000	350.000000
365.535000	372.000000
365.540000	230.000000
365.545000	192.000000
365.550000	299.000000
365.555000	248.000000
365.560000	235.000000
365.565000	216.000000
365.570000	312.000000
365.575000	280.000000
365.580000	222.000000
365.585000	223.000000
365.590000	233.000000
365.595000	322.000000
365.600000	187.000000
