Sample ID:		H1101b 20um slit Chris
Start Time:		Fri Jun 26 2020 2:56:51 PM
Averaging Time:		1.000s

365.000000	12.000000
365.005000	27.000000
365.010000	5.000000
365.015000	49.000000
365.020000	50.000000
365.025000	24.000000
365.030000	6.000000
365.035000	18.000000
365.040000	36.000000
365.045000	20.000000
365.050000	10.000000
365.055000	44.000000
365.060000	9.000000
365.065000	5.000000
365.070000	33.000000
365.075000	6.000000
365.080000	24.000000
365.085000	6.000000
365.090000	19.000000
365.095000	19.000000
365.100000	20.000000
365.105000	9.000000
365.110000	7.000000
365.115000	27.000000
365.120000	8.000000
365.125000	32.000000
365.130000	4.000000
365.135000	21.000000
365.140000	10.000000
365.145000	13.000000
365.150000	5.000000
365.155000	13.000000
365.160000	15.000000
365.165000	21.000000
365.170000	38.000000
365.175000	27.000000
365.180000	43.000000
365.185000	30.000000
365.190000	6.000000
365.195000	4.000000
365.200000	1.000000
365.205000	26.000000
365.210000	20.000000
365.215000	8.000000
365.220000	33.000000
365.225000	29.000000
365.230000	22.000000
365.235000	32.000000
365.240000	9.000000
365.245000	35.000000
365.250000	26.000000
365.255000	21.000000
365.260000	13.000000
365.265000	6.000000
365.270000	11.000000
365.275000	1.000000
365.280000	49.000000
365.285000	12.000000
365.290000	7.000000
365.295000	57.000000
365.300000	12.000000
365.305000	19.000000
365.310000	25.000000
365.315000	4.000000
365.320000	16.000000
365.325000	9.000000
365.330000	4.000000
365.335000	20.000000
365.340000	19.000000
365.345000	26.000000
365.350000	18.000000
365.355000	15.000000
365.360000	62.000000
365.365000	10.000000
365.370000	5.000000
365.375000	6.000000
365.380000	9.000000
365.385000	12.000000
365.390000	39.000000
365.395000	53.000000
365.400000	12.000000
365.405000	11.000000
365.410000	39.000000
365.415000	9.000000
365.420000	17.000000
365.425000	37.000000
365.430000	28.000000
365.435000	56.000000
365.440000	16.000000
365.445000	40.000000
365.450000	19.000000
365.455000	21.000000
365.460000	14.000000
365.465000	18.000000
365.470000	26.000000
365.475000	9.000000
365.480000	8.000000
365.485000	46.000000
365.490000	44.000000
365.495000	14.000000
365.500000	33.000000
365.505000	17.000000
365.510000	26.000000
365.515000	67.000000
365.520000	26.000000
365.525000	23.000000
365.530000	28.000000
365.535000	15.000000
365.540000	11.000000
365.545000	23.000000
365.550000	7.000000
365.555000	37.000000
365.560000	6.000000
365.565000	15.000000
365.570000	34.000000
365.575000	37.000000
365.580000	50.000000
365.585000	29.000000
365.590000	31.000000
365.595000	19.000000
365.600000	26.000000
365.605000	6.000000
365.610000	29.000000
365.615000	51.000000
365.620000	32.000000
365.625000	24.000000
365.630000	39.000000
365.635000	20.000000
365.640000	14.000000
365.645000	56.000000
365.650000	40.000000
365.655000	18.000000
365.660000	32.000000
365.665000	23.000000
365.670000	48.000000
365.675000	21.000000
365.680000	38.000000
365.685000	56.000000
365.690000	37.000000
365.695000	25.000000
365.700000	32.000000
365.705000	45.000000
365.710000	45.000000
365.715000	21.000000
365.720000	15.000000
365.725000	36.000000
365.730000	31.000000
365.735000	50.000000
365.740000	15.000000
365.745000	64.000000
365.750000	63.000000
365.755000	24.000000
365.760000	48.000000
365.765000	42.000000
365.770000	53.000000
365.775000	44.000000
365.780000	40.000000
365.785000	33.000000
365.790000	31.000000
365.795000	39.000000
365.800000	32.000000
365.805000	41.000000
365.810000	41.000000
365.815000	28.000000
365.820000	39.000000
365.825000	50.000000
365.830000	13.000000
365.835000	34.000000
365.840000	24.000000
365.845000	56.000000
365.850000	45.000000
365.855000	58.000000
365.860000	106.000000
365.865000	32.000000
365.870000	42.000000
365.875000	37.000000
365.880000	42.000000
365.885000	41.000000
365.890000	43.000000
365.895000	37.000000
365.900000	59.000000
365.905000	64.000000
365.910000	74.000000
365.915000	39.000000
365.920000	58.000000
365.925000	68.000000
365.930000	34.000000
365.935000	49.000000
365.940000	29.000000
365.945000	46.000000
365.950000	74.000000
365.955000	59.000000
365.960000	35.000000
365.965000	66.000000
365.970000	96.000000
365.975000	40.000000
365.980000	28.000000
365.985000	53.000000
365.990000	104.000000
365.995000	82.000000
366.000000	120.000000
366.005000	53.000000
366.010000	116.000000
366.015000	54.000000
366.020000	123.000000
366.025000	44.000000
366.030000	25.000000
366.035000	93.000000
366.040000	57.000000
366.045000	154.000000
366.050000	43.000000
366.055000	68.000000
366.060000	81.000000
366.065000	75.000000
366.070000	74.000000
366.075000	45.000000
366.080000	103.000000
366.085000	60.000000
366.090000	123.000000
366.095000	60.000000
366.100000	77.000000
366.105000	66.000000
366.110000	69.000000
366.115000	84.000000
366.120000	51.000000
366.125000	83.000000
366.130000	70.000000
366.135000	134.000000
366.140000	84.000000
366.145000	102.000000
366.150000	75.000000
366.155000	173.000000
366.160000	159.000000
366.165000	93.000000
366.170000	92.000000
366.175000	125.000000
366.180000	107.000000
366.185000	73.000000
366.190000	115.000000
366.195000	68.000000
366.200000	113.000000
366.205000	113.000000
366.210000	80.000000
366.215000	133.000000
366.220000	86.000000
366.225000	125.000000
366.230000	112.000000
366.235000	118.000000
366.240000	89.000000
366.245000	122.000000
366.250000	132.000000
366.255000	99.000000
366.260000	145.000000
366.265000	107.000000
366.270000	147.000000
366.275000	115.000000
366.280000	120.000000
366.285000	203.000000
366.290000	89.000000
366.295000	154.000000
366.300000	160.000000
366.305000	98.000000
366.310000	111.000000
366.315000	205.000000
366.320000	127.000000
366.325000	156.000000
366.330000	187.000000
366.335000	76.000000
366.340000	120.000000
366.345000	149.000000
366.350000	139.000000
366.355000	127.000000
366.360000	187.000000
366.365000	126.000000
366.370000	76.000000
366.375000	156.000000
366.380000	118.000000
366.385000	156.000000
366.390000	245.000000
366.395000	124.000000
366.400000	179.000000
366.405000	133.000000
366.410000	163.000000
366.415000	283.000000
366.420000	181.000000
366.425000	108.000000
366.430000	178.000000
366.435000	140.000000
366.440000	184.000000
366.445000	222.000000
366.450000	133.000000
366.455000	168.000000
366.460000	195.000000
366.465000	228.000000
366.470000	225.000000
366.475000	146.000000
366.480000	162.000000
366.485000	331.000000
366.490000	252.000000
366.495000	209.000000
366.500000	185.000000
366.505000	205.000000
366.510000	217.000000
366.515000	268.000000
366.520000	163.000000
366.525000	199.000000
366.530000	199.000000
366.535000	270.000000
366.540000	300.000000
366.545000	257.000000
366.550000	228.000000
366.555000	206.000000
366.560000	335.000000
366.565000	247.000000
366.570000	236.000000
366.575000	210.000000
366.580000	318.000000
366.585000	260.000000
366.590000	220.000000
366.595000	306.000000
366.600000	265.000000
366.605000	358.000000
366.610000	211.000000
366.615000	263.000000
366.620000	255.000000
366.625000	251.000000
366.630000	342.000000
366.635000	270.000000
366.640000	426.000000
366.645000	315.000000
366.650000	351.000000
366.655000	351.000000
366.660000	310.000000
366.665000	405.000000
366.670000	301.000000
366.675000	258.000000
366.680000	313.000000
366.685000	383.000000
366.690000	485.000000
366.695000	348.000000
366.700000	495.000000
366.705000	277.000000
366.710000	391.000000
366.715000	421.000000
366.720000	366.000000
366.725000	355.000000
366.730000	335.000000
366.735000	342.000000
366.740000	357.000000
366.745000	346.000000
366.750000	424.000000
366.755000	452.000000
366.760000	397.000000
366.765000	350.000000
366.770000	496.000000
366.775000	379.000000
366.780000	374.000000
366.785000	536.000000
366.790000	413.000000
366.795000	377.000000
366.800000	438.000000
366.805000	494.000000
366.810000	421.000000
366.815000	468.000000
366.820000	508.000000
366.825000	647.000000
366.830000	414.000000
366.835000	601.000000
366.840000	704.000000
366.845000	635.000000
366.850000	509.000000
366.855000	518.000000
366.860000	545.000000
366.865000	664.000000
366.870000	427.000000
366.875000	596.000000
366.880000	520.000000
366.885000	545.000000
366.890000	692.000000
366.895000	725.000000
366.900000	677.000000
366.905000	566.000000
366.910000	744.000000
366.915000	761.000000
366.920000	662.000000
366.925000	721.000000
366.930000	789.000000
366.935000	771.000000
366.940000	1104.000000
366.945000	979.000000
366.950000	1075.000000
366.955000	1195.000000
366.960000	969.000000
366.965000	886.000000
366.970000	1096.000000
366.975000	1090.000000
366.980000	1275.000000
366.985000	1265.000000
366.990000	1169.000000
366.995000	1275.000000
367.000000	1309.000000
367.005000	1310.000000
367.010000	1487.000000
367.015000	1453.000000
367.020000	1379.000000
367.025000	1271.000000
367.030000	1328.000000
367.035000	1292.000000
367.040000	1505.000000
367.045000	1562.000000
367.050000	1429.000000
367.055000	1570.000000
367.060000	1497.000000
367.065000	1655.000000
367.070000	1630.000000
367.075000	1791.000000
367.080000	1820.000000
367.085000	1717.000000
367.090000	1950.000000
367.095000	1695.000000
367.100000	2104.000000
367.105000	2066.000000
367.110000	1637.000000
367.115000	2278.000000
367.120000	2197.000000
367.125000	2275.000000
367.130000	2627.000000
367.135000	2660.000000
367.140000	2635.000000
367.145000	2466.000000
367.150000	2941.000000
367.155000	2542.000000
367.160000	2890.000000
367.165000	2915.000000
367.170000	3306.000000
367.175000	3542.000000
367.180000	3762.000000
367.185000	3514.000000
367.190000	4132.000000
367.195000	4247.000000
367.200000	4024.000000
367.205000	4442.000000
367.210000	4650.000000
367.215000	4380.000000
367.220000	4582.000000
367.225000	5309.000000
367.230000	4370.000000
367.235000	5038.000000
367.240000	5364.000000
367.245000	5082.000000
367.250000	5273.000000
367.255000	5075.000000
367.260000	5278.000000
367.265000	5532.000000
367.270000	5771.000000
367.275000	5759.000000
367.280000	5769.000000
367.285000	6237.000000
367.290000	6133.000000
367.295000	6687.000000
367.300000	6349.000000
367.305000	6532.000000
367.310000	6924.000000
367.315000	6785.000000
367.320000	7176.000000
367.325000	7329.000000
367.330000	7440.000000
367.335000	8001.000000
367.340000	7747.000000
367.345000	8495.000000
367.350000	8576.000000
367.355000	8695.000000
367.360000	8348.000000
367.365000	8480.000000
367.370000	8331.000000
367.375000	9448.000000
367.380000	9506.000000
367.385000	9209.000000
367.390000	9970.000000
367.395000	9416.000000
367.400000	9175.000000
367.405000	10064.000000
367.410000	10258.000000
367.415000	9709.000000
367.420000	11253.000000
367.425000	11100.000000
367.430000	10627.000000
367.435000	11242.000000
367.440000	11396.000000
367.445000	11296.000000
367.450000	11770.000000
367.455000	11975.000000
367.460000	12368.000000
367.465000	12050.000000
367.470000	11734.000000
367.475000	11554.000000
367.480000	12296.000000
367.485000	11781.000000
367.490000	13162.000000
367.495000	11837.000000
367.500000	12830.000000
367.505000	12743.000000
367.510000	12942.000000
367.515000	13056.000000
367.520000	13224.000000
367.525000	13280.000000
367.530000	13370.000000
367.535000	13591.000000
367.540000	13512.000000
367.545000	14471.000000
367.550000	14631.000000
367.555000	14885.000000
367.560000	14610.000000
367.565000	13961.000000
367.570000	14154.000000
367.575000	14920.000000
367.580000	15349.000000
367.585000	15231.000000
367.590000	14757.000000
367.595000	15825.000000
367.600000	14984.000000
367.605000	14960.000000
367.610000	16155.000000
367.615000	15876.000000
367.620000	15829.000000
367.625000	15967.000000
367.630000	16066.000000
367.635000	16336.000000
367.640000	15515.000000
367.645000	16153.000000
367.650000	16723.000000
367.655000	17113.000000
367.660000	17675.000000
367.665000	17772.000000
367.670000	17300.000000
367.675000	17814.000000
367.680000	17443.000000
367.685000	17638.000000
367.690000	18665.000000
367.695000	17736.000000
367.700000	18478.000000
367.705000	18243.000000
367.710000	18815.000000
367.715000	19338.000000
367.720000	20463.000000
367.725000	19331.000000
367.730000	19778.000000
367.735000	19120.000000
367.740000	20650.000000
367.745000	20874.000000
367.750000	21248.000000
367.755000	21923.000000
367.760000	22646.000000
367.765000	22554.000000
367.770000	22776.000000
367.775000	22632.000000
367.780000	22650.000000
367.785000	23942.000000
367.790000	23611.000000
367.795000	24909.000000
367.800000	25395.000000
367.805000	25287.000000
367.810000	25795.000000
367.815000	26520.000000
367.820000	25874.000000
367.825000	27036.000000
367.830000	28125.000000
367.835000	28250.000000
367.840000	29449.000000
367.845000	29556.000000
367.850000	30662.000000
367.855000	30462.000000
367.860000	31660.000000
367.865000	32146.000000
367.870000	32395.000000
367.875000	33633.000000
367.880000	33934.000000
367.885000	35920.000000
367.890000	36386.000000
367.895000	36709.000000
367.900000	38485.000000
367.905000	38322.000000
367.910000	40466.000000
367.915000	40247.000000
367.920000	39788.000000
367.925000	40530.000000
367.930000	42908.000000
367.935000	43879.000000
367.940000	44814.000000
367.945000	46635.000000
367.950000	46362.000000
367.955000	46661.000000
367.960000	47501.000000
367.965000	50471.000000
367.970000	49444.000000
367.975000	52304.000000
367.980000	51859.000000
367.985000	52702.000000
367.990000	53963.000000
367.995000	56139.000000
368.000000	57847.000000
368.005000	58213.000000
368.010000	59279.000000
368.015000	59544.000000
368.020000	61965.000000
368.025000	63017.000000
368.030000	64796.000000
368.035000	66085.000000
368.040000	66586.000000
368.045000	67850.000000
368.050000	70157.000000
368.055000	72718.000000
368.060000	71944.000000
368.065000	72443.000000
368.070000	75492.000000
368.075000	75705.000000
368.080000	76634.000000
368.085000	75504.000000
368.090000	78622.000000
368.095000	77643.000000
368.100000	78475.000000
368.105000	79638.000000
368.110000	80477.000000
368.115000	83396.000000
368.120000	83248.000000
368.125000	81650.000000
368.130000	82880.000000
368.135000	83893.000000
368.140000	83844.000000
368.145000	83847.000000
368.150000	83736.000000
368.155000	84196.000000
368.160000	85393.000000
368.165000	84668.000000
368.170000	85240.000000
368.175000	85432.000000
368.180000	84235.000000
368.185000	83350.000000
368.190000	82568.000000
368.195000	83937.000000
368.200000	83043.000000
368.205000	82309.000000
368.210000	80010.000000
368.215000	80118.000000
368.220000	76973.000000
368.225000	79010.000000
368.230000	79905.000000
368.235000	78202.000000
368.240000	74570.000000
368.245000	73814.000000
368.250000	72419.000000
368.255000	69959.000000
368.260000	70178.000000
368.265000	67921.000000
368.270000	67032.000000
368.275000	67756.000000
368.280000	66034.000000
368.285000	65287.000000
368.290000	62660.000000
368.295000	62499.000000
368.300000	60281.000000
368.305000	59854.000000
368.310000	58203.000000
368.315000	56937.000000
368.320000	55979.000000
368.325000	54375.000000
368.330000	52288.000000
368.335000	52213.000000
368.340000	48736.000000
368.345000	50197.000000
368.350000	47426.000000
368.355000	47395.000000
368.360000	47687.000000
368.365000	45355.000000
368.370000	45728.000000
368.375000	44279.000000
368.380000	42970.000000
368.385000	42140.000000
368.390000	41915.000000
368.395000	41125.000000
368.400000	40126.000000
368.405000	40235.000000
368.410000	38814.000000
368.415000	38193.000000
368.420000	37159.000000
368.425000	36974.000000
368.430000	37035.000000
368.435000	34970.000000
368.440000	34945.000000
368.445000	34333.000000
368.450000	34996.000000
368.455000	33690.000000
368.460000	32879.000000
368.465000	33705.000000
368.470000	32652.000000
368.475000	33694.000000
368.480000	32132.000000
368.485000	32590.000000
368.490000	31169.000000
368.495000	29983.000000
368.500000	30788.000000
368.505000	29597.000000
368.510000	29809.000000
368.515000	29253.000000
368.520000	28944.000000
368.525000	29089.000000
368.530000	28759.000000
368.535000	28156.000000
368.540000	28489.000000
368.545000	27484.000000
368.550000	26547.000000
368.555000	27045.000000
368.560000	27103.000000
368.565000	26869.000000
368.570000	26389.000000
368.575000	26636.000000
368.580000	26026.000000
368.585000	25804.000000
368.590000	26241.000000
368.595000	25704.000000
368.600000	25175.000000
368.605000	25855.000000
368.610000	24920.000000
368.615000	24592.000000
368.620000	23725.000000
368.625000	23719.000000
368.630000	23564.000000
368.635000	23821.000000
368.640000	23381.000000
368.645000	22213.000000
368.650000	22427.000000
368.655000	22709.000000
368.660000	22224.000000
368.665000	21932.000000
368.670000	21944.000000
368.675000	22329.000000
368.680000	22610.000000
368.685000	21870.000000
368.690000	22268.000000
368.695000	22290.000000
368.700000	21501.000000
368.705000	21668.000000
368.710000	21030.000000
368.715000	21941.000000
368.720000	22210.000000
368.725000	21762.000000
368.730000	21585.000000
368.735000	22930.000000
368.740000	22584.000000
368.745000	23731.000000
368.750000	23677.000000
368.755000	23845.000000
368.760000	26037.000000
368.765000	26974.000000
368.770000	29022.000000
368.775000	27633.000000
368.780000	25735.000000
368.785000	24598.000000
368.790000	23431.000000
368.795000	22083.000000
368.800000	21175.000000
368.805000	20492.000000
368.810000	19893.000000
368.815000	19043.000000
368.820000	19001.000000
368.825000	18039.000000
368.830000	19054.000000
368.835000	17203.000000
368.840000	17881.000000
368.845000	17808.000000
368.850000	17939.000000
368.855000	17305.000000
368.860000	17074.000000
368.865000	17086.000000
368.870000	16581.000000
368.875000	17660.000000
368.880000	17258.000000
368.885000	17066.000000
368.890000	18118.000000
368.895000	17713.000000
368.900000	18564.000000
368.905000	17255.000000
368.910000	18500.000000
368.915000	19415.000000
368.920000	19417.000000
368.925000	19108.000000
368.930000	18093.000000
368.935000	17935.000000
368.940000	17092.000000
368.945000	16731.000000
368.950000	15560.000000
368.955000	15284.000000
368.960000	15078.000000
368.965000	15534.000000
368.970000	15186.000000
368.975000	14800.000000
368.980000	13640.000000
368.985000	14112.000000
368.990000	14097.000000
368.995000	13748.000000
369.000000	14109.000000
369.005000	14194.000000
369.010000	13807.000000
369.015000	13995.000000
369.020000	13551.000000
369.025000	13558.000000
369.030000	13887.000000
369.035000	12758.000000
369.040000	13961.000000
369.045000	13627.000000
369.050000	13467.000000
369.055000	13466.000000
369.060000	13280.000000
369.065000	13570.000000
369.070000	13355.000000
369.075000	13571.000000
369.080000	13020.000000
369.085000	13100.000000
369.090000	12921.000000
369.095000	13070.000000
369.100000	13103.000000
369.105000	13251.000000
369.110000	14066.000000
369.115000	13577.000000
369.120000	12852.000000
369.125000	13652.000000
369.130000	13559.000000
369.135000	12980.000000
369.140000	13054.000000
369.145000	12963.000000
369.150000	14168.000000
369.155000	14398.000000
369.160000	14021.000000
369.165000	14285.000000
369.170000	14568.000000
369.175000	14891.000000
369.180000	15472.000000
369.185000	15516.000000
369.190000	15780.000000
369.195000	17066.000000
369.200000	18640.000000
369.205000	19451.000000
369.210000	20628.000000
369.215000	23017.000000
369.220000	26024.000000
369.225000	29328.000000
369.230000	31552.000000
369.235000	38143.000000
369.240000	45683.000000
369.245000	58606.000000
369.250000	82940.000000
369.255000	92593.000000
369.260000	80072.000000
369.265000	63613.000000
369.270000	52869.000000
369.275000	41942.000000
369.280000	36145.000000
369.285000	30098.000000
369.290000	26689.000000
369.295000	24493.000000
369.300000	22719.000000
369.305000	20210.000000
369.310000	19028.000000
369.315000	16725.000000
369.320000	16410.000000
369.325000	16080.000000
369.330000	15669.000000
369.335000	14683.000000
369.340000	14332.000000
369.345000	13299.000000
369.350000	13339.000000
369.355000	12874.000000
369.360000	12441.000000
369.365000	11669.000000
369.370000	12090.000000
369.375000	11439.000000
369.380000	11369.000000
369.385000	10898.000000
369.390000	11029.000000
369.395000	10716.000000
369.400000	10508.000000
369.405000	10316.000000
369.410000	10687.000000
369.415000	10528.000000
369.420000	10513.000000
369.425000	9863.000000
369.430000	9904.000000
369.435000	9696.000000
369.440000	9243.000000
369.445000	9571.000000
369.450000	9118.000000
369.455000	9653.000000
369.460000	9126.000000
369.465000	8355.000000
369.470000	8412.000000
369.475000	8416.000000
369.480000	8693.000000
369.485000	8647.000000
369.490000	8224.000000
369.495000	8198.000000
369.500000	8395.000000
369.505000	8901.000000
369.510000	8257.000000
369.515000	8730.000000
369.520000	8480.000000
369.525000	8207.000000
369.530000	8084.000000
369.535000	7818.000000
369.540000	8622.000000
369.545000	7923.000000
369.550000	7737.000000
369.555000	7532.000000
369.560000	7712.000000
369.565000	7637.000000
369.570000	7761.000000
369.575000	7314.000000
369.580000	7638.000000
369.585000	7421.000000
369.590000	7380.000000
369.595000	6918.000000
369.600000	7064.000000
369.605000	7089.000000
369.610000	6823.000000
369.615000	7099.000000
369.620000	7399.000000
369.625000	6536.000000
369.630000	6996.000000
369.635000	6850.000000
369.640000	7122.000000
369.645000	6790.000000
369.650000	6965.000000
369.655000	6525.000000
369.660000	6979.000000
369.665000	6843.000000
369.670000	7061.000000
369.675000	6796.000000
369.680000	6147.000000
369.685000	6773.000000
369.690000	6565.000000
369.695000	6330.000000
369.700000	5937.000000
369.705000	6575.000000
369.710000	6046.000000
369.715000	6072.000000
369.720000	6503.000000
369.725000	6900.000000
369.730000	5863.000000
369.735000	6062.000000
369.740000	6044.000000
369.745000	6279.000000
369.750000	5798.000000
369.755000	6012.000000
369.760000	6121.000000
369.765000	5895.000000
369.770000	5746.000000
369.775000	5714.000000
369.780000	6068.000000
369.785000	5463.000000
369.790000	5854.000000
369.795000	5404.000000
369.800000	5380.000000
369.805000	5831.000000
369.810000	5502.000000
369.815000	5202.000000
369.820000	5696.000000
369.825000	5536.000000
369.830000	5490.000000
369.835000	5382.000000
369.840000	5047.000000
369.845000	5147.000000
369.850000	5973.000000
369.855000	5408.000000
369.860000	5161.000000
369.865000	5368.000000
369.870000	5148.000000
369.875000	5260.000000
369.880000	4822.000000
369.885000	5545.000000
369.890000	5680.000000
369.895000	4874.000000
369.900000	5579.000000
369.905000	4818.000000
369.910000	5279.000000
369.915000	5266.000000
369.920000	5495.000000
369.925000	4951.000000
369.930000	5330.000000
369.935000	5099.000000
369.940000	4715.000000
369.945000	5133.000000
369.950000	5116.000000
369.955000	4761.000000
369.960000	4615.000000
369.965000	4830.000000
369.970000	4704.000000
369.975000	4662.000000
369.980000	5127.000000
369.985000	4442.000000
369.990000	4883.000000
369.995000	4454.000000
370.000000	4766.000000
370.005000	4643.000000
370.010000	4761.000000
370.015000	4651.000000
370.020000	4938.000000
370.025000	4448.000000
370.030000	4622.000000
370.035000	4546.000000
370.040000	4645.000000
370.045000	4342.000000
370.050000	4341.000000
370.055000	4247.000000
370.060000	4868.000000
370.065000	4064.000000
370.070000	4600.000000
370.075000	5021.000000
370.080000	4450.000000
370.085000	4163.000000
370.090000	4317.000000
370.095000	4512.000000
370.100000	3869.000000
370.105000	4453.000000
370.110000	4168.000000
370.115000	4329.000000
370.120000	4592.000000
370.125000	4344.000000
370.130000	4435.000000
370.135000	4347.000000
370.140000	4124.000000
370.145000	4447.000000
370.150000	4036.000000
370.155000	4133.000000
370.160000	4196.000000
370.165000	4023.000000
370.170000	4629.000000
370.175000	4185.000000
370.180000	4413.000000
370.185000	4008.000000
370.190000	4240.000000
370.195000	4097.000000
370.200000	4152.000000
370.205000	4141.000000
370.210000	4536.000000
370.215000	4276.000000
370.220000	3788.000000
370.225000	4234.000000
370.230000	4093.000000
370.235000	4240.000000
370.240000	4150.000000
370.245000	3963.000000
370.250000	4228.000000
370.255000	3829.000000
370.260000	4037.000000
370.265000	3651.000000
370.270000	4118.000000
370.275000	4133.000000
370.280000	3855.000000
370.285000	4079.000000
370.290000	3816.000000
370.295000	3530.000000
370.300000	4046.000000
370.305000	3994.000000
370.310000	3917.000000
370.315000	3711.000000
370.320000	4081.000000
370.325000	3739.000000
370.330000	3566.000000
370.335000	3814.000000
370.340000	3712.000000
370.345000	3438.000000
370.350000	3518.000000
370.355000	4146.000000
370.360000	3831.000000
370.365000	3844.000000
370.370000	3613.000000
370.375000	3391.000000
370.380000	3682.000000
370.385000	3723.000000
370.390000	3132.000000
370.395000	3313.000000
370.400000	3708.000000
370.405000	3888.000000
370.410000	4061.000000
370.415000	3500.000000
370.420000	4288.000000
370.425000	3806.000000
370.430000	3796.000000
370.435000	3417.000000
370.440000	3608.000000
370.445000	3703.000000
370.450000	3457.000000
370.455000	3274.000000
370.460000	3896.000000
370.465000	3484.000000
370.470000	3564.000000
370.475000	3126.000000
370.480000	3701.000000
370.485000	3486.000000
370.490000	3732.000000
370.495000	3356.000000
370.500000	3380.000000
370.505000	4114.000000
370.510000	3122.000000
370.515000	3300.000000
370.520000	3612.000000
370.525000	3341.000000
370.530000	3414.000000
370.535000	3162.000000
370.540000	3330.000000
370.545000	3328.000000
370.550000	3442.000000
370.555000	3417.000000
370.560000	3128.000000
370.565000	3150.000000
370.570000	3173.000000
370.575000	3335.000000
370.580000	3284.000000
370.585000	3192.000000
370.590000	3101.000000
370.595000	3196.000000
370.600000	3633.000000
370.605000	3365.000000
370.610000	3523.000000
370.615000	3396.000000
370.620000	3338.000000
370.625000	2956.000000
370.630000	3511.000000
370.635000	3454.000000
370.640000	3305.000000
370.645000	3217.000000
370.650000	3210.000000
370.655000	3305.000000
370.660000	2934.000000
370.665000	3418.000000
370.670000	3531.000000
370.675000	3295.000000
370.680000	3356.000000
370.685000	3384.000000
370.690000	3064.000000
370.695000	3075.000000
370.700000	3546.000000
370.705000	3580.000000
370.710000	3437.000000
370.715000	3318.000000
370.720000	3237.000000
370.725000	3066.000000
370.730000	3322.000000
370.735000	2960.000000
370.740000	3155.000000
370.745000	3094.000000
370.750000	3008.000000
370.755000	2963.000000
370.760000	3136.000000
370.765000	2769.000000
370.770000	3118.000000
370.775000	3363.000000
370.780000	3495.000000
370.785000	3191.000000
370.790000	2996.000000
370.795000	2867.000000
370.800000	3093.000000
370.805000	3335.000000
370.810000	2904.000000
370.815000	2903.000000
370.820000	2936.000000
370.825000	2891.000000
370.830000	3210.000000
370.835000	2691.000000
370.840000	3208.000000
370.845000	2798.000000
370.850000	3249.000000
370.855000	2906.000000
370.860000	2798.000000
370.865000	2877.000000
370.870000	3092.000000
370.875000	2827.000000
370.880000	2955.000000
370.885000	2789.000000
370.890000	3229.000000
370.895000	3190.000000
370.900000	2943.000000
370.905000	3001.000000
370.910000	2771.000000
370.915000	2805.000000
370.920000	2903.000000
370.925000	2894.000000
370.930000	2881.000000
370.935000	3122.000000
370.940000	2613.000000
370.945000	2791.000000
370.950000	2709.000000
370.955000	2923.000000
370.960000	3001.000000
370.965000	2743.000000
370.970000	2741.000000
370.975000	3318.000000
370.980000	2948.000000
370.985000	3119.000000
370.990000	2727.000000
370.995000	3028.000000
371.000000	2789.000000
371.005000	2896.000000
371.010000	2774.000000
371.015000	2669.000000
371.020000	2548.000000
371.025000	2700.000000
371.030000	2751.000000
371.035000	3108.000000
371.040000	2770.000000
371.045000	3066.000000
371.050000	3092.000000
371.055000	2968.000000
371.060000	3249.000000
371.065000	2917.000000
371.070000	2708.000000
371.075000	2982.000000
371.080000	2998.000000
371.085000	2973.000000
371.090000	2886.000000
371.095000	2475.000000
371.100000	2936.000000
371.105000	2903.000000
371.110000	2876.000000
371.115000	2939.000000
371.120000	2761.000000
371.125000	2772.000000
371.130000	2756.000000
371.135000	2817.000000
371.140000	2785.000000
371.145000	2834.000000
371.150000	2999.000000
371.155000	2664.000000
371.160000	2965.000000
371.165000	2992.000000
371.170000	2756.000000
371.175000	2923.000000
371.180000	2990.000000
371.185000	2656.000000
371.190000	2593.000000
371.195000	2460.000000
371.200000	2857.000000
371.205000	2934.000000
371.210000	2662.000000
371.215000	2895.000000
371.220000	2569.000000
371.225000	2666.000000
371.230000	2722.000000
371.235000	2703.000000
371.240000	2887.000000
371.245000	2910.000000
371.250000	2987.000000
371.255000	2613.000000
371.260000	2915.000000
371.265000	2478.000000
371.270000	2747.000000
371.275000	2804.000000
371.280000	2712.000000
371.285000	2957.000000
371.290000	2813.000000
371.295000	2651.000000
371.300000	2734.000000
371.305000	2777.000000
371.310000	2660.000000
371.315000	3170.000000
371.320000	3029.000000
371.325000	2900.000000
371.330000	2763.000000
371.335000	2642.000000
371.340000	2752.000000
371.345000	2780.000000
371.350000	2800.000000
371.355000	2635.000000
371.360000	2588.000000
371.365000	2797.000000
371.370000	2610.000000
371.375000	2628.000000
371.380000	2633.000000
371.385000	2938.000000
371.390000	2937.000000
371.395000	2740.000000
371.400000	2644.000000
371.405000	2728.000000
371.410000	2748.000000
371.415000	2647.000000
371.420000	2878.000000
371.425000	2567.000000
371.430000	2653.000000
371.435000	2722.000000
371.440000	2723.000000
371.445000	2577.000000
371.450000	2689.000000
371.455000	2880.000000
371.460000	2631.000000
371.465000	2782.000000
371.470000	3008.000000
371.475000	2704.000000
371.480000	2543.000000
371.485000	2508.000000
371.490000	2797.000000
371.495000	2771.000000
371.500000	3032.000000
371.505000	2985.000000
371.510000	2528.000000
371.515000	2800.000000
371.520000	2854.000000
371.525000	2787.000000
371.530000	2630.000000
371.535000	2663.000000
371.540000	3043.000000
371.545000	2777.000000
371.550000	2682.000000
371.555000	2536.000000
371.560000	2501.000000
371.565000	2484.000000
371.570000	2715.000000
371.575000	2572.000000
371.580000	2677.000000
371.585000	2456.000000
371.590000	2907.000000
371.595000	2558.000000
371.600000	3018.000000
371.605000	2789.000000
371.610000	2696.000000
371.615000	2505.000000
371.620000	2747.000000
371.625000	3004.000000
371.630000	2694.000000
371.635000	2883.000000
371.640000	2871.000000
371.645000	2993.000000
371.650000	2799.000000
371.655000	2955.000000
371.660000	2849.000000
371.665000	2904.000000
371.670000	2910.000000
371.675000	2981.000000
371.680000	2614.000000
371.685000	2879.000000
371.690000	3230.000000
371.695000	2674.000000
371.700000	2881.000000
371.705000	2615.000000
371.710000	2729.000000
371.715000	2745.000000
371.720000	2702.000000
371.725000	3013.000000
371.730000	2841.000000
371.735000	2994.000000
371.740000	2858.000000
371.745000	2806.000000
371.750000	3069.000000
371.755000	2968.000000
371.760000	2951.000000
371.765000	3032.000000
371.770000	3034.000000
371.775000	2792.000000
371.780000	2841.000000
371.785000	2668.000000
371.790000	2940.000000
371.795000	2926.000000
371.800000	2687.000000
371.805000	3014.000000
371.810000	2955.000000
371.815000	3176.000000
371.820000	3082.000000
371.825000	3145.000000
371.830000	3217.000000
371.835000	3237.000000
371.840000	3164.000000
371.845000	2914.000000
371.850000	3106.000000
371.855000	3082.000000
371.860000	3143.000000
371.865000	3502.000000
371.870000	3551.000000
371.875000	3247.000000
371.880000	3345.000000
371.885000	3770.000000
371.890000	3618.000000
371.895000	4022.000000
371.900000	3897.000000
371.905000	4048.000000
371.910000	4319.000000
371.915000	4254.000000
371.920000	5088.000000
371.925000	5161.000000
371.930000	4955.000000
371.935000	4463.000000
371.940000	3998.000000
371.945000	3662.000000
371.950000	3594.000000
371.955000	3421.000000
371.960000	3457.000000
371.965000	3036.000000
371.970000	3446.000000
371.975000	3269.000000
371.980000	3005.000000
371.985000	2946.000000
371.990000	3007.000000
371.995000	3219.000000
372.000000	2982.000000
372.005000	3271.000000
372.010000	3222.000000
372.015000	2736.000000
372.020000	2987.000000
372.025000	3396.000000
372.030000	3184.000000
372.035000	3018.000000
372.040000	3090.000000
372.045000	3127.000000
372.050000	2995.000000
372.055000	3227.000000
372.060000	3054.000000
372.065000	3259.000000
372.070000	2858.000000
372.075000	2817.000000
372.080000	2958.000000
372.085000	3119.000000
372.090000	3106.000000
372.095000	2864.000000
372.100000	3088.000000
372.105000	2893.000000
372.110000	3172.000000
372.115000	2877.000000
372.120000	2980.000000
372.125000	2948.000000
372.130000	3222.000000
372.135000	3241.000000
372.140000	2798.000000
372.145000	2686.000000
372.150000	3016.000000
372.155000	3324.000000
372.160000	3195.000000
372.165000	2980.000000
372.170000	2890.000000
372.175000	3112.000000
372.180000	2710.000000
372.185000	3266.000000
372.190000	2932.000000
372.195000	2939.000000
372.200000	2951.000000
372.205000	2950.000000
372.210000	3069.000000
372.215000	2562.000000
372.220000	2653.000000
372.225000	2546.000000
372.230000	2589.000000
372.235000	2625.000000
372.240000	2566.000000
372.245000	2723.000000
372.250000	2700.000000
372.255000	2657.000000
372.260000	2885.000000
372.265000	2861.000000
372.270000	3168.000000
372.275000	2773.000000
372.280000	2935.000000
372.285000	2764.000000
372.290000	2583.000000
372.295000	2800.000000
372.300000	2264.000000
