Sample ID:		H1101b 20um slit Chris
Start Time:		Fri Jun 26 2020 2:28:11 PM
Averaging Time:		1.000s

368.000000	53055.000000
368.005000	53687.000000
368.010000	53754.000000
368.015000	53111.000000
368.020000	52315.000000
368.025000	51365.000000
368.030000	50364.000000
368.035000	51890.000000
368.040000	49950.000000
368.045000	49425.000000
368.050000	49594.000000
368.055000	49872.000000
368.060000	46935.000000
368.065000	47420.000000
368.070000	46320.000000
368.075000	45529.000000
368.080000	45875.000000
368.085000	44157.000000
368.090000	44581.000000
368.095000	42518.000000
368.100000	42109.000000
368.105000	41977.000000
368.110000	41379.000000
368.115000	40413.000000
368.120000	41219.000000
368.125000	41701.000000
368.130000	39691.000000
368.135000	38837.000000
368.140000	38704.000000
368.145000	36885.000000
368.150000	36642.000000
368.155000	37403.000000
368.160000	36258.000000
368.165000	36080.000000
368.170000	34696.000000
368.175000	35072.000000
368.180000	34498.000000
368.185000	34713.000000
368.190000	33323.000000
368.195000	33091.000000
368.200000	32363.000000
368.205000	31961.000000
368.210000	32320.000000
368.215000	30841.000000
368.220000	31185.000000
368.225000	30930.000000
368.230000	30793.000000
368.235000	31499.000000
368.240000	30802.000000
368.245000	30205.000000
368.250000	30131.000000
368.255000	30199.000000
368.260000	28706.000000
368.265000	29010.000000
368.270000	28184.000000
368.275000	28844.000000
368.280000	28266.000000
368.285000	28426.000000
368.290000	28130.000000
368.295000	27166.000000
368.300000	27704.000000
368.305000	27819.000000
368.310000	26263.000000
368.315000	26897.000000
368.320000	27474.000000
368.325000	25781.000000
368.330000	26514.000000
368.335000	26632.000000
368.340000	25946.000000
368.345000	26713.000000
368.350000	26329.000000
368.355000	26265.000000
368.360000	25870.000000
368.365000	25223.000000
368.370000	25079.000000
368.375000	25182.000000
368.380000	24721.000000
368.385000	24593.000000
368.390000	24014.000000
368.395000	23985.000000
368.400000	25233.000000
368.405000	24320.000000
368.410000	25664.000000
368.415000	25206.000000
368.420000	25464.000000
368.425000	24353.000000
368.430000	23683.000000
368.435000	25186.000000
368.440000	23468.000000
368.445000	23885.000000
368.450000	24544.000000
368.455000	23509.000000
368.460000	23757.000000
368.465000	22496.000000
368.470000	22683.000000
368.475000	23020.000000
368.480000	22536.000000
368.485000	23769.000000
368.490000	23805.000000
368.495000	21766.000000
368.500000	22868.000000
368.505000	22153.000000
368.510000	22233.000000
368.515000	22142.000000
368.520000	21892.000000
368.525000	21751.000000
368.530000	21792.000000
368.535000	22815.000000
368.540000	22024.000000
368.545000	21662.000000
368.550000	21700.000000
368.555000	21507.000000
368.560000	22046.000000
368.565000	22209.000000
368.570000	21722.000000
368.575000	21690.000000
368.580000	20468.000000
368.585000	20772.000000
368.590000	21819.000000
368.595000	22088.000000
368.600000	22545.000000
368.605000	21590.000000
368.610000	21748.000000
368.615000	21243.000000
368.620000	21699.000000
368.625000	21373.000000
368.630000	20555.000000
368.635000	20561.000000
368.640000	21078.000000
368.645000	21334.000000
368.650000	20039.000000
368.655000	19456.000000
368.660000	19976.000000
368.665000	19950.000000
368.670000	19873.000000
368.675000	19276.000000
368.680000	19903.000000
368.685000	20168.000000
368.690000	20075.000000
368.695000	20055.000000
368.700000	20478.000000
368.705000	20463.000000
368.710000	19191.000000
368.715000	19496.000000
368.720000	19854.000000
368.725000	20584.000000
368.730000	21066.000000
368.735000	20963.000000
368.740000	21665.000000
368.745000	21809.000000
368.750000	21716.000000
368.755000	20973.000000
368.760000	20711.000000
368.765000	19799.000000
368.770000	19395.000000
368.775000	19080.000000
368.780000	19132.000000
368.785000	20054.000000
368.790000	19268.000000
368.795000	18701.000000
368.800000	18223.000000
368.805000	18731.000000
368.810000	17987.000000
368.815000	17791.000000
368.820000	18849.000000
368.825000	18975.000000
368.830000	17877.000000
368.835000	18207.000000
368.840000	18425.000000
368.845000	18137.000000
368.850000	17854.000000
368.855000	18505.000000
368.860000	19016.000000
368.865000	18148.000000
368.870000	18273.000000
368.875000	17993.000000
368.880000	18418.000000
368.885000	17535.000000
368.890000	18209.000000
368.895000	17796.000000
368.900000	17599.000000
368.905000	18068.000000
368.910000	17518.000000
368.915000	17778.000000
368.920000	17265.000000
368.925000	16732.000000
368.930000	17406.000000
368.935000	18294.000000
368.940000	17377.000000
368.945000	17555.000000
368.950000	16513.000000
368.955000	16458.000000
368.960000	17947.000000
368.965000	17880.000000
368.970000	18305.000000
368.975000	17281.000000
368.980000	17422.000000
368.985000	16700.000000
368.990000	17374.000000
368.995000	17917.000000
369.000000	17738.000000
369.005000	17970.000000
369.010000	18278.000000
369.015000	18513.000000
369.020000	19264.000000
369.025000	18860.000000
369.030000	19784.000000
369.035000	19941.000000
369.040000	20711.000000
369.045000	21832.000000
369.050000	22709.000000
369.055000	23991.000000
369.060000	26692.000000
369.065000	29025.000000
369.070000	35624.000000
369.075000	42386.000000
369.080000	52313.000000
369.085000	50178.000000
369.090000	40319.000000
369.095000	34146.000000
369.100000	31658.000000
369.105000	28621.000000
369.110000	23969.000000
369.115000	23630.000000
369.120000	22629.000000
369.125000	21902.000000
369.130000	21448.000000
369.135000	21078.000000
369.140000	20523.000000
369.145000	19994.000000
369.150000	19225.000000
369.155000	18577.000000
369.160000	18666.000000
369.165000	18146.000000
369.170000	17769.000000
369.175000	18389.000000
369.180000	17393.000000
369.185000	16452.000000
369.190000	17392.000000
369.195000	16801.000000
369.200000	16659.000000
369.205000	16843.000000
369.210000	17072.000000
369.215000	15544.000000
369.220000	16379.000000
369.225000	15824.000000
369.230000	15890.000000
369.235000	15634.000000
369.240000	16124.000000
369.245000	15652.000000
369.250000	15561.000000
369.255000	16350.000000
369.260000	15509.000000
369.265000	15643.000000
369.270000	15335.000000
369.275000	15672.000000
369.280000	14938.000000
369.285000	16167.000000
369.290000	14983.000000
369.295000	14354.000000
369.300000	14384.000000
369.305000	14649.000000
369.310000	14542.000000
369.315000	14226.000000
369.320000	14904.000000
369.325000	13663.000000
369.330000	14570.000000
369.335000	14733.000000
369.340000	14391.000000
369.345000	13902.000000
369.350000	13853.000000
369.355000	14377.000000
369.360000	14493.000000
369.365000	13973.000000
369.370000	13978.000000
369.375000	14360.000000
369.380000	13759.000000
369.385000	13820.000000
369.390000	13580.000000
369.395000	13790.000000
369.400000	13624.000000
369.405000	13387.000000
369.410000	12978.000000
369.415000	13898.000000
369.420000	13487.000000
369.425000	13767.000000
369.430000	13222.000000
369.435000	14039.000000
369.440000	13142.000000
369.445000	12567.000000
369.450000	13050.000000
369.455000	13180.000000
369.460000	13966.000000
369.465000	13280.000000
369.470000	13048.000000
369.475000	12946.000000
369.480000	13399.000000
369.485000	13437.000000
369.490000	12768.000000
369.495000	12600.000000
369.500000	12493.000000
369.505000	12337.000000
369.510000	12358.000000
369.515000	12815.000000
369.520000	11964.000000
369.525000	12286.000000
369.530000	13166.000000
369.535000	12035.000000
369.540000	12416.000000
369.545000	12734.000000
369.550000	12914.000000
369.555000	12432.000000
369.560000	12509.000000
369.565000	12383.000000
369.570000	12237.000000
369.575000	12253.000000
369.580000	12018.000000
369.585000	12572.000000
369.590000	12409.000000
369.595000	12064.000000
369.600000	12332.000000
369.605000	12300.000000
369.610000	12113.000000
369.615000	11863.000000
369.620000	11724.000000
369.625000	11995.000000
369.630000	11328.000000
369.635000	11976.000000
369.640000	12313.000000
369.645000	12308.000000
369.650000	11580.000000
369.655000	12522.000000
369.660000	12370.000000
369.665000	12055.000000
369.670000	11630.000000
369.675000	11463.000000
369.680000	11786.000000
369.685000	11042.000000
369.690000	11279.000000
369.695000	11622.000000
369.700000	11800.000000
369.705000	11473.000000
369.710000	11002.000000
369.715000	10977.000000
369.720000	11029.000000
369.725000	11040.000000
369.730000	11535.000000
369.735000	11105.000000
369.740000	10874.000000
369.745000	11706.000000
369.750000	10934.000000
369.755000	10771.000000
369.760000	11248.000000
369.765000	11318.000000
369.770000	11670.000000
369.775000	11640.000000
369.780000	10459.000000
369.785000	10773.000000
369.790000	11617.000000
369.795000	11010.000000
369.800000	11277.000000
369.805000	11209.000000
369.810000	10855.000000
369.815000	10988.000000
369.820000	10763.000000
369.825000	10900.000000
369.830000	10576.000000
369.835000	10751.000000
369.840000	11180.000000
369.845000	10863.000000
369.850000	10732.000000
369.855000	10576.000000
369.860000	10664.000000
369.865000	10941.000000
369.870000	10651.000000
369.875000	10525.000000
369.880000	10577.000000
369.885000	10549.000000
369.890000	10797.000000
369.895000	11004.000000
369.900000	10279.000000
369.905000	10574.000000
369.910000	9785.000000
369.915000	10583.000000
369.920000	10609.000000
369.925000	10872.000000
369.930000	10086.000000
369.935000	9813.000000
369.940000	10261.000000
369.945000	9516.000000
369.950000	10099.000000
369.955000	10646.000000
369.960000	9878.000000
369.965000	10258.000000
369.970000	9871.000000
369.975000	10206.000000
369.980000	10067.000000
369.985000	9806.000000
369.990000	9785.000000
369.995000	9661.000000
370.000000	9959.000000
