Sample ID:		H1101b 20um slit Chris
Start Time:		Fri Jun 26 2020 4:10:59 PM
Averaging Time:		1.000s

366.500000	53.000000
366.505000	58.000000
366.510000	93.000000
366.515000	95.000000
366.520000	93.000000
366.525000	70.000000
366.530000	115.000000
366.535000	86.000000
366.540000	98.000000
366.545000	124.000000
366.550000	91.000000
366.555000	109.000000
366.560000	103.000000
366.565000	78.000000
366.570000	81.000000
366.575000	103.000000
366.580000	76.000000
366.585000	99.000000
366.590000	89.000000
366.595000	100.000000
366.600000	130.000000
366.605000	46.000000
366.610000	58.000000
366.615000	111.000000
366.620000	59.000000
366.625000	128.000000
366.630000	82.000000
366.635000	110.000000
366.640000	101.000000
366.645000	161.000000
366.650000	60.000000
366.655000	85.000000
366.660000	131.000000
366.665000	69.000000
366.670000	76.000000
366.675000	153.000000
366.680000	70.000000
366.685000	110.000000
366.690000	159.000000
366.695000	128.000000
366.700000	88.000000
366.705000	116.000000
366.710000	159.000000
366.715000	117.000000
366.720000	94.000000
366.725000	158.000000
366.730000	89.000000
366.735000	163.000000
366.740000	86.000000
366.745000	159.000000
366.750000	154.000000
366.755000	150.000000
366.760000	105.000000
366.765000	147.000000
366.770000	134.000000
366.775000	121.000000
366.780000	178.000000
366.785000	146.000000
366.790000	195.000000
366.795000	102.000000
366.800000	188.000000
366.805000	150.000000
366.810000	109.000000
366.815000	208.000000
366.820000	195.000000
366.825000	249.000000
366.830000	154.000000
366.835000	161.000000
366.840000	231.000000
366.845000	202.000000
366.850000	209.000000
366.855000	275.000000
366.860000	235.000000
366.865000	299.000000
366.870000	288.000000
366.875000	267.000000
366.880000	307.000000
366.885000	209.000000
366.890000	440.000000
366.895000	453.000000
366.900000	336.000000
366.905000	515.000000
366.910000	498.000000
366.915000	564.000000
366.920000	488.000000
366.925000	640.000000
366.930000	648.000000
366.935000	829.000000
366.940000	796.000000
366.945000	791.000000
366.950000	912.000000
366.955000	1004.000000
366.960000	980.000000
366.965000	941.000000
366.970000	937.000000
366.975000	984.000000
366.980000	934.000000
366.985000	941.000000
366.990000	847.000000
366.995000	1063.000000
367.000000	865.000000
367.005000	1066.000000
367.010000	866.000000
367.015000	952.000000
367.020000	840.000000
367.025000	1049.000000
367.030000	1129.000000
367.035000	949.000000
367.040000	895.000000
367.045000	1076.000000
367.050000	1015.000000
367.055000	960.000000
367.060000	1145.000000
367.065000	1270.000000
367.070000	1024.000000
367.075000	1281.000000
367.080000	1150.000000
367.085000	1329.000000
367.090000	1391.000000
367.095000	1611.000000
367.100000	1695.000000
367.105000	1637.000000
367.110000	1584.000000
367.115000	1908.000000
367.120000	2111.000000
367.125000	2023.000000
367.130000	1985.000000
367.135000	2453.000000
367.140000	2441.000000
367.145000	2402.000000
367.150000	3037.000000
367.155000	2737.000000
367.160000	2638.000000
367.165000	3384.000000
367.170000	3322.000000
367.175000	3344.000000
367.180000	3747.000000
367.185000	3492.000000
367.190000	4090.000000
367.195000	4588.000000
367.200000	4966.000000
367.205000	4899.000000
367.210000	4716.000000
367.215000	4582.000000
367.220000	4277.000000
367.225000	4447.000000
367.230000	4578.000000
367.235000	4724.000000
367.240000	4154.000000
367.245000	5085.000000
367.250000	4837.000000
367.255000	4846.000000
367.260000	4989.000000
367.265000	4934.000000
367.270000	5366.000000
367.275000	5699.000000
367.280000	5734.000000
367.285000	6046.000000
367.290000	5860.000000
367.295000	5918.000000
367.300000	5922.000000
367.305000	6644.000000
367.310000	6883.000000
367.315000	6375.000000
367.320000	6735.000000
367.325000	6873.000000
367.330000	6745.000000
367.335000	7051.000000
367.340000	7222.000000
367.345000	7417.000000
367.350000	7735.000000
367.355000	7413.000000
367.360000	7998.000000
367.365000	8135.000000
367.370000	7867.000000
367.375000	8636.000000
367.380000	8886.000000
367.385000	8851.000000
367.390000	9582.000000
367.395000	9449.000000
367.400000	9353.000000
367.405000	9667.000000
367.410000	9103.000000
367.415000	9626.000000
367.420000	9318.000000
367.425000	10159.000000
367.430000	10441.000000
367.435000	10715.000000
367.440000	10528.000000
367.445000	10391.000000
367.450000	10383.000000
367.455000	10902.000000
367.460000	10983.000000
367.465000	10944.000000
367.470000	10756.000000
367.475000	10495.000000
367.480000	11088.000000
367.485000	10841.000000
367.490000	11073.000000
367.495000	11099.000000
367.500000	10947.000000
367.505000	11536.000000
367.510000	11289.000000
367.515000	11861.000000
367.520000	11651.000000
367.525000	12169.000000
367.530000	13055.000000
367.535000	12901.000000
367.540000	12260.000000
367.545000	12401.000000
367.550000	12370.000000
367.555000	13156.000000
367.560000	12615.000000
367.565000	13181.000000
367.570000	12805.000000
367.575000	12984.000000
367.580000	13203.000000
367.585000	13566.000000
367.590000	13656.000000
367.595000	14564.000000
367.600000	14278.000000
367.605000	14052.000000
367.610000	14557.000000
367.615000	13639.000000
367.620000	14148.000000
367.625000	13754.000000
367.630000	14690.000000
367.635000	15117.000000
367.640000	14659.000000
367.645000	14776.000000
367.650000	15262.000000
367.655000	15615.000000
367.660000	15235.000000
367.665000	15566.000000
367.670000	15504.000000
367.675000	15687.000000
367.680000	16140.000000
367.685000	15935.000000
367.690000	16856.000000
367.695000	17241.000000
367.700000	17477.000000
367.705000	17581.000000
367.710000	18310.000000
367.715000	17474.000000
367.720000	18311.000000
367.725000	19165.000000
367.730000	19783.000000
367.735000	19206.000000
367.740000	20171.000000
367.745000	20674.000000
367.750000	20819.000000
367.755000	21086.000000
367.760000	22117.000000
367.765000	22784.000000
367.770000	22529.000000
367.775000	23496.000000
367.780000	23877.000000
367.785000	24612.000000
367.790000	25711.000000
367.795000	25925.000000
367.800000	27988.000000
367.805000	27281.000000
367.810000	27972.000000
367.815000	28664.000000
367.820000	29717.000000
367.825000	30069.000000
367.830000	31747.000000
367.835000	33095.000000
367.840000	33836.000000
367.845000	34782.000000
367.850000	34757.000000
367.855000	37073.000000
367.860000	38052.000000
367.865000	37147.000000
367.870000	38760.000000
367.875000	39807.000000
367.880000	41287.000000
367.885000	41777.000000
367.890000	43902.000000
367.895000	45107.000000
367.900000	44691.000000
367.905000	45420.000000
367.910000	46087.000000
367.915000	47932.000000
367.920000	49394.000000
367.925000	49964.000000
367.930000	50757.000000
367.935000	52023.000000
367.940000	53553.000000
367.945000	52907.000000
367.950000	55386.000000
367.955000	55852.000000
367.960000	57066.000000
367.965000	58819.000000
367.970000	58784.000000
367.975000	60317.000000
367.980000	61268.000000
367.985000	60651.000000
367.990000	60865.000000
367.995000	64550.000000
368.000000	64892.000000
368.005000	66025.000000
368.010000	68232.000000
368.015000	67805.000000
368.020000	70413.000000
368.025000	71912.000000
368.030000	72837.000000
368.035000	73658.000000
368.040000	76314.000000
368.045000	76257.000000
368.050000	81163.000000
368.055000	84534.000000
368.060000	91511.000000
368.065000	94695.000000
368.070000	92106.000000
368.075000	87711.000000
368.080000	83337.000000
368.085000	83605.000000
368.090000	82998.000000
368.095000	81278.000000
368.100000	82797.000000
368.105000	82793.000000
368.110000	84792.000000
368.115000	83536.000000
368.120000	81731.000000
368.125000	81936.000000
368.130000	80641.000000
368.135000	80593.000000
368.140000	80483.000000
368.145000	81170.000000
368.150000	81920.000000
368.155000	81685.000000
368.160000	79892.000000
368.165000	79403.000000
368.170000	80899.000000
368.175000	79447.000000
368.180000	77674.000000
368.185000	78145.000000
368.190000	75556.000000
368.195000	74348.000000
368.200000	73644.000000
368.205000	73756.000000
368.210000	74333.000000
368.215000	71402.000000
368.220000	70036.000000
368.225000	70056.000000
368.230000	68724.000000
368.235000	67288.000000
368.240000	64978.000000
368.245000	65833.000000
368.250000	64694.000000
368.255000	62609.000000
368.260000	61006.000000
368.265000	60831.000000
368.270000	58785.000000
368.275000	57600.000000
368.280000	58288.000000
368.285000	56587.000000
368.290000	54368.000000
368.295000	54331.000000
368.300000	54080.000000
368.305000	52779.000000
368.310000	50160.000000
368.315000	50460.000000
368.320000	48208.000000
368.325000	47665.000000
368.330000	48706.000000
368.335000	46741.000000
368.340000	46698.000000
368.345000	45126.000000
368.350000	44939.000000
368.355000	43950.000000
368.360000	41381.000000
368.365000	41260.000000
368.370000	41901.000000
368.375000	39973.000000
368.380000	39762.000000
368.385000	39871.000000
368.390000	37764.000000
368.395000	39156.000000
368.400000	38413.000000
368.405000	37151.000000
368.410000	36852.000000
368.415000	35840.000000
368.420000	35969.000000
368.425000	35498.000000
368.430000	35865.000000
368.435000	33328.000000
368.440000	34475.000000
368.445000	34226.000000
368.450000	34410.000000
368.455000	33329.000000
368.460000	33288.000000
368.465000	32577.000000
368.470000	32066.000000
368.475000	31503.000000
368.480000	31936.000000
368.485000	32245.000000
368.490000	31075.000000
368.495000	30684.000000
368.500000	30058.000000
368.505000	30447.000000
368.510000	30566.000000
368.515000	29817.000000
368.520000	30091.000000
368.525000	29011.000000
368.530000	29494.000000
368.535000	28714.000000
368.540000	27096.000000
368.545000	26639.000000
368.550000	27690.000000
368.555000	27623.000000
368.560000	26416.000000
368.565000	27829.000000
368.570000	28014.000000
368.575000	28062.000000
368.580000	27639.000000
368.585000	29510.000000
368.590000	27270.000000
368.595000	26251.000000
368.600000	26472.000000
368.605000	25422.000000
368.610000	25230.000000
368.615000	24882.000000
368.620000	24418.000000
368.625000	24557.000000
368.630000	24332.000000
368.635000	24190.000000
368.640000	23741.000000
368.645000	23784.000000
368.650000	24218.000000
368.655000	23613.000000
368.660000	23598.000000
368.665000	23882.000000
368.670000	23804.000000
368.675000	24324.000000
368.680000	24635.000000
368.685000	24435.000000
368.690000	23976.000000
368.695000	22847.000000
368.700000	22728.000000
368.705000	22963.000000
368.710000	21911.000000
368.715000	21882.000000
368.720000	22826.000000
368.725000	22542.000000
368.730000	22433.000000
368.735000	22848.000000
368.740000	23811.000000
368.745000	24346.000000
368.750000	24820.000000
368.755000	29810.000000
368.760000	28649.000000
368.765000	27867.000000
368.770000	24570.000000
368.775000	23201.000000
368.780000	21796.000000
368.785000	20833.000000
368.790000	19761.000000
368.795000	20593.000000
368.800000	19969.000000
368.805000	19978.000000
368.810000	19756.000000
368.815000	19589.000000
368.820000	18296.000000
368.825000	18947.000000
368.830000	19115.000000
368.835000	18980.000000
368.840000	18592.000000
368.845000	18142.000000
368.850000	18510.000000
368.855000	18519.000000
368.860000	17786.000000
368.865000	18159.000000
368.870000	18629.000000
368.875000	18364.000000
368.880000	18927.000000
368.885000	19892.000000
368.890000	20323.000000
368.895000	21597.000000
368.900000	21956.000000
368.905000	24880.000000
368.910000	24907.000000
368.915000	22503.000000
368.920000	21065.000000
368.925000	19314.000000
368.930000	18967.000000
368.935000	18071.000000
368.940000	17232.000000
368.945000	16663.000000
368.950000	16771.000000
368.955000	16503.000000
368.960000	15932.000000
368.965000	15897.000000
368.970000	15883.000000
368.975000	15778.000000
368.980000	15466.000000
368.985000	15399.000000
368.990000	15000.000000
368.995000	15209.000000
369.000000	14993.000000
369.005000	14913.000000
369.010000	15362.000000
369.015000	14695.000000
369.020000	14487.000000
369.025000	15274.000000
369.030000	14993.000000
369.035000	15000.000000
369.040000	14788.000000
369.045000	14075.000000
369.050000	13370.000000
369.055000	14576.000000
369.060000	13956.000000
369.065000	14880.000000
369.070000	14548.000000
369.075000	14572.000000
369.080000	14214.000000
369.085000	14256.000000
369.090000	14169.000000
369.095000	14459.000000
369.100000	14556.000000
369.105000	14394.000000
369.110000	14110.000000
369.115000	14178.000000
369.120000	14180.000000
369.125000	14386.000000
369.130000	14115.000000
369.135000	14353.000000
369.140000	14502.000000
369.145000	14987.000000
369.150000	14649.000000
369.155000	15343.000000
369.160000	15073.000000
369.165000	15919.000000
369.170000	16261.000000
369.175000	15932.000000
369.180000	17356.000000
369.185000	16950.000000
369.190000	18629.000000
369.195000	19959.000000
369.200000	20801.000000
369.205000	22689.000000
369.210000	25278.000000
369.215000	28047.000000
369.220000	32540.000000
369.225000	38992.000000
369.230000	46651.000000
369.235000	65502.000000
369.240000	113173.000000
369.245000	132398.000000
369.250000	105921.000000
369.255000	73801.000000
369.260000	55890.000000
369.265000	45134.000000
369.270000	37376.000000
369.275000	31883.000000
369.280000	27623.000000
369.285000	25122.000000
369.290000	22524.000000
369.295000	20903.000000
369.300000	20667.000000
369.305000	18969.000000
369.310000	18694.000000
369.315000	17423.000000
369.320000	17117.000000
369.325000	16365.000000
369.330000	15602.000000
369.335000	15186.000000
369.340000	14560.000000
369.345000	14259.000000
369.350000	13824.000000
369.355000	13672.000000
369.360000	13012.000000
369.365000	12570.000000
369.370000	12641.000000
369.375000	12117.000000
369.380000	11856.000000
369.385000	11744.000000
369.390000	11671.000000
369.395000	11926.000000
369.400000	11406.000000
369.405000	11022.000000
369.410000	11328.000000
369.415000	11631.000000
369.420000	10357.000000
369.425000	10425.000000
369.430000	11016.000000
369.435000	10188.000000
369.440000	10563.000000
369.445000	9856.000000
369.450000	9809.000000
369.455000	9985.000000
369.460000	9494.000000
369.465000	9598.000000
369.470000	9693.000000
369.475000	9546.000000
369.480000	9624.000000
369.485000	9512.000000
369.490000	9139.000000
369.495000	9071.000000
369.500000	9325.000000
369.505000	8630.000000
369.510000	8612.000000
369.515000	9018.000000
369.520000	8884.000000
369.525000	8603.000000
369.530000	8811.000000
369.535000	9006.000000
369.540000	8738.000000
369.545000	8147.000000
369.550000	8333.000000
369.555000	8063.000000
369.560000	9119.000000
369.565000	7951.000000
369.570000	8372.000000
369.575000	8248.000000
369.580000	7906.000000
369.585000	8187.000000
369.590000	7954.000000
369.595000	7681.000000
369.600000	7751.000000
369.605000	7544.000000
369.610000	8078.000000
369.615000	7532.000000
369.620000	7693.000000
369.625000	7421.000000
369.630000	7690.000000
369.635000	7070.000000
369.640000	7472.000000
369.645000	7729.000000
369.650000	7392.000000
369.655000	7147.000000
369.660000	7169.000000
369.665000	7252.000000
369.670000	7105.000000
369.675000	6837.000000
369.680000	7032.000000
369.685000	6820.000000
369.690000	7048.000000
369.695000	7373.000000
369.700000	6612.000000
369.705000	6539.000000
369.710000	6707.000000
369.715000	6919.000000
369.720000	7092.000000
369.725000	6924.000000
369.730000	6519.000000
369.735000	6841.000000
369.740000	6668.000000
369.745000	6768.000000
369.750000	6580.000000
369.755000	6546.000000
369.760000	6532.000000
369.765000	6819.000000
369.770000	6693.000000
369.775000	6258.000000
369.780000	5867.000000
369.785000	6031.000000
369.790000	6474.000000
369.795000	6215.000000
369.800000	6587.000000
369.805000	6062.000000
369.810000	6433.000000
369.815000	6450.000000
369.820000	5915.000000
369.825000	6272.000000
369.830000	5871.000000
369.835000	5999.000000
369.840000	5843.000000
369.845000	5531.000000
369.850000	5735.000000
369.855000	6257.000000
369.860000	5907.000000
369.865000	5570.000000
369.870000	5928.000000
369.875000	5910.000000
369.880000	5617.000000
369.885000	5472.000000
369.890000	5662.000000
369.895000	5748.000000
369.900000	5588.000000
369.905000	5585.000000
369.910000	5327.000000
369.915000	5399.000000
369.920000	5488.000000
369.925000	5731.000000
369.930000	5289.000000
369.935000	5660.000000
369.940000	5268.000000
369.945000	5574.000000
369.950000	5522.000000
369.955000	5493.000000
369.960000	5155.000000
369.965000	5538.000000
369.970000	5515.000000
369.975000	5201.000000
369.980000	5054.000000
369.985000	5026.000000
369.990000	5480.000000
369.995000	4777.000000
370.000000	5577.000000
370.005000	4859.000000
370.010000	4636.000000
370.015000	5005.000000
370.020000	5404.000000
370.025000	5201.000000
370.030000	5005.000000
370.035000	5184.000000
370.040000	4930.000000
370.045000	4781.000000
370.050000	4809.000000
370.055000	5004.000000
370.060000	5097.000000
370.065000	4971.000000
370.070000	4929.000000
370.075000	4561.000000
370.080000	4869.000000
370.085000	4791.000000
370.090000	4914.000000
370.095000	4348.000000
370.100000	5068.000000
370.105000	5034.000000
370.110000	4772.000000
370.115000	5036.000000
370.120000	5055.000000
370.125000	4792.000000
370.130000	4896.000000
370.135000	4825.000000
370.140000	4703.000000
370.145000	4516.000000
370.150000	4681.000000
370.155000	4917.000000
370.160000	4797.000000
370.165000	4958.000000
370.170000	4582.000000
370.175000	4957.000000
370.180000	4603.000000
370.185000	4034.000000
370.190000	4591.000000
370.195000	4768.000000
370.200000	4431.000000
370.205000	4563.000000
370.210000	4254.000000
370.215000	4653.000000
370.220000	4026.000000
370.225000	4342.000000
370.230000	3981.000000
370.235000	4873.000000
370.240000	4581.000000
370.245000	4827.000000
370.250000	4400.000000
370.255000	4829.000000
370.260000	4206.000000
370.265000	4468.000000
370.270000	4072.000000
370.275000	4352.000000
370.280000	4244.000000
370.285000	4335.000000
370.290000	4196.000000
370.295000	4206.000000
370.300000	4061.000000
370.305000	4467.000000
370.310000	3746.000000
370.315000	4269.000000
370.320000	4707.000000
370.325000	4006.000000
370.330000	4121.000000
370.335000	4220.000000
370.340000	4314.000000
370.345000	4059.000000
370.350000	4127.000000
370.355000	4138.000000
370.360000	4084.000000
370.365000	4153.000000
370.370000	4059.000000
370.375000	4180.000000
370.380000	4168.000000
370.385000	3971.000000
370.390000	3616.000000
370.395000	3976.000000
370.400000	4348.000000
370.405000	4096.000000
370.410000	4292.000000
370.415000	4056.000000
370.420000	3667.000000
370.425000	3855.000000
370.430000	4011.000000
370.435000	3628.000000
370.440000	4354.000000
370.445000	4217.000000
370.450000	4239.000000
370.455000	3890.000000
370.460000	3541.000000
370.465000	3887.000000
370.470000	3744.000000
370.475000	3676.000000
370.480000	3942.000000
370.485000	3700.000000
370.490000	3947.000000
370.495000	3638.000000
370.500000	3907.000000
370.505000	4152.000000
370.510000	3747.000000
370.515000	3970.000000
370.520000	4022.000000
370.525000	3849.000000
370.530000	3673.000000
370.535000	3957.000000
370.540000	3719.000000
370.545000	3958.000000
370.550000	3537.000000
370.555000	3865.000000
370.560000	3924.000000
370.565000	3714.000000
370.570000	4080.000000
370.575000	3874.000000
370.580000	3596.000000
370.585000	3948.000000
370.590000	3831.000000
370.595000	3802.000000
370.600000	3843.000000
370.605000	3335.000000
370.610000	3648.000000
370.615000	3732.000000
370.620000	3575.000000
370.625000	3535.000000
370.630000	4047.000000
370.635000	3704.000000
370.640000	3536.000000
370.645000	3518.000000
370.650000	3436.000000
370.655000	3596.000000
370.660000	3727.000000
370.665000	3802.000000
370.670000	3543.000000
370.675000	3635.000000
370.680000	3594.000000
370.685000	3655.000000
370.690000	3630.000000
370.695000	3426.000000
370.700000	3225.000000
370.705000	3359.000000
370.710000	3097.000000
370.715000	3504.000000
370.720000	3539.000000
370.725000	3405.000000
370.730000	3267.000000
370.735000	3281.000000
370.740000	3474.000000
370.745000	3851.000000
370.750000	3239.000000
370.755000	3239.000000
370.760000	3207.000000
370.765000	3255.000000
370.770000	2996.000000
370.775000	3783.000000
370.780000	3025.000000
370.785000	3309.000000
370.790000	3864.000000
370.795000	3419.000000
370.800000	3569.000000
370.805000	3219.000000
370.810000	3487.000000
370.815000	3187.000000
370.820000	3611.000000
370.825000	3330.000000
370.830000	3428.000000
370.835000	2959.000000
370.840000	3397.000000
370.845000	3205.000000
370.850000	2976.000000
370.855000	3353.000000
370.860000	3377.000000
370.865000	3248.000000
370.870000	3493.000000
370.875000	3094.000000
370.880000	3332.000000
370.885000	3221.000000
370.890000	3254.000000
370.895000	3346.000000
370.900000	2990.000000
370.905000	3110.000000
370.910000	3256.000000
370.915000	3085.000000
370.920000	3114.000000
370.925000	3092.000000
370.930000	2978.000000
370.935000	3045.000000
370.940000	3332.000000
370.945000	3147.000000
370.950000	3185.000000
370.955000	3442.000000
370.960000	3077.000000
370.965000	3414.000000
370.970000	3084.000000
370.975000	3280.000000
370.980000	3264.000000
370.985000	3317.000000
370.990000	3355.000000
370.995000	3188.000000
371.000000	3116.000000
371.005000	3267.000000
371.010000	3119.000000
371.015000	2932.000000
371.020000	3257.000000
371.025000	3299.000000
371.030000	3461.000000
371.035000	3205.000000
371.040000	2931.000000
371.045000	2891.000000
371.050000	3223.000000
371.055000	3155.000000
371.060000	3264.000000
371.065000	3110.000000
371.070000	2794.000000
371.075000	3056.000000
371.080000	3284.000000
371.085000	3099.000000
371.090000	3065.000000
371.095000	2754.000000
371.100000	3215.000000
371.105000	2843.000000
371.110000	2981.000000
371.115000	3335.000000
371.120000	2893.000000
371.125000	3250.000000
371.130000	3345.000000
371.135000	2772.000000
371.140000	2855.000000
371.145000	3118.000000
371.150000	3000.000000
371.155000	3063.000000
371.160000	3229.000000
371.165000	2985.000000
371.170000	2765.000000
371.175000	3095.000000
371.180000	3008.000000
371.185000	2834.000000
371.190000	3053.000000
371.195000	2889.000000
371.200000	2562.000000
371.205000	3297.000000
371.210000	2766.000000
371.215000	3014.000000
371.220000	2862.000000
371.225000	3225.000000
371.230000	3096.000000
371.235000	3263.000000
371.240000	2957.000000
371.245000	2840.000000
371.250000	2908.000000
371.255000	2916.000000
371.260000	2807.000000
371.265000	2762.000000
371.270000	2802.000000
371.275000	3071.000000
371.280000	2830.000000
371.285000	2740.000000
371.290000	3023.000000
371.295000	3199.000000
371.300000	3034.000000
371.305000	3071.000000
371.310000	2938.000000
371.315000	2862.000000
371.320000	3090.000000
371.325000	2721.000000
371.330000	3044.000000
371.335000	3070.000000
371.340000	2710.000000
371.345000	3149.000000
371.350000	2753.000000
371.355000	3023.000000
371.360000	2977.000000
371.365000	2980.000000
371.370000	2839.000000
371.375000	2909.000000
371.380000	2809.000000
371.385000	2729.000000
371.390000	2931.000000
371.395000	2908.000000
371.400000	3068.000000
371.405000	2871.000000
371.410000	2770.000000
371.415000	2860.000000
371.420000	2895.000000
371.425000	3065.000000
371.430000	2869.000000
371.435000	2663.000000
371.440000	2875.000000
371.445000	3099.000000
371.450000	2646.000000
371.455000	2884.000000
371.460000	2861.000000
371.465000	2657.000000
371.470000	2966.000000
371.475000	2894.000000
371.480000	3145.000000
371.485000	2711.000000
371.490000	2801.000000
371.495000	3060.000000
371.500000	2754.000000
371.505000	2691.000000
371.510000	2870.000000
371.515000	2658.000000
371.520000	2779.000000
371.525000	3309.000000
371.530000	2895.000000
371.535000	2949.000000
371.540000	2801.000000
371.545000	3155.000000
371.550000	2763.000000
371.555000	2791.000000
371.560000	3052.000000
371.565000	2836.000000
371.570000	2995.000000
371.575000	3144.000000
371.580000	2977.000000
371.585000	2905.000000
371.590000	3402.000000
371.595000	2624.000000
371.600000	2666.000000
371.605000	2873.000000
371.610000	2849.000000
371.615000	3186.000000
371.620000	3032.000000
371.625000	2877.000000
371.630000	3056.000000
371.635000	3335.000000
371.640000	2851.000000
371.645000	3216.000000
371.650000	3146.000000
371.655000	3066.000000
371.660000	2969.000000
371.665000	3056.000000
371.670000	3089.000000
371.675000	2817.000000
371.680000	2924.000000
371.685000	3073.000000
371.690000	2891.000000
371.695000	2935.000000
371.700000	3170.000000
371.705000	3480.000000
371.710000	3157.000000
371.715000	3196.000000
371.720000	3207.000000
371.725000	3140.000000
371.730000	3136.000000
371.735000	3346.000000
371.740000	3343.000000
371.745000	3314.000000
371.750000	3126.000000
371.755000	3248.000000
371.760000	3483.000000
371.765000	3429.000000
371.770000	2835.000000
371.775000	3552.000000
371.780000	3631.000000
371.785000	3817.000000
371.790000	3345.000000
371.795000	3576.000000
371.800000	3927.000000
371.805000	3890.000000
371.810000	3818.000000
371.815000	3849.000000
371.820000	4001.000000
371.825000	3849.000000
371.830000	3924.000000
371.835000	4050.000000
371.840000	4129.000000
371.845000	4126.000000
371.850000	4598.000000
371.855000	4737.000000
371.860000	4949.000000
371.865000	5383.000000
371.870000	6023.000000
371.875000	6014.000000
371.880000	5948.000000
371.885000	7114.000000
371.890000	7722.000000
371.895000	9026.000000
371.900000	11118.000000
371.905000	14293.000000
371.910000	18492.000000
371.915000	17899.000000
371.920000	13954.000000
371.925000	9841.000000
371.930000	7425.000000
371.935000	6295.000000
371.940000	5476.000000
371.945000	5288.000000
371.950000	4981.000000
371.955000	4295.000000
371.960000	4586.000000
371.965000	4232.000000
371.970000	4176.000000
371.975000	4061.000000
371.980000	3969.000000
371.985000	4306.000000
371.990000	3911.000000
371.995000	3881.000000
372.000000	3900.000000
372.005000	4062.000000
372.010000	3650.000000
372.015000	4070.000000
372.020000	3797.000000
372.025000	4161.000000
372.030000	3861.000000
372.035000	4325.000000
372.040000	3683.000000
372.045000	4173.000000
372.050000	4058.000000
372.055000	3946.000000
372.060000	4282.000000
372.065000	4477.000000
372.070000	3896.000000
372.075000	4020.000000
372.080000	4212.000000
372.085000	3866.000000
372.090000	3678.000000
372.095000	3689.000000
372.100000	4043.000000
372.105000	4191.000000
372.110000	3836.000000
372.115000	3708.000000
372.120000	4237.000000
372.125000	4060.000000
372.130000	4213.000000
372.135000	4008.000000
372.140000	3788.000000
372.145000	3929.000000
372.150000	3837.000000
372.155000	4081.000000
372.160000	4005.000000
372.165000	4271.000000
372.170000	4142.000000
372.175000	3795.000000
372.180000	3666.000000
372.185000	3420.000000
372.190000	3847.000000
372.195000	3459.000000
372.200000	3820.000000
372.205000	3596.000000
372.210000	3885.000000
372.215000	3503.000000
372.220000	3646.000000
372.225000	3871.000000
372.230000	3816.000000
372.235000	3500.000000
372.240000	3637.000000
372.245000	3418.000000
372.250000	3385.000000
372.255000	3327.000000
372.260000	3429.000000
372.265000	3607.000000
372.270000	3415.000000
372.275000	3817.000000
372.280000	3987.000000
372.285000	3683.000000
372.290000	3611.000000
372.295000	3223.000000
372.300000	3387.000000
