Sample ID:		H1101b 20um slit Chris
Start Time:		Fri Jun 26 2020 1:31:26 PM
Averaging Time:		1.000s

365.000000	15.000000
365.005000	12.000000
365.010000	25.000000
365.015000	43.000000
365.020000	8.000000
365.025000	13.000000
365.030000	14.000000
365.035000	10.000000
365.040000	3.000000
365.045000	19.000000
365.050000	12.000000
365.055000	5.000000
365.060000	21.000000
365.065000	8.000000
365.070000	8.000000
365.075000	40.000000
365.080000	7.000000
365.085000	28.000000
365.090000	15.000000
365.095000	4.000000
365.100000	10.000000
365.105000	6.000000
365.110000	3.000000
365.115000	2.000000
365.120000	11.000000
365.125000	37.000000
365.130000	5.000000
365.135000	20.000000
365.140000	19.000000
365.145000	2.000000
365.150000	17.000000
365.155000	10.000000
365.160000	3.000000
365.165000	24.000000
365.170000	4.000000
365.175000	21.000000
365.180000	18.000000
365.185000	35.000000
365.190000	22.000000
365.195000	1.000000
365.200000	16.000000
365.205000	30.000000
365.210000	6.000000
365.215000	52.000000
365.220000	15.000000
365.225000	25.000000
365.230000	15.000000
365.235000	13.000000
365.240000	17.000000
365.245000	4.000000
365.250000	2.000000
365.255000	20.000000
365.260000	33.000000
365.265000	23.000000
365.270000	3.000000
365.275000	2.000000
365.280000	81.000000
365.285000	60.000000
365.290000	61.000000
365.295000	40.000000
365.300000	7.000000
365.305000	14.000000
365.310000	18.000000
365.315000	1.000000
365.320000	21.000000
365.325000	15.000000
365.330000	29.000000
365.335000	11.000000
365.340000	18.000000
365.345000	21.000000
365.350000	20.000000
365.355000	6.000000
365.360000	19.000000
365.365000	2.000000
365.370000	16.000000
365.375000	9.000000
365.380000	7.000000
365.385000	7.000000
365.390000	12.000000
365.395000	33.000000
365.400000	28.000000
365.405000	41.000000
365.410000	6.000000
365.415000	1.000000
365.420000	7.000000
365.425000	11.000000
365.430000	22.000000
365.435000	35.000000
365.440000	29.000000
365.445000	4.000000
365.450000	27.000000
365.455000	22.000000
365.460000	14.000000
365.465000	68.000000
365.470000	5.000000
365.475000	3.000000
365.480000	45.000000
365.485000	13.000000
365.490000	11.000000
365.495000	5.000000
365.500000	14.000000
365.505000	25.000000
365.510000	8.000000
365.515000	4.000000
365.520000	7.000000
365.525000	10.000000
365.530000	23.000000
365.535000	84.000000
365.540000	15.000000
365.545000	50.000000
365.550000	45.000000
365.555000	17.000000
365.560000	8.000000
365.565000	28.000000
365.570000	9.000000
365.575000	27.000000
365.580000	15.000000
365.585000	28.000000
365.590000	16.000000
365.595000	31.000000
365.600000	15.000000
365.605000	11.000000
365.610000	37.000000
365.615000	7.000000
365.620000	12.000000
365.625000	18.000000
365.630000	17.000000
365.635000	76.000000
365.640000	28.000000
365.645000	20.000000
365.650000	19.000000
365.655000	21.000000
365.660000	1.000000
365.665000	16.000000
365.670000	22.000000
365.675000	5.000000
365.680000	61.000000
365.685000	25.000000
365.690000	17.000000
365.695000	0.000000
365.700000	2.000000
365.705000	27.000000
365.710000	9.000000
365.715000	20.000000
365.720000	33.000000
365.725000	1.000000
365.730000	10.000000
365.735000	20.000000
365.740000	7.000000
365.745000	8.000000
365.750000	9.000000
365.755000	11.000000
365.760000	19.000000
365.765000	9.000000
365.770000	1.000000
365.775000	8.000000
365.780000	16.000000
365.785000	44.000000
365.790000	36.000000
365.795000	25.000000
365.800000	18.000000
365.805000	28.000000
365.810000	11.000000
365.815000	56.000000
365.820000	15.000000
365.825000	15.000000
365.830000	12.000000
365.835000	15.000000
365.840000	34.000000
365.845000	53.000000
365.850000	29.000000
365.855000	12.000000
365.860000	2.000000
365.865000	13.000000
365.870000	46.000000
365.875000	39.000000
365.880000	16.000000
365.885000	30.000000
365.890000	15.000000
365.895000	11.000000
365.900000	78.000000
365.905000	45.000000
365.910000	3.000000
365.915000	74.000000
365.920000	3.000000
365.925000	4.000000
365.930000	11.000000
365.935000	14.000000
365.940000	13.000000
365.945000	26.000000
365.950000	22.000000
365.955000	3.000000
365.960000	24.000000
365.965000	26.000000
365.970000	12.000000
365.975000	20.000000
365.980000	32.000000
365.985000	13.000000
365.990000	26.000000
365.995000	13.000000
366.000000	8.000000
366.005000	17.000000
366.010000	1.000000
366.015000	5.000000
366.020000	3.000000
366.025000	28.000000
366.030000	19.000000
366.035000	98.000000
366.040000	10.000000
366.045000	42.000000
366.050000	24.000000
366.055000	9.000000
366.060000	8.000000
366.065000	35.000000
366.070000	10.000000
366.075000	32.000000
366.080000	22.000000
366.085000	24.000000
366.090000	33.000000
366.095000	33.000000
366.100000	15.000000
366.105000	12.000000
366.110000	12.000000
366.115000	66.000000
366.120000	23.000000
366.125000	44.000000
366.130000	35.000000
366.135000	36.000000
366.140000	50.000000
366.145000	10.000000
366.150000	6.000000
366.155000	13.000000
366.160000	42.000000
366.165000	28.000000
366.170000	32.000000
366.175000	1.000000
366.180000	40.000000
366.185000	5.000000
366.190000	22.000000
366.195000	54.000000
366.200000	12.000000
366.205000	26.000000
366.210000	20.000000
366.215000	37.000000
366.220000	20.000000
366.225000	54.000000
366.230000	13.000000
366.235000	20.000000
366.240000	41.000000
366.245000	22.000000
366.250000	38.000000
366.255000	52.000000
366.260000	12.000000
366.265000	105.000000
366.270000	38.000000
366.275000	23.000000
366.280000	36.000000
366.285000	22.000000
366.290000	30.000000
366.295000	39.000000
366.300000	25.000000
366.305000	54.000000
366.310000	36.000000
366.315000	9.000000
366.320000	38.000000
366.325000	22.000000
366.330000	29.000000
366.335000	47.000000
366.340000	10.000000
366.345000	15.000000
366.350000	27.000000
366.355000	22.000000
366.360000	40.000000
366.365000	31.000000
366.370000	53.000000
366.375000	25.000000
366.380000	37.000000
366.385000	77.000000
366.390000	24.000000
366.395000	26.000000
366.400000	21.000000
366.405000	75.000000
366.410000	47.000000
366.415000	87.000000
366.420000	47.000000
366.425000	72.000000
366.430000	23.000000
366.435000	69.000000
366.440000	33.000000
366.445000	42.000000
366.450000	59.000000
366.455000	60.000000
366.460000	18.000000
366.465000	58.000000
366.470000	103.000000
366.475000	41.000000
366.480000	39.000000
366.485000	35.000000
366.490000	50.000000
366.495000	87.000000
366.500000	81.000000
366.505000	37.000000
366.510000	74.000000
366.515000	27.000000
366.520000	61.000000
366.525000	65.000000
366.530000	55.000000
366.535000	50.000000
366.540000	88.000000
366.545000	59.000000
366.550000	41.000000
366.555000	109.000000
366.560000	33.000000
366.565000	52.000000
366.570000	39.000000
366.575000	52.000000
366.580000	90.000000
366.585000	91.000000
366.590000	57.000000
366.595000	88.000000
366.600000	39.000000
366.605000	44.000000
366.610000	44.000000
366.615000	51.000000
366.620000	37.000000
366.625000	49.000000
366.630000	78.000000
366.635000	70.000000
366.640000	3.000000
366.645000	40.000000
366.650000	64.000000
366.655000	68.000000
366.660000	110.000000
366.665000	21.000000
366.670000	55.000000
366.675000	25.000000
366.680000	84.000000
366.685000	57.000000
366.690000	58.000000
366.695000	45.000000
366.700000	29.000000
366.705000	64.000000
366.710000	24.000000
366.715000	68.000000
366.720000	116.000000
366.725000	88.000000
366.730000	108.000000
366.735000	72.000000
366.740000	27.000000
366.745000	66.000000
366.750000	112.000000
366.755000	115.000000
366.760000	71.000000
366.765000	113.000000
366.770000	122.000000
366.775000	81.000000
366.780000	91.000000
366.785000	63.000000
366.790000	63.000000
366.795000	87.000000
366.800000	86.000000
366.805000	145.000000
366.810000	58.000000
366.815000	33.000000
366.820000	104.000000
366.825000	127.000000
366.830000	116.000000
366.835000	103.000000
366.840000	156.000000
366.845000	122.000000
366.850000	96.000000
366.855000	116.000000
366.860000	170.000000
366.865000	79.000000
366.870000	111.000000
366.875000	166.000000
366.880000	237.000000
366.885000	185.000000
366.890000	142.000000
366.895000	154.000000
366.900000	102.000000
366.905000	198.000000
366.910000	122.000000
366.915000	171.000000
366.920000	163.000000
366.925000	167.000000
366.930000	151.000000
366.935000	189.000000
366.940000	208.000000
366.945000	231.000000
366.950000	223.000000
366.955000	185.000000
366.960000	154.000000
366.965000	236.000000
366.970000	322.000000
366.975000	185.000000
366.980000	232.000000
366.985000	238.000000
366.990000	251.000000
366.995000	202.000000
367.000000	174.000000
367.005000	128.000000
367.010000	218.000000
367.015000	225.000000
367.020000	412.000000
367.025000	185.000000
367.030000	288.000000
367.035000	270.000000
367.040000	270.000000
367.045000	295.000000
367.050000	372.000000
367.055000	282.000000
367.060000	302.000000
367.065000	366.000000
367.070000	384.000000
367.075000	415.000000
367.080000	282.000000
367.085000	324.000000
367.090000	376.000000
367.095000	350.000000
367.100000	457.000000
367.105000	384.000000
367.110000	293.000000
367.115000	288.000000
367.120000	437.000000
367.125000	347.000000
367.130000	432.000000
367.135000	346.000000
367.140000	526.000000
367.145000	591.000000
367.150000	427.000000
367.155000	415.000000
367.160000	504.000000
367.165000	553.000000
367.170000	643.000000
367.175000	530.000000
367.180000	673.000000
367.185000	607.000000
367.190000	574.000000
367.195000	602.000000
367.200000	655.000000
367.205000	875.000000
367.210000	661.000000
367.215000	818.000000
367.220000	866.000000
367.225000	705.000000
367.230000	781.000000
367.235000	682.000000
367.240000	693.000000
367.245000	888.000000
367.250000	708.000000
367.255000	890.000000
367.260000	881.000000
367.265000	997.000000
367.270000	987.000000
367.275000	933.000000
367.280000	1014.000000
367.285000	964.000000
367.290000	985.000000
367.295000	1396.000000
367.300000	997.000000
367.305000	1101.000000
367.310000	999.000000
367.315000	1249.000000
367.320000	1131.000000
367.325000	1358.000000
367.330000	1106.000000
367.335000	1157.000000
367.340000	1229.000000
367.345000	1174.000000
367.350000	1665.000000
367.355000	1352.000000
367.360000	1495.000000
367.365000	1532.000000
367.370000	1541.000000
367.375000	1697.000000
367.380000	1668.000000
367.385000	1824.000000
367.390000	1779.000000
367.395000	1518.000000
367.400000	1901.000000
367.405000	1934.000000
367.410000	1981.000000
367.415000	1754.000000
367.420000	1993.000000
367.425000	1905.000000
367.430000	2133.000000
367.435000	2143.000000
367.440000	2094.000000
367.445000	1975.000000
367.450000	2058.000000
367.455000	2237.000000
367.460000	2103.000000
367.465000	2500.000000
367.470000	2208.000000
367.475000	2581.000000
367.480000	2489.000000
367.485000	2402.000000
367.490000	2481.000000
367.495000	2695.000000
367.500000	2579.000000
367.505000	2597.000000
367.510000	2877.000000
367.515000	2998.000000
367.520000	2734.000000
367.525000	3021.000000
367.530000	3192.000000
367.535000	2917.000000
367.540000	2807.000000
367.545000	2954.000000
367.550000	3146.000000
367.555000	3266.000000
367.560000	3481.000000
367.565000	3272.000000
367.570000	3113.000000
367.575000	3301.000000
367.580000	3612.000000
367.585000	3845.000000
367.590000	3572.000000
367.595000	3740.000000
367.600000	3151.000000
367.605000	3528.000000
367.610000	3839.000000
367.615000	4124.000000
367.620000	3895.000000
367.625000	4396.000000
367.630000	4468.000000
367.635000	4664.000000
367.640000	4317.000000
367.645000	4563.000000
367.650000	4800.000000
367.655000	4593.000000
367.660000	4933.000000
367.665000	4749.000000
367.670000	5132.000000
367.675000	5141.000000
367.680000	5301.000000
367.685000	5157.000000
367.690000	5709.000000
367.695000	5513.000000
367.700000	5844.000000
367.705000	6135.000000
367.710000	6811.000000
367.715000	6365.000000
367.720000	6638.000000
367.725000	6865.000000
367.730000	6929.000000
367.735000	7318.000000
367.740000	7493.000000
367.745000	7615.000000
367.750000	7683.000000
367.755000	8686.000000
367.760000	8967.000000
367.765000	9228.000000
367.770000	9934.000000
367.775000	9579.000000
367.780000	9881.000000
367.785000	10525.000000
367.790000	10206.000000
367.795000	11449.000000
367.800000	12030.000000
367.805000	12097.000000
367.810000	12556.000000
367.815000	13141.000000
367.820000	13810.000000
367.825000	13457.000000
367.830000	14945.000000
367.835000	13891.000000
367.840000	15231.000000
367.845000	15528.000000
367.850000	15819.000000
367.855000	16662.000000
367.860000	17767.000000
367.865000	17697.000000
367.870000	18676.000000
367.875000	18310.000000
367.880000	20529.000000
367.885000	19915.000000
367.890000	19958.000000
367.895000	21210.000000
367.900000	22131.000000
367.905000	22099.000000
367.910000	22379.000000
367.915000	23371.000000
367.920000	24628.000000
367.925000	25513.000000
367.930000	25390.000000
367.935000	26712.000000
367.940000	27539.000000
367.945000	28325.000000
367.950000	28650.000000
367.955000	29071.000000
367.960000	30163.000000
367.965000	31240.000000
367.970000	31569.000000
367.975000	32031.000000
367.980000	33495.000000
367.985000	34131.000000
367.990000	35326.000000
367.995000	37241.000000
368.000000	37834.000000
368.005000	37061.000000
368.010000	37572.000000
368.015000	40014.000000
368.020000	40346.000000
368.025000	41647.000000
368.030000	44238.000000
368.035000	43811.000000
368.040000	44160.000000
368.045000	45417.000000
368.050000	47040.000000
368.055000	48241.000000
368.060000	48717.000000
368.065000	49801.000000
368.070000	47664.000000
368.075000	49093.000000
368.080000	49111.000000
368.085000	49522.000000
368.090000	51439.000000
368.095000	50618.000000
368.100000	48497.000000
368.105000	51139.000000
368.110000	50276.000000
368.115000	49984.000000
368.120000	50899.000000
368.125000	52003.000000
368.130000	52427.000000
368.135000	52006.000000
368.140000	53601.000000
368.145000	50704.000000
368.150000	51465.000000
368.155000	51158.000000
368.160000	52920.000000
368.165000	50750.000000
368.170000	50238.000000
368.175000	51211.000000
368.180000	50367.000000
368.185000	49849.000000
368.190000	50164.000000
368.195000	49139.000000
368.200000	48461.000000
368.205000	47879.000000
368.210000	48589.000000
368.215000	47823.000000
368.220000	47226.000000
368.225000	46636.000000
368.230000	45385.000000
368.235000	45065.000000
368.240000	44786.000000
368.245000	43946.000000
368.250000	43552.000000
368.255000	43324.000000
368.260000	41906.000000
368.265000	40655.000000
368.270000	40058.000000
368.275000	40216.000000
368.280000	39150.000000
368.285000	39319.000000
368.290000	38929.000000
368.295000	38132.000000
368.300000	38258.000000
368.305000	36404.000000
368.310000	36366.000000
368.315000	35650.000000
368.320000	36310.000000
368.325000	36524.000000
368.330000	34856.000000
368.335000	33477.000000
368.340000	33764.000000
368.345000	32859.000000
368.350000	32286.000000
368.355000	33047.000000
368.360000	31612.000000
368.365000	31586.000000
368.370000	31297.000000
368.375000	30366.000000
368.380000	30759.000000
368.385000	31198.000000
368.390000	30602.000000
368.395000	30055.000000
368.400000	29177.000000
368.405000	28898.000000
368.410000	29903.000000
368.415000	29082.000000
368.420000	29034.000000
368.425000	29136.000000
368.430000	28500.000000
368.435000	28034.000000
368.440000	28385.000000
368.445000	28073.000000
368.450000	28222.000000
368.455000	26927.000000
368.460000	27510.000000
368.465000	26947.000000
368.470000	27522.000000
368.475000	26954.000000
368.480000	25763.000000
368.485000	26302.000000
368.490000	26648.000000
368.495000	25449.000000
368.500000	25407.000000
368.505000	25713.000000
368.510000	25804.000000
368.515000	26004.000000
368.520000	25694.000000
368.525000	25091.000000
368.530000	24889.000000
368.535000	25560.000000
368.540000	24715.000000
368.545000	25126.000000
368.550000	24981.000000
368.555000	25121.000000
368.560000	24263.000000
368.565000	24688.000000
368.570000	25030.000000
368.575000	25209.000000
368.580000	23549.000000
368.585000	24299.000000
368.590000	23811.000000
368.595000	23397.000000
368.600000	22925.000000
368.605000	23424.000000
368.610000	23716.000000
368.615000	23748.000000
368.620000	23034.000000
368.625000	23288.000000
368.630000	23467.000000
368.635000	22517.000000
368.640000	22541.000000
368.645000	22293.000000
368.650000	22611.000000
368.655000	22086.000000
368.660000	21692.000000
368.665000	22186.000000
368.670000	21825.000000
368.675000	22255.000000
368.680000	21966.000000
368.685000	22441.000000
368.690000	21785.000000
368.695000	21843.000000
368.700000	22126.000000
368.705000	22359.000000
368.710000	21003.000000
368.715000	21500.000000
368.720000	21708.000000
368.725000	22590.000000
368.730000	22173.000000
368.735000	21566.000000
368.740000	22331.000000
368.745000	22398.000000
368.750000	22772.000000
368.755000	21665.000000
368.760000	21591.000000
368.765000	22109.000000
368.770000	19985.000000
368.775000	20799.000000
368.780000	20197.000000
368.785000	20619.000000
368.790000	20612.000000
368.795000	20483.000000
368.800000	21184.000000
368.805000	19124.000000
368.810000	20540.000000
368.815000	20095.000000
368.820000	19855.000000
368.825000	19956.000000
368.830000	21054.000000
368.835000	20864.000000
368.840000	19940.000000
368.845000	20319.000000
368.850000	19137.000000
368.855000	19912.000000
368.860000	20134.000000
368.865000	20039.000000
368.870000	19889.000000
368.875000	20322.000000
368.880000	21283.000000
368.885000	21112.000000
368.890000	21460.000000
368.895000	22030.000000
368.900000	21955.000000
368.905000	21641.000000
368.910000	20491.000000
368.915000	19641.000000
368.920000	20306.000000
368.925000	19379.000000
368.930000	18987.000000
368.935000	19710.000000
368.940000	19459.000000
368.945000	19217.000000
368.950000	19079.000000
368.955000	18167.000000
368.960000	18749.000000
368.965000	19117.000000
368.970000	18349.000000
368.975000	19208.000000
368.980000	18480.000000
368.985000	19007.000000
368.990000	18274.000000
368.995000	17905.000000
369.000000	18513.000000
369.005000	18145.000000
369.010000	18609.000000
369.015000	18167.000000
369.020000	18069.000000
369.025000	18165.000000
369.030000	17885.000000
369.035000	17346.000000
369.040000	17534.000000
369.045000	17962.000000
369.050000	17936.000000
369.055000	17105.000000
369.060000	16905.000000
369.065000	17159.000000
369.070000	17809.000000
369.075000	17928.000000
369.080000	18226.000000
369.085000	17851.000000
369.090000	18270.000000
369.095000	16887.000000
369.100000	17727.000000
369.105000	18293.000000
369.110000	18115.000000
369.115000	17431.000000
369.120000	17305.000000
369.125000	17688.000000
369.130000	17940.000000
369.135000	16587.000000
369.140000	17879.000000
369.145000	18372.000000
369.150000	18308.000000
369.155000	17122.000000
369.160000	17764.000000
369.165000	18464.000000
369.170000	18997.000000
369.175000	19024.000000
369.180000	20277.000000
369.185000	20162.000000
369.190000	20960.000000
369.195000	21597.000000
369.200000	23165.000000
369.205000	24084.000000
369.210000	25302.000000
369.215000	28168.000000
369.220000	32425.000000
369.225000	38550.000000
369.230000	48211.000000
369.235000	54010.000000
369.240000	48071.000000
369.245000	39546.000000
369.250000	34180.000000
369.255000	30240.000000
369.260000	27376.000000
369.265000	25608.000000
369.270000	24871.000000
369.275000	22892.000000
369.280000	22330.000000
369.285000	22262.000000
369.290000	21691.000000
369.295000	20706.000000
369.300000	20969.000000
369.305000	19865.000000
369.310000	19554.000000
369.315000	18926.000000
369.320000	17727.000000
369.325000	18095.000000
369.330000	17489.000000
369.335000	18288.000000
369.340000	18269.000000
369.345000	17235.000000
369.350000	17391.000000
369.355000	16701.000000
369.360000	16873.000000
369.365000	17164.000000
369.370000	16296.000000
369.375000	16509.000000
369.380000	16775.000000
369.385000	15778.000000
369.390000	15565.000000
369.395000	15728.000000
369.400000	15715.000000
369.405000	16345.000000
369.410000	14851.000000
369.415000	16090.000000
369.420000	15930.000000
369.425000	15101.000000
369.430000	15302.000000
369.435000	15169.000000
369.440000	14888.000000
369.445000	15421.000000
369.450000	15136.000000
369.455000	15068.000000
369.460000	14355.000000
369.465000	14934.000000
369.470000	14973.000000
369.475000	14813.000000
369.480000	14225.000000
369.485000	14666.000000
369.490000	14770.000000
369.495000	13887.000000
369.500000	14513.000000
369.505000	14045.000000
369.510000	14428.000000
369.515000	13714.000000
369.520000	14462.000000
369.525000	13913.000000
369.530000	13530.000000
369.535000	14498.000000
369.540000	13752.000000
369.545000	13347.000000
369.550000	14316.000000
369.555000	13610.000000
369.560000	13602.000000
369.565000	13557.000000
369.570000	14010.000000
369.575000	13542.000000
369.580000	13178.000000
369.585000	13463.000000
369.590000	13582.000000
369.595000	13692.000000
369.600000	13109.000000
369.605000	13879.000000
369.610000	13010.000000
369.615000	11915.000000
369.620000	13100.000000
369.625000	12934.000000
369.630000	13041.000000
369.635000	12663.000000
369.640000	13076.000000
369.645000	12902.000000
369.650000	12882.000000
369.655000	13469.000000
369.660000	13257.000000
369.665000	13800.000000
369.670000	12110.000000
369.675000	12252.000000
369.680000	13165.000000
369.685000	12965.000000
369.690000	13014.000000
369.695000	12483.000000
369.700000	12883.000000
369.705000	13197.000000
369.710000	12801.000000
369.715000	13253.000000
369.720000	12406.000000
369.725000	12189.000000
369.730000	11775.000000
369.735000	12720.000000
369.740000	12744.000000
369.745000	12784.000000
369.750000	12143.000000
369.755000	11934.000000
369.760000	11869.000000
369.765000	12427.000000
369.770000	11981.000000
369.775000	11796.000000
369.780000	12549.000000
369.785000	11608.000000
369.790000	11880.000000
369.795000	12206.000000
369.800000	11993.000000
369.805000	11959.000000
369.810000	12175.000000
369.815000	11700.000000
369.820000	11463.000000
369.825000	11927.000000
369.830000	11637.000000
369.835000	12183.000000
369.840000	11469.000000
369.845000	11615.000000
369.850000	11045.000000
369.855000	12124.000000
369.860000	10288.000000
369.865000	11910.000000
369.870000	11396.000000
369.875000	11456.000000
369.880000	10731.000000
369.885000	11232.000000
369.890000	10779.000000
369.895000	11320.000000
369.900000	11396.000000
369.905000	11109.000000
369.910000	11649.000000
369.915000	10895.000000
369.920000	11024.000000
369.925000	11112.000000
369.930000	10973.000000
369.935000	10653.000000
369.940000	11561.000000
369.945000	10794.000000
369.950000	11252.000000
369.955000	10808.000000
369.960000	10784.000000
369.965000	10569.000000
369.970000	10698.000000
369.975000	10898.000000
369.980000	10539.000000
369.985000	10819.000000
369.990000	10686.000000
369.995000	10599.000000
370.000000	10240.000000
370.005000	10769.000000
370.010000	10683.000000
370.015000	10711.000000
370.020000	10523.000000
370.025000	10551.000000
370.030000	10946.000000
370.035000	10089.000000
370.040000	10002.000000
370.045000	10975.000000
370.050000	10360.000000
370.055000	10328.000000
370.060000	10882.000000
370.065000	10408.000000
370.070000	10507.000000
370.075000	10606.000000
370.080000	10232.000000
370.085000	10080.000000
370.090000	9921.000000
370.095000	10235.000000
370.100000	10225.000000
370.105000	10524.000000
370.110000	10115.000000
370.115000	10380.000000
370.120000	9521.000000
370.125000	10051.000000
370.130000	9885.000000
370.135000	9868.000000
370.140000	10399.000000
370.145000	9875.000000
370.150000	9990.000000
370.155000	9951.000000
370.160000	10144.000000
370.165000	10410.000000
370.170000	9509.000000
370.175000	10309.000000
370.180000	9659.000000
370.185000	9840.000000
370.190000	9536.000000
370.195000	10246.000000
370.200000	9991.000000
370.205000	9825.000000
370.210000	9930.000000
370.215000	10261.000000
370.220000	9103.000000
370.225000	9148.000000
370.230000	10088.000000
370.235000	9689.000000
370.240000	9859.000000
370.245000	9831.000000
370.250000	9623.000000
370.255000	9460.000000
370.260000	9905.000000
370.265000	9555.000000
370.270000	9520.000000
370.275000	9800.000000
370.280000	9292.000000
370.285000	9062.000000
370.290000	9855.000000
370.295000	9552.000000
370.300000	9260.000000
370.305000	9678.000000
370.310000	9710.000000
370.315000	8508.000000
370.320000	9677.000000
370.325000	8957.000000
370.330000	8933.000000
370.335000	9708.000000
370.340000	9083.000000
370.345000	8733.000000
370.350000	9338.000000
370.355000	9482.000000
370.360000	9642.000000
370.365000	9036.000000
370.370000	9216.000000
370.375000	8769.000000
370.380000	8947.000000
370.385000	9144.000000
370.390000	8934.000000
370.395000	8758.000000
370.400000	9257.000000
370.405000	9648.000000
370.410000	9013.000000
370.415000	9334.000000
370.420000	8987.000000
370.425000	8831.000000
370.430000	9228.000000
370.435000	8911.000000
370.440000	8438.000000
370.445000	8554.000000
370.450000	8824.000000
370.455000	8424.000000
370.460000	9331.000000
370.465000	8589.000000
370.470000	9016.000000
370.475000	8937.000000
370.480000	8634.000000
370.485000	8945.000000
370.490000	8955.000000
370.495000	8347.000000
370.500000	8643.000000
370.505000	9067.000000
370.510000	8641.000000
370.515000	8977.000000
370.520000	8183.000000
370.525000	8699.000000
370.530000	8735.000000
370.535000	8640.000000
370.540000	8642.000000
370.545000	8540.000000
370.550000	8308.000000
370.555000	9160.000000
370.560000	8589.000000
370.565000	8839.000000
370.570000	8847.000000
370.575000	9270.000000
370.580000	8766.000000
370.585000	8843.000000
370.590000	8479.000000
370.595000	8569.000000
370.600000	8816.000000
370.605000	8902.000000
370.610000	8829.000000
370.615000	8430.000000
370.620000	8507.000000
370.625000	8283.000000
370.630000	8527.000000
370.635000	8567.000000
370.640000	8387.000000
370.645000	8483.000000
370.650000	8453.000000
370.655000	8729.000000
370.660000	8543.000000
370.665000	8247.000000
370.670000	8465.000000
370.675000	8209.000000
370.680000	8761.000000
370.685000	8206.000000
370.690000	8073.000000
370.695000	8334.000000
370.700000	7715.000000
370.705000	8310.000000
370.710000	8539.000000
370.715000	8827.000000
370.720000	8497.000000
370.725000	7647.000000
370.730000	8319.000000
370.735000	8110.000000
370.740000	8117.000000
370.745000	8104.000000
370.750000	7927.000000
370.755000	8374.000000
370.760000	7861.000000
370.765000	8573.000000
370.770000	7550.000000
370.775000	8464.000000
370.780000	8423.000000
370.785000	8134.000000
370.790000	8469.000000
370.795000	8180.000000
370.800000	8163.000000
370.805000	8344.000000
370.810000	8202.000000
370.815000	8859.000000
370.820000	7682.000000
370.825000	8047.000000
370.830000	7525.000000
370.835000	8084.000000
370.840000	8211.000000
370.845000	7921.000000
370.850000	7930.000000
370.855000	7872.000000
370.860000	7935.000000
370.865000	7740.000000
370.870000	8470.000000
370.875000	7444.000000
370.880000	8007.000000
370.885000	7497.000000
370.890000	8042.000000
370.895000	8039.000000
370.900000	8239.000000
370.905000	7716.000000
370.910000	8135.000000
370.915000	8127.000000
370.920000	7898.000000
370.925000	8067.000000
370.930000	8107.000000
370.935000	7796.000000
370.940000	7509.000000
370.945000	7840.000000
370.950000	7596.000000
370.955000	8162.000000
370.960000	7934.000000
370.965000	7981.000000
370.970000	7571.000000
370.975000	7712.000000
370.980000	7786.000000
370.985000	7548.000000
370.990000	7897.000000
370.995000	7807.000000
371.000000	8092.000000
371.005000	7527.000000
371.010000	7669.000000
371.015000	7877.000000
371.020000	7459.000000
371.025000	7639.000000
371.030000	7445.000000
371.035000	7906.000000
371.040000	7560.000000
371.045000	7582.000000
371.050000	7913.000000
371.055000	8293.000000
371.060000	7443.000000
371.065000	7655.000000
371.070000	7691.000000
371.075000	7224.000000
371.080000	7475.000000
371.085000	7420.000000
371.090000	7601.000000
371.095000	7959.000000
371.100000	7566.000000
371.105000	7137.000000
371.110000	7355.000000
371.115000	7287.000000
371.120000	7410.000000
371.125000	7301.000000
371.130000	7865.000000
371.135000	7368.000000
371.140000	7414.000000
371.145000	7392.000000
371.150000	7753.000000
371.155000	7549.000000
371.160000	8092.000000
371.165000	7614.000000
371.170000	7842.000000
371.175000	7718.000000
371.180000	7185.000000
371.185000	7409.000000
371.190000	7539.000000
371.195000	7777.000000
371.200000	7671.000000
371.205000	7722.000000
371.210000	7528.000000
371.215000	7608.000000
371.220000	7074.000000
371.225000	7317.000000
371.230000	7472.000000
371.235000	7589.000000
371.240000	7144.000000
371.245000	7703.000000
371.250000	7156.000000
371.255000	7388.000000
371.260000	6771.000000
371.265000	7311.000000
371.270000	7314.000000
371.275000	7893.000000
371.280000	7031.000000
371.285000	7546.000000
371.290000	6786.000000
371.295000	7204.000000
371.300000	7526.000000
371.305000	7542.000000
371.310000	7510.000000
371.315000	7234.000000
371.320000	7302.000000
371.325000	7555.000000
371.330000	7107.000000
371.335000	7158.000000
371.340000	7460.000000
371.345000	6956.000000
371.350000	7418.000000
371.355000	7230.000000
371.360000	7344.000000
371.365000	7174.000000
371.370000	7333.000000
371.375000	6847.000000
371.380000	7001.000000
371.385000	7507.000000
371.390000	7356.000000
371.395000	6908.000000
371.400000	7368.000000
371.405000	7195.000000
371.410000	7086.000000
371.415000	7398.000000
371.420000	7039.000000
371.425000	7188.000000
371.430000	6356.000000
371.435000	6843.000000
371.440000	6951.000000
371.445000	7238.000000
371.450000	7252.000000
371.455000	6702.000000
371.460000	7216.000000
371.465000	6963.000000
371.470000	6748.000000
371.475000	7004.000000
371.480000	7500.000000
371.485000	6795.000000
371.490000	6945.000000
371.495000	6679.000000
371.500000	7401.000000
371.505000	7316.000000
371.510000	7183.000000
371.515000	7372.000000
371.520000	6869.000000
371.525000	6675.000000
371.530000	7112.000000
371.535000	7733.000000
371.540000	7325.000000
371.545000	6850.000000
371.550000	7002.000000
371.555000	7363.000000
371.560000	7004.000000
371.565000	6839.000000
371.570000	7491.000000
371.575000	6899.000000
371.580000	6593.000000
371.585000	7273.000000
371.590000	6927.000000
371.595000	7147.000000
371.600000	7551.000000
371.605000	6757.000000
371.610000	7046.000000
371.615000	7186.000000
371.620000	7177.000000
371.625000	6832.000000
371.630000	7462.000000
371.635000	7592.000000
371.640000	7047.000000
371.645000	7111.000000
371.650000	7487.000000
371.655000	6959.000000
371.660000	7370.000000
371.665000	7474.000000
371.670000	7202.000000
371.675000	7607.000000
371.680000	7550.000000
371.685000	6633.000000
371.690000	7221.000000
371.695000	6883.000000
371.700000	6675.000000
371.705000	7130.000000
371.710000	7884.000000
371.715000	7153.000000
371.720000	7119.000000
371.725000	6977.000000
371.730000	7179.000000
371.735000	7251.000000
371.740000	7198.000000
371.745000	7252.000000
371.750000	7105.000000
371.755000	7107.000000
371.760000	7848.000000
371.765000	7457.000000
371.770000	7055.000000
371.775000	7916.000000
371.780000	7147.000000
371.785000	7450.000000
371.790000	7955.000000
371.795000	6868.000000
371.800000	8177.000000
371.805000	7465.000000
371.810000	7980.000000
371.815000	8061.000000
371.820000	7664.000000
371.825000	8269.000000
371.830000	7460.000000
371.835000	8045.000000
371.840000	7523.000000
371.845000	8257.000000
371.850000	8211.000000
371.855000	8545.000000
371.860000	8248.000000
371.865000	8936.000000
371.870000	8960.000000
371.875000	8954.000000
371.880000	9196.000000
371.885000	10218.000000
371.890000	10174.000000
371.895000	10968.000000
371.900000	12073.000000
371.905000	12365.000000
371.910000	10955.000000
371.915000	9237.000000
371.920000	9167.000000
371.925000	8572.000000
371.930000	8125.000000
371.935000	7651.000000
371.940000	7700.000000
371.945000	8322.000000
371.950000	7721.000000
371.955000	7804.000000
371.960000	8238.000000
371.965000	7438.000000
371.970000	7955.000000
371.975000	7717.000000
371.980000	7696.000000
371.985000	6962.000000
371.990000	7600.000000
371.995000	8011.000000
372.000000	7781.000000
372.005000	7972.000000
372.010000	7734.000000
372.015000	7605.000000
372.020000	7696.000000
372.025000	7575.000000
372.030000	8216.000000
372.035000	7701.000000
372.040000	7708.000000
372.045000	7779.000000
372.050000	8146.000000
372.055000	7455.000000
372.060000	7664.000000
372.065000	7467.000000
372.070000	7957.000000
372.075000	7418.000000
372.080000	7958.000000
372.085000	7742.000000
372.090000	7884.000000
372.095000	7463.000000
372.100000	7653.000000
372.105000	7337.000000
372.110000	8394.000000
372.115000	8171.000000
372.120000	7492.000000
372.125000	7910.000000
372.130000	7945.000000
372.135000	7486.000000
372.140000	7620.000000
372.145000	7810.000000
372.150000	8175.000000
372.155000	7383.000000
372.160000	7446.000000
372.165000	7333.000000
372.170000	7739.000000
372.175000	7017.000000
372.180000	7786.000000
372.185000	7996.000000
372.190000	8061.000000
372.195000	7060.000000
372.200000	8057.000000
372.205000	7892.000000
372.210000	7597.000000
372.215000	7857.000000
372.220000	7550.000000
372.225000	7631.000000
372.230000	7590.000000
372.235000	7614.000000
372.240000	7990.000000
372.245000	7683.000000
372.250000	7107.000000
372.255000	7444.000000
372.260000	7169.000000
372.265000	7361.000000
372.270000	7836.000000
372.275000	7614.000000
372.280000	7078.000000
372.285000	7547.000000
372.290000	7725.000000
372.295000	7683.000000
372.300000	7645.000000
