Sample ID:		H1101b 20um slit Chris
Start Time:		Fri Jun 26 2020 12:04:15 PM
Averaging Time:		1.000s

365.000000	15.000000
365.005000	48.000000
365.010000	9.000000
365.015000	7.000000
365.020000	35.000000
365.025000	48.000000
365.030000	34.000000
365.035000	15.000000
365.040000	2.000000
365.045000	16.000000
365.050000	3.000000
365.055000	26.000000
365.060000	3.000000
365.065000	20.000000
365.070000	7.000000
365.075000	27.000000
365.080000	5.000000
365.085000	8.000000
365.090000	11.000000
365.095000	12.000000
365.100000	4.000000
365.105000	5.000000
365.110000	20.000000
365.115000	10.000000
365.120000	16.000000
365.125000	3.000000
365.130000	1.000000
365.135000	15.000000
365.140000	26.000000
365.145000	14.000000
365.150000	18.000000
365.155000	41.000000
365.160000	12.000000
365.165000	4.000000
365.170000	24.000000
365.175000	27.000000
365.180000	19.000000
365.185000	35.000000
365.190000	9.000000
365.195000	12.000000
365.200000	10.000000
365.205000	14.000000
365.210000	10.000000
365.215000	17.000000
365.220000	26.000000
365.225000	11.000000
365.230000	65.000000
365.235000	8.000000
365.240000	2.000000
365.245000	26.000000
365.250000	12.000000
365.255000	36.000000
365.260000	7.000000
365.265000	11.000000
365.270000	7.000000
365.275000	53.000000
365.280000	1.000000
365.285000	39.000000
365.290000	1.000000
365.295000	45.000000
365.300000	23.000000
365.305000	12.000000
365.310000	12.000000
365.315000	1.000000
365.320000	3.000000
365.325000	10.000000
365.330000	5.000000
365.335000	2.000000
365.340000	1.000000
365.345000	4.000000
365.350000	5.000000
365.355000	23.000000
365.360000	17.000000
365.365000	12.000000
365.370000	25.000000
365.375000	11.000000
365.380000	24.000000
365.385000	2.000000
365.390000	8.000000
365.395000	4.000000
365.400000	11.000000
365.405000	1.000000
365.410000	5.000000
365.415000	30.000000
365.420000	11.000000
365.425000	13.000000
365.430000	4.000000
365.435000	6.000000
365.440000	3.000000
365.445000	17.000000
365.450000	23.000000
365.455000	11.000000
365.460000	41.000000
365.465000	33.000000
365.470000	11.000000
365.475000	10.000000
365.480000	6.000000
365.485000	2.000000
365.490000	3.000000
365.495000	5.000000
365.500000	25.000000
365.505000	31.000000
365.510000	20.000000
365.515000	7.000000
365.520000	38.000000
365.525000	46.000000
365.530000	20.000000
365.535000	19.000000
365.540000	4.000000
365.545000	12.000000
365.550000	3.000000
365.555000	5.000000
365.560000	12.000000
365.565000	15.000000
365.570000	4.000000
365.575000	7.000000
365.580000	6.000000
365.585000	14.000000
365.590000	34.000000
365.595000	9.000000
365.600000	3.000000
365.605000	76.000000
365.610000	51.000000
365.615000	25.000000
365.620000	5.000000
365.625000	41.000000
365.630000	16.000000
365.635000	10.000000
365.640000	13.000000
365.645000	18.000000
365.650000	2.000000
365.655000	4.000000
365.660000	14.000000
365.665000	5.000000
365.670000	18.000000
365.675000	32.000000
365.680000	155.000000
365.685000	2.000000
365.690000	9.000000
365.695000	6.000000
365.700000	36.000000
365.705000	6.000000
365.710000	21.000000
365.715000	13.000000
365.720000	4.000000
365.725000	17.000000
365.730000	71.000000
365.735000	15.000000
365.740000	20.000000
365.745000	34.000000
365.750000	4.000000
365.755000	23.000000
365.760000	2.000000
365.765000	15.000000
365.770000	35.000000
365.775000	16.000000
365.780000	21.000000
365.785000	32.000000
365.790000	6.000000
365.795000	20.000000
365.800000	17.000000
365.805000	34.000000
365.810000	17.000000
365.815000	6.000000
365.820000	23.000000
365.825000	32.000000
365.830000	16.000000
365.835000	66.000000
365.840000	18.000000
365.845000	62.000000
365.850000	19.000000
365.855000	14.000000
365.860000	16.000000
365.865000	15.000000
365.870000	34.000000
365.875000	28.000000
365.880000	43.000000
365.885000	26.000000
365.890000	49.000000
365.895000	1.000000
365.900000	6.000000
365.905000	11.000000
365.910000	6.000000
365.915000	27.000000
365.920000	22.000000
365.925000	16.000000
365.930000	5.000000
365.935000	12.000000
365.940000	29.000000
365.945000	16.000000
365.950000	31.000000
365.955000	14.000000
365.960000	39.000000
365.965000	4.000000
365.970000	13.000000
365.975000	12.000000
365.980000	16.000000
365.985000	87.000000
365.990000	27.000000
365.995000	28.000000
366.000000	5.000000
366.005000	27.000000
366.010000	52.000000
366.015000	4.000000
366.020000	23.000000
366.025000	17.000000
366.030000	24.000000
366.035000	22.000000
366.040000	45.000000
366.045000	12.000000
366.050000	24.000000
366.055000	10.000000
366.060000	17.000000
366.065000	58.000000
366.070000	36.000000
366.075000	14.000000
366.080000	24.000000
366.085000	17.000000
366.090000	9.000000
366.095000	12.000000
366.100000	38.000000
366.105000	21.000000
366.110000	47.000000
366.115000	29.000000
366.120000	19.000000
366.125000	22.000000
366.130000	40.000000
366.135000	57.000000
366.140000	7.000000
366.145000	30.000000
366.150000	21.000000
366.155000	37.000000
366.160000	6.000000
366.165000	22.000000
366.170000	17.000000
366.175000	73.000000
366.180000	5.000000
366.185000	17.000000
366.190000	56.000000
366.195000	29.000000
366.200000	39.000000
366.205000	49.000000
366.210000	38.000000
366.215000	20.000000
366.220000	28.000000
366.225000	64.000000
366.230000	17.000000
366.235000	24.000000
366.240000	27.000000
366.245000	32.000000
366.250000	48.000000
366.255000	30.000000
366.260000	42.000000
366.265000	48.000000
366.270000	58.000000
366.275000	23.000000
366.280000	18.000000
366.285000	18.000000
366.290000	23.000000
366.295000	36.000000
366.300000	19.000000
366.305000	46.000000
366.310000	96.000000
366.315000	34.000000
366.320000	31.000000
366.325000	49.000000
366.330000	26.000000
366.335000	39.000000
366.340000	26.000000
366.345000	53.000000
366.350000	40.000000
366.355000	20.000000
366.360000	37.000000
366.365000	29.000000
366.370000	13.000000
366.375000	86.000000
366.380000	29.000000
366.385000	22.000000
366.390000	50.000000
366.395000	20.000000
366.400000	78.000000
366.405000	78.000000
366.410000	68.000000
366.415000	72.000000
366.420000	44.000000
366.425000	77.000000
366.430000	43.000000
366.435000	95.000000
366.440000	24.000000
366.445000	46.000000
366.450000	37.000000
366.455000	36.000000
366.460000	30.000000
366.465000	98.000000
366.470000	49.000000
366.475000	44.000000
366.480000	7.000000
366.485000	37.000000
366.490000	33.000000
366.495000	27.000000
366.500000	40.000000
366.505000	88.000000
366.510000	28.000000
366.515000	35.000000
366.520000	74.000000
366.525000	102.000000
366.530000	49.000000
366.535000	54.000000
366.540000	36.000000
366.545000	41.000000
366.550000	83.000000
366.555000	42.000000
366.560000	36.000000
366.565000	109.000000
366.570000	51.000000
366.575000	30.000000
366.580000	99.000000
366.585000	100.000000
366.590000	56.000000
366.595000	43.000000
366.600000	76.000000
366.605000	41.000000
366.610000	126.000000
366.615000	70.000000
366.620000	35.000000
366.625000	96.000000
366.630000	69.000000
366.635000	60.000000
366.640000	53.000000
366.645000	42.000000
366.650000	107.000000
366.655000	87.000000
366.660000	53.000000
366.665000	64.000000
366.670000	101.000000
366.675000	68.000000
366.680000	173.000000
366.685000	68.000000
366.690000	97.000000
366.695000	57.000000
366.700000	147.000000
366.705000	73.000000
366.710000	112.000000
366.715000	43.000000
366.720000	76.000000
366.725000	108.000000
366.730000	74.000000
366.735000	71.000000
366.740000	38.000000
366.745000	132.000000
366.750000	35.000000
366.755000	76.000000
366.760000	91.000000
366.765000	136.000000
366.770000	91.000000
366.775000	109.000000
366.780000	78.000000
366.785000	118.000000
366.790000	129.000000
366.795000	110.000000
366.800000	80.000000
366.805000	106.000000
366.810000	85.000000
366.815000	133.000000
366.820000	124.000000
366.825000	100.000000
366.830000	187.000000
366.835000	123.000000
366.840000	91.000000
366.845000	99.000000
366.850000	75.000000
366.855000	164.000000
366.860000	118.000000
366.865000	126.000000
366.870000	214.000000
366.875000	119.000000
366.880000	139.000000
366.885000	190.000000
366.890000	231.000000
366.895000	169.000000
366.900000	178.000000
366.905000	151.000000
366.910000	224.000000
366.915000	139.000000
366.920000	386.000000
366.925000	214.000000
366.930000	250.000000
366.935000	246.000000
366.940000	249.000000
366.945000	265.000000
366.950000	360.000000
366.955000	278.000000
366.960000	351.000000
366.965000	398.000000
366.970000	281.000000
366.975000	427.000000
366.980000	279.000000
366.985000	435.000000
366.990000	401.000000
366.995000	313.000000
367.000000	345.000000
367.005000	371.000000
367.010000	426.000000
367.015000	427.000000
367.020000	349.000000
367.025000	381.000000
367.030000	374.000000
367.035000	399.000000
367.040000	398.000000
367.045000	291.000000
367.050000	448.000000
367.055000	516.000000
367.060000	407.000000
367.065000	381.000000
367.070000	463.000000
367.075000	463.000000
367.080000	514.000000
367.085000	406.000000
367.090000	449.000000
367.095000	491.000000
367.100000	496.000000
367.105000	468.000000
367.110000	593.000000
367.115000	529.000000
367.120000	612.000000
367.125000	762.000000
367.130000	824.000000
367.135000	776.000000
367.140000	1052.000000
367.145000	641.000000
367.150000	726.000000
367.155000	765.000000
367.160000	936.000000
367.165000	915.000000
367.170000	1016.000000
367.175000	1125.000000
367.180000	1231.000000
367.185000	1305.000000
367.190000	1215.000000
367.195000	1483.000000
367.200000	1358.000000
367.205000	1655.000000
367.210000	1724.000000
367.215000	1393.000000
367.220000	1537.000000
367.225000	1595.000000
367.230000	1598.000000
367.235000	1607.000000
367.240000	1752.000000
367.245000	1677.000000
367.250000	1447.000000
367.255000	1677.000000
367.260000	1729.000000
367.265000	1967.000000
367.270000	1869.000000
367.275000	2066.000000
367.280000	1881.000000
367.285000	2169.000000
367.290000	1969.000000
367.295000	2302.000000
367.300000	2431.000000
367.305000	2152.000000
367.310000	1980.000000
367.315000	2337.000000
367.320000	2197.000000
367.325000	2490.000000
367.330000	2569.000000
367.335000	2755.000000
367.340000	2502.000000
367.345000	2616.000000
367.350000	2828.000000
367.355000	2596.000000
367.360000	2834.000000
367.365000	3125.000000
367.370000	2670.000000
367.375000	2865.000000
367.380000	2877.000000
367.385000	2994.000000
367.390000	3113.000000
367.395000	3056.000000
367.400000	3184.000000
367.405000	3128.000000
367.410000	3294.000000
367.415000	3552.000000
367.420000	3545.000000
367.425000	3805.000000
367.430000	3403.000000
367.435000	3709.000000
367.440000	3784.000000
367.445000	4009.000000
367.450000	3643.000000
367.455000	3330.000000
367.460000	3791.000000
367.465000	3759.000000
367.470000	4056.000000
367.475000	3379.000000
367.480000	4463.000000
367.485000	4221.000000
367.490000	3888.000000
367.495000	4261.000000
367.500000	4047.000000
367.505000	4090.000000
367.510000	4219.000000
367.515000	4352.000000
367.520000	4758.000000
367.525000	4273.000000
367.530000	4413.000000
367.535000	4826.000000
367.540000	4758.000000
367.545000	4805.000000
367.550000	4942.000000
367.555000	4506.000000
367.560000	5084.000000
367.565000	5251.000000
367.570000	5068.000000
367.575000	4986.000000
367.580000	5156.000000
367.585000	4825.000000
367.590000	5181.000000
367.595000	5753.000000
367.600000	5580.000000
367.605000	5496.000000
367.610000	5693.000000
367.615000	5848.000000
367.620000	5712.000000
367.625000	5936.000000
367.630000	6204.000000
367.635000	6035.000000
367.640000	5853.000000
367.645000	6087.000000
367.650000	6104.000000
367.655000	5681.000000
367.660000	6450.000000
367.665000	6098.000000
367.670000	6400.000000
367.675000	6426.000000
367.680000	6474.000000
367.685000	6517.000000
367.690000	6489.000000
367.695000	6714.000000
367.700000	6943.000000
367.705000	7052.000000
367.710000	7812.000000
367.715000	7813.000000
367.720000	7906.000000
367.725000	7658.000000
367.730000	8525.000000
367.735000	7784.000000
367.740000	8715.000000
367.745000	8983.000000
367.750000	8609.000000
367.755000	9139.000000
367.760000	10194.000000
367.765000	9830.000000
367.770000	9597.000000
367.775000	10353.000000
367.780000	10744.000000
367.785000	10957.000000
367.790000	11351.000000
367.795000	11560.000000
367.800000	12345.000000
367.805000	12462.000000
367.810000	13079.000000
367.815000	13040.000000
367.820000	14132.000000
367.825000	14230.000000
367.830000	14591.000000
367.835000	15687.000000
367.840000	15408.000000
367.845000	16441.000000
367.850000	17543.000000
367.855000	17505.000000
367.860000	17585.000000
367.865000	18518.000000
367.870000	18908.000000
367.875000	19272.000000
367.880000	19695.000000
367.885000	19392.000000
367.890000	20614.000000
367.895000	22197.000000
367.900000	21278.000000
367.905000	21555.000000
367.910000	22951.000000
367.915000	22876.000000
367.920000	23975.000000
367.925000	24820.000000
367.930000	23966.000000
367.935000	24930.000000
367.940000	25422.000000
367.945000	25832.000000
367.950000	26203.000000
367.955000	27231.000000
367.960000	26380.000000
367.965000	27774.000000
367.970000	29114.000000
367.975000	28661.000000
367.980000	28647.000000
367.985000	30265.000000
367.990000	31590.000000
367.995000	31650.000000
368.000000	31826.000000
368.005000	30989.000000
368.010000	32291.000000
368.015000	33764.000000
368.020000	34716.000000
368.025000	35080.000000
368.030000	35510.000000
368.035000	37013.000000
368.040000	37617.000000
368.045000	38488.000000
368.050000	40057.000000
368.055000	42161.000000
368.060000	42555.000000
368.065000	43431.000000
368.070000	41428.000000
368.075000	40241.000000
368.080000	41837.000000
368.085000	40894.000000
368.090000	40322.000000
368.095000	41487.000000
368.100000	42971.000000
368.105000	41153.000000
368.110000	41301.000000
368.115000	41716.000000
368.120000	41055.000000
368.125000	41794.000000
368.130000	41536.000000
368.135000	42767.000000
368.140000	41845.000000
368.145000	43360.000000
368.150000	42506.000000
368.155000	42118.000000
368.160000	43309.000000
368.165000	42859.000000
368.170000	42352.000000
368.175000	41630.000000
368.180000	40999.000000
368.185000	42659.000000
368.190000	42268.000000
368.195000	42301.000000
368.200000	39776.000000
368.205000	40924.000000
368.210000	39247.000000
368.215000	40436.000000
368.220000	38808.000000
368.225000	39557.000000
368.230000	38534.000000
368.235000	38160.000000
368.240000	37491.000000
368.245000	38091.000000
368.250000	36866.000000
368.255000	36467.000000
368.260000	36920.000000
368.265000	36472.000000
368.270000	35754.000000
368.275000	34696.000000
368.280000	35000.000000
368.285000	34334.000000
368.290000	34087.000000
368.295000	32554.000000
368.300000	33618.000000
368.305000	32677.000000
368.310000	31679.000000
368.315000	32031.000000
368.320000	30767.000000
368.325000	32214.000000
368.330000	30433.000000
368.335000	29946.000000
368.340000	30851.000000
368.345000	30320.000000
368.350000	29466.000000
368.355000	29249.000000
368.360000	29426.000000
368.365000	28684.000000
368.370000	27914.000000
368.375000	27833.000000
368.380000	28646.000000
368.385000	27590.000000
368.390000	26848.000000
368.395000	27119.000000
368.400000	27281.000000
368.405000	27443.000000
368.410000	27080.000000
368.415000	27240.000000
368.420000	27131.000000
368.425000	25799.000000
368.430000	25653.000000
368.435000	25845.000000
368.440000	25618.000000
368.445000	25248.000000
368.450000	26192.000000
368.455000	25360.000000
368.460000	24961.000000
368.465000	23669.000000
368.470000	24731.000000
368.475000	23646.000000
368.480000	25202.000000
368.485000	24238.000000
368.490000	24470.000000
368.495000	24097.000000
368.500000	24292.000000
368.505000	23722.000000
368.510000	23495.000000
368.515000	23859.000000
368.520000	23792.000000
368.525000	22830.000000
368.530000	24129.000000
368.535000	22907.000000
368.540000	22658.000000
368.545000	22840.000000
368.550000	22828.000000
368.555000	21989.000000
368.560000	22729.000000
368.565000	22627.000000
368.570000	23038.000000
368.575000	23593.000000
368.580000	23222.000000
368.585000	24060.000000
368.590000	23094.000000
368.595000	23069.000000
368.600000	22307.000000
368.605000	22475.000000
368.610000	21830.000000
368.615000	23173.000000
368.620000	21200.000000
368.625000	21111.000000
368.630000	21597.000000
368.635000	21029.000000
368.640000	21198.000000
368.645000	21077.000000
368.650000	21419.000000
368.655000	20693.000000
368.660000	21350.000000
368.665000	21224.000000
368.670000	21068.000000
368.675000	21674.000000
368.680000	20839.000000
368.685000	20431.000000
368.690000	21246.000000
368.695000	20341.000000
368.700000	20845.000000
368.705000	21399.000000
368.710000	20934.000000
368.715000	20194.000000
368.720000	20567.000000
368.725000	20810.000000
368.730000	20376.000000
368.735000	20066.000000
368.740000	20827.000000
368.745000	22044.000000
368.750000	20914.000000
368.755000	21514.000000
368.760000	20691.000000
368.765000	21229.000000
368.770000	20386.000000
368.775000	20351.000000
368.780000	20714.000000
368.785000	20164.000000
368.790000	19172.000000
368.795000	20014.000000
368.800000	19791.000000
368.805000	18778.000000
368.810000	19733.000000
368.815000	19243.000000
368.820000	19255.000000
368.825000	18435.000000
368.830000	19218.000000
368.835000	19106.000000
368.840000	19597.000000
368.845000	18753.000000
368.850000	19113.000000
368.855000	19454.000000
368.860000	18671.000000
368.865000	20206.000000
368.870000	18155.000000
368.875000	19311.000000
368.880000	20360.000000
368.885000	19727.000000
368.890000	20664.000000
368.895000	20498.000000
368.900000	20569.000000
368.905000	21964.000000
368.910000	22456.000000
368.915000	22198.000000
368.920000	20805.000000
368.925000	20561.000000
368.930000	18057.000000
368.935000	19092.000000
368.940000	18976.000000
368.945000	18831.000000
368.950000	18357.000000
368.955000	17537.000000
368.960000	18408.000000
368.965000	18079.000000
368.970000	18110.000000
368.975000	18409.000000
368.980000	17961.000000
368.985000	18014.000000
368.990000	17344.000000
368.995000	17853.000000
369.000000	18106.000000
369.005000	18068.000000
369.010000	17751.000000
369.015000	18237.000000
369.020000	17468.000000
369.025000	16979.000000
369.030000	18236.000000
369.035000	17610.000000
369.040000	17736.000000
369.045000	17636.000000
369.050000	17708.000000
369.055000	17764.000000
369.060000	17399.000000
369.065000	17319.000000
369.070000	17737.000000
369.075000	16799.000000
369.080000	16687.000000
369.085000	16861.000000
369.090000	17641.000000
369.095000	16618.000000
369.100000	17652.000000
369.105000	16807.000000
369.110000	16644.000000
369.115000	17301.000000
369.120000	16551.000000
369.125000	16792.000000
369.130000	17691.000000
369.135000	16628.000000
369.140000	17958.000000
369.145000	17696.000000
369.150000	17762.000000
369.155000	17304.000000
369.160000	17584.000000
369.165000	18005.000000
369.170000	17830.000000
369.175000	18969.000000
369.180000	18113.000000
369.185000	19488.000000
369.190000	19739.000000
369.195000	19973.000000
369.200000	20610.000000
369.205000	22446.000000
369.210000	23999.000000
369.215000	25637.000000
369.220000	27642.000000
369.225000	31338.000000
369.230000	35497.000000
369.235000	43987.000000
369.240000	61413.000000
369.245000	64316.000000
369.250000	53766.000000
369.255000	44067.000000
369.260000	37905.000000
369.265000	32888.000000
369.270000	30758.000000
369.275000	27373.000000
369.280000	25475.000000
369.285000	24577.000000
369.290000	22599.000000
369.295000	21762.000000
369.300000	21738.000000
369.305000	20466.000000
369.310000	20276.000000
369.315000	18833.000000
369.320000	18971.000000
369.325000	19130.000000
369.330000	18032.000000
369.335000	18220.000000
369.340000	17917.000000
369.345000	18326.000000
369.350000	16851.000000
369.355000	17311.000000
369.360000	17062.000000
369.365000	17027.000000
369.370000	16528.000000
369.375000	16129.000000
369.380000	15971.000000
369.385000	16930.000000
369.390000	16124.000000
369.395000	15549.000000
369.400000	15776.000000
369.405000	16201.000000
369.410000	15998.000000
369.415000	15032.000000
369.420000	14785.000000
369.425000	15453.000000
369.430000	14885.000000
369.435000	14540.000000
369.440000	15573.000000
369.445000	15240.000000
369.450000	15283.000000
369.455000	15439.000000
369.460000	15258.000000
369.465000	14495.000000
369.470000	14207.000000
369.475000	14340.000000
369.480000	14869.000000
369.485000	14588.000000
369.490000	13680.000000
369.495000	14462.000000
369.500000	14159.000000
369.505000	14125.000000
369.510000	14664.000000
369.515000	14498.000000
369.520000	14173.000000
369.525000	13956.000000
369.530000	13071.000000
369.535000	13754.000000
369.540000	13820.000000
369.545000	13967.000000
369.550000	13619.000000
369.555000	13965.000000
369.560000	14072.000000
369.565000	12979.000000
369.570000	13421.000000
369.575000	13021.000000
369.580000	12414.000000
369.585000	13336.000000
369.590000	13418.000000
369.595000	13571.000000
369.600000	13392.000000
369.605000	13922.000000
369.610000	12780.000000
369.615000	12879.000000
369.620000	12720.000000
369.625000	12888.000000
369.630000	12519.000000
369.635000	12644.000000
369.640000	12907.000000
369.645000	12818.000000
369.650000	12668.000000
369.655000	12292.000000
369.660000	13358.000000
369.665000	13292.000000
369.670000	12832.000000
369.675000	12632.000000
369.680000	13100.000000
369.685000	12533.000000
369.690000	12434.000000
369.695000	12483.000000
369.700000	12624.000000
369.705000	12550.000000
369.710000	11965.000000
369.715000	11956.000000
369.720000	12276.000000
369.725000	11930.000000
369.730000	12376.000000
369.735000	12064.000000
369.740000	11951.000000
369.745000	12051.000000
369.750000	11440.000000
369.755000	12381.000000
369.760000	11954.000000
369.765000	12478.000000
369.770000	11960.000000
369.775000	12093.000000
369.780000	11568.000000
369.785000	11742.000000
369.790000	11839.000000
369.795000	11488.000000
369.800000	11540.000000
369.805000	11324.000000
369.810000	11154.000000
369.815000	11322.000000
369.820000	11587.000000
369.825000	11713.000000
369.830000	11547.000000
369.835000	11245.000000
369.840000	11443.000000
369.845000	11547.000000
369.850000	10714.000000
369.855000	10688.000000
369.860000	11193.000000
369.865000	11112.000000
369.870000	10774.000000
369.875000	10731.000000
369.880000	11192.000000
369.885000	11409.000000
369.890000	11558.000000
369.895000	11054.000000
369.900000	11425.000000
369.905000	10816.000000
369.910000	11464.000000
369.915000	11454.000000
369.920000	10559.000000
369.925000	10882.000000
369.930000	11670.000000
369.935000	10783.000000
369.940000	10757.000000
369.945000	10983.000000
369.950000	10999.000000
369.955000	10461.000000
369.960000	10539.000000
369.965000	11032.000000
369.970000	10821.000000
369.975000	9984.000000
369.980000	10363.000000
369.985000	10923.000000
369.990000	10271.000000
369.995000	10980.000000
370.000000	10926.000000
370.005000	9780.000000
370.010000	10332.000000
370.015000	9992.000000
370.020000	10543.000000
370.025000	10755.000000
370.030000	9952.000000
370.035000	10874.000000
370.040000	10901.000000
370.045000	10830.000000
370.050000	10561.000000
370.055000	10362.000000
370.060000	10266.000000
370.065000	10065.000000
370.070000	9886.000000
370.075000	10380.000000
370.080000	10023.000000
370.085000	10318.000000
370.090000	9446.000000
370.095000	9559.000000
370.100000	9864.000000
370.105000	9953.000000
370.110000	9995.000000
370.115000	10388.000000
370.120000	9361.000000
370.125000	9877.000000
370.130000	9884.000000
370.135000	9746.000000
370.140000	9863.000000
370.145000	9557.000000
370.150000	10080.000000
370.155000	10080.000000
370.160000	10111.000000
370.165000	9542.000000
370.170000	9077.000000
370.175000	9811.000000
370.180000	10060.000000
370.185000	9769.000000
370.190000	9626.000000
370.195000	9927.000000
370.200000	9095.000000
370.205000	9495.000000
370.210000	9670.000000
370.215000	9316.000000
370.220000	9322.000000
370.225000	9243.000000
370.230000	9648.000000
370.235000	9700.000000
370.240000	9432.000000
370.245000	9313.000000
370.250000	10216.000000
370.255000	9632.000000
370.260000	9783.000000
370.265000	9859.000000
370.270000	9332.000000
370.275000	9334.000000
370.280000	9660.000000
370.285000	9347.000000
370.290000	8989.000000
370.295000	9290.000000
370.300000	10153.000000
370.305000	9445.000000
370.310000	9379.000000
370.315000	9259.000000
370.320000	8604.000000
370.325000	8640.000000
370.330000	9102.000000
370.335000	9449.000000
370.340000	9194.000000
370.345000	8619.000000
370.350000	9617.000000
370.355000	8704.000000
370.360000	9233.000000
370.365000	9406.000000
370.370000	9536.000000
370.375000	9256.000000
370.380000	8563.000000
370.385000	9180.000000
370.390000	8967.000000
370.395000	8900.000000
370.400000	8859.000000
370.405000	8796.000000
370.410000	8978.000000
370.415000	8610.000000
370.420000	9480.000000
370.425000	8857.000000
370.430000	9150.000000
370.435000	8497.000000
370.440000	8975.000000
370.445000	8659.000000
370.450000	9283.000000
370.455000	9112.000000
370.460000	9111.000000
370.465000	8599.000000
370.470000	8357.000000
370.475000	8407.000000
370.480000	9207.000000
370.485000	8982.000000
370.490000	8410.000000
370.495000	9049.000000
370.500000	8582.000000
370.505000	8827.000000
370.510000	9182.000000
370.515000	8605.000000
370.520000	8760.000000
370.525000	8418.000000
370.530000	8733.000000
370.535000	8423.000000
370.540000	8644.000000
370.545000	8586.000000
370.550000	8781.000000
370.555000	8363.000000
370.560000	8676.000000
370.565000	8890.000000
370.570000	8858.000000
370.575000	8990.000000
370.580000	8404.000000
370.585000	8466.000000
370.590000	8334.000000
370.595000	8737.000000
370.600000	7753.000000
370.605000	8317.000000
370.610000	8465.000000
370.615000	8341.000000
370.620000	8508.000000
370.625000	8324.000000
370.630000	8529.000000
370.635000	8070.000000
370.640000	8744.000000
370.645000	8091.000000
370.650000	8472.000000
370.655000	8535.000000
370.660000	8832.000000
370.665000	7924.000000
370.670000	8747.000000
370.675000	8284.000000
370.680000	8266.000000
370.685000	8343.000000
370.690000	8271.000000
370.695000	8061.000000
370.700000	8388.000000
370.705000	8115.000000
370.710000	8275.000000
370.715000	8502.000000
370.720000	8572.000000
370.725000	8216.000000
370.730000	8414.000000
370.735000	8087.000000
370.740000	7606.000000
370.745000	8208.000000
370.750000	8117.000000
370.755000	8057.000000
370.760000	8539.000000
370.765000	7941.000000
370.770000	8255.000000
370.775000	7844.000000
370.780000	7948.000000
370.785000	8039.000000
370.790000	8678.000000
370.795000	8078.000000
370.800000	7567.000000
370.805000	7815.000000
370.810000	8099.000000
370.815000	7959.000000
370.820000	7807.000000
370.825000	7970.000000
370.830000	8155.000000
370.835000	8130.000000
370.840000	7710.000000
370.845000	7704.000000
370.850000	7847.000000
370.855000	8004.000000
370.860000	7714.000000
370.865000	7941.000000
370.870000	7760.000000
370.875000	7241.000000
370.880000	7896.000000
370.885000	7850.000000
370.890000	7947.000000
370.895000	7771.000000
370.900000	7658.000000
370.905000	7909.000000
370.910000	7787.000000
370.915000	7682.000000
370.920000	7363.000000
370.925000	7858.000000
370.930000	7861.000000
370.935000	7550.000000
370.940000	7429.000000
370.945000	7576.000000
370.950000	7597.000000
370.955000	7709.000000
370.960000	7769.000000
370.965000	7389.000000
370.970000	7321.000000
370.975000	7565.000000
370.980000	7112.000000
370.985000	7939.000000
370.990000	8015.000000
370.995000	7356.000000
371.000000	7699.000000
371.005000	7160.000000
371.010000	7587.000000
371.015000	7349.000000
371.020000	7721.000000
371.025000	7783.000000
371.030000	7603.000000
371.035000	7323.000000
371.040000	7429.000000
371.045000	7517.000000
371.050000	7337.000000
371.055000	7150.000000
371.060000	7210.000000
371.065000	7443.000000
371.070000	7223.000000
371.075000	7340.000000
371.080000	7612.000000
371.085000	7293.000000
371.090000	7467.000000
371.095000	7400.000000
371.100000	7252.000000
371.105000	7317.000000
371.110000	7065.000000
371.115000	6933.000000
371.120000	7655.000000
371.125000	7157.000000
371.130000	7452.000000
371.135000	7486.000000
371.140000	7489.000000
371.145000	7450.000000
371.150000	7367.000000
371.155000	7278.000000
371.160000	7084.000000
371.165000	7736.000000
371.170000	7031.000000
371.175000	7888.000000
371.180000	7610.000000
371.185000	7484.000000
371.190000	7251.000000
371.195000	7171.000000
371.200000	7268.000000
371.205000	7536.000000
371.210000	7137.000000
371.215000	7063.000000
371.220000	7726.000000
371.225000	7093.000000
371.230000	7469.000000
371.235000	7321.000000
371.240000	6996.000000
371.245000	7326.000000
371.250000	7212.000000
371.255000	7973.000000
371.260000	7208.000000
371.265000	7110.000000
371.270000	7516.000000
371.275000	6769.000000
371.280000	7175.000000
371.285000	7133.000000
371.290000	7493.000000
371.295000	6723.000000
371.300000	7108.000000
371.305000	7263.000000
371.310000	7208.000000
371.315000	6406.000000
371.320000	7197.000000
371.325000	7365.000000
371.330000	7185.000000
371.335000	7570.000000
371.340000	6723.000000
371.345000	7180.000000
371.350000	6926.000000
371.355000	7025.000000
371.360000	7415.000000
371.365000	6804.000000
371.370000	7437.000000
371.375000	7119.000000
371.380000	7205.000000
371.385000	7332.000000
371.390000	6627.000000
371.395000	7079.000000
371.400000	6985.000000
371.405000	7053.000000
371.410000	6673.000000
371.415000	7272.000000
371.420000	7539.000000
371.425000	6888.000000
371.430000	6923.000000
371.435000	7160.000000
371.440000	6996.000000
371.445000	7277.000000
371.450000	7153.000000
371.455000	7156.000000
371.460000	6436.000000
371.465000	6771.000000
371.470000	7144.000000
371.475000	6746.000000
371.480000	7168.000000
371.485000	7074.000000
371.490000	7098.000000
371.495000	7074.000000
371.500000	7060.000000
371.505000	6923.000000
371.510000	6996.000000
371.515000	7232.000000
371.520000	6813.000000
371.525000	7010.000000
371.530000	7027.000000
371.535000	7344.000000
371.540000	7197.000000
371.545000	6558.000000
371.550000	6800.000000
371.555000	6956.000000
371.560000	6899.000000
371.565000	7225.000000
371.570000	6868.000000
371.575000	7177.000000
371.580000	6664.000000
371.585000	7407.000000
371.590000	7442.000000
371.595000	6806.000000
371.600000	7566.000000
371.605000	6868.000000
371.610000	7143.000000
371.615000	6430.000000
371.620000	7033.000000
371.625000	7553.000000
371.630000	7426.000000
371.635000	6844.000000
371.640000	6956.000000
371.645000	7324.000000
371.650000	6946.000000
371.655000	6764.000000
371.660000	7078.000000
371.665000	7145.000000
371.670000	7028.000000
371.675000	7135.000000
371.680000	7263.000000
371.685000	7787.000000
371.690000	7240.000000
371.695000	7361.000000
371.700000	7112.000000
371.705000	7324.000000
371.710000	7490.000000
371.715000	6610.000000
371.720000	7458.000000
371.725000	7279.000000
371.730000	7209.000000
371.735000	7022.000000
371.740000	7450.000000
371.745000	7075.000000
371.750000	7590.000000
371.755000	7317.000000
371.760000	7271.000000
371.765000	7109.000000
371.770000	7271.000000
371.775000	6884.000000
371.780000	7482.000000
371.785000	7513.000000
371.790000	7226.000000
371.795000	7671.000000
371.800000	7322.000000
371.805000	7815.000000
371.810000	7877.000000
371.815000	7702.000000
371.820000	7277.000000
371.825000	7226.000000
371.830000	7802.000000
371.835000	7832.000000
371.840000	8305.000000
371.845000	8243.000000
371.850000	8302.000000
371.855000	8068.000000
371.860000	8920.000000
371.865000	8917.000000
371.870000	8410.000000
371.875000	8703.000000
371.880000	8956.000000
371.885000	9088.000000
371.890000	9685.000000
371.895000	10830.000000
371.900000	11410.000000
371.905000	12244.000000
371.910000	13466.000000
371.915000	12559.000000
371.920000	10758.000000
371.925000	9223.000000
371.930000	8956.000000
371.935000	9096.000000
371.940000	8286.000000
371.945000	8163.000000
371.950000	7945.000000
371.955000	7918.000000
371.960000	7752.000000
371.965000	8036.000000
371.970000	8035.000000
371.975000	8119.000000
371.980000	7126.000000
371.985000	7752.000000
371.990000	7950.000000
371.995000	8044.000000
372.000000	7876.000000
372.005000	7802.000000
372.010000	7412.000000
372.015000	7726.000000
372.020000	7199.000000
372.025000	7703.000000
372.030000	7607.000000
372.035000	7542.000000
372.040000	7738.000000
372.045000	8317.000000
372.050000	8401.000000
372.055000	7676.000000
372.060000	7728.000000
372.065000	7799.000000
372.070000	7358.000000
372.075000	7876.000000
372.080000	7597.000000
372.085000	7735.000000
372.090000	7843.000000
372.095000	7800.000000
372.100000	8525.000000
372.105000	8035.000000
372.110000	7708.000000
372.115000	8228.000000
372.120000	7272.000000
372.125000	7734.000000
372.130000	7176.000000
372.135000	7582.000000
372.140000	7684.000000
372.145000	7775.000000
372.150000	7980.000000
372.155000	7819.000000
372.160000	7919.000000
372.165000	8236.000000
372.170000	7927.000000
372.175000	7694.000000
372.180000	7674.000000
372.185000	7441.000000
372.190000	7717.000000
372.195000	7527.000000
372.200000	7569.000000
372.205000	7818.000000
372.210000	7562.000000
372.215000	7635.000000
372.220000	7676.000000
372.225000	7625.000000
372.230000	7678.000000
372.235000	7510.000000
372.240000	7500.000000
372.245000	7595.000000
372.250000	7805.000000
372.255000	7935.000000
372.260000	7780.000000
372.265000	7666.000000
372.270000	7480.000000
372.275000	7348.000000
372.280000	7816.000000
372.285000	7577.000000
372.290000	7446.000000
372.295000	8065.000000
372.300000	7198.000000
