Sample ID:		H1101b 20um slit Chris
Start Time:		Fri Jun 26 2020 2:38:57 PM
Averaging Time:		1.000s

368.000000	35627.000000
368.005000	36710.000000
368.010000	37209.000000
368.015000	39197.000000
368.020000	40419.000000
368.025000	41561.000000
368.030000	42189.000000
368.035000	43891.000000
368.040000	44889.000000
368.045000	45272.000000
368.050000	46015.000000
368.055000	48692.000000
368.060000	49806.000000
368.065000	50663.000000
368.070000	50652.000000
368.075000	50615.000000
368.080000	50888.000000
368.085000	50445.000000
368.090000	51842.000000
368.095000	53312.000000
368.100000	52916.000000
368.105000	53452.000000
368.110000	51952.000000
368.115000	53632.000000
368.120000	54598.000000
368.125000	54528.000000
368.130000	53680.000000
368.135000	54078.000000
368.140000	54872.000000
368.145000	54743.000000
368.150000	53622.000000
368.155000	52888.000000
368.160000	53794.000000
368.165000	54621.000000
368.170000	54965.000000
368.175000	52835.000000
368.180000	54015.000000
368.185000	52861.000000
368.190000	51821.000000
368.195000	52458.000000
368.200000	52135.000000
368.205000	49469.000000
368.210000	49301.000000
368.215000	48364.000000
368.220000	49672.000000
368.225000	48354.000000
368.230000	47998.000000
368.235000	47434.000000
368.240000	46358.000000
368.245000	46308.000000
368.250000	45325.000000
368.255000	43909.000000
368.260000	43370.000000
368.265000	43628.000000
368.270000	43470.000000
368.275000	40359.000000
368.280000	41529.000000
368.285000	40410.000000
368.290000	40520.000000
368.295000	39150.000000
368.300000	39222.000000
368.305000	37930.000000
368.310000	37816.000000
368.315000	37205.000000
368.320000	36807.000000
368.325000	37140.000000
368.330000	35630.000000
368.335000	34370.000000
368.340000	35634.000000
368.345000	34503.000000
368.350000	33881.000000
368.355000	36002.000000
368.360000	33628.000000
368.365000	33419.000000
368.370000	33225.000000
368.375000	31722.000000
368.380000	32085.000000
368.385000	32036.000000
368.390000	32165.000000
368.395000	32216.000000
368.400000	31614.000000
368.405000	30322.000000
368.410000	30619.000000
368.415000	30164.000000
368.420000	29925.000000
368.425000	29340.000000
368.430000	29483.000000
368.435000	29207.000000
368.440000	28701.000000
368.445000	29479.000000
368.450000	28519.000000
368.455000	28596.000000
368.460000	27328.000000
368.465000	28234.000000
368.470000	29217.000000
368.475000	28056.000000
368.480000	27923.000000
368.485000	27053.000000
368.490000	27314.000000
368.495000	26677.000000
368.500000	26277.000000
368.505000	26057.000000
368.510000	25525.000000
368.515000	26561.000000
368.520000	25252.000000
368.525000	25492.000000
368.530000	25198.000000
368.535000	26488.000000
368.540000	26283.000000
368.545000	25453.000000
368.550000	25014.000000
368.555000	25102.000000
368.560000	25562.000000
368.565000	24893.000000
368.570000	25193.000000
368.575000	25918.000000
368.580000	25570.000000
368.585000	25396.000000
368.590000	24840.000000
368.595000	24272.000000
368.600000	24518.000000
368.605000	24391.000000
368.610000	23306.000000
368.615000	24022.000000
368.620000	23676.000000
368.625000	22330.000000
368.630000	23435.000000
368.635000	22810.000000
368.640000	23299.000000
368.645000	22393.000000
368.650000	22804.000000
368.655000	22100.000000
368.660000	22703.000000
368.665000	22368.000000
368.670000	23085.000000
368.675000	22976.000000
368.680000	21768.000000
368.685000	23119.000000
368.690000	21242.000000
368.695000	21763.000000
368.700000	22620.000000
368.705000	22465.000000
368.710000	21915.000000
368.715000	21697.000000
368.720000	21598.000000
368.725000	21419.000000
368.730000	21708.000000
368.735000	20962.000000
368.740000	22032.000000
368.745000	22967.000000
368.750000	21554.000000
368.755000	22289.000000
368.760000	21917.000000
368.765000	21918.000000
368.770000	22179.000000
368.775000	21468.000000
368.780000	20407.000000
368.785000	20899.000000
368.790000	21003.000000
368.795000	21580.000000
368.800000	19828.000000
368.805000	20549.000000
368.810000	21015.000000
368.815000	20257.000000
368.820000	20736.000000
368.825000	19762.000000
368.830000	20684.000000
368.835000	21393.000000
368.840000	20168.000000
368.845000	20088.000000
368.850000	19974.000000
368.855000	19226.000000
368.860000	20195.000000
368.865000	19411.000000
368.870000	20468.000000
368.875000	20644.000000
368.880000	19396.000000
368.885000	19962.000000
368.890000	20740.000000
368.895000	20725.000000
368.900000	20451.000000
368.905000	21554.000000
368.910000	21481.000000
368.915000	22254.000000
368.920000	21248.000000
368.925000	20652.000000
368.930000	20304.000000
368.935000	19543.000000
368.940000	19838.000000
368.945000	19941.000000
368.950000	19234.000000
368.955000	19006.000000
368.960000	20061.000000
368.965000	20528.000000
368.970000	18526.000000
368.975000	18318.000000
368.980000	18179.000000
368.985000	18355.000000
368.990000	18699.000000
368.995000	17654.000000
369.000000	18315.000000
369.005000	18159.000000
369.010000	19502.000000
369.015000	17993.000000
369.020000	18019.000000
369.025000	17694.000000
369.030000	17743.000000
369.035000	17582.000000
369.040000	18721.000000
369.045000	17587.000000
369.050000	18225.000000
369.055000	17794.000000
369.060000	17843.000000
369.065000	18432.000000
369.070000	17372.000000
369.075000	17942.000000
369.080000	17478.000000
369.085000	16688.000000
369.090000	17667.000000
369.095000	17813.000000
369.100000	18190.000000
369.105000	18258.000000
369.110000	17420.000000
369.115000	17356.000000
369.120000	18114.000000
369.125000	17748.000000
369.130000	18115.000000
369.135000	17541.000000
369.140000	17890.000000
369.145000	17645.000000
369.150000	18118.000000
369.155000	18166.000000
369.160000	18733.000000
369.165000	17543.000000
369.170000	18280.000000
369.175000	18312.000000
369.180000	17959.000000
369.185000	19237.000000
369.190000	18256.000000
369.195000	18908.000000
369.200000	20366.000000
369.205000	20674.000000
369.210000	21417.000000
369.215000	23168.000000
369.220000	24361.000000
369.225000	26395.000000
369.230000	29175.000000
369.235000	32679.000000
369.240000	41976.000000
369.245000	50397.000000
369.250000	48160.000000
369.255000	39775.000000
369.260000	34742.000000
369.265000	31941.000000
369.270000	27673.000000
369.275000	25763.000000
369.280000	24789.000000
369.285000	22639.000000
369.290000	22712.000000
369.295000	21141.000000
369.300000	20570.000000
369.305000	20303.000000
369.310000	19065.000000
369.315000	19887.000000
369.320000	19436.000000
369.325000	19364.000000
369.330000	18855.000000
369.335000	18537.000000
369.340000	17496.000000
369.345000	17360.000000
369.350000	17988.000000
369.355000	17252.000000
369.360000	16708.000000
369.365000	16529.000000
369.370000	15994.000000
369.375000	16245.000000
369.380000	16618.000000
369.385000	16102.000000
369.390000	16786.000000
369.395000	15441.000000
369.400000	16627.000000
369.405000	15757.000000
369.410000	16078.000000
369.415000	15188.000000
369.420000	15295.000000
369.425000	15224.000000
369.430000	15014.000000
369.435000	15046.000000
369.440000	15229.000000
369.445000	15273.000000
369.450000	14611.000000
369.455000	14849.000000
369.460000	14171.000000
369.465000	14945.000000
369.470000	14591.000000
369.475000	14621.000000
369.480000	14892.000000
369.485000	14188.000000
369.490000	15140.000000
369.495000	13568.000000
369.500000	13949.000000
369.505000	13930.000000
369.510000	14207.000000
369.515000	15085.000000
369.520000	14452.000000
369.525000	14524.000000
369.530000	13579.000000
369.535000	14079.000000
369.540000	13707.000000
369.545000	14119.000000
369.550000	14094.000000
369.555000	13797.000000
369.560000	13507.000000
369.565000	13721.000000
369.570000	13097.000000
369.575000	13837.000000
369.580000	13561.000000
369.585000	13314.000000
369.590000	13680.000000
369.595000	12940.000000
369.600000	13342.000000
369.605000	13289.000000
369.610000	13479.000000
369.615000	13331.000000
369.620000	12911.000000
369.625000	13010.000000
369.630000	13346.000000
369.635000	13165.000000
369.640000	13229.000000
369.645000	12535.000000
369.650000	12977.000000
369.655000	12963.000000
369.660000	13086.000000
369.665000	12645.000000
369.670000	13849.000000
369.675000	13282.000000
369.680000	13018.000000
369.685000	12594.000000
369.690000	13099.000000
369.695000	12742.000000
369.700000	12361.000000
369.705000	13237.000000
369.710000	12410.000000
369.715000	12752.000000
369.720000	12057.000000
369.725000	12107.000000
369.730000	12305.000000
369.735000	12009.000000
369.740000	12253.000000
369.745000	12288.000000
369.750000	12667.000000
369.755000	12698.000000
369.760000	12401.000000
369.765000	11636.000000
369.770000	12289.000000
369.775000	12144.000000
369.780000	12008.000000
369.785000	12357.000000
369.790000	11641.000000
369.795000	11777.000000
369.800000	11518.000000
369.805000	11702.000000
369.810000	12109.000000
369.815000	11596.000000
369.820000	12166.000000
369.825000	11517.000000
369.830000	11688.000000
369.835000	12204.000000
369.840000	11237.000000
369.845000	11905.000000
369.850000	11145.000000
369.855000	11415.000000
369.860000	11401.000000
369.865000	11668.000000
369.870000	11594.000000
369.875000	11903.000000
369.880000	11582.000000
369.885000	11634.000000
369.890000	10098.000000
369.895000	10967.000000
369.900000	11323.000000
369.905000	11862.000000
369.910000	10938.000000
369.915000	11144.000000
369.920000	11213.000000
369.925000	11443.000000
369.930000	11380.000000
369.935000	11081.000000
369.940000	11831.000000
369.945000	10755.000000
369.950000	10690.000000
369.955000	11298.000000
369.960000	10731.000000
369.965000	10947.000000
369.970000	10929.000000
369.975000	11583.000000
369.980000	11237.000000
369.985000	11138.000000
369.990000	10908.000000
369.995000	11121.000000
370.000000	11451.000000
