Sample ID:		H1101b 20um slit Chris
Start Time:		Fri Jun 26 2020 3:39:11 PM
Averaging Time:		1.000s

366.500000	126.000000
366.505000	83.000000
366.510000	165.000000
366.515000	51.000000
366.520000	111.000000
366.525000	154.000000
366.530000	54.000000
366.535000	100.000000
366.540000	126.000000
366.545000	106.000000
366.550000	153.000000
366.555000	177.000000
366.560000	199.000000
366.565000	123.000000
366.570000	131.000000
366.575000	159.000000
366.580000	140.000000
366.585000	97.000000
366.590000	70.000000
366.595000	84.000000
366.600000	113.000000
366.605000	118.000000
366.610000	193.000000
366.615000	191.000000
366.620000	165.000000
366.625000	154.000000
366.630000	120.000000
366.635000	138.000000
366.640000	214.000000
366.645000	151.000000
366.650000	308.000000
366.655000	129.000000
366.660000	109.000000
366.665000	174.000000
366.670000	175.000000
366.675000	140.000000
366.680000	123.000000
366.685000	92.000000
366.690000	180.000000
366.695000	268.000000
366.700000	120.000000
366.705000	154.000000
366.710000	206.000000
366.715000	181.000000
366.720000	205.000000
366.725000	132.000000
366.730000	179.000000
366.735000	218.000000
366.740000	196.000000
366.745000	201.000000
366.750000	142.000000
366.755000	101.000000
366.760000	98.000000
366.765000	184.000000
366.770000	153.000000
366.775000	196.000000
366.780000	167.000000
366.785000	160.000000
366.790000	259.000000
366.795000	169.000000
366.800000	167.000000
366.805000	227.000000
366.810000	355.000000
366.815000	230.000000
366.820000	168.000000
366.825000	248.000000
366.830000	341.000000
366.835000	286.000000
366.840000	168.000000
366.845000	292.000000
366.850000	312.000000
366.855000	305.000000
366.860000	328.000000
366.865000	241.000000
366.870000	246.000000
366.875000	259.000000
366.880000	321.000000
366.885000	308.000000
366.890000	515.000000
366.895000	419.000000
366.900000	513.000000
366.905000	482.000000
366.910000	500.000000
366.915000	569.000000
366.920000	726.000000
366.925000	600.000000
366.930000	818.000000
366.935000	748.000000
366.940000	580.000000
366.945000	807.000000
366.950000	872.000000
366.955000	1139.000000
366.960000	1016.000000
366.965000	1401.000000
366.970000	1006.000000
366.975000	1290.000000
366.980000	1292.000000
366.985000	1327.000000
366.990000	1296.000000
366.995000	1368.000000
367.000000	1356.000000
367.005000	1244.000000
367.010000	1492.000000
367.015000	1402.000000
367.020000	1418.000000
367.025000	1113.000000
367.030000	1339.000000
367.035000	1464.000000
367.040000	1385.000000
367.045000	1393.000000
367.050000	1598.000000
367.055000	1615.000000
367.060000	1601.000000
367.065000	1367.000000
367.070000	1712.000000
367.075000	1907.000000
367.080000	1930.000000
367.085000	1676.000000
367.090000	2030.000000
367.095000	2005.000000
367.100000	2551.000000
367.105000	2247.000000
367.110000	2292.000000
367.115000	2339.000000
367.120000	2459.000000
367.125000	2897.000000
367.130000	2886.000000
367.135000	2960.000000
367.140000	3271.000000
367.145000	4031.000000
367.150000	3762.000000
367.155000	3709.000000
367.160000	3925.000000
367.165000	4386.000000
367.170000	4573.000000
367.175000	4771.000000
367.180000	4990.000000
367.185000	5118.000000
367.190000	6096.000000
367.195000	6305.000000
367.200000	6483.000000
367.205000	7333.000000
367.210000	7662.000000
367.215000	7170.000000
367.220000	6810.000000
367.225000	6968.000000
367.230000	6707.000000
367.235000	7249.000000
367.240000	7040.000000
367.245000	6917.000000
367.250000	6848.000000
367.255000	6961.000000
367.260000	7562.000000
367.265000	7453.000000
367.270000	7894.000000
367.275000	8106.000000
367.280000	8600.000000
367.285000	8147.000000
367.290000	8210.000000
367.295000	9031.000000
367.300000	9143.000000
367.305000	9197.000000
367.310000	9387.000000
367.315000	8878.000000
367.320000	9140.000000
367.325000	9759.000000
367.330000	9547.000000
367.335000	10296.000000
367.340000	11362.000000
367.345000	10880.000000
367.350000	10878.000000
367.355000	11517.000000
367.360000	11689.000000
367.365000	11394.000000
367.370000	11238.000000
367.375000	11986.000000
367.380000	12553.000000
367.385000	12141.000000
367.390000	13144.000000
367.395000	12655.000000
367.400000	12718.000000
367.405000	13442.000000
367.410000	13011.000000
367.415000	13588.000000
367.420000	13322.000000
367.425000	14165.000000
367.430000	13677.000000
367.435000	14408.000000
367.440000	14064.000000
367.445000	14828.000000
367.450000	14738.000000
367.455000	14855.000000
367.460000	15102.000000
367.465000	15069.000000
367.470000	14594.000000
367.475000	15101.000000
367.480000	15457.000000
367.485000	14958.000000
367.490000	15266.000000
367.495000	14597.000000
367.500000	14767.000000
367.505000	14570.000000
367.510000	15431.000000
367.515000	15457.000000
367.520000	16150.000000
367.525000	15611.000000
367.530000	16241.000000
367.535000	16425.000000
367.540000	16668.000000
367.545000	16440.000000
367.550000	17010.000000
367.555000	15924.000000
367.560000	15531.000000
367.565000	15920.000000
367.570000	15710.000000
367.575000	16737.000000
367.580000	16029.000000
367.585000	16944.000000
367.590000	16554.000000
367.595000	16395.000000
367.600000	16830.000000
367.605000	17182.000000
367.610000	16957.000000
367.615000	16885.000000
367.620000	16615.000000
367.625000	16486.000000
367.630000	16590.000000
367.635000	16566.000000
367.640000	16168.000000
367.645000	16377.000000
367.650000	16559.000000
367.655000	17913.000000
367.660000	17417.000000
367.665000	17117.000000
367.670000	17392.000000
367.675000	16903.000000
367.680000	17019.000000
367.685000	17610.000000
367.690000	17825.000000
367.695000	17413.000000
367.700000	18446.000000
367.705000	17590.000000
367.710000	18674.000000
367.715000	18395.000000
367.720000	18390.000000
367.725000	19311.000000
367.730000	18993.000000
367.735000	19387.000000
367.740000	18742.000000
367.745000	20192.000000
367.750000	19954.000000
367.755000	20477.000000
367.760000	20734.000000
367.765000	21101.000000
367.770000	21320.000000
367.775000	22096.000000
367.780000	21185.000000
367.785000	22112.000000
367.790000	22346.000000
367.795000	23543.000000
367.800000	23972.000000
367.805000	24424.000000
367.810000	24925.000000
367.815000	25482.000000
367.820000	25979.000000
367.825000	26928.000000
367.830000	26910.000000
367.835000	27769.000000
367.840000	28238.000000
367.845000	28648.000000
367.850000	29623.000000
367.855000	30771.000000
367.860000	31348.000000
367.865000	32182.000000
367.870000	31695.000000
367.875000	33124.000000
367.880000	32840.000000
367.885000	34813.000000
367.890000	36474.000000
367.895000	36856.000000
367.900000	35888.000000
367.905000	36620.000000
367.910000	37290.000000
367.915000	37392.000000
367.920000	39481.000000
367.925000	39937.000000
367.930000	39835.000000
367.935000	41008.000000
367.940000	41326.000000
367.945000	41126.000000
367.950000	41883.000000
367.955000	41478.000000
367.960000	42714.000000
367.965000	43593.000000
367.970000	43778.000000
367.975000	44487.000000
367.980000	44330.000000
367.985000	46204.000000
367.990000	45642.000000
367.995000	45713.000000
368.000000	46895.000000
368.005000	47377.000000
368.010000	47843.000000
368.015000	49063.000000
368.020000	50711.000000
368.025000	50293.000000
368.030000	51446.000000
368.035000	52149.000000
368.040000	52723.000000
368.045000	54023.000000
368.050000	55116.000000
368.055000	58938.000000
368.060000	62510.000000
368.065000	68740.000000
368.070000	71638.000000
368.075000	66188.000000
368.080000	62537.000000
368.085000	61077.000000
368.090000	57461.000000
368.095000	56284.000000
368.100000	54739.000000
368.105000	55309.000000
368.110000	53960.000000
368.115000	55441.000000
368.120000	54259.000000
368.125000	54219.000000
368.130000	54005.000000
368.135000	54736.000000
368.140000	55209.000000
368.145000	54875.000000
368.150000	53327.000000
368.155000	54255.000000
368.160000	54473.000000
368.165000	53117.000000
368.170000	53681.000000
368.175000	53955.000000
368.180000	53985.000000
368.185000	52247.000000
368.190000	52839.000000
368.195000	51211.000000
368.200000	51652.000000
368.205000	52112.000000
368.210000	50810.000000
368.215000	50326.000000
368.220000	49665.000000
368.225000	49130.000000
368.230000	49145.000000
368.235000	47772.000000
368.240000	47444.000000
368.245000	46804.000000
368.250000	46741.000000
368.255000	45553.000000
368.260000	45550.000000
368.265000	44880.000000
368.270000	44168.000000
368.275000	43482.000000
368.280000	42209.000000
368.285000	42546.000000
368.290000	41642.000000
368.295000	40323.000000
368.300000	40312.000000
368.305000	39708.000000
368.310000	38285.000000
368.315000	38291.000000
368.320000	37877.000000
368.325000	36898.000000
368.330000	37562.000000
368.335000	35814.000000
368.340000	36237.000000
368.345000	33909.000000
368.350000	34538.000000
368.355000	33430.000000
368.360000	33721.000000
368.365000	32923.000000
368.370000	32356.000000
368.375000	31639.000000
368.380000	32559.000000
368.385000	31301.000000
368.390000	30529.000000
368.395000	30171.000000
368.400000	29387.000000
368.405000	29451.000000
368.410000	29559.000000
368.415000	29993.000000
368.420000	29285.000000
368.425000	28472.000000
368.430000	28528.000000
368.435000	28691.000000
368.440000	27724.000000
368.445000	26799.000000
368.450000	27346.000000
368.455000	26712.000000
368.460000	26955.000000
368.465000	26517.000000
368.470000	26846.000000
368.475000	25861.000000
368.480000	25633.000000
368.485000	24551.000000
368.490000	25076.000000
368.495000	24791.000000
368.500000	24570.000000
368.505000	25019.000000
368.510000	23677.000000
368.515000	24121.000000
368.520000	23164.000000
368.525000	23787.000000
368.530000	23413.000000
368.535000	22327.000000
368.540000	23055.000000
368.545000	23885.000000
368.550000	22468.000000
368.555000	22392.000000
368.560000	21100.000000
368.565000	22880.000000
368.570000	22961.000000
368.575000	22804.000000
368.580000	22809.000000
368.585000	23790.000000
368.590000	23008.000000
368.595000	22902.000000
368.600000	21588.000000
368.605000	21207.000000
368.610000	20736.000000
368.615000	19972.000000
368.620000	20369.000000
368.625000	20452.000000
368.630000	19793.000000
368.635000	21173.000000
368.640000	20148.000000
368.645000	20768.000000
368.650000	20234.000000
368.655000	19924.000000
368.660000	19879.000000
368.665000	20098.000000
368.670000	19678.000000
368.675000	19709.000000
368.680000	20956.000000
368.685000	21103.000000
368.690000	20706.000000
368.695000	19505.000000
368.700000	20139.000000
368.705000	19910.000000
368.710000	19103.000000
368.715000	18920.000000
368.720000	18287.000000
368.725000	18110.000000
368.730000	19173.000000
368.735000	19711.000000
368.740000	19841.000000
368.745000	20245.000000
368.750000	20058.000000
368.755000	22965.000000
368.760000	26255.000000
368.765000	26838.000000
368.770000	25510.000000
368.775000	22487.000000
368.780000	21621.000000
368.785000	19362.000000
368.790000	18523.000000
368.795000	18906.000000
368.800000	17475.000000
368.805000	17266.000000
368.810000	16741.000000
368.815000	16269.000000
368.820000	16738.000000
368.825000	16366.000000
368.830000	16114.000000
368.835000	15125.000000
368.840000	16180.000000
368.845000	15136.000000
368.850000	15791.000000
368.855000	16290.000000
368.860000	15665.000000
368.865000	15573.000000
368.870000	16000.000000
368.875000	16339.000000
368.880000	16435.000000
368.885000	16703.000000
368.890000	18249.000000
368.895000	18266.000000
368.900000	18107.000000
368.905000	19372.000000
368.910000	21169.000000
368.915000	22137.000000
368.920000	21215.000000
368.925000	19035.000000
368.930000	17571.000000
368.935000	16840.000000
368.940000	16197.000000
368.945000	15412.000000
368.950000	14660.000000
368.955000	14335.000000
368.960000	13936.000000
368.965000	14360.000000
368.970000	14118.000000
368.975000	14093.000000
368.980000	13604.000000
368.985000	13416.000000
368.990000	13390.000000
368.995000	13091.000000
369.000000	12975.000000
369.005000	12880.000000
369.010000	13180.000000
369.015000	12972.000000
369.020000	13104.000000
369.025000	12102.000000
369.030000	12597.000000
369.035000	12391.000000
369.040000	12214.000000
369.045000	12457.000000
369.050000	11815.000000
369.055000	12878.000000
369.060000	12063.000000
369.065000	12712.000000
369.070000	12487.000000
369.075000	12060.000000
369.080000	12556.000000
369.085000	11948.000000
369.090000	12188.000000
369.095000	11578.000000
369.100000	12555.000000
369.105000	12294.000000
369.110000	12430.000000
369.115000	12013.000000
369.120000	12474.000000
369.125000	13031.000000
369.130000	12467.000000
369.135000	12645.000000
369.140000	12614.000000
369.145000	12378.000000
369.150000	13611.000000
369.155000	14333.000000
369.160000	13602.000000
369.165000	13314.000000
369.170000	14990.000000
369.175000	14510.000000
369.180000	15364.000000
369.185000	15098.000000
369.190000	16357.000000
369.195000	19151.000000
369.200000	20612.000000
369.205000	21167.000000
369.210000	23676.000000
369.215000	25570.000000
369.220000	28884.000000
369.225000	32119.000000
369.230000	38079.000000
369.235000	47948.000000
369.240000	76461.000000
369.245000	110777.000000
369.250000	129067.000000
369.255000	104703.000000
369.260000	83904.000000
369.265000	64762.000000
369.270000	51745.000000
369.275000	40089.000000
369.280000	34915.000000
369.285000	29071.000000
369.290000	25356.000000
369.295000	23386.000000
369.300000	21308.000000
369.305000	18862.000000
369.310000	17716.000000
369.315000	17298.000000
369.320000	16056.000000
369.325000	15637.000000
369.330000	14317.000000
369.335000	14506.000000
369.340000	13529.000000
369.345000	13181.000000
369.350000	12821.000000
369.355000	11754.000000
369.360000	12270.000000
369.365000	11803.000000
369.370000	11120.000000
369.375000	11200.000000
369.380000	10380.000000
369.385000	11404.000000
369.390000	11154.000000
369.395000	10569.000000
369.400000	10052.000000
369.405000	9688.000000
369.410000	9934.000000
369.415000	9396.000000
369.420000	8951.000000
369.425000	9145.000000
369.430000	8654.000000
369.435000	8776.000000
369.440000	8944.000000
369.445000	8299.000000
369.450000	9171.000000
369.455000	8477.000000
369.460000	8243.000000
369.465000	8313.000000
369.470000	8682.000000
369.475000	8131.000000
369.480000	8470.000000
369.485000	8144.000000
369.490000	8129.000000
369.495000	8223.000000
369.500000	7652.000000
369.505000	7923.000000
369.510000	8500.000000
369.515000	7596.000000
369.520000	7280.000000
369.525000	6984.000000
369.530000	7088.000000
369.535000	7629.000000
369.540000	6885.000000
369.545000	7117.000000
369.550000	6966.000000
369.555000	7076.000000
369.560000	7465.000000
369.565000	7378.000000
369.570000	6829.000000
369.575000	6820.000000
369.580000	7037.000000
369.585000	6484.000000
369.590000	6515.000000
369.595000	6781.000000
369.600000	6356.000000
369.605000	6801.000000
369.610000	6326.000000
369.615000	6147.000000
369.620000	6691.000000
369.625000	6375.000000
369.630000	5974.000000
369.635000	5899.000000
369.640000	6296.000000
369.645000	5530.000000
369.650000	6047.000000
369.655000	6290.000000
369.660000	5612.000000
369.665000	5682.000000
369.670000	6215.000000
369.675000	6325.000000
369.680000	5685.000000
369.685000	6028.000000
369.690000	5873.000000
369.695000	5879.000000
369.700000	5581.000000
369.705000	5726.000000
369.710000	5618.000000
369.715000	5466.000000
369.720000	5541.000000
369.725000	5803.000000
369.730000	5898.000000
369.735000	5575.000000
369.740000	5512.000000
369.745000	5290.000000
369.750000	5707.000000
369.755000	5447.000000
369.760000	5291.000000
369.765000	5404.000000
369.770000	5539.000000
369.775000	5286.000000
369.780000	5140.000000
369.785000	5474.000000
369.790000	5322.000000
369.795000	5147.000000
369.800000	4808.000000
369.805000	5239.000000
369.810000	5043.000000
369.815000	5062.000000
369.820000	5073.000000
369.825000	4877.000000
369.830000	4566.000000
369.835000	4744.000000
369.840000	5013.000000
369.845000	4547.000000
369.850000	4826.000000
369.855000	4964.000000
369.860000	4552.000000
369.865000	5004.000000
369.870000	4569.000000
369.875000	4361.000000
369.880000	4553.000000
369.885000	4511.000000
369.890000	4678.000000
369.895000	4891.000000
369.900000	4526.000000
369.905000	4534.000000
369.910000	4343.000000
369.915000	4051.000000
369.920000	4454.000000
369.925000	4449.000000
369.930000	4264.000000
369.935000	4905.000000
369.940000	4434.000000
369.945000	4541.000000
369.950000	4515.000000
369.955000	4822.000000
369.960000	4135.000000
369.965000	4277.000000
369.970000	4110.000000
369.975000	4155.000000
369.980000	4477.000000
369.985000	4536.000000
369.990000	4479.000000
369.995000	4394.000000
370.000000	4422.000000
370.005000	4041.000000
370.010000	3772.000000
370.015000	4150.000000
370.020000	4171.000000
370.025000	3937.000000
370.030000	3288.000000
370.035000	3443.000000
370.040000	3870.000000
370.045000	3993.000000
370.050000	3553.000000
370.055000	3878.000000
370.060000	3664.000000
370.065000	4040.000000
370.070000	3795.000000
370.075000	3944.000000
370.080000	3784.000000
370.085000	3749.000000
370.090000	3834.000000
370.095000	3708.000000
370.100000	4023.000000
370.105000	3877.000000
370.110000	3576.000000
370.115000	3798.000000
370.120000	3782.000000
370.125000	3454.000000
370.130000	3620.000000
370.135000	3727.000000
370.140000	4070.000000
370.145000	3776.000000
370.150000	3623.000000
370.155000	3640.000000
370.160000	3819.000000
370.165000	3961.000000
370.170000	3734.000000
370.175000	3629.000000
370.180000	3583.000000
370.185000	3496.000000
370.190000	3938.000000
370.195000	3766.000000
370.200000	3077.000000
370.205000	3753.000000
370.210000	3453.000000
370.215000	3840.000000
370.220000	3646.000000
370.225000	3344.000000
370.230000	3051.000000
370.235000	3121.000000
370.240000	3662.000000
370.245000	3582.000000
370.250000	3384.000000
370.255000	3169.000000
370.260000	3583.000000
370.265000	3357.000000
370.270000	3507.000000
370.275000	3458.000000
370.280000	3541.000000
370.285000	3427.000000
370.290000	3488.000000
370.295000	3454.000000
370.300000	3209.000000
370.305000	3160.000000
370.310000	3353.000000
370.315000	3456.000000
370.320000	3321.000000
370.325000	3392.000000
370.330000	3226.000000
370.335000	3112.000000
370.340000	3315.000000
370.345000	3230.000000
370.350000	3202.000000
370.355000	3310.000000
370.360000	3166.000000
370.365000	3143.000000
370.370000	3126.000000
370.375000	3185.000000
370.380000	3186.000000
370.385000	3114.000000
370.390000	2891.000000
370.395000	3170.000000
370.400000	3164.000000
370.405000	3142.000000
370.410000	3034.000000
370.415000	3202.000000
370.420000	3080.000000
370.425000	3172.000000
370.430000	2958.000000
370.435000	2999.000000
370.440000	3333.000000
370.445000	3023.000000
370.450000	2800.000000
370.455000	2967.000000
370.460000	3039.000000
370.465000	3001.000000
370.470000	2993.000000
370.475000	3340.000000
370.480000	2933.000000
370.485000	2607.000000
370.490000	3168.000000
370.495000	2883.000000
370.500000	3314.000000
370.505000	2926.000000
370.510000	2811.000000
370.515000	3002.000000
370.520000	3067.000000
370.525000	2971.000000
370.530000	2951.000000
370.535000	2582.000000
370.540000	2842.000000
370.545000	2951.000000
370.550000	2711.000000
370.555000	3099.000000
370.560000	2754.000000
370.565000	2584.000000
370.570000	2565.000000
370.575000	2753.000000
370.580000	2626.000000
370.585000	2637.000000
370.590000	2636.000000
370.595000	2786.000000
370.600000	2851.000000
370.605000	2911.000000
370.610000	3000.000000
370.615000	3028.000000
370.620000	2473.000000
370.625000	2473.000000
370.630000	3093.000000
370.635000	2431.000000
370.640000	2759.000000
370.645000	2962.000000
370.650000	2622.000000
370.655000	2680.000000
370.660000	2535.000000
370.665000	2472.000000
370.670000	2926.000000
370.675000	2485.000000
370.680000	2783.000000
370.685000	2956.000000
370.690000	2637.000000
370.695000	2296.000000
370.700000	2631.000000
370.705000	2635.000000
370.710000	2513.000000
370.715000	2919.000000
370.720000	2550.000000
370.725000	2541.000000
370.730000	2642.000000
370.735000	2484.000000
370.740000	2330.000000
370.745000	2860.000000
370.750000	2127.000000
370.755000	2580.000000
370.760000	2397.000000
370.765000	2589.000000
370.770000	2738.000000
370.775000	2496.000000
370.780000	2524.000000
370.785000	2349.000000
370.790000	2583.000000
370.795000	2464.000000
370.800000	2314.000000
370.805000	2616.000000
370.810000	2174.000000
370.815000	2300.000000
370.820000	2380.000000
370.825000	2263.000000
370.830000	2343.000000
370.835000	2293.000000
370.840000	2584.000000
370.845000	2614.000000
370.850000	2436.000000
370.855000	2419.000000
370.860000	2643.000000
370.865000	2567.000000
370.870000	2239.000000
370.875000	2560.000000
370.880000	2401.000000
370.885000	2458.000000
370.890000	2599.000000
370.895000	2480.000000
370.900000	2348.000000
370.905000	2496.000000
370.910000	2520.000000
370.915000	2068.000000
370.920000	2300.000000
370.925000	2262.000000
370.930000	2326.000000
370.935000	2339.000000
370.940000	2455.000000
370.945000	2436.000000
370.950000	2581.000000
370.955000	2216.000000
370.960000	2380.000000
370.965000	2439.000000
370.970000	2534.000000
370.975000	2486.000000
370.980000	2238.000000
370.985000	2129.000000
370.990000	2245.000000
370.995000	2304.000000
371.000000	2174.000000
371.005000	1966.000000
371.010000	2237.000000
371.015000	2252.000000
371.020000	2288.000000
371.025000	2125.000000
371.030000	2176.000000
371.035000	2411.000000
371.040000	2159.000000
371.045000	2333.000000
371.050000	2248.000000
371.055000	2235.000000
371.060000	2108.000000
371.065000	2499.000000
371.070000	2396.000000
371.075000	2574.000000
371.080000	2296.000000
371.085000	2303.000000
371.090000	2165.000000
371.095000	2343.000000
371.100000	2219.000000
371.105000	2245.000000
371.110000	2314.000000
371.115000	2034.000000
371.120000	2026.000000
371.125000	2105.000000
371.130000	1996.000000
371.135000	2210.000000
371.140000	2033.000000
371.145000	2141.000000
371.150000	2150.000000
371.155000	2203.000000
371.160000	2056.000000
371.165000	2211.000000
371.170000	2470.000000
371.175000	2266.000000
371.180000	2250.000000
371.185000	1807.000000
371.190000	2212.000000
371.195000	2069.000000
371.200000	2340.000000
371.205000	2177.000000
371.210000	2065.000000
371.215000	2501.000000
371.220000	1907.000000
371.225000	1996.000000
371.230000	2115.000000
371.235000	2123.000000
371.240000	2381.000000
371.245000	2091.000000
371.250000	2009.000000
371.255000	2194.000000
371.260000	2241.000000
371.265000	1962.000000
371.270000	2021.000000
371.275000	1949.000000
371.280000	2103.000000
371.285000	1962.000000
371.290000	2443.000000
371.295000	2217.000000
371.300000	2177.000000
371.305000	1909.000000
371.310000	1971.000000
371.315000	1739.000000
371.320000	2396.000000
371.325000	2329.000000
371.330000	1863.000000
371.335000	2176.000000
371.340000	1908.000000
371.345000	2279.000000
371.350000	2085.000000
371.355000	2163.000000
371.360000	1952.000000
371.365000	2102.000000
371.370000	2129.000000
371.375000	2107.000000
371.380000	2109.000000
371.385000	2118.000000
371.390000	2003.000000
371.395000	2045.000000
371.400000	2127.000000
371.405000	1930.000000
371.410000	1948.000000
371.415000	1827.000000
371.420000	1953.000000
371.425000	2180.000000
371.430000	1927.000000
371.435000	2118.000000
371.440000	1833.000000
371.445000	1963.000000
371.450000	1965.000000
371.455000	1905.000000
371.460000	2173.000000
371.465000	2233.000000
371.470000	1973.000000
371.475000	2077.000000
371.480000	2344.000000
371.485000	1882.000000
371.490000	2124.000000
371.495000	1993.000000
371.500000	2190.000000
371.505000	2092.000000
371.510000	2075.000000
371.515000	2031.000000
371.520000	2160.000000
371.525000	2070.000000
371.530000	2142.000000
371.535000	2031.000000
371.540000	2046.000000
371.545000	2025.000000
371.550000	2116.000000
371.555000	2157.000000
371.560000	2398.000000
371.565000	2020.000000
371.570000	1858.000000
371.575000	2101.000000
371.580000	2063.000000
371.585000	2128.000000
371.590000	2044.000000
371.595000	2190.000000
371.600000	2175.000000
371.605000	2147.000000
371.610000	2264.000000
371.615000	2014.000000
371.620000	2065.000000
371.625000	2092.000000
371.630000	2035.000000
371.635000	2094.000000
371.640000	2061.000000
371.645000	2076.000000
371.650000	2109.000000
371.655000	2238.000000
371.660000	2035.000000
371.665000	2329.000000
371.670000	2269.000000
371.675000	2163.000000
371.680000	2024.000000
371.685000	2044.000000
371.690000	2457.000000
371.695000	2332.000000
371.700000	2256.000000
371.705000	2380.000000
371.710000	2150.000000
371.715000	2448.000000
371.720000	2135.000000
371.725000	2354.000000
371.730000	2492.000000
371.735000	2292.000000
371.740000	2418.000000
371.745000	2485.000000
371.750000	2652.000000
371.755000	2534.000000
371.760000	2383.000000
371.765000	2448.000000
371.770000	2419.000000
371.775000	2425.000000
371.780000	2485.000000
371.785000	2547.000000
371.790000	2697.000000
371.795000	2629.000000
371.800000	2707.000000
371.805000	2957.000000
371.810000	2703.000000
371.815000	2893.000000
371.820000	3130.000000
371.825000	2799.000000
371.830000	3200.000000
371.835000	3088.000000
371.840000	3310.000000
371.845000	3560.000000
371.850000	3491.000000
371.855000	3482.000000
371.860000	3612.000000
371.865000	4037.000000
371.870000	4368.000000
371.875000	4357.000000
371.880000	4693.000000
371.885000	5004.000000
371.890000	5964.000000
371.895000	6792.000000
371.900000	6989.000000
371.905000	7899.000000
371.910000	11399.000000
371.915000	15712.000000
371.920000	17113.000000
371.925000	15219.000000
371.930000	10615.000000
371.935000	8178.000000
371.940000	6806.000000
371.945000	4884.000000
371.950000	4550.000000
371.955000	3790.000000
371.960000	3394.000000
371.965000	3395.000000
371.970000	3465.000000
371.975000	3068.000000
371.980000	3466.000000
371.985000	3186.000000
371.990000	3011.000000
371.995000	2615.000000
372.000000	2864.000000
372.005000	2718.000000
372.010000	2979.000000
372.015000	2923.000000
372.020000	2991.000000
372.025000	2871.000000
372.030000	3199.000000
372.035000	2823.000000
372.040000	2674.000000
372.045000	3011.000000
372.050000	2896.000000
372.055000	3045.000000
372.060000	2927.000000
372.065000	2547.000000
372.070000	2880.000000
372.075000	3222.000000
372.080000	2843.000000
372.085000	3115.000000
372.090000	2958.000000
372.095000	3079.000000
372.100000	3244.000000
372.105000	2956.000000
372.110000	2823.000000
372.115000	2746.000000
372.120000	2980.000000
372.125000	2677.000000
372.130000	3196.000000
372.135000	2477.000000
372.140000	3218.000000
372.145000	2943.000000
372.150000	2971.000000
372.155000	2715.000000
372.160000	2677.000000
372.165000	2663.000000
372.170000	2767.000000
372.175000	2853.000000
372.180000	2532.000000
372.185000	3047.000000
372.190000	2924.000000
372.195000	2621.000000
372.200000	2787.000000
372.205000	2895.000000
372.210000	2598.000000
372.215000	2715.000000
372.220000	2576.000000
372.225000	2639.000000
372.230000	2431.000000
372.235000	2522.000000
372.240000	2510.000000
372.245000	2849.000000
372.250000	2456.000000
372.255000	2426.000000
372.260000	2452.000000
372.265000	2380.000000
372.270000	2518.000000
372.275000	2681.000000
372.280000	2647.000000
372.285000	2360.000000
372.290000	2460.000000
372.295000	2195.000000
372.300000	2793.000000
