Sample ID:		None
Start Time:		Fri Jun 26 2020 10:48:37 AM
Averaging Time:		1.000s

364.800000	361.000000
364.805000	205.000000
364.810000	140.000000
364.815000	321.000000
364.820000	271.000000
364.825000	283.000000
364.830000	246.000000
364.835000	258.000000
364.840000	269.000000
364.845000	287.000000
364.850000	265.000000
364.855000	282.000000
364.860000	324.000000
364.865000	364.000000
364.870000	373.000000
364.875000	312.000000
364.880000	254.000000
364.885000	360.000000
364.890000	313.000000
364.895000	310.000000
364.900000	322.000000
364.905000	319.000000
364.910000	435.000000
364.915000	517.000000
364.920000	419.000000
364.925000	546.000000
364.930000	581.000000
364.935000	597.000000
364.940000	745.000000
364.945000	1061.000000
364.950000	1323.000000
364.955000	2377.000000
364.960000	3650.000000
364.965000	6093.000000
364.970000	8927.000000
364.975000	12948.000000
364.980000	17296.000000
364.985000	22096.000000
364.990000	25872.000000
364.995000	28825.000000
365.000000	35408.000000
365.005000	46395.000000
365.010000	64983.000000
365.015000	166702.000000
365.020000	196812.000000
365.025000	101287.000000
365.030000	48890.000000
365.035000	26810.000000
365.040000	17466.000000
365.045000	10876.000000
365.050000	7263.000000
365.055000	4786.000000
365.060000	3665.000000
365.065000	2544.000000
365.070000	2261.000000
365.075000	1891.000000
365.080000	1678.000000
365.085000	1415.000000
365.090000	1367.000000
365.095000	1354.000000
365.100000	1195.000000
365.105000	1438.000000
365.110000	1271.000000
365.115000	928.000000
365.120000	778.000000
365.125000	947.000000
365.130000	799.000000
365.135000	790.000000
365.140000	607.000000
365.145000	697.000000
365.150000	717.000000
365.155000	583.000000
365.160000	499.000000
365.165000	498.000000
365.170000	508.000000
365.175000	690.000000
365.180000	543.000000
365.185000	433.000000
365.190000	502.000000
365.195000	390.000000
365.200000	501.000000
