Sample ID:		None
Start Time:		Fri Jun 26 2020 11:12:27 AM
Averaging Time:		1.000s

364.800000	339.000000
364.805000	208.000000
364.810000	220.000000
364.815000	283.000000
364.820000	223.000000
364.825000	252.000000
364.830000	288.000000
364.835000	286.000000
364.840000	376.000000
364.845000	323.000000
364.850000	275.000000
364.855000	326.000000
364.860000	275.000000
364.865000	225.000000
364.870000	377.000000
364.875000	299.000000
364.880000	232.000000
364.885000	348.000000
364.890000	288.000000
364.895000	341.000000
364.900000	394.000000
364.905000	466.000000
364.910000	462.000000
364.915000	569.000000
364.920000	500.000000
364.925000	573.000000
364.930000	631.000000
364.935000	738.000000
364.940000	780.000000
364.945000	1052.000000
364.950000	1466.000000
364.955000	2279.000000
364.960000	3756.000000
364.965000	6612.000000
364.970000	9820.000000
364.975000	13211.000000
364.980000	17845.000000
364.985000	23328.000000
364.990000	25178.000000
364.995000	29851.000000
365.000000	40616.000000
365.005000	48398.000000
365.010000	71990.000000
365.015000	168807.000000
365.020000	172795.000000
365.025000	88750.000000
365.030000	43407.000000
365.035000	25819.000000
365.040000	16117.000000
365.045000	10527.000000
365.050000	6537.000000
365.055000	4194.000000
365.060000	3397.000000
365.065000	2642.000000
365.070000	2106.000000
365.075000	1872.000000
365.080000	1638.000000
365.085000	1429.000000
365.090000	1317.000000
365.095000	1264.000000
365.100000	1054.000000
365.105000	1236.000000
365.110000	922.000000
365.115000	951.000000
365.120000	861.000000
365.125000	920.000000
365.130000	861.000000
365.135000	768.000000
365.140000	632.000000
365.145000	579.000000
365.150000	601.000000
365.155000	614.000000
365.160000	584.000000
365.165000	450.000000
365.170000	573.000000
365.175000	532.000000
365.180000	644.000000
365.185000	436.000000
365.190000	506.000000
365.195000	397.000000
365.200000	537.000000
