Sample ID:		None
Start Time:		Fri Jun 26 2020 10:53:40 AM
Averaging Time:		1.000s

364.800000	267.000000
364.805000	282.000000
364.810000	293.000000
364.815000	233.000000
364.820000	207.000000
364.825000	183.000000
364.830000	299.000000
364.835000	399.000000
364.840000	362.000000
364.845000	283.000000
364.850000	416.000000
364.855000	345.000000
364.860000	360.000000
364.865000	291.000000
364.870000	272.000000
364.875000	321.000000
364.880000	356.000000
364.885000	333.000000
364.890000	329.000000
364.895000	463.000000
364.900000	357.000000
364.905000	498.000000
364.910000	521.000000
364.915000	423.000000
364.920000	518.000000
364.925000	590.000000
364.930000	801.000000
364.935000	918.000000
364.940000	822.000000
364.945000	1044.000000
364.950000	1565.000000
364.955000	2349.000000
364.960000	3890.000000
364.965000	5890.000000
364.970000	9997.000000
364.975000	13877.000000
364.980000	17598.000000
364.985000	22127.000000
364.990000	25320.000000
364.995000	28635.000000
365.000000	39727.000000
365.005000	48749.000000
365.010000	74901.000000
365.015000	169388.000000
365.020000	181062.000000
365.025000	92949.000000
365.030000	46854.000000
365.035000	26054.000000
365.040000	17515.000000
365.045000	10680.000000
365.050000	6397.000000
365.055000	4626.000000
365.060000	3491.000000
365.065000	2444.000000
365.070000	2262.000000
365.075000	2078.000000
365.080000	1710.000000
365.085000	1503.000000
365.090000	1317.000000
365.095000	1403.000000
365.100000	1277.000000
365.105000	1507.000000
365.110000	1049.000000
365.115000	1077.000000
365.120000	957.000000
365.125000	777.000000
365.130000	688.000000
365.135000	732.000000
365.140000	975.000000
365.145000	541.000000
365.150000	709.000000
365.155000	582.000000
365.160000	634.000000
365.165000	545.000000
365.170000	622.000000
365.175000	501.000000
365.180000	590.000000
365.185000	541.000000
365.190000	453.000000
365.195000	393.000000
365.200000	550.000000
