Sample ID:		None
Start Time:		Fri Jun 26 2020 11:01:44 AM
Averaging Time:		1.000s

364.800000	215.000000
364.805000	281.000000
364.810000	268.000000
364.815000	366.000000
364.820000	236.000000
364.825000	243.000000
364.830000	268.000000
364.835000	253.000000
364.840000	195.000000
364.845000	322.000000
364.850000	332.000000
364.855000	273.000000
364.860000	402.000000
364.865000	324.000000
364.870000	404.000000
364.875000	362.000000
364.880000	352.000000
364.885000	360.000000
364.890000	300.000000
364.895000	412.000000
364.900000	396.000000
364.905000	378.000000
364.910000	422.000000
364.915000	394.000000
364.920000	516.000000
364.925000	641.000000
364.930000	568.000000
364.935000	837.000000
364.940000	877.000000
364.945000	949.000000
364.950000	1649.000000
364.955000	2623.000000
364.960000	4097.000000
364.965000	6697.000000
364.970000	9507.000000
364.975000	13319.000000
364.980000	17293.000000
364.985000	22016.000000
364.990000	25672.000000
364.995000	28682.000000
365.000000	38065.000000
365.005000	50785.000000
365.010000	75708.000000
365.015000	186095.000000
365.020000	163516.000000
365.025000	82565.000000
365.030000	41739.000000
365.035000	23288.000000
365.040000	15275.000000
365.045000	10761.000000
365.050000	6183.000000
365.055000	3870.000000
365.060000	3130.000000
365.065000	2174.000000
365.070000	2062.000000
365.075000	1795.000000
365.080000	1688.000000
365.085000	1417.000000
365.090000	1081.000000
365.095000	1482.000000
365.100000	1236.000000
365.105000	1016.000000
365.110000	927.000000
365.115000	972.000000
365.120000	687.000000
365.125000	718.000000
365.130000	701.000000
365.135000	866.000000
365.140000	710.000000
365.145000	856.000000
365.150000	716.000000
365.155000	695.000000
365.160000	412.000000
365.165000	562.000000
365.170000	469.000000
365.175000	524.000000
365.180000	488.000000
365.185000	511.000000
365.190000	469.000000
365.195000	398.000000
365.200000	314.000000
