Sample ID:		None
Start Time:		Fri Jun 26 2020 10:37:06 AM
Averaging Time:		1.000s

364.800000	442.000000
364.805000	595.000000
364.810000	681.000000
364.815000	873.000000
364.820000	937.000000
364.825000	1108.000000
364.830000	1758.000000
364.835000	2996.000000
364.840000	4569.000000
364.845000	7926.000000
364.850000	11988.000000
364.855000	15006.000000
364.860000	19748.000000
364.865000	23990.000000
364.870000	27976.000000
364.875000	31452.000000
364.880000	43257.000000
364.885000	56522.000000
364.890000	98172.000000
364.895000	212138.000000
364.900000	148575.000000
364.905000	66197.000000
364.910000	31997.000000
364.915000	19168.000000
364.920000	14961.000000
364.925000	9051.000000
364.930000	5550.000000
364.935000	3715.000000
364.940000	2707.000000
364.945000	2624.000000
364.950000	1969.000000
364.955000	1855.000000
364.960000	1628.000000
364.965000	1529.000000
364.970000	1664.000000
364.975000	1460.000000
364.980000	1098.000000
364.985000	1134.000000
364.990000	959.000000
364.995000	1069.000000
365.000000	1067.000000
365.005000	958.000000
365.010000	780.000000
365.015000	917.000000
365.020000	865.000000
365.025000	620.000000
365.030000	683.000000
365.035000	689.000000
365.040000	584.000000
365.045000	575.000000
365.050000	521.000000
365.055000	602.000000
365.060000	546.000000
365.065000	551.000000
365.070000	576.000000
365.075000	469.000000
365.080000	574.000000
365.085000	477.000000
365.090000	388.000000
365.095000	335.000000
365.100000	340.000000
365.105000	488.000000
365.110000	450.000000
365.115000	315.000000
365.120000	482.000000
365.125000	395.000000
365.130000	413.000000
365.135000	367.000000
365.140000	482.000000
365.145000	338.000000
365.150000	498.000000
365.155000	317.000000
365.160000	422.000000
365.165000	349.000000
365.170000	435.000000
365.175000	420.000000
365.180000	332.000000
365.185000	310.000000
365.190000	374.000000
365.195000	462.000000
365.200000	259.000000
