Sample ID:		None
Start Time:		Fri Jun 26 2020 11:19:47 AM
Averaging Time:		1.000s

364.800000	319.000000
364.801000	283.000000
364.802000	270.000000
364.803000	218.000000
364.804000	193.000000
364.805000	307.000000
364.806000	356.000000
364.807000	174.000000
364.808000	245.000000
364.809000	265.000000
364.810000	208.000000
364.811000	228.000000
364.812000	261.000000
364.813000	254.000000
364.814000	300.000000
364.815000	239.000000
364.816000	251.000000
364.817000	273.000000
364.818000	255.000000
364.819000	182.000000
364.820000	202.000000
364.821000	232.000000
364.822000	223.000000
364.823000	289.000000
364.824000	238.000000
364.825000	216.000000
364.826000	249.000000
364.827000	253.000000
364.828000	296.000000
364.829000	265.000000
364.830000	240.000000
364.831000	255.000000
364.832000	353.000000
364.833000	316.000000
364.834000	281.000000
364.835000	245.000000
364.836000	238.000000
364.837000	248.000000
364.838000	407.000000
364.839000	240.000000
364.840000	293.000000
364.841000	319.000000
364.842000	253.000000
364.843000	264.000000
364.844000	301.000000
364.845000	257.000000
364.846000	179.000000
364.847000	286.000000
364.848000	410.000000
364.849000	280.000000
364.850000	296.000000
364.851000	401.000000
364.852000	257.000000
364.853000	272.000000
364.854000	311.000000
364.855000	270.000000
364.856000	269.000000
364.857000	266.000000
364.858000	273.000000
364.859000	374.000000
364.860000	321.000000
364.861000	259.000000
364.862000	286.000000
364.863000	168.000000
364.864000	220.000000
364.865000	308.000000
364.866000	284.000000
364.867000	333.000000
364.868000	205.000000
364.869000	334.000000
364.870000	324.000000
364.871000	287.000000
364.872000	313.000000
364.873000	297.000000
364.874000	346.000000
364.875000	310.000000
364.876000	410.000000
364.877000	224.000000
364.878000	345.000000
364.879000	398.000000
364.880000	234.000000
364.881000	401.000000
364.882000	402.000000
364.883000	303.000000
364.884000	364.000000
364.885000	312.000000
364.886000	395.000000
364.887000	372.000000
364.888000	325.000000
364.889000	416.000000
364.890000	287.000000
364.891000	382.000000
364.892000	363.000000
364.893000	280.000000
364.894000	415.000000
364.895000	414.000000
364.896000	356.000000
364.897000	369.000000
364.898000	195.000000
364.899000	331.000000
364.900000	382.000000
364.901000	415.000000
364.902000	517.000000
364.903000	309.000000
364.904000	386.000000
364.905000	385.000000
364.906000	507.000000
364.907000	388.000000
364.908000	293.000000
364.909000	328.000000
364.910000	283.000000
364.911000	518.000000
364.912000	378.000000
364.913000	358.000000
364.914000	369.000000
364.915000	467.000000
364.916000	458.000000
364.917000	344.000000
364.918000	435.000000
364.919000	517.000000
364.920000	500.000000
364.921000	358.000000
364.922000	453.000000
364.923000	537.000000
364.924000	409.000000
364.925000	466.000000
364.926000	594.000000
364.927000	594.000000
364.928000	520.000000
364.929000	467.000000
364.930000	542.000000
364.931000	637.000000
364.932000	599.000000
364.933000	512.000000
364.934000	514.000000
364.935000	531.000000
364.936000	635.000000
364.937000	516.000000
364.938000	635.000000
364.939000	704.000000
364.940000	687.000000
364.941000	641.000000
364.942000	688.000000
364.943000	611.000000
364.944000	731.000000
364.945000	958.000000
364.946000	812.000000
364.947000	870.000000
364.948000	838.000000
364.949000	762.000000
364.950000	777.000000
364.951000	912.000000
364.952000	957.000000
364.953000	855.000000
364.954000	1061.000000
364.955000	1083.000000
364.956000	1287.000000
364.957000	1359.000000
364.958000	1368.000000
364.959000	1557.000000
364.960000	1833.000000
364.961000	1788.000000
364.962000	2015.000000
364.963000	2137.000000
364.964000	2291.000000
364.965000	2396.000000
364.966000	2715.000000
364.967000	2942.000000
364.968000	3383.000000
364.969000	3492.000000
364.970000	4128.000000
364.971000	4347.000000
364.972000	4966.000000
364.973000	5390.000000
364.974000	6385.000000
364.975000	7211.000000
364.976000	7575.000000
364.977000	7917.000000
364.978000	8388.000000
364.979000	8886.000000
364.980000	10438.000000
364.981000	11110.000000
364.982000	10789.000000
364.983000	11768.000000
364.984000	13080.000000
364.985000	13385.000000
364.986000	14168.000000
364.987000	14874.000000
364.988000	16231.000000
364.989000	16495.000000
364.990000	18218.000000
364.991000	19839.000000
364.992000	19053.000000
364.993000	21167.000000
364.994000	21373.000000
364.995000	22340.000000
364.996000	23294.000000
364.997000	23732.000000
364.998000	24464.000000
364.999000	24689.000000
365.000000	25807.000000
365.001000	26155.000000
365.002000	25681.000000
365.003000	26939.000000
365.004000	28383.000000
365.005000	29844.000000
365.006000	30601.000000
365.007000	31547.000000
365.008000	32562.000000
365.009000	34393.000000
365.010000	34877.000000
365.011000	38386.000000
365.012000	40472.000000
365.013000	43382.000000
365.014000	46579.000000
365.015000	48497.000000
365.016000	51093.000000
365.017000	54328.000000
365.018000	58218.000000
365.019000	65736.000000
365.020000	74487.000000
365.021000	86328.000000
365.022000	104317.000000
365.023000	122354.000000
365.024000	148604.000000
365.025000	174722.000000
365.026000	189261.000000
365.027000	199012.000000
365.028000	205119.000000
365.029000	199732.000000
365.030000	189942.000000
365.031000	167242.000000
365.032000	146129.000000
365.033000	124308.000000
365.034000	102972.000000
365.035000	86717.000000
365.036000	71796.000000
365.037000	61467.000000
365.038000	54051.000000
365.039000	48936.000000
365.040000	42776.000000
365.041000	37989.000000
365.042000	35900.000000
365.043000	32249.000000
365.044000	29128.000000
365.045000	27165.000000
365.046000	23891.000000
365.047000	23275.000000
365.048000	20319.000000
365.049000	19464.000000
365.050000	18676.000000
365.051000	16190.000000
365.052000	14686.000000
365.053000	12601.000000
365.054000	11484.000000
365.055000	11033.000000
365.056000	10007.000000
365.057000	8353.000000
365.058000	8684.000000
365.059000	7452.000000
365.060000	7101.000000
365.061000	5588.000000
365.062000	5656.000000
365.063000	4954.000000
365.064000	4987.000000
365.065000	4553.000000
365.066000	4307.000000
365.067000	3885.000000
365.068000	3986.000000
365.069000	3476.000000
365.070000	3185.000000
365.071000	3072.000000
365.072000	2898.000000
365.073000	2871.000000
365.074000	2933.000000
365.075000	2496.000000
365.076000	2304.000000
365.077000	2239.000000
365.078000	2137.000000
365.079000	2417.000000
365.080000	2060.000000
365.081000	1845.000000
365.082000	2030.000000
365.083000	2005.000000
365.084000	2022.000000
365.085000	1841.000000
365.086000	1755.000000
365.087000	1646.000000
365.088000	1685.000000
365.089000	2001.000000
365.090000	1598.000000
365.091000	1672.000000
365.092000	1834.000000
365.093000	1368.000000
365.094000	1379.000000
365.095000	1669.000000
365.096000	1316.000000
365.097000	1655.000000
365.098000	1386.000000
365.099000	1376.000000
365.100000	1455.000000
365.101000	1352.000000
365.102000	1187.000000
365.103000	1348.000000
365.104000	1108.000000
365.105000	1346.000000
365.106000	1407.000000
365.107000	1198.000000
365.108000	1102.000000
365.109000	1087.000000
365.110000	1161.000000
365.111000	1004.000000
365.112000	1228.000000
365.113000	1100.000000
365.114000	1146.000000
365.115000	1124.000000
365.116000	903.000000
365.117000	1052.000000
365.118000	1055.000000
365.119000	1046.000000
365.120000	1225.000000
365.121000	966.000000
365.122000	1124.000000
365.123000	1223.000000
365.124000	1105.000000
365.125000	1106.000000
365.126000	993.000000
365.127000	1000.000000
365.128000	952.000000
365.129000	778.000000
365.130000	866.000000
365.131000	857.000000
365.132000	915.000000
365.133000	878.000000
365.134000	940.000000
365.135000	814.000000
365.136000	921.000000
365.137000	1014.000000
365.138000	835.000000
365.139000	863.000000
365.140000	922.000000
365.141000	624.000000
365.142000	858.000000
365.143000	795.000000
365.144000	821.000000
365.145000	695.000000
365.146000	711.000000
365.147000	749.000000
365.148000	796.000000
365.149000	652.000000
365.150000	779.000000
365.151000	706.000000
365.152000	684.000000
365.153000	873.000000
365.154000	781.000000
365.155000	642.000000
365.156000	912.000000
365.157000	657.000000
365.158000	600.000000
365.159000	628.000000
365.160000	635.000000
365.161000	679.000000
365.162000	581.000000
365.163000	724.000000
365.164000	418.000000
365.165000	720.000000
365.166000	650.000000
365.167000	620.000000
365.168000	576.000000
365.169000	474.000000
365.170000	599.000000
365.171000	608.000000
365.172000	685.000000
365.173000	605.000000
365.174000	553.000000
365.175000	625.000000
365.176000	461.000000
365.177000	464.000000
365.178000	570.000000
365.179000	545.000000
365.180000	519.000000
365.181000	592.000000
365.182000	526.000000
365.183000	549.000000
365.184000	467.000000
365.185000	509.000000
365.186000	504.000000
365.187000	541.000000
365.188000	404.000000
365.189000	476.000000
365.190000	456.000000
365.191000	512.000000
365.192000	442.000000
365.193000	452.000000
365.194000	429.000000
365.195000	464.000000
365.196000	478.000000
365.197000	415.000000
365.198000	397.000000
365.199000	394.000000
365.200000	342.000000
