Sample ID:		None
Start Time:		Fri Jun 26 2020 11:39:23 AM
Averaging Time:		1.000s

364.800000	240.000000
364.801000	227.000000
364.802000	287.000000
364.803000	186.000000
364.804000	178.000000
364.805000	264.000000
364.806000	159.000000
364.807000	268.000000
364.808000	211.000000
364.809000	229.000000
364.810000	245.000000
364.811000	205.000000
364.812000	301.000000
364.813000	270.000000
364.814000	289.000000
364.815000	285.000000
364.816000	257.000000
364.817000	310.000000
364.818000	257.000000
364.819000	221.000000
364.820000	254.000000
364.821000	187.000000
364.822000	248.000000
364.823000	294.000000
364.824000	335.000000
364.825000	399.000000
364.826000	198.000000
364.827000	324.000000
364.828000	233.000000
364.829000	243.000000
364.830000	255.000000
364.831000	201.000000
364.832000	196.000000
364.833000	330.000000
364.834000	232.000000
364.835000	233.000000
364.836000	299.000000
364.837000	312.000000
364.838000	235.000000
364.839000	291.000000
364.840000	228.000000
364.841000	288.000000
364.842000	238.000000
364.843000	274.000000
364.844000	245.000000
364.845000	303.000000
364.846000	180.000000
364.847000	305.000000
364.848000	368.000000
364.849000	293.000000
364.850000	383.000000
364.851000	250.000000
364.852000	209.000000
364.853000	337.000000
364.854000	350.000000
364.855000	327.000000
364.856000	348.000000
364.857000	231.000000
364.858000	302.000000
364.859000	235.000000
364.860000	303.000000
364.861000	195.000000
364.862000	255.000000
364.863000	261.000000
364.864000	281.000000
364.865000	219.000000
364.866000	372.000000
364.867000	295.000000
364.868000	312.000000
364.869000	362.000000
364.870000	268.000000
364.871000	246.000000
364.872000	352.000000
364.873000	402.000000
364.874000	220.000000
364.875000	238.000000
364.876000	380.000000
364.877000	238.000000
364.878000	383.000000
364.879000	290.000000
364.880000	247.000000
364.881000	282.000000
364.882000	347.000000
364.883000	252.000000
364.884000	316.000000
364.885000	410.000000
364.886000	327.000000
364.887000	347.000000
364.888000	448.000000
364.889000	480.000000
364.890000	374.000000
364.891000	438.000000
364.892000	343.000000
364.893000	384.000000
364.894000	331.000000
364.895000	447.000000
364.896000	297.000000
364.897000	371.000000
364.898000	482.000000
364.899000	395.000000
364.900000	389.000000
364.901000	479.000000
364.902000	260.000000
364.903000	456.000000
364.904000	393.000000
364.905000	464.000000
364.906000	267.000000
364.907000	254.000000
364.908000	455.000000
364.909000	392.000000
364.910000	358.000000
364.911000	309.000000
364.912000	378.000000
364.913000	467.000000
364.914000	390.000000
364.915000	300.000000
364.916000	517.000000
364.917000	482.000000
364.918000	402.000000
364.919000	444.000000
364.920000	436.000000
364.921000	458.000000
364.922000	448.000000
364.923000	588.000000
364.924000	607.000000
364.925000	428.000000
364.926000	480.000000
364.927000	413.000000
364.928000	510.000000
364.929000	459.000000
364.930000	514.000000
364.931000	546.000000
364.932000	496.000000
364.933000	544.000000
364.934000	520.000000
364.935000	555.000000
364.936000	691.000000
364.937000	461.000000
364.938000	651.000000
364.939000	623.000000
364.940000	626.000000
364.941000	843.000000
364.942000	645.000000
364.943000	678.000000
364.944000	712.000000
364.945000	702.000000
364.946000	746.000000
364.947000	816.000000
364.948000	844.000000
364.949000	881.000000
364.950000	852.000000
364.951000	814.000000
364.952000	924.000000
364.953000	921.000000
364.954000	995.000000
364.955000	1181.000000
364.956000	1240.000000
364.957000	1102.000000
364.958000	1378.000000
364.959000	1527.000000
364.960000	1444.000000
364.961000	1737.000000
364.962000	1690.000000
364.963000	2133.000000
364.964000	2536.000000
364.965000	2303.000000
364.966000	2963.000000
364.967000	2854.000000
364.968000	3111.000000
364.969000	3460.000000
364.970000	3956.000000
364.971000	4515.000000
364.972000	4950.000000
364.973000	5810.000000
364.974000	6188.000000
364.975000	6649.000000
364.976000	6936.000000
364.977000	8022.000000
364.978000	8575.000000
364.979000	8871.000000
364.980000	10167.000000
364.981000	10595.000000
364.982000	11663.000000
364.983000	12278.000000
364.984000	12705.000000
364.985000	13689.000000
364.986000	14368.000000
364.987000	15698.000000
364.988000	15649.000000
364.989000	16539.000000
364.990000	17415.000000
364.991000	18825.000000
364.992000	19871.000000
364.993000	20474.000000
364.994000	21085.000000
364.995000	21401.000000
364.996000	23123.000000
364.997000	24252.000000
364.998000	23849.000000
364.999000	24987.000000
365.000000	26149.000000
365.001000	25739.000000
365.002000	26767.000000
365.003000	27721.000000
365.004000	29041.000000
365.005000	30343.000000
365.006000	29768.000000
365.007000	31003.000000
365.008000	32452.000000
365.009000	34692.000000
365.010000	36426.000000
365.011000	38139.000000
365.012000	39587.000000
365.013000	42060.000000
365.014000	45355.000000
365.015000	46149.000000
365.016000	49468.000000
365.017000	54122.000000
365.018000	59486.000000
365.019000	64643.000000
365.020000	70416.000000
365.021000	83588.000000
365.022000	97762.000000
365.023000	119336.000000
365.024000	143079.000000
365.025000	168097.000000
365.026000	180183.000000
365.027000	195961.000000
365.028000	203026.000000
365.029000	200091.000000
365.030000	186201.000000
365.031000	164757.000000
365.032000	141781.000000
365.033000	120222.000000
365.034000	101542.000000
365.035000	83210.000000
365.036000	73021.000000
365.037000	62657.000000
365.038000	54492.000000
365.039000	48689.000000
365.040000	45657.000000
365.041000	39533.000000
365.042000	38074.000000
365.043000	33019.000000
365.044000	30902.000000
365.045000	27151.000000
365.046000	25700.000000
365.047000	23096.000000
365.048000	20445.000000
365.049000	19129.000000
365.050000	18117.000000
365.051000	15494.000000
365.052000	14312.000000
365.053000	13836.000000
365.054000	11991.000000
365.055000	11298.000000
365.056000	10828.000000
365.057000	9703.000000
365.058000	8694.000000
365.059000	7852.000000
365.060000	7181.000000
365.061000	6488.000000
365.062000	6138.000000
365.063000	5806.000000
365.064000	5193.000000
365.065000	4561.000000
365.066000	4564.000000
365.067000	4120.000000
365.068000	4014.000000
365.069000	3656.000000
365.070000	3586.000000
365.071000	3115.000000
365.072000	3136.000000
365.073000	3034.000000
365.074000	2810.000000
365.075000	2741.000000
365.076000	2426.000000
365.077000	2353.000000
365.078000	2132.000000
365.079000	2276.000000
365.080000	2415.000000
365.081000	2093.000000
365.082000	2186.000000
365.083000	2035.000000
365.084000	1847.000000
365.085000	2112.000000
365.086000	1786.000000
365.087000	1926.000000
365.088000	1601.000000
365.089000	1598.000000
365.090000	2059.000000
365.091000	1860.000000
365.092000	1512.000000
365.093000	1504.000000
365.094000	1242.000000
365.095000	1632.000000
365.096000	1428.000000
365.097000	1200.000000
365.098000	1476.000000
365.099000	1325.000000
365.100000	1248.000000
365.101000	1290.000000
365.102000	1303.000000
365.103000	1528.000000
365.104000	1389.000000
365.105000	1242.000000
365.106000	1195.000000
365.107000	1268.000000
365.108000	1158.000000
365.109000	1262.000000
365.110000	1209.000000
365.111000	1173.000000
365.112000	1075.000000
365.113000	1027.000000
365.114000	1115.000000
365.115000	1054.000000
365.116000	1270.000000
365.117000	1043.000000
365.118000	1101.000000
365.119000	929.000000
365.120000	1005.000000
365.121000	1065.000000
365.122000	909.000000
365.123000	986.000000
365.124000	967.000000
365.125000	1026.000000
365.126000	1095.000000
365.127000	973.000000
365.128000	834.000000
365.129000	888.000000
365.130000	842.000000
365.131000	1071.000000
365.132000	806.000000
365.133000	828.000000
365.134000	1058.000000
365.135000	727.000000
365.136000	828.000000
365.137000	933.000000
365.138000	746.000000
365.139000	794.000000
365.140000	820.000000
365.141000	1020.000000
365.142000	718.000000
365.143000	804.000000
365.144000	612.000000
365.145000	717.000000
365.146000	744.000000
365.147000	980.000000
365.148000	823.000000
365.149000	777.000000
365.150000	804.000000
365.151000	564.000000
365.152000	688.000000
365.153000	641.000000
365.154000	742.000000
365.155000	679.000000
365.156000	630.000000
365.157000	645.000000
365.158000	790.000000
365.159000	764.000000
365.160000	604.000000
365.161000	677.000000
365.162000	702.000000
365.163000	540.000000
365.164000	549.000000
365.165000	591.000000
365.166000	548.000000
365.167000	491.000000
365.168000	747.000000
365.169000	591.000000
365.170000	628.000000
365.171000	513.000000
365.172000	706.000000
365.173000	423.000000
365.174000	647.000000
365.175000	551.000000
365.176000	505.000000
365.177000	501.000000
365.178000	578.000000
365.179000	541.000000
365.180000	676.000000
365.181000	456.000000
365.182000	537.000000
365.183000	427.000000
365.184000	488.000000
365.185000	422.000000
365.186000	482.000000
365.187000	594.000000
365.188000	533.000000
365.189000	501.000000
365.190000	411.000000
365.191000	541.000000
365.192000	345.000000
365.193000	551.000000
365.194000	472.000000
365.195000	387.000000
365.196000	533.000000
365.197000	458.000000
365.198000	381.000000
365.199000	465.000000
365.200000	520.000000
