Sample ID:		None
Start Time:		Fri Jun 26 2020 11:30:17 AM
Averaging Time:		1.000s

364.800000	257.000000
364.801000	215.000000
364.802000	139.000000
364.803000	299.000000
364.804000	141.000000
364.805000	264.000000
364.806000	315.000000
364.807000	278.000000
364.808000	302.000000
364.809000	194.000000
364.810000	201.000000
364.811000	357.000000
364.812000	241.000000
364.813000	286.000000
364.814000	225.000000
364.815000	234.000000
364.816000	371.000000
364.817000	351.000000
364.818000	255.000000
364.819000	191.000000
364.820000	267.000000
364.821000	228.000000
364.822000	237.000000
364.823000	176.000000
364.824000	281.000000
364.825000	251.000000
364.826000	230.000000
364.827000	268.000000
364.828000	150.000000
364.829000	182.000000
364.830000	244.000000
364.831000	307.000000
364.832000	224.000000
364.833000	212.000000
364.834000	284.000000
364.835000	292.000000
364.836000	227.000000
364.837000	273.000000
364.838000	205.000000
364.839000	304.000000
364.840000	161.000000
364.841000	293.000000
364.842000	309.000000
364.843000	322.000000
364.844000	224.000000
364.845000	256.000000
364.846000	242.000000
364.847000	320.000000
364.848000	398.000000
364.849000	283.000000
364.850000	142.000000
364.851000	364.000000
364.852000	329.000000
364.853000	278.000000
364.854000	363.000000
364.855000	278.000000
364.856000	289.000000
364.857000	353.000000
364.858000	235.000000
364.859000	312.000000
364.860000	288.000000
364.861000	411.000000
364.862000	176.000000
364.863000	252.000000
364.864000	228.000000
364.865000	373.000000
364.866000	314.000000
364.867000	453.000000
364.868000	341.000000
364.869000	311.000000
364.870000	376.000000
364.871000	266.000000
364.872000	219.000000
364.873000	293.000000
364.874000	311.000000
364.875000	212.000000
364.876000	299.000000
364.877000	222.000000
364.878000	361.000000
364.879000	324.000000
364.880000	274.000000
364.881000	377.000000
364.882000	336.000000
364.883000	318.000000
364.884000	463.000000
364.885000	269.000000
364.886000	334.000000
364.887000	403.000000
364.888000	352.000000
364.889000	311.000000
364.890000	275.000000
364.891000	377.000000
364.892000	367.000000
364.893000	297.000000
364.894000	260.000000
364.895000	414.000000
364.896000	259.000000
364.897000	332.000000
364.898000	294.000000
364.899000	410.000000
364.900000	250.000000
364.901000	369.000000
364.902000	352.000000
364.903000	341.000000
364.904000	327.000000
364.905000	324.000000
364.906000	348.000000
364.907000	464.000000
364.908000	336.000000
364.909000	440.000000
364.910000	477.000000
364.911000	449.000000
364.912000	340.000000
364.913000	297.000000
364.914000	408.000000
364.915000	510.000000
364.916000	435.000000
364.917000	395.000000
364.918000	343.000000
364.919000	424.000000
364.920000	512.000000
364.921000	417.000000
364.922000	507.000000
364.923000	538.000000
364.924000	556.000000
364.925000	482.000000
364.926000	516.000000
364.927000	437.000000
364.928000	530.000000
364.929000	499.000000
364.930000	390.000000
364.931000	522.000000
364.932000	580.000000
364.933000	586.000000
364.934000	587.000000
364.935000	516.000000
364.936000	626.000000
364.937000	593.000000
364.938000	560.000000
364.939000	648.000000
364.940000	602.000000
364.941000	476.000000
364.942000	715.000000
364.943000	596.000000
364.944000	634.000000
364.945000	649.000000
364.946000	617.000000
364.947000	729.000000
364.948000	691.000000
364.949000	892.000000
364.950000	806.000000
364.951000	699.000000
364.952000	812.000000
364.953000	934.000000
364.954000	1019.000000
364.955000	1048.000000
364.956000	1114.000000
364.957000	1244.000000
364.958000	1304.000000
364.959000	1196.000000
364.960000	1563.000000
364.961000	1501.000000
364.962000	1471.000000
364.963000	1878.000000
364.964000	1872.000000
364.965000	2430.000000
364.966000	2306.000000
364.967000	2629.000000
364.968000	2719.000000
364.969000	3107.000000
364.970000	3251.000000
364.971000	4222.000000
364.972000	4411.000000
364.973000	4672.000000
364.974000	5263.000000
364.975000	5358.000000
364.976000	6377.000000
364.977000	6907.000000
364.978000	7576.000000
364.979000	7755.000000
364.980000	8637.000000
364.981000	9641.000000
364.982000	10347.000000
364.983000	10827.000000
364.984000	11975.000000
364.985000	12555.000000
364.986000	13470.000000
364.987000	14607.000000
364.988000	14974.000000
364.989000	16073.000000
364.990000	16211.000000
364.991000	17397.000000
364.992000	18996.000000
364.993000	19967.000000
364.994000	20135.000000
364.995000	21536.000000
364.996000	21279.000000
364.997000	23029.000000
364.998000	22615.000000
364.999000	24539.000000
365.000000	24241.000000
365.001000	25275.000000
365.002000	26277.000000
365.003000	27238.000000
365.004000	27206.000000
365.005000	27705.000000
365.006000	27582.000000
365.007000	29707.000000
365.008000	30689.000000
365.009000	32602.000000
365.010000	33854.000000
365.011000	35251.000000
365.012000	37034.000000
365.013000	40510.000000
365.014000	42179.000000
365.015000	44763.000000
365.016000	49399.000000
365.017000	52684.000000
365.018000	54965.000000
365.019000	63371.000000
365.020000	71508.000000
365.021000	80517.000000
365.022000	93714.000000
365.023000	110814.000000
365.024000	136375.000000
365.025000	163911.000000
365.026000	178383.000000
365.027000	191047.000000
365.028000	201088.000000
365.029000	200390.000000
365.030000	189989.000000
365.031000	170545.000000
365.032000	151028.000000
365.033000	129099.000000
365.034000	107835.000000
365.035000	89619.000000
365.036000	77019.000000
365.037000	64668.000000
365.038000	57163.000000
365.039000	52060.000000
365.040000	46332.000000
365.041000	41227.000000
365.042000	38575.000000
365.043000	35342.000000
365.044000	31917.000000
365.045000	28120.000000
365.046000	26980.000000
365.047000	24865.000000
365.048000	23816.000000
365.049000	20841.000000
365.050000	19689.000000
365.051000	17973.000000
365.052000	16288.000000
365.053000	14305.000000
365.054000	12496.000000
365.055000	12301.000000
365.056000	11035.000000
365.057000	10168.000000
365.058000	8981.000000
365.059000	8991.000000
365.060000	8593.000000
365.061000	7263.000000
365.062000	6243.000000
365.063000	5795.000000
365.064000	5586.000000
365.065000	5102.000000
365.066000	4926.000000
365.067000	4193.000000
365.068000	4311.000000
365.069000	4004.000000
365.070000	3787.000000
365.071000	3578.000000
365.072000	3014.000000
365.073000	2935.000000
365.074000	2749.000000
365.075000	2903.000000
365.076000	2422.000000
365.077000	2466.000000
365.078000	2654.000000
365.079000	2216.000000
365.080000	2186.000000
365.081000	2477.000000
365.082000	2147.000000
365.083000	2022.000000
365.084000	2035.000000
365.085000	2032.000000
365.086000	1863.000000
365.087000	1875.000000
365.088000	1964.000000
365.089000	1766.000000
365.090000	1858.000000
365.091000	1546.000000
365.092000	1599.000000
365.093000	1481.000000
365.094000	1566.000000
365.095000	1610.000000
365.096000	1598.000000
365.097000	1446.000000
