Sample ID:		None
Start Time:		Fri Jun 26 2020 11:15:48 AM
Averaging Time:		1.000s

364.800000	325.000000
364.805000	306.000000
364.810000	249.000000
364.815000	254.000000
364.820000	277.000000
364.825000	208.000000
364.830000	349.000000
364.835000	364.000000
364.840000	310.000000
364.845000	235.000000
364.850000	246.000000
364.855000	248.000000
364.860000	236.000000
364.865000	374.000000
364.870000	205.000000
364.875000	358.000000
364.880000	255.000000
364.885000	362.000000
364.890000	349.000000
364.895000	377.000000
364.900000	306.000000
364.905000	404.000000
364.910000	421.000000
364.915000	420.000000
364.920000	534.000000
364.925000	534.000000
364.930000	522.000000
364.935000	768.000000
364.940000	1121.000000
364.945000	1166.000000
364.950000	1679.000000
364.955000	2758.000000
364.960000	4997.000000
364.965000	7041.000000
364.970000	11127.000000
364.975000	15145.000000
364.980000	18998.000000
364.985000	24460.000000
364.990000	26358.000000
364.995000	30837.000000
365.000000	41148.000000
365.005000	56038.000000
365.010000	92684.000000
365.015000	199292.000000
365.020000	109860.000000
365.025000	65565.000000
365.030000	35834.000000
365.035000	23386.000000
365.040000	14024.000000
365.045000	8965.000000
365.050000	5448.000000
365.055000	3604.000000
365.060000	2707.000000
365.065000	2290.000000
365.070000	2044.000000
365.075000	1839.000000
365.080000	1552.000000
365.085000	1204.000000
365.090000	1442.000000
365.095000	1180.000000
365.100000	1163.000000
365.105000	1309.000000
365.110000	914.000000
365.115000	1038.000000
365.120000	866.000000
365.125000	819.000000
365.130000	749.000000
365.135000	755.000000
365.140000	866.000000
365.145000	707.000000
365.150000	547.000000
365.155000	707.000000
365.160000	659.000000
365.165000	646.000000
365.170000	519.000000
365.175000	549.000000
365.180000	516.000000
365.185000	525.000000
365.190000	423.000000
365.195000	311.000000
365.200000	408.000000
