Sample ID:		None
Start Time:		Fri Jun 26 2020 11:48:59 AM
Averaging Time:		1.000s

364.800000	215.000000
364.805000	228.000000
364.810000	246.000000
364.815000	213.000000
364.820000	245.000000
364.825000	249.000000
364.830000	329.000000
364.835000	202.000000
364.840000	338.000000
364.845000	275.000000
364.850000	284.000000
364.855000	350.000000
364.860000	402.000000
364.865000	271.000000
364.870000	316.000000
364.875000	132.000000
364.880000	305.000000
364.885000	328.000000
364.890000	265.000000
364.895000	435.000000
364.900000	378.000000
364.905000	311.000000
364.910000	464.000000
364.915000	510.000000
364.920000	416.000000
364.925000	564.000000
364.930000	702.000000
364.935000	686.000000
364.940000	842.000000
364.945000	843.000000
364.950000	1340.000000
364.955000	2303.000000
364.960000	3353.000000
364.965000	5032.000000
364.970000	9043.000000
364.975000	12446.000000
364.980000	16307.000000
364.985000	20615.000000
364.990000	24848.000000
364.995000	27947.000000
365.000000	35027.000000
365.005000	43457.000000
365.010000	62963.000000
365.015000	147892.000000
365.020000	192289.000000
365.025000	108123.000000
365.030000	51080.000000
365.035000	29362.000000
365.040000	18489.000000
365.045000	13723.000000
365.050000	8131.000000
365.055000	5059.000000
365.060000	3551.000000
365.065000	2413.000000
365.070000	2287.000000
365.075000	2257.000000
365.080000	1695.000000
365.085000	1328.000000
365.090000	1355.000000
365.095000	1199.000000
365.100000	1300.000000
365.105000	1274.000000
365.110000	1088.000000
365.115000	999.000000
365.120000	685.000000
365.125000	915.000000
365.130000	764.000000
365.135000	744.000000
365.140000	769.000000
365.145000	848.000000
365.150000	768.000000
365.155000	555.000000
365.160000	494.000000
365.165000	607.000000
365.170000	510.000000
365.175000	507.000000
365.180000	592.000000
365.185000	370.000000
365.190000	404.000000
365.195000	418.000000
365.200000	379.000000
