Sample ID:		None
Start Time:		Fri Jun 26 2020 10:44:25 AM
Averaging Time:		1.000s

364.800000	267.000000
364.805000	195.000000
364.810000	384.000000
364.815000	261.000000
364.820000	255.000000
364.825000	345.000000
364.830000	244.000000
364.835000	223.000000
364.840000	278.000000
364.845000	405.000000
364.850000	258.000000
364.855000	271.000000
364.860000	256.000000
364.865000	273.000000
364.870000	363.000000
364.875000	336.000000
364.880000	343.000000
364.885000	427.000000
364.890000	404.000000
364.895000	431.000000
364.900000	390.000000
364.905000	344.000000
364.910000	540.000000
364.915000	553.000000
364.920000	671.000000
364.925000	481.000000
364.930000	568.000000
364.935000	780.000000
364.940000	794.000000
364.945000	1053.000000
364.950000	1272.000000
364.955000	2091.000000
364.960000	3624.000000
364.965000	5702.000000
364.970000	9151.000000
364.975000	12836.000000
364.980000	16900.000000
364.985000	20771.000000
364.990000	24348.000000
364.995000	28463.000000
365.000000	34895.000000
365.005000	45164.000000
365.010000	61019.000000
365.015000	133184.000000
365.020000	188326.000000
365.025000	126475.000000
365.030000	55527.000000
365.035000	31408.000000
365.040000	19015.000000
365.045000	12874.000000
365.050000	7192.000000
365.055000	4817.000000
365.060000	3568.000000
365.065000	3023.000000
365.070000	2301.000000
365.075000	2012.000000
365.080000	1691.000000
365.085000	1414.000000
365.090000	1793.000000
365.095000	1288.000000
365.100000	1256.000000
365.105000	1358.000000
365.110000	1052.000000
365.115000	1222.000000
365.120000	820.000000
365.125000	1074.000000
365.130000	844.000000
365.135000	834.000000
365.140000	756.000000
365.145000	676.000000
365.150000	563.000000
365.155000	653.000000
365.160000	852.000000
365.165000	596.000000
365.170000	539.000000
365.175000	458.000000
365.180000	574.000000
365.185000	544.000000
365.190000	410.000000
365.195000	480.000000
365.200000	425.000000
