Sample ID:		None
Start Time:		Fri Jun 26 2020 11:09:06 AM
Averaging Time:		1.000s

364.800000	240.000000
364.805000	259.000000
364.810000	209.000000
364.815000	229.000000
364.820000	237.000000
364.825000	215.000000
364.830000	179.000000
364.835000	197.000000
364.840000	217.000000
364.845000	321.000000
364.850000	407.000000
364.855000	328.000000
364.860000	256.000000
364.865000	354.000000
364.870000	332.000000
364.875000	341.000000
364.880000	293.000000
364.885000	283.000000
364.890000	319.000000
364.895000	356.000000
364.900000	332.000000
364.905000	410.000000
364.910000	421.000000
364.915000	480.000000
364.920000	540.000000
364.925000	578.000000
364.930000	619.000000
364.935000	775.000000
364.940000	860.000000
364.945000	1406.000000
364.950000	1425.000000
364.955000	2731.000000
364.960000	4284.000000
364.965000	7029.000000
364.970000	10023.000000
364.975000	14682.000000
364.980000	17865.000000
364.985000	22970.000000
364.990000	26529.000000
364.995000	29896.000000
365.000000	39049.000000
365.005000	51984.000000
365.010000	82914.000000
365.015000	202721.000000
365.020000	149648.000000
365.025000	75122.000000
365.030000	40267.000000
365.035000	23750.000000
365.040000	14379.000000
365.045000	9632.000000
365.050000	6045.000000
365.055000	3993.000000
365.060000	3148.000000
365.065000	1962.000000
365.070000	2043.000000
365.075000	1749.000000
365.080000	1559.000000
365.085000	1409.000000
365.090000	1172.000000
365.095000	1253.000000
365.100000	1048.000000
365.105000	1191.000000
365.110000	1280.000000
365.115000	853.000000
365.120000	1011.000000
365.125000	767.000000
365.130000	855.000000
365.135000	825.000000
365.140000	782.000000
365.145000	787.000000
365.150000	692.000000
365.155000	731.000000
365.160000	630.000000
365.165000	571.000000
365.170000	505.000000
365.175000	556.000000
365.180000	525.000000
365.185000	614.000000
365.190000	428.000000
365.195000	457.000000
365.200000	464.000000
