Sample ID:		H1100 ZnO NW standard gowth: After Calibration
Start Time:		Fri Jun 19 2020 4:24:28 PM
Averaging Time:		1.000s

366.500000	185.000000
366.505000	216.000000
366.510000	199.000000
366.515000	154.000000
366.520000	173.000000
366.525000	200.000000
366.530000	158.000000
366.535000	148.000000
366.540000	144.000000
366.545000	108.000000
366.550000	220.000000
366.555000	168.000000
366.560000	273.000000
366.565000	155.000000
366.570000	246.000000
366.575000	192.000000
366.580000	172.000000
366.585000	209.000000
366.590000	176.000000
366.595000	158.000000
366.600000	179.000000
366.605000	226.000000
366.610000	159.000000
366.615000	192.000000
366.620000	260.000000
366.625000	198.000000
366.630000	343.000000
366.635000	301.000000
366.640000	226.000000
366.645000	231.000000
366.650000	260.000000
366.655000	296.000000
366.660000	287.000000
366.665000	361.000000
366.670000	263.000000
366.675000	311.000000
366.680000	203.000000
366.685000	211.000000
366.690000	381.000000
366.695000	310.000000
366.700000	366.000000
366.705000	298.000000
366.710000	309.000000
366.715000	426.000000
366.720000	309.000000
366.725000	324.000000
366.730000	380.000000
366.735000	347.000000
366.740000	394.000000
366.745000	485.000000
366.750000	355.000000
366.755000	510.000000
366.760000	426.000000
366.765000	442.000000
366.770000	570.000000
366.775000	480.000000
366.780000	495.000000
366.785000	486.000000
366.790000	563.000000
366.795000	659.000000
366.800000	511.000000
366.805000	706.000000
366.810000	638.000000
366.815000	941.000000
366.820000	1087.000000
366.825000	1066.000000
366.830000	979.000000
366.835000	1205.000000
366.840000	1306.000000
366.845000	1361.000000
366.850000	1362.000000
366.855000	1458.000000
366.860000	1813.000000
366.865000	2144.000000
366.870000	2134.000000
366.875000	2359.000000
366.880000	2239.000000
366.885000	2536.000000
366.890000	2379.000000
366.895000	2557.000000
366.900000	2123.000000
366.905000	2242.000000
366.910000	2113.000000
366.915000	2253.000000
366.920000	2187.000000
366.925000	2092.000000
366.930000	2128.000000
366.935000	2296.000000
366.940000	2253.000000
366.945000	2276.000000
366.950000	2528.000000
366.955000	2339.000000
366.960000	2710.000000
366.965000	2549.000000
366.970000	2836.000000
366.975000	2943.000000
366.980000	3057.000000
366.985000	2786.000000
366.990000	3125.000000
366.995000	3231.000000
367.000000	3689.000000
367.005000	3279.000000
367.010000	3557.000000
367.015000	3923.000000
367.020000	3836.000000
367.025000	4320.000000
367.030000	4976.000000
367.035000	4821.000000
367.040000	5320.000000
367.045000	5582.000000
367.050000	6099.000000
367.055000	6513.000000
367.060000	6509.000000
367.065000	6804.000000
367.070000	7103.000000
367.075000	7543.000000
367.080000	7903.000000
367.085000	8740.000000
367.090000	9031.000000
367.095000	9824.000000
367.100000	10544.000000
367.105000	11052.000000
367.110000	12835.000000
367.115000	14977.000000
367.120000	15991.000000
367.125000	16015.000000
367.130000	15061.000000
367.135000	14358.000000
367.140000	14005.000000
367.145000	14787.000000
367.150000	14584.000000
367.155000	14256.000000
367.160000	15284.000000
367.165000	15945.000000
367.170000	16989.000000
367.175000	16983.000000
367.180000	17409.000000
367.185000	18363.000000
367.190000	19085.000000
367.195000	19396.000000
367.200000	21727.000000
367.205000	21334.000000
367.210000	21183.000000
367.215000	23013.000000
367.220000	23884.000000
367.225000	24855.000000
367.230000	24906.000000
367.235000	25950.000000
367.240000	26686.000000
367.245000	27031.000000
367.250000	28900.000000
367.255000	31614.000000
367.260000	31885.000000
367.265000	32942.000000
367.270000	32619.000000
367.275000	33824.000000
367.280000	32587.000000
367.285000	33855.000000
367.290000	33563.000000
367.295000	33995.000000
367.300000	34247.000000
367.305000	35496.000000
367.310000	37044.000000
367.315000	36144.000000
367.320000	37360.000000
367.325000	38179.000000
367.330000	39201.000000
367.335000	39705.000000
367.340000	40482.000000
367.345000	40727.000000
367.350000	42316.000000
367.355000	41654.000000
367.360000	44148.000000
367.365000	45110.000000
367.370000	44845.000000
367.375000	45874.000000
367.380000	43853.000000
367.385000	44404.000000
367.390000	43304.000000
367.395000	41521.000000
367.400000	43306.000000
367.405000	41403.000000
367.410000	41910.000000
367.415000	43104.000000
367.420000	43236.000000
367.425000	43083.000000
367.430000	46195.000000
367.435000	45672.000000
367.440000	47604.000000
367.445000	50141.000000
367.450000	54519.000000
367.455000	56182.000000
367.460000	54234.000000
367.465000	53134.000000
367.470000	49946.000000
367.475000	50733.000000
367.480000	50966.000000
367.485000	51341.000000
367.490000	50468.000000
367.495000	55692.000000
367.500000	55742.000000
367.505000	56182.000000
367.510000	55012.000000
367.515000	56513.000000
367.520000	57045.000000
367.525000	56067.000000
367.530000	54054.000000
367.535000	53336.000000
367.540000	52546.000000
367.545000	52841.000000
367.550000	52018.000000
367.555000	52018.000000
367.560000	53010.000000
367.565000	52282.000000
367.570000	52261.000000
367.575000	51553.000000
367.580000	52619.000000
367.585000	53328.000000
367.590000	53352.000000
367.595000	54198.000000
367.600000	54147.000000
367.605000	53555.000000
367.610000	54765.000000
367.615000	56061.000000
367.620000	57982.000000
367.625000	57519.000000
367.630000	58933.000000
367.635000	59390.000000
367.640000	58274.000000
367.645000	59681.000000
367.650000	60889.000000
367.655000	60899.000000
367.660000	59468.000000
367.665000	62798.000000
367.670000	61893.000000
367.675000	62632.000000
367.680000	63490.000000
367.685000	64004.000000
367.690000	63667.000000
367.695000	63536.000000
367.700000	65248.000000
367.705000	64666.000000
367.710000	64836.000000
367.715000	65834.000000
367.720000	66697.000000
367.725000	65513.000000
367.730000	67246.000000
367.735000	68372.000000
367.740000	68068.000000
367.745000	68453.000000
367.750000	67767.000000
367.755000	69567.000000
367.760000	71182.000000
367.765000	69921.000000
367.770000	71429.000000
367.775000	71474.000000
367.780000	70346.000000
367.785000	73291.000000
367.790000	74046.000000
367.795000	73332.000000
367.800000	76036.000000
367.805000	75939.000000
367.810000	75744.000000
367.815000	74307.000000
367.820000	76926.000000
367.825000	77315.000000
367.830000	78747.000000
367.835000	77547.000000
367.840000	79047.000000
367.845000	79511.000000
367.850000	78909.000000
367.855000	80062.000000
367.860000	82019.000000
367.865000	80312.000000
367.870000	82960.000000
367.875000	82028.000000
367.880000	82796.000000
367.885000	84980.000000
367.890000	84657.000000
367.895000	84934.000000
367.900000	84400.000000
367.905000	84597.000000
367.910000	85560.000000
367.915000	86142.000000
367.920000	87735.000000
367.925000	89699.000000
367.930000	88883.000000
367.935000	90622.000000
367.940000	91599.000000
367.945000	94641.000000
367.950000	98614.000000
367.955000	103226.000000
367.960000	106694.000000
367.965000	116694.000000
367.970000	145805.000000
367.975000	193534.000000
367.980000	212940.000000
367.985000	183085.000000
367.990000	140902.000000
367.995000	121605.000000
368.000000	111818.000000
368.005000	103156.000000
368.010000	101368.000000
368.015000	99122.000000
368.020000	99936.000000
368.025000	99513.000000
368.030000	99620.000000
368.035000	99852.000000
368.040000	100996.000000
368.045000	98429.000000
368.050000	101505.000000
368.055000	100727.000000
368.060000	102668.000000
368.065000	99999.000000
368.070000	102503.000000
368.075000	101817.000000
368.080000	101783.000000
368.085000	100815.000000
368.090000	101433.000000
368.095000	103270.000000
368.100000	103607.000000
368.105000	104206.000000
368.110000	103655.000000
368.115000	107228.000000
368.120000	103926.000000
368.125000	107777.000000
368.130000	107204.000000
368.135000	107888.000000
368.140000	110665.000000
368.145000	109832.000000
368.150000	109141.000000
368.155000	110685.000000
368.160000	110313.000000
368.165000	110750.000000
368.170000	111538.000000
368.175000	110804.000000
368.180000	110632.000000
368.185000	111074.000000
368.190000	111488.000000
368.195000	111512.000000
368.200000	111792.000000
368.205000	110255.000000
368.210000	111301.000000
368.215000	110833.000000
368.220000	110765.000000
368.225000	110218.000000
368.230000	110285.000000
368.235000	109584.000000
368.240000	108772.000000
368.245000	109454.000000
368.250000	109350.000000
368.255000	106604.000000
368.260000	106004.000000
368.265000	104813.000000
368.270000	103464.000000
368.275000	103034.000000
368.280000	101465.000000
368.285000	98016.000000
368.290000	99956.000000
368.295000	99121.000000
368.300000	98631.000000
368.305000	95944.000000
368.310000	94800.000000
368.315000	92665.000000
368.320000	94399.000000
368.325000	92297.000000
368.330000	90590.000000
368.335000	92349.000000
368.340000	90911.000000
368.345000	88150.000000
368.350000	90079.000000
368.355000	88759.000000
368.360000	87640.000000
368.365000	86550.000000
368.370000	84606.000000
368.375000	83544.000000
368.380000	81936.000000
368.385000	84250.000000
368.390000	82579.000000
368.395000	80213.000000
368.400000	79569.000000
368.405000	79698.000000
368.410000	77967.000000
368.415000	76942.000000
368.420000	76189.000000
368.425000	74939.000000
368.430000	74791.000000
368.435000	74182.000000
368.440000	71654.000000
368.445000	71518.000000
368.450000	68134.000000
368.455000	68949.000000
368.460000	68194.000000
368.465000	64966.000000
368.470000	64180.000000
368.475000	66154.000000
368.480000	64164.000000
368.485000	66114.000000
368.490000	69848.000000
368.495000	72758.000000
368.500000	71636.000000
368.505000	64514.000000
368.510000	61624.000000
368.515000	60377.000000
368.520000	58290.000000
368.525000	58466.000000
368.530000	57953.000000
368.535000	61011.000000
368.540000	64759.000000
368.545000	77876.000000
368.550000	98908.000000
368.555000	100127.000000
368.560000	85178.000000
368.565000	71066.000000
368.570000	65039.000000
368.575000	59486.000000
368.580000	62920.000000
368.585000	65466.000000
368.590000	73803.000000
368.595000	77160.000000
368.600000	73955.000000
368.605000	65938.000000
368.610000	60335.000000
368.615000	59902.000000
368.620000	63313.000000
368.625000	67924.000000
368.630000	62678.000000
368.635000	55185.000000
368.640000	48925.000000
368.645000	47846.000000
368.650000	46765.000000
368.655000	47185.000000
368.660000	51356.000000
368.665000	58948.000000
368.670000	65312.000000
368.675000	56835.000000
368.680000	50186.000000
368.685000	47483.000000
368.690000	44237.000000
368.695000	40591.000000
368.700000	39682.000000
368.705000	40467.000000
368.710000	39756.000000
368.715000	39890.000000
368.720000	39685.000000
368.725000	39607.000000
368.730000	39346.000000
368.735000	39639.000000
368.740000	38859.000000
368.745000	42088.000000
368.750000	40233.000000
368.755000	41029.000000
368.760000	42768.000000
368.765000	45404.000000
368.770000	46134.000000
368.775000	49563.000000
368.780000	51774.000000
368.785000	59862.000000
368.790000	75119.000000
368.795000	97682.000000
368.800000	103981.000000
368.805000	94942.000000
368.810000	96314.000000
368.815000	112606.000000
368.820000	115272.000000
368.825000	92157.000000
368.830000	67394.000000
368.835000	51566.000000
368.840000	45437.000000
368.845000	40885.000000
368.850000	37763.000000
368.855000	35852.000000
368.860000	34556.000000
368.865000	34366.000000
368.870000	32591.000000
368.875000	32510.000000
368.880000	32426.000000
368.885000	32708.000000
368.890000	32656.000000
368.895000	31807.000000
368.900000	31354.000000
368.905000	31288.000000
368.910000	32345.000000
368.915000	30504.000000
368.920000	30424.000000
368.925000	30793.000000
368.930000	30763.000000
368.935000	32232.000000
368.940000	31774.000000
368.945000	30689.000000
368.950000	31917.000000
368.955000	31023.000000
368.960000	31699.000000
368.965000	30574.000000
368.970000	31217.000000
368.975000	31631.000000
368.980000	31462.000000
368.985000	30508.000000
368.990000	32201.000000
368.995000	30326.000000
369.000000	31269.000000
369.005000	31168.000000
369.010000	32011.000000
369.015000	32412.000000
369.020000	32423.000000
369.025000	32657.000000
369.030000	32610.000000
369.035000	33718.000000
369.040000	33914.000000
369.045000	34381.000000
369.050000	34103.000000
369.055000	35313.000000
369.060000	36011.000000
369.065000	37316.000000
369.070000	38531.000000
369.075000	39214.000000
369.080000	39202.000000
369.085000	41258.000000
369.090000	44573.000000
369.095000	48395.000000
369.100000	52523.000000
369.105000	61925.000000
369.110000	68320.000000
369.115000	80100.000000
369.120000	92553.000000
369.125000	106785.000000
369.130000	126079.000000
369.135000	158147.000000
369.140000	213118.000000
369.145000	347612.000000
369.150000	721518.000000
369.155000	963603.000000
369.160000	765688.000000
369.165000	425746.000000
369.170000	237220.000000
369.175000	154398.000000
369.180000	113409.000000
369.185000	76847.000000
369.190000	57394.000000
369.195000	48197.000000
369.200000	43286.000000
369.205000	38670.000000
369.210000	35669.000000
369.215000	35440.000000
369.220000	32696.000000
369.225000	31740.000000
369.230000	31647.000000
369.235000	30515.000000
369.240000	29183.000000
369.245000	28823.000000
369.250000	28783.000000
369.255000	27450.000000
369.260000	26813.000000
369.265000	26865.000000
369.270000	26291.000000
369.275000	26319.000000
369.280000	25579.000000
369.285000	25644.000000
369.290000	23943.000000
369.295000	23753.000000
369.300000	25085.000000
369.305000	23001.000000
369.310000	23525.000000
369.315000	22920.000000
369.320000	23188.000000
369.325000	22798.000000
369.330000	21641.000000
369.335000	21795.000000
369.340000	22321.000000
369.345000	21208.000000
369.350000	21033.000000
369.355000	21284.000000
369.360000	21119.000000
369.365000	20181.000000
369.370000	19710.000000
369.375000	20925.000000
369.380000	20632.000000
369.385000	20483.000000
369.390000	19892.000000
369.395000	19306.000000
369.400000	20303.000000
369.405000	20011.000000
369.410000	19662.000000
369.415000	19446.000000
369.420000	19844.000000
369.425000	18817.000000
369.430000	18744.000000
369.435000	19282.000000
369.440000	18829.000000
369.445000	19053.000000
369.450000	18397.000000
369.455000	18661.000000
369.460000	17636.000000
369.465000	18320.000000
369.470000	18028.000000
369.475000	18099.000000
369.480000	18243.000000
369.485000	17632.000000
369.490000	17641.000000
369.495000	17881.000000
369.500000	17237.000000
369.505000	17394.000000
369.510000	17037.000000
369.515000	16890.000000
369.520000	16534.000000
369.525000	16260.000000
369.530000	16741.000000
369.535000	16453.000000
369.540000	16629.000000
369.545000	16302.000000
369.550000	16667.000000
369.555000	16125.000000
369.560000	16367.000000
369.565000	15645.000000
369.570000	16013.000000
369.575000	16274.000000
369.580000	16328.000000
369.585000	15744.000000
369.590000	15245.000000
369.595000	15081.000000
369.600000	14909.000000
369.605000	16412.000000
369.610000	15408.000000
369.615000	14416.000000
369.620000	15150.000000
369.625000	14832.000000
369.630000	14197.000000
369.635000	14396.000000
369.640000	14841.000000
369.645000	13868.000000
369.650000	14147.000000
369.655000	14106.000000
369.660000	14152.000000
369.665000	13979.000000
369.670000	13943.000000
369.675000	13270.000000
369.680000	13804.000000
369.685000	13052.000000
369.690000	12898.000000
369.695000	13258.000000
369.700000	13088.000000
369.705000	13243.000000
369.710000	12732.000000
369.715000	12902.000000
369.720000	12810.000000
369.725000	12918.000000
369.730000	12764.000000
369.735000	11795.000000
369.740000	12695.000000
369.745000	12456.000000
369.750000	11947.000000
369.755000	12313.000000
369.760000	12253.000000
369.765000	12327.000000
369.770000	11759.000000
369.775000	12839.000000
369.780000	11394.000000
369.785000	12186.000000
369.790000	11124.000000
369.795000	10987.000000
369.800000	11283.000000
369.805000	11400.000000
369.810000	11038.000000
369.815000	12034.000000
369.820000	11735.000000
369.825000	11223.000000
369.830000	11071.000000
369.835000	11459.000000
369.840000	11364.000000
369.845000	10840.000000
369.850000	10819.000000
369.855000	10873.000000
369.860000	10414.000000
369.865000	11323.000000
369.870000	11175.000000
369.875000	10728.000000
369.880000	10421.000000
369.885000	10836.000000
369.890000	10515.000000
369.895000	10138.000000
369.900000	10386.000000
369.905000	10439.000000
369.910000	10689.000000
369.915000	10631.000000
369.920000	10647.000000
369.925000	10348.000000
369.930000	10140.000000
369.935000	10261.000000
369.940000	10443.000000
369.945000	10460.000000
369.950000	9873.000000
369.955000	9590.000000
369.960000	9819.000000
369.965000	9577.000000
369.970000	10261.000000
369.975000	9579.000000
369.980000	9890.000000
369.985000	9284.000000
369.990000	10115.000000
369.995000	9486.000000
370.000000	8987.000000
