Sample ID:		H1100 ZnO NW standard gowth
Start Time:		Fri Jun 19 2020 2:50:52 PM
Averaging Time:		1.000s

365.000000	23.000000
365.005000	37.000000
365.010000	17.000000
365.015000	14.000000
365.020000	13.000000
365.025000	46.000000
365.030000	4.000000
365.035000	10.000000
365.040000	5.000000
365.045000	16.000000
365.050000	29.000000
365.055000	35.000000
365.060000	102.000000
365.065000	12.000000
365.070000	77.000000
365.075000	6.000000
365.080000	17.000000
365.085000	14.000000
365.090000	38.000000
365.095000	24.000000
365.100000	44.000000
365.105000	14.000000
365.110000	62.000000
365.115000	20.000000
365.120000	22.000000
365.125000	23.000000
365.130000	46.000000
365.135000	10.000000
365.140000	14.000000
365.145000	32.000000
365.150000	17.000000
365.155000	16.000000
365.160000	19.000000
365.165000	18.000000
365.170000	11.000000
365.175000	0.000000
365.180000	42.000000
365.185000	9.000000
365.190000	3.000000
365.195000	10.000000
365.200000	27.000000
365.205000	31.000000
365.210000	9.000000
365.215000	34.000000
365.220000	21.000000
365.225000	10.000000
365.230000	30.000000
365.235000	15.000000
365.240000	31.000000
365.245000	62.000000
365.250000	22.000000
365.255000	1.000000
365.260000	29.000000
365.265000	34.000000
365.270000	47.000000
365.275000	30.000000
365.280000	4.000000
365.285000	29.000000
365.290000	19.000000
365.295000	16.000000
365.300000	34.000000
365.305000	23.000000
365.310000	58.000000
365.315000	116.000000
365.320000	46.000000
365.325000	37.000000
365.330000	33.000000
365.335000	48.000000
365.340000	24.000000
365.345000	15.000000
365.350000	32.000000
365.355000	23.000000
365.360000	13.000000
365.365000	8.000000
365.370000	13.000000
365.375000	25.000000
365.380000	43.000000
365.385000	33.000000
365.390000	33.000000
365.395000	20.000000
365.400000	23.000000
365.405000	59.000000
365.410000	23.000000
365.415000	23.000000
365.420000	24.000000
365.425000	6.000000
365.430000	8.000000
365.435000	10.000000
365.440000	10.000000
365.445000	10.000000
365.450000	17.000000
365.455000	6.000000
365.460000	26.000000
365.465000	18.000000
365.470000	33.000000
365.475000	10.000000
365.480000	13.000000
365.485000	12.000000
365.490000	6.000000
365.495000	16.000000
365.500000	33.000000
365.505000	38.000000
365.510000	14.000000
365.515000	52.000000
365.520000	10.000000
365.525000	40.000000
365.530000	28.000000
365.535000	50.000000
365.540000	15.000000
365.545000	9.000000
365.550000	9.000000
365.555000	12.000000
365.560000	3.000000
365.565000	14.000000
365.570000	52.000000
365.575000	29.000000
365.580000	18.000000
365.585000	31.000000
365.590000	20.000000
365.595000	52.000000
365.600000	9.000000
365.605000	63.000000
365.610000	37.000000
365.615000	11.000000
365.620000	11.000000
365.625000	2.000000
365.630000	6.000000
365.635000	12.000000
365.640000	39.000000
365.645000	11.000000
365.650000	33.000000
365.655000	30.000000
365.660000	11.000000
365.665000	20.000000
365.670000	47.000000
365.675000	24.000000
365.680000	22.000000
365.685000	13.000000
365.690000	12.000000
365.695000	17.000000
365.700000	36.000000
365.705000	3.000000
365.710000	45.000000
365.715000	39.000000
365.720000	17.000000
365.725000	29.000000
365.730000	20.000000
365.735000	13.000000
365.740000	25.000000
365.745000	16.000000
365.750000	46.000000
365.755000	38.000000
365.760000	32.000000
365.765000	74.000000
365.770000	27.000000
365.775000	12.000000
365.780000	30.000000
365.785000	52.000000
365.790000	36.000000
365.795000	27.000000
365.800000	38.000000
365.805000	20.000000
365.810000	50.000000
365.815000	27.000000
365.820000	25.000000
365.825000	29.000000
365.830000	49.000000
365.835000	28.000000
365.840000	20.000000
365.845000	9.000000
365.850000	10.000000
365.855000	29.000000
365.860000	13.000000
365.865000	21.000000
365.870000	56.000000
365.875000	18.000000
365.880000	24.000000
365.885000	28.000000
365.890000	27.000000
365.895000	65.000000
365.900000	28.000000
365.905000	25.000000
365.910000	31.000000
365.915000	57.000000
365.920000	18.000000
365.925000	10.000000
365.930000	34.000000
365.935000	34.000000
365.940000	20.000000
365.945000	30.000000
365.950000	26.000000
365.955000	44.000000
365.960000	50.000000
365.965000	33.000000
365.970000	9.000000
365.975000	45.000000
365.980000	17.000000
365.985000	49.000000
365.990000	35.000000
365.995000	19.000000
366.000000	8.000000
366.005000	47.000000
366.010000	45.000000
366.015000	51.000000
366.020000	36.000000
366.025000	29.000000
366.030000	17.000000
366.035000	97.000000
366.040000	42.000000
366.045000	54.000000
366.050000	42.000000
366.055000	38.000000
366.060000	75.000000
366.065000	60.000000
366.070000	36.000000
366.075000	60.000000
366.080000	52.000000
366.085000	66.000000
366.090000	30.000000
366.095000	51.000000
366.100000	22.000000
366.105000	53.000000
366.110000	57.000000
366.115000	21.000000
366.120000	50.000000
366.125000	45.000000
366.130000	76.000000
366.135000	52.000000
366.140000	51.000000
366.145000	49.000000
366.150000	47.000000
366.155000	139.000000
366.160000	91.000000
366.165000	60.000000
366.170000	33.000000
366.175000	24.000000
366.180000	43.000000
366.185000	77.000000
366.190000	52.000000
366.195000	42.000000
366.200000	40.000000
366.205000	85.000000
366.210000	75.000000
366.215000	67.000000
366.220000	83.000000
366.225000	59.000000
366.230000	84.000000
366.235000	55.000000
366.240000	157.000000
366.245000	73.000000
366.250000	140.000000
366.255000	60.000000
366.260000	117.000000
366.265000	81.000000
366.270000	44.000000
366.275000	120.000000
366.280000	77.000000
366.285000	100.000000
366.290000	94.000000
366.295000	53.000000
366.300000	138.000000
366.305000	67.000000
366.310000	61.000000
366.315000	132.000000
366.320000	54.000000
366.325000	197.000000
366.330000	187.000000
366.335000	109.000000
366.340000	122.000000
366.345000	157.000000
366.350000	121.000000
366.355000	110.000000
366.360000	121.000000
366.365000	109.000000
366.370000	143.000000
366.375000	110.000000
366.380000	173.000000
366.385000	164.000000
366.390000	146.000000
366.395000	86.000000
366.400000	86.000000
366.405000	97.000000
366.410000	71.000000
366.415000	156.000000
366.420000	146.000000
366.425000	109.000000
366.430000	127.000000
366.435000	146.000000
366.440000	99.000000
366.445000	134.000000
366.450000	222.000000
366.455000	198.000000
366.460000	172.000000
366.465000	72.000000
366.470000	145.000000
366.475000	103.000000
366.480000	122.000000
366.485000	137.000000
366.490000	161.000000
366.495000	189.000000
366.500000	157.000000
366.505000	103.000000
366.510000	167.000000
366.515000	253.000000
366.520000	163.000000
366.525000	126.000000
366.530000	167.000000
366.535000	234.000000
366.540000	154.000000
366.545000	183.000000
366.550000	177.000000
366.555000	153.000000
366.560000	242.000000
366.565000	178.000000
366.570000	190.000000
366.575000	178.000000
366.580000	211.000000
366.585000	138.000000
366.590000	281.000000
366.595000	282.000000
366.600000	219.000000
366.605000	245.000000
366.610000	217.000000
366.615000	260.000000
366.620000	260.000000
366.625000	276.000000
366.630000	312.000000
366.635000	292.000000
366.640000	151.000000
366.645000	276.000000
366.650000	293.000000
366.655000	366.000000
366.660000	304.000000
366.665000	304.000000
366.670000	357.000000
366.675000	426.000000
366.680000	388.000000
366.685000	501.000000
366.690000	327.000000
366.695000	507.000000
366.700000	481.000000
366.705000	587.000000
366.710000	518.000000
366.715000	635.000000
366.720000	594.000000
366.725000	791.000000
366.730000	812.000000
366.735000	912.000000
366.740000	897.000000
366.745000	953.000000
366.750000	1111.000000
366.755000	1215.000000
366.760000	1551.000000
366.765000	1419.000000
366.770000	1423.000000
366.775000	1430.000000
366.780000	1916.000000
366.785000	1799.000000
366.790000	2097.000000
366.795000	2282.000000
366.800000	2167.000000
366.805000	2047.000000
366.810000	2013.000000
366.815000	1849.000000
366.820000	1981.000000
366.825000	2058.000000
366.830000	1528.000000
366.835000	1662.000000
366.840000	1650.000000
366.845000	2021.000000
366.850000	1744.000000
366.855000	2229.000000
366.860000	1867.000000
366.865000	2035.000000
366.870000	2308.000000
366.875000	2009.000000
366.880000	2044.000000
366.885000	2243.000000
366.890000	2263.000000
366.895000	2498.000000
366.900000	2499.000000
366.905000	2608.000000
366.910000	2722.000000
366.915000	2817.000000
366.920000	3009.000000
366.925000	3037.000000
366.930000	3168.000000
366.935000	3532.000000
366.940000	3756.000000
366.945000	3947.000000
366.950000	4405.000000
366.955000	4546.000000
366.960000	4386.000000
366.965000	5023.000000
366.970000	5176.000000
366.975000	5480.000000
366.980000	5616.000000
366.985000	5728.000000
366.990000	6711.000000
366.995000	6676.000000
367.000000	7483.000000
367.005000	8118.000000
367.010000	8461.000000
367.015000	9098.000000
367.020000	10070.000000
367.025000	11225.000000
367.030000	12676.000000
367.035000	12255.000000
367.040000	11179.000000
367.045000	10684.000000
367.050000	10691.000000
367.055000	10572.000000
367.060000	10989.000000
367.065000	11318.000000
367.070000	11909.000000
367.075000	11939.000000
367.080000	12354.000000
367.085000	12589.000000
367.090000	13798.000000
367.095000	14400.000000
367.100000	14867.000000
367.105000	16004.000000
367.110000	16104.000000
367.115000	16162.000000
367.120000	17537.000000
367.125000	17966.000000
367.130000	18874.000000
367.135000	18589.000000
367.140000	20203.000000
367.145000	19747.000000
367.150000	21425.000000
367.155000	21425.000000
367.160000	23457.000000
367.165000	23678.000000
367.170000	26319.000000
367.175000	24682.000000
367.180000	25425.000000
367.185000	25605.000000
367.190000	26368.000000
367.195000	26122.000000
367.200000	25577.000000
367.205000	25896.000000
367.210000	26910.000000
367.215000	27423.000000
367.220000	28431.000000
367.225000	29328.000000
367.230000	29674.000000
367.235000	30616.000000
367.240000	31940.000000
367.245000	32629.000000
367.250000	33243.000000
367.255000	33031.000000
367.260000	33163.000000
367.265000	35045.000000
367.270000	36597.000000
367.275000	36303.000000
367.280000	35793.000000
367.285000	35042.000000
367.290000	35482.000000
367.295000	35041.000000
367.300000	34679.000000
367.305000	34439.000000
367.310000	34108.000000
367.315000	35274.000000
367.320000	35189.000000
367.325000	35556.000000
367.330000	35274.000000
367.335000	36620.000000
367.340000	37160.000000
367.345000	39282.000000
367.350000	42154.000000
367.355000	43454.000000
367.360000	47858.000000
367.365000	46608.000000
367.370000	42253.000000
367.375000	42553.000000
367.380000	40952.000000
367.385000	41022.000000
367.390000	41876.000000
367.395000	43900.000000
367.400000	45155.000000
367.405000	45712.000000
367.410000	47110.000000
367.415000	47175.000000
367.420000	48707.000000
367.425000	48614.000000
367.430000	47226.000000
367.435000	45777.000000
367.440000	44987.000000
367.445000	45402.000000
367.450000	44176.000000
367.455000	44685.000000
367.460000	44977.000000
367.465000	45272.000000
367.470000	44131.000000
367.475000	46118.000000
367.480000	45760.000000
367.485000	46927.000000
367.490000	45633.000000
367.495000	45460.000000
367.500000	46316.000000
367.505000	46407.000000
367.510000	46972.000000
367.515000	47589.000000
367.520000	48905.000000
367.525000	47577.000000
367.530000	50927.000000
367.535000	49794.000000
367.540000	52361.000000
367.545000	51707.000000
367.550000	51405.000000
367.555000	53343.000000
367.560000	52870.000000
367.565000	53611.000000
367.570000	55681.000000
367.575000	54394.000000
367.580000	54840.000000
367.585000	56274.000000
367.590000	55484.000000
367.595000	55144.000000
367.600000	55624.000000
367.605000	57320.000000
367.610000	56702.000000
367.615000	58706.000000
367.620000	60151.000000
367.625000	60574.000000
367.630000	59625.000000
367.635000	59995.000000
367.640000	60018.000000
367.645000	60778.000000
367.650000	61382.000000
367.655000	60374.000000
367.660000	64135.000000
367.665000	63131.000000
367.670000	63525.000000
367.675000	64348.000000
367.680000	66036.000000
367.685000	64077.000000
367.690000	67177.000000
367.695000	63865.000000
367.700000	66545.000000
367.705000	68605.000000
367.710000	68301.000000
367.715000	67660.000000
367.720000	68918.000000
367.725000	69169.000000
367.730000	68230.000000
367.735000	70716.000000
367.740000	69865.000000
367.745000	71511.000000
367.750000	71758.000000
367.755000	72577.000000
367.760000	73303.000000
367.765000	72848.000000
367.770000	73746.000000
367.775000	74568.000000
367.780000	74358.000000
367.785000	77438.000000
367.790000	75933.000000
367.795000	77675.000000
367.800000	77572.000000
367.805000	79241.000000
367.810000	78338.000000
367.815000	81233.000000
367.820000	78359.000000
367.825000	80877.000000
367.830000	79794.000000
367.835000	81346.000000
367.840000	81722.000000
367.845000	82517.000000
367.850000	85005.000000
367.855000	88736.000000
367.860000	88384.000000
367.865000	92921.000000
367.870000	98175.000000
367.875000	107885.000000
367.880000	143153.000000
367.885000	191596.000000
367.890000	192924.000000
367.895000	158983.000000
367.900000	123529.000000
367.905000	106474.000000
367.910000	97217.000000
367.915000	95589.000000
367.920000	93383.000000
367.925000	92126.000000
367.930000	93922.000000
367.935000	94006.000000
367.940000	92508.000000
367.945000	94760.000000
367.950000	93957.000000
367.955000	94212.000000
367.960000	95542.000000
367.965000	94736.000000
367.970000	98033.000000
367.975000	96231.000000
367.980000	97724.000000
367.985000	95771.000000
367.990000	95207.000000
367.995000	96730.000000
368.000000	98070.000000
368.005000	97763.000000
368.010000	98547.000000
368.015000	98290.000000
368.020000	99560.000000
368.025000	100282.000000
368.030000	102498.000000
368.035000	103223.000000
368.040000	103405.000000
368.045000	106848.000000
368.050000	106843.000000
368.055000	107164.000000
368.060000	108794.000000
368.065000	107602.000000
368.070000	109355.000000
368.075000	108694.000000
368.080000	111735.000000
368.085000	111165.000000
368.090000	111216.000000
368.095000	109193.000000
368.100000	111077.000000
368.105000	110060.000000
368.110000	110917.000000
368.115000	110931.000000
368.120000	110186.000000
368.125000	110341.000000
368.130000	109951.000000
368.135000	110707.000000
368.140000	111078.000000
368.145000	111210.000000
368.150000	111140.000000
368.155000	111240.000000
368.160000	107832.000000
368.165000	109375.000000
368.170000	106129.000000
368.175000	106226.000000
368.180000	105294.000000
368.185000	105108.000000
368.190000	103470.000000
368.195000	102724.000000
368.200000	101427.000000
368.205000	102559.000000
368.210000	97586.000000
368.215000	99128.000000
368.220000	97215.000000
368.225000	95271.000000
368.230000	95602.000000
368.235000	92424.000000
368.240000	92361.000000
368.245000	92087.000000
368.250000	91435.000000
368.255000	90003.000000
368.260000	91896.000000
368.265000	88061.000000
368.270000	89487.000000
368.275000	86897.000000
368.280000	87010.000000
368.285000	87284.000000
368.290000	86807.000000
368.295000	85018.000000
368.300000	84826.000000
368.305000	82221.000000
368.310000	83135.000000
368.315000	79640.000000
368.320000	81619.000000
368.325000	80155.000000
368.330000	79408.000000
368.335000	75917.000000
368.340000	74568.000000
368.345000	72792.000000
368.350000	71035.000000
368.355000	70686.000000
368.360000	69418.000000
368.365000	68987.000000
368.370000	67392.000000
368.375000	67046.000000
368.380000	65863.000000
368.385000	65294.000000
368.390000	64117.000000
368.395000	64759.000000
368.400000	68244.000000
368.405000	70253.000000
368.410000	64575.000000
368.415000	63120.000000
368.420000	58719.000000
368.425000	56583.000000
368.430000	56970.000000
368.435000	57026.000000
368.440000	54761.000000
368.445000	55652.000000
368.450000	61593.000000
368.455000	72515.000000
368.460000	89853.000000
368.465000	86475.000000
368.470000	72972.000000
368.475000	62696.000000
368.480000	58615.000000
368.485000	54543.000000
368.490000	59501.000000
368.495000	61360.000000
368.500000	69328.000000
368.505000	72801.000000
368.510000	64210.000000
368.515000	60190.000000
368.520000	54679.000000
368.525000	55275.000000
368.530000	61205.000000
368.535000	64795.000000
368.540000	56768.000000
368.545000	48252.000000
368.550000	46007.000000
368.555000	43866.000000
368.560000	41664.000000
368.565000	43043.000000
368.570000	46908.000000
368.575000	53739.000000
368.580000	59788.000000
368.585000	48275.000000
368.590000	43655.000000
368.595000	40577.000000
368.600000	39254.000000
368.605000	37973.000000
368.610000	37368.000000
368.615000	37389.000000
368.620000	37521.000000
368.625000	35878.000000
368.630000	36349.000000
368.635000	35424.000000
368.640000	35823.000000
368.645000	37222.000000
368.650000	36487.000000
368.655000	37430.000000
368.660000	37330.000000
368.665000	39049.000000
368.670000	39061.000000
368.675000	39521.000000
368.680000	40354.000000
368.685000	43237.000000
368.690000	45660.000000
368.695000	52939.000000
368.700000	67093.000000
368.705000	85987.000000
368.710000	87098.000000
368.715000	83895.000000
368.720000	87561.000000
368.725000	102927.000000
368.730000	93402.000000
368.735000	74937.000000
368.740000	55699.000000
368.745000	44004.000000
368.750000	38633.000000
368.755000	36474.000000
368.760000	33772.000000
368.765000	33375.000000
368.770000	32056.000000
368.775000	31215.000000
368.780000	30878.000000
368.785000	30690.000000
368.790000	29718.000000
368.795000	29414.000000
368.800000	29031.000000
368.805000	29018.000000
368.810000	29363.000000
368.815000	28912.000000
368.820000	29188.000000
368.825000	28692.000000
368.830000	28614.000000
368.835000	27428.000000
368.840000	27974.000000
368.845000	27739.000000
368.850000	28380.000000
368.855000	27674.000000
368.860000	28069.000000
368.865000	29014.000000
368.870000	28393.000000
368.875000	28963.000000
368.880000	28274.000000
368.885000	28388.000000
368.890000	28844.000000
368.895000	28485.000000
368.900000	27972.000000
368.905000	28928.000000
368.910000	28065.000000
368.915000	28839.000000
368.920000	29443.000000
368.925000	29288.000000
368.930000	29643.000000
368.935000	29354.000000
368.940000	30474.000000
368.945000	30713.000000
368.950000	29945.000000
368.955000	30704.000000
368.960000	30238.000000
368.965000	31577.000000
368.970000	33654.000000
368.975000	32935.000000
368.980000	34553.000000
368.985000	34868.000000
368.990000	36000.000000
368.995000	37780.000000
369.000000	40033.000000
369.005000	42979.000000
369.010000	47297.000000
369.015000	52553.000000
369.020000	60357.000000
369.025000	67489.000000
369.030000	79962.000000
369.035000	90286.000000
369.040000	105057.000000
369.045000	136172.000000
369.050000	221583.000000
369.055000	421819.000000
369.060000	790022.000000
369.065000	735448.000000
369.070000	435264.000000
369.075000	281200.000000
369.080000	155509.000000
369.085000	100085.000000
369.090000	69791.000000
369.095000	55092.000000
369.100000	44286.000000
369.105000	38256.000000
369.110000	34347.000000
369.115000	32662.000000
369.120000	30207.000000
369.125000	28206.000000
369.130000	28947.000000
369.135000	26344.000000
369.140000	26515.000000
369.145000	25320.000000
369.150000	24462.000000
369.155000	24560.000000
369.160000	25065.000000
369.165000	23998.000000
369.170000	23830.000000
369.175000	24535.000000
369.180000	22974.000000
369.185000	22876.000000
369.190000	22464.000000
369.195000	22137.000000
369.200000	21920.000000
369.205000	21538.000000
369.210000	22441.000000
369.215000	20910.000000
369.220000	20465.000000
369.225000	20114.000000
369.230000	21041.000000
369.235000	20240.000000
369.240000	20182.000000
369.245000	19450.000000
369.250000	19168.000000
369.255000	19259.000000
369.260000	18601.000000
369.265000	19881.000000
369.270000	18699.000000
369.275000	17865.000000
369.280000	18351.000000
369.285000	19065.000000
369.290000	17827.000000
369.295000	18780.000000
369.300000	18186.000000
369.305000	17351.000000
369.310000	17757.000000
369.315000	18014.000000
369.320000	18549.000000
369.325000	17592.000000
369.330000	17325.000000
369.335000	17096.000000
369.340000	17033.000000
369.345000	17039.000000
369.350000	16694.000000
369.355000	16768.000000
369.360000	16421.000000
369.365000	16071.000000
369.370000	16425.000000
369.375000	16457.000000
369.380000	15903.000000
369.385000	16046.000000
369.390000	16258.000000
369.395000	16410.000000
369.400000	15842.000000
369.405000	16191.000000
369.410000	15203.000000
369.415000	15115.000000
369.420000	15217.000000
369.425000	15199.000000
369.430000	15336.000000
369.435000	14822.000000
369.440000	15134.000000
369.445000	15398.000000
369.450000	15201.000000
369.455000	15215.000000
369.460000	14718.000000
369.465000	15094.000000
369.470000	14454.000000
369.475000	14158.000000
369.480000	14192.000000
369.485000	13403.000000
369.490000	14288.000000
369.495000	14986.000000
369.500000	14477.000000
369.505000	13150.000000
369.510000	13198.000000
369.515000	13979.000000
369.520000	12637.000000
369.525000	13822.000000
369.530000	13720.000000
369.535000	13290.000000
369.540000	12825.000000
369.545000	12670.000000
369.550000	12869.000000
369.555000	13099.000000
369.560000	12587.000000
369.565000	13294.000000
369.570000	12181.000000
369.575000	12389.000000
369.580000	13099.000000
369.585000	12536.000000
369.590000	12153.000000
369.595000	12308.000000
369.600000	12173.000000
369.605000	12049.000000
369.610000	12414.000000
369.615000	11947.000000
369.620000	11401.000000
369.625000	11413.000000
369.630000	11780.000000
369.635000	11215.000000
369.640000	11277.000000
369.645000	11212.000000
369.650000	11829.000000
369.655000	10800.000000
369.660000	11085.000000
369.665000	10840.000000
369.670000	11600.000000
369.675000	10772.000000
369.680000	11287.000000
369.685000	11059.000000
369.690000	10681.000000
369.695000	10759.000000
369.700000	11249.000000
369.705000	10851.000000
369.710000	10341.000000
369.715000	9852.000000
369.720000	10866.000000
369.725000	10746.000000
369.730000	10573.000000
369.735000	10141.000000
369.740000	10388.000000
369.745000	9798.000000
369.750000	10742.000000
369.755000	9923.000000
369.760000	10267.000000
369.765000	8906.000000
369.770000	10235.000000
369.775000	9746.000000
369.780000	10012.000000
369.785000	9985.000000
369.790000	9953.000000
369.795000	9705.000000
369.800000	9946.000000
369.805000	9922.000000
369.810000	9772.000000
369.815000	9614.000000
369.820000	10029.000000
369.825000	9595.000000
369.830000	9660.000000
369.835000	9791.000000
369.840000	9250.000000
369.845000	10279.000000
369.850000	9144.000000
369.855000	9057.000000
369.860000	9455.000000
369.865000	9484.000000
369.870000	9112.000000
369.875000	9450.000000
369.880000	9667.000000
369.885000	9616.000000
369.890000	9056.000000
369.895000	9066.000000
369.900000	8874.000000
369.905000	9332.000000
369.910000	8635.000000
369.915000	9377.000000
369.920000	8787.000000
369.925000	8855.000000
369.930000	9138.000000
369.935000	8934.000000
369.940000	8347.000000
369.945000	9000.000000
369.950000	8683.000000
369.955000	9418.000000
369.960000	8611.000000
369.965000	8648.000000
369.970000	9138.000000
369.975000	8143.000000
369.980000	8776.000000
369.985000	8541.000000
369.990000	8793.000000
369.995000	8918.000000
370.000000	8286.000000
370.005000	8720.000000
370.010000	8988.000000
370.015000	8894.000000
370.020000	9044.000000
370.025000	8109.000000
370.030000	8361.000000
370.035000	8175.000000
370.040000	8644.000000
370.045000	8237.000000
370.050000	8238.000000
370.055000	7586.000000
370.060000	8411.000000
370.065000	8263.000000
370.070000	7955.000000
370.075000	8353.000000
370.080000	8305.000000
370.085000	7714.000000
370.090000	7407.000000
370.095000	7662.000000
370.100000	7668.000000
370.105000	7729.000000
370.110000	7655.000000
370.115000	7813.000000
370.120000	7591.000000
370.125000	7891.000000
370.130000	8245.000000
370.135000	7601.000000
370.140000	7378.000000
370.145000	7707.000000
370.150000	7095.000000
370.155000	7105.000000
370.160000	7724.000000
370.165000	7964.000000
370.170000	7482.000000
370.175000	7734.000000
370.180000	7670.000000
370.185000	7229.000000
370.190000	7832.000000
370.195000	7537.000000
370.200000	7368.000000
370.205000	7142.000000
370.210000	7409.000000
370.215000	7609.000000
370.220000	7048.000000
370.225000	7476.000000
370.230000	7010.000000
370.235000	7077.000000
370.240000	7183.000000
370.245000	7256.000000
370.250000	6788.000000
370.255000	7091.000000
370.260000	7495.000000
370.265000	6743.000000
370.270000	7137.000000
370.275000	6976.000000
370.280000	7085.000000
370.285000	6915.000000
370.290000	6973.000000
370.295000	6955.000000
370.300000	7456.000000
370.305000	6715.000000
370.310000	7013.000000
370.315000	6803.000000
370.320000	7159.000000
370.325000	6614.000000
370.330000	6690.000000
370.335000	7229.000000
370.340000	6962.000000
370.345000	7262.000000
370.350000	6637.000000
370.355000	7146.000000
370.360000	6020.000000
370.365000	6660.000000
370.370000	7122.000000
370.375000	6400.000000
370.380000	6722.000000
370.385000	7175.000000
370.390000	6702.000000
370.395000	6711.000000
370.400000	5886.000000
370.405000	6678.000000
370.410000	5979.000000
370.415000	6291.000000
370.420000	6631.000000
370.425000	6398.000000
370.430000	6681.000000
370.435000	7029.000000
370.440000	6549.000000
370.445000	6641.000000
370.450000	6431.000000
370.455000	5982.000000
370.460000	6641.000000
370.465000	6395.000000
370.470000	6636.000000
370.475000	6305.000000
370.480000	5937.000000
370.485000	6382.000000
370.490000	6849.000000
370.495000	6299.000000
370.500000	6565.000000
370.505000	6155.000000
370.510000	6379.000000
370.515000	6387.000000
370.520000	6260.000000
370.525000	5652.000000
370.530000	6468.000000
370.535000	6347.000000
370.540000	6099.000000
370.545000	6278.000000
370.550000	6989.000000
370.555000	6254.000000
370.560000	6407.000000
370.565000	7233.000000
370.570000	7068.000000
370.575000	6694.000000
370.580000	6100.000000
370.585000	6440.000000
370.590000	6202.000000
370.595000	6423.000000
370.600000	5680.000000
370.605000	6109.000000
370.610000	5988.000000
370.615000	5802.000000
370.620000	5806.000000
370.625000	5751.000000
370.630000	5495.000000
370.635000	5936.000000
370.640000	5570.000000
370.645000	6295.000000
370.650000	5361.000000
370.655000	5906.000000
370.660000	5576.000000
370.665000	5930.000000
370.670000	5585.000000
370.675000	6041.000000
370.680000	5631.000000
370.685000	5489.000000
370.690000	5904.000000
370.695000	5728.000000
370.700000	5612.000000
370.705000	5253.000000
370.710000	5913.000000
370.715000	5581.000000
370.720000	5466.000000
370.725000	5407.000000
370.730000	5496.000000
370.735000	5665.000000
370.740000	5864.000000
370.745000	5303.000000
370.750000	5221.000000
370.755000	5371.000000
370.760000	5376.000000
370.765000	5401.000000
370.770000	5343.000000
370.775000	5319.000000
370.780000	5437.000000
370.785000	5202.000000
370.790000	5079.000000
370.795000	5284.000000
370.800000	5426.000000
370.805000	4848.000000
370.810000	5025.000000
370.815000	5504.000000
370.820000	5101.000000
370.825000	5800.000000
370.830000	5232.000000
370.835000	5262.000000
370.840000	4952.000000
370.845000	5137.000000
370.850000	5310.000000
370.855000	5456.000000
370.860000	4830.000000
370.865000	5012.000000
370.870000	5358.000000
370.875000	5303.000000
370.880000	4977.000000
370.885000	5091.000000
370.890000	5193.000000
370.895000	4651.000000
370.900000	5157.000000
370.905000	5371.000000
370.910000	5140.000000
370.915000	4806.000000
370.920000	5037.000000
370.925000	4839.000000
370.930000	4950.000000
370.935000	4968.000000
370.940000	4998.000000
370.945000	4594.000000
370.950000	4594.000000
370.955000	4648.000000
370.960000	4883.000000
370.965000	5120.000000
370.970000	4817.000000
370.975000	5186.000000
370.980000	4567.000000
370.985000	4936.000000
370.990000	4724.000000
370.995000	4419.000000
371.000000	4818.000000
371.005000	5062.000000
371.010000	4880.000000
371.015000	5004.000000
371.020000	4944.000000
371.025000	5137.000000
371.030000	4805.000000
371.035000	5045.000000
371.040000	4847.000000
371.045000	4825.000000
371.050000	4355.000000
371.055000	4891.000000
371.060000	4531.000000
371.065000	4988.000000
371.070000	4448.000000
371.075000	4874.000000
371.080000	4855.000000
371.085000	5043.000000
371.090000	4601.000000
371.095000	4642.000000
371.100000	4919.000000
371.105000	4954.000000
371.110000	4634.000000
371.115000	4674.000000
371.120000	4463.000000
371.125000	4534.000000
371.130000	4603.000000
371.135000	4431.000000
371.140000	4885.000000
371.145000	4589.000000
371.150000	4187.000000
371.155000	4504.000000
371.160000	4877.000000
371.165000	4309.000000
371.170000	4764.000000
371.175000	4745.000000
371.180000	4492.000000
371.185000	4197.000000
371.190000	4724.000000
371.195000	4461.000000
371.200000	4183.000000
371.205000	4883.000000
371.210000	5117.000000
371.215000	4654.000000
371.220000	4736.000000
371.225000	4460.000000
371.230000	4489.000000
371.235000	4331.000000
371.240000	4261.000000
371.245000	4902.000000
371.250000	4219.000000
371.255000	4539.000000
371.260000	4344.000000
371.265000	4912.000000
371.270000	4631.000000
371.275000	4548.000000
371.280000	4858.000000
371.285000	5194.000000
371.290000	4848.000000
371.295000	5362.000000
371.300000	5363.000000
371.305000	4922.000000
371.310000	4993.000000
371.315000	4203.000000
371.320000	4417.000000
371.325000	4452.000000
371.330000	3990.000000
371.335000	4153.000000
371.340000	4081.000000
371.345000	4495.000000
371.350000	4965.000000
371.355000	4176.000000
371.360000	4794.000000
371.365000	4464.000000
371.370000	4462.000000
371.375000	4316.000000
371.380000	4293.000000
371.385000	4809.000000
371.390000	4066.000000
371.395000	4167.000000
371.400000	4194.000000
371.405000	4283.000000
371.410000	4587.000000
371.415000	4593.000000
371.420000	4688.000000
371.425000	4727.000000
371.430000	4206.000000
371.435000	4651.000000
371.440000	4328.000000
371.445000	4463.000000
371.450000	4733.000000
371.455000	4042.000000
371.460000	4505.000000
371.465000	4347.000000
371.470000	4679.000000
371.475000	4289.000000
371.480000	4228.000000
371.485000	4292.000000
371.490000	4977.000000
371.495000	4605.000000
371.500000	4673.000000
371.505000	4851.000000
371.510000	4195.000000
371.515000	4680.000000
371.520000	4511.000000
371.525000	4401.000000
371.530000	4538.000000
371.535000	4747.000000
371.540000	4506.000000
371.545000	4729.000000
371.550000	4632.000000
371.555000	4704.000000
371.560000	4767.000000
371.565000	5054.000000
371.570000	4562.000000
371.575000	4703.000000
371.580000	4854.000000
371.585000	4958.000000
371.590000	4695.000000
371.595000	4911.000000
371.600000	4988.000000
371.605000	4985.000000
371.610000	4722.000000
371.615000	5219.000000
371.620000	5202.000000
371.625000	5037.000000
371.630000	5110.000000
371.635000	5437.000000
371.640000	5239.000000
371.645000	5319.000000
371.650000	5303.000000
371.655000	5884.000000
371.660000	5635.000000
371.665000	5849.000000
371.670000	6684.000000
371.675000	6770.000000
371.680000	7561.000000
371.685000	8770.000000
371.690000	9889.000000
371.695000	11267.000000
371.700000	12693.000000
371.705000	14425.000000
371.710000	16974.000000
371.715000	20695.000000
371.720000	33337.000000
371.725000	69457.000000
371.730000	123638.000000
371.735000	140002.000000
371.740000	95400.000000
371.745000	55277.000000
371.750000	28601.000000
371.755000	19276.000000
371.760000	13876.000000
371.765000	10046.000000
371.770000	8829.000000
371.775000	7316.000000
371.780000	7005.000000
371.785000	6455.000000
371.790000	6654.000000
371.795000	5556.000000
371.800000	6549.000000
371.805000	6543.000000
371.810000	6191.000000
371.815000	5536.000000
371.820000	5984.000000
371.825000	5845.000000
371.830000	7061.000000
371.835000	6592.000000
371.840000	6199.000000
371.845000	6671.000000
371.850000	6739.000000
371.855000	6210.000000
371.860000	6381.000000
371.865000	6441.000000
371.870000	6723.000000
371.875000	7173.000000
371.880000	6709.000000
371.885000	7314.000000
371.890000	6969.000000
371.895000	6602.000000
371.900000	7055.000000
371.905000	7150.000000
371.910000	7648.000000
371.915000	6685.000000
371.920000	6986.000000
371.925000	7200.000000
371.930000	7001.000000
371.935000	7377.000000
371.940000	6846.000000
371.945000	7005.000000
371.950000	7325.000000
371.955000	6972.000000
371.960000	7036.000000
371.965000	6984.000000
371.970000	6919.000000
371.975000	6880.000000
371.980000	7195.000000
371.985000	7155.000000
371.990000	6601.000000
371.995000	6823.000000
372.000000	6434.000000
372.005000	6361.000000
372.010000	6572.000000
372.015000	5779.000000
372.020000	5870.000000
372.025000	6167.000000
372.030000	6029.000000
372.035000	6843.000000
372.040000	5906.000000
372.045000	5910.000000
372.050000	5816.000000
372.055000	6263.000000
372.060000	5694.000000
372.065000	5443.000000
372.070000	5578.000000
372.075000	5410.000000
372.080000	5750.000000
372.085000	5221.000000
372.090000	5713.000000
372.095000	5289.000000
372.100000	5144.000000
372.105000	5338.000000
372.110000	5624.000000
372.115000	4958.000000
372.120000	4972.000000
372.125000	5208.000000
372.130000	4736.000000
372.135000	4691.000000
372.140000	5099.000000
372.145000	4771.000000
372.150000	5202.000000
372.155000	5111.000000
372.160000	4810.000000
372.165000	4550.000000
372.170000	4449.000000
372.175000	4713.000000
372.180000	4957.000000
372.185000	4397.000000
372.190000	4314.000000
372.195000	4195.000000
372.200000	4290.000000
372.205000	4603.000000
372.210000	4119.000000
372.215000	4315.000000
372.220000	4148.000000
372.225000	4093.000000
372.230000	4044.000000
372.235000	4488.000000
372.240000	4168.000000
372.245000	3665.000000
372.250000	4053.000000
372.255000	4194.000000
372.260000	4129.000000
372.265000	4508.000000
372.270000	4218.000000
372.275000	4024.000000
372.280000	4189.000000
372.285000	4337.000000
372.290000	4056.000000
372.295000	4149.000000
372.300000	3977.000000
