Sample ID:		H1100 ZnO NW standard gowth: After Calibration
Start Time:		Fri Jun 19 2020 3:44:52 PM
Averaging Time:		1.000s

365.000000	40.000000
365.005000	17.000000
365.010000	40.000000
365.015000	32.000000
365.020000	3.000000
365.025000	14.000000
365.030000	3.000000
365.035000	7.000000
365.040000	1.000000
365.045000	3.000000
365.050000	9.000000
365.055000	8.000000
365.060000	45.000000
365.065000	0.000000
365.070000	16.000000
365.075000	8.000000
365.080000	8.000000
365.085000	13.000000
365.090000	5.000000
365.095000	1.000000
365.100000	0.000000
365.105000	12.000000
365.110000	28.000000
365.115000	8.000000
365.120000	3.000000
365.125000	22.000000
365.130000	58.000000
365.135000	20.000000
365.140000	19.000000
365.145000	10.000000
365.150000	8.000000
365.155000	2.000000
365.160000	5.000000
365.165000	8.000000
365.170000	14.000000
365.175000	14.000000
365.180000	37.000000
365.185000	7.000000
365.190000	14.000000
365.195000	18.000000
365.200000	13.000000
365.205000	52.000000
365.210000	4.000000
365.215000	37.000000
365.220000	8.000000
365.225000	4.000000
365.230000	26.000000
365.235000	4.000000
365.240000	6.000000
365.245000	23.000000
365.250000	32.000000
365.255000	36.000000
365.260000	17.000000
365.265000	24.000000
365.270000	10.000000
365.275000	27.000000
365.280000	16.000000
365.285000	3.000000
365.290000	16.000000
365.295000	11.000000
365.300000	7.000000
365.305000	4.000000
365.310000	10.000000
365.315000	56.000000
365.320000	39.000000
365.325000	18.000000
365.330000	9.000000
365.335000	39.000000
365.340000	21.000000
365.345000	14.000000
365.350000	29.000000
365.355000	13.000000
365.360000	4.000000
365.365000	9.000000
365.370000	5.000000
365.375000	17.000000
365.380000	9.000000
365.385000	6.000000
365.390000	22.000000
365.395000	21.000000
365.400000	23.000000
365.405000	6.000000
365.410000	13.000000
365.415000	6.000000
365.420000	15.000000
365.425000	44.000000
365.430000	31.000000
365.435000	25.000000
365.440000	5.000000
365.445000	33.000000
365.450000	9.000000
365.455000	54.000000
365.460000	29.000000
365.465000	43.000000
365.470000	37.000000
365.475000	23.000000
365.480000	29.000000
365.485000	14.000000
365.490000	15.000000
365.495000	48.000000
365.500000	7.000000
365.505000	22.000000
365.510000	51.000000
365.515000	0.000000
365.520000	16.000000
365.525000	14.000000
365.530000	16.000000
365.535000	8.000000
365.540000	35.000000
365.545000	11.000000
365.550000	17.000000
365.555000	30.000000
365.560000	15.000000
365.565000	10.000000
365.570000	18.000000
365.575000	72.000000
365.580000	27.000000
365.585000	18.000000
365.590000	3.000000
365.595000	23.000000
365.600000	55.000000
365.605000	8.000000
365.610000	15.000000
365.615000	50.000000
365.620000	8.000000
365.625000	36.000000
365.630000	33.000000
365.635000	10.000000
365.640000	8.000000
365.645000	15.000000
365.650000	61.000000
365.655000	36.000000
365.660000	17.000000
365.665000	18.000000
365.670000	8.000000
365.675000	18.000000
365.680000	18.000000
365.685000	33.000000
365.690000	28.000000
365.695000	14.000000
365.700000	42.000000
365.705000	16.000000
365.710000	4.000000
365.715000	28.000000
365.720000	37.000000
365.725000	36.000000
365.730000	23.000000
365.735000	31.000000
365.740000	18.000000
365.745000	10.000000
365.750000	11.000000
365.755000	28.000000
365.760000	29.000000
365.765000	9.000000
365.770000	16.000000
365.775000	12.000000
365.780000	36.000000
365.785000	80.000000
365.790000	16.000000
365.795000	27.000000
365.800000	27.000000
365.805000	14.000000
365.810000	14.000000
365.815000	32.000000
365.820000	33.000000
365.825000	14.000000
365.830000	9.000000
365.835000	3.000000
365.840000	32.000000
365.845000	12.000000
365.850000	24.000000
365.855000	35.000000
365.860000	24.000000
365.865000	11.000000
365.870000	3.000000
365.875000	29.000000
365.880000	15.000000
365.885000	24.000000
365.890000	24.000000
365.895000	26.000000
365.900000	36.000000
365.905000	6.000000
365.910000	32.000000
365.915000	9.000000
365.920000	14.000000
365.925000	21.000000
365.930000	57.000000
365.935000	13.000000
365.940000	21.000000
365.945000	5.000000
365.950000	65.000000
365.955000	27.000000
365.960000	6.000000
365.965000	12.000000
365.970000	26.000000
365.975000	47.000000
365.980000	14.000000
365.985000	28.000000
365.990000	21.000000
365.995000	9.000000
366.000000	35.000000
366.005000	37.000000
366.010000	48.000000
366.015000	22.000000
366.020000	2.000000
366.025000	29.000000
366.030000	36.000000
366.035000	25.000000
366.040000	57.000000
366.045000	4.000000
366.050000	41.000000
366.055000	35.000000
366.060000	59.000000
366.065000	22.000000
366.070000	33.000000
366.075000	36.000000
366.080000	9.000000
366.085000	24.000000
366.090000	29.000000
366.095000	57.000000
366.100000	44.000000
366.105000	10.000000
366.110000	61.000000
366.115000	18.000000
366.120000	60.000000
366.125000	35.000000
366.130000	9.000000
366.135000	6.000000
366.140000	29.000000
366.145000	23.000000
366.150000	20.000000
366.155000	21.000000
366.160000	73.000000
366.165000	24.000000
366.170000	57.000000
366.175000	32.000000
366.180000	69.000000
366.185000	39.000000
366.190000	48.000000
366.195000	26.000000
366.200000	21.000000
366.205000	31.000000
366.210000	49.000000
366.215000	95.000000
366.220000	66.000000
366.225000	31.000000
366.230000	33.000000
366.235000	49.000000
366.240000	28.000000
366.245000	74.000000
366.250000	53.000000
366.255000	14.000000
366.260000	54.000000
366.265000	58.000000
366.270000	44.000000
366.275000	23.000000
366.280000	67.000000
366.285000	69.000000
366.290000	49.000000
366.295000	115.000000
366.300000	51.000000
366.305000	34.000000
366.310000	94.000000
366.315000	46.000000
366.320000	56.000000
366.325000	45.000000
366.330000	40.000000
366.335000	82.000000
366.340000	108.000000
366.345000	55.000000
366.350000	48.000000
366.355000	131.000000
366.360000	93.000000
366.365000	72.000000
366.370000	94.000000
366.375000	67.000000
366.380000	32.000000
366.385000	121.000000
366.390000	80.000000
366.395000	79.000000
366.400000	127.000000
366.405000	102.000000
366.410000	115.000000
366.415000	95.000000
366.420000	112.000000
366.425000	90.000000
366.430000	55.000000
366.435000	113.000000
366.440000	103.000000
366.445000	52.000000
366.450000	125.000000
366.455000	78.000000
366.460000	183.000000
366.465000	134.000000
366.470000	148.000000
366.475000	69.000000
366.480000	208.000000
366.485000	111.000000
366.490000	119.000000
366.495000	167.000000
366.500000	88.000000
366.505000	121.000000
366.510000	88.000000
366.515000	139.000000
366.520000	89.000000
366.525000	97.000000
366.530000	118.000000
366.535000	119.000000
366.540000	127.000000
366.545000	156.000000
366.550000	168.000000
366.555000	71.000000
366.560000	120.000000
366.565000	141.000000
366.570000	137.000000
366.575000	114.000000
366.580000	148.000000
366.585000	98.000000
366.590000	140.000000
366.595000	163.000000
366.600000	155.000000
366.605000	86.000000
366.610000	149.000000
366.615000	176.000000
366.620000	136.000000
366.625000	128.000000
366.630000	127.000000
366.635000	132.000000
366.640000	221.000000
366.645000	175.000000
366.650000	204.000000
366.655000	98.000000
366.660000	178.000000
366.665000	190.000000
366.670000	162.000000
366.675000	212.000000
366.680000	154.000000
366.685000	119.000000
366.690000	144.000000
366.695000	196.000000
366.700000	204.000000
366.705000	303.000000
366.710000	216.000000
366.715000	252.000000
366.720000	170.000000
366.725000	281.000000
366.730000	166.000000
366.735000	234.000000
366.740000	223.000000
366.745000	309.000000
366.750000	325.000000
366.755000	318.000000
366.760000	287.000000
366.765000	223.000000
366.770000	404.000000
366.775000	351.000000
366.780000	174.000000
366.785000	234.000000
366.790000	363.000000
366.795000	228.000000
366.800000	384.000000
366.805000	366.000000
366.810000	377.000000
366.815000	352.000000
366.820000	455.000000
366.825000	409.000000
366.830000	547.000000
366.835000	591.000000
366.840000	629.000000
366.845000	679.000000
366.850000	677.000000
366.855000	658.000000
366.860000	859.000000
366.865000	789.000000
366.870000	876.000000
366.875000	972.000000
366.880000	1341.000000
366.885000	1159.000000
366.890000	1368.000000
366.895000	1500.000000
366.900000	1729.000000
366.905000	1577.000000
366.910000	1956.000000
366.915000	2168.000000
366.920000	1824.000000
366.925000	2065.000000
366.930000	1933.000000
366.935000	1958.000000
366.940000	1977.000000
366.945000	1872.000000
366.950000	2064.000000
366.955000	2072.000000
366.960000	1838.000000
366.965000	1942.000000
366.970000	1823.000000
366.975000	2102.000000
366.980000	1872.000000
366.985000	1749.000000
366.990000	2252.000000
366.995000	2225.000000
367.000000	2255.000000
367.005000	2533.000000
367.010000	2178.000000
367.015000	2357.000000
367.020000	2220.000000
367.025000	2778.000000
367.030000	2940.000000
367.035000	3094.000000
367.040000	2939.000000
367.045000	3169.000000
367.050000	3627.000000
367.055000	3291.000000
367.060000	3781.000000
367.065000	4060.000000
367.070000	4704.000000
367.075000	4282.000000
367.080000	4701.000000
367.085000	5119.000000
367.090000	5431.000000
367.095000	5795.000000
367.100000	5984.000000
367.105000	6490.000000
367.110000	6847.000000
367.115000	7151.000000
367.120000	8078.000000
367.125000	8625.000000
367.130000	8953.000000
367.135000	9377.000000
367.140000	11529.000000
367.145000	11907.000000
367.150000	13889.000000
367.155000	15607.000000
367.160000	14874.000000
367.165000	14251.000000
367.170000	13139.000000
367.175000	12788.000000
367.180000	13089.000000
367.185000	13736.000000
367.190000	13602.000000
367.195000	13831.000000
367.200000	14950.000000
367.205000	14777.000000
367.210000	15090.000000
367.215000	15993.000000
367.220000	17102.000000
367.225000	17540.000000
367.230000	18590.000000
367.235000	18785.000000
367.240000	20049.000000
367.245000	19711.000000
367.250000	21203.000000
367.255000	22056.000000
367.260000	21644.000000
367.265000	22045.000000
367.270000	22701.000000
367.275000	25012.000000
367.280000	25743.000000
367.285000	25915.000000
367.290000	26833.000000
367.295000	28983.000000
367.300000	29516.000000
367.305000	29363.000000
367.310000	29810.000000
367.315000	29175.000000
367.320000	29906.000000
367.325000	30003.000000
367.330000	31661.000000
367.335000	31770.000000
367.340000	32912.000000
367.345000	32839.000000
367.350000	32833.000000
367.355000	33914.000000
367.360000	34478.000000
367.365000	35126.000000
367.370000	35697.000000
367.375000	36614.000000
367.380000	36532.000000
367.385000	36714.000000
367.390000	37518.000000
367.395000	39131.000000
367.400000	39613.000000
367.405000	41405.000000
367.410000	38604.000000
367.415000	38861.000000
367.420000	37733.000000
367.425000	37373.000000
367.430000	37666.000000
367.435000	39077.000000
367.440000	38423.000000
367.445000	37657.000000
367.450000	37625.000000
367.455000	39176.000000
367.460000	40204.000000
367.465000	40360.000000
367.470000	41151.000000
367.475000	44552.000000
367.480000	45277.000000
367.485000	49558.000000
367.490000	49715.000000
367.495000	47662.000000
367.500000	44616.000000
367.505000	44114.000000
367.510000	45160.000000
367.515000	45261.000000
367.520000	46443.000000
367.525000	47509.000000
367.530000	47904.000000
367.535000	49179.000000
367.540000	48674.000000
367.545000	49664.000000
367.550000	51523.000000
367.555000	48891.000000
367.560000	47933.000000
367.565000	46710.000000
367.570000	46668.000000
367.575000	47018.000000
367.580000	45581.000000
367.585000	46037.000000
367.590000	44654.000000
367.595000	45081.000000
367.600000	46907.000000
367.605000	46300.000000
367.610000	46584.000000
367.615000	45735.000000
367.620000	46409.000000
367.625000	45702.000000
367.630000	46906.000000
367.635000	46988.000000
367.640000	47748.000000
367.645000	46749.000000
367.650000	49230.000000
367.655000	50584.000000
367.660000	49624.000000
367.665000	51525.000000
367.670000	50934.000000
367.675000	50624.000000
367.680000	51720.000000
367.685000	52674.000000
367.690000	52477.000000
367.695000	52935.000000
367.700000	52547.000000
367.705000	55030.000000
367.710000	54335.000000
367.715000	54269.000000
367.720000	57044.000000
367.725000	53751.000000
367.730000	56134.000000
367.735000	57145.000000
367.740000	56574.000000
367.745000	57244.000000
367.750000	56915.000000
367.755000	57684.000000
367.760000	58219.000000
367.765000	59191.000000
367.770000	59258.000000
367.775000	59378.000000
367.780000	59630.000000
367.785000	58198.000000
367.790000	60339.000000
367.795000	60070.000000
367.800000	61749.000000
367.805000	60938.000000
367.810000	61679.000000
367.815000	61628.000000
367.820000	62857.000000
367.825000	63927.000000
367.830000	64043.000000
367.835000	65069.000000
367.840000	64727.000000
367.845000	65506.000000
367.850000	64153.000000
367.855000	66840.000000
367.860000	66897.000000
367.865000	67726.000000
367.870000	66679.000000
367.875000	68502.000000
367.880000	67769.000000
367.885000	67604.000000
367.890000	69375.000000
367.895000	70135.000000
367.900000	68916.000000
367.905000	70277.000000
367.910000	71731.000000
367.915000	71749.000000
367.920000	72324.000000
367.925000	70674.000000
367.930000	72779.000000
367.935000	72609.000000
367.940000	74233.000000
367.945000	73650.000000
367.950000	73861.000000
367.955000	75584.000000
367.960000	74804.000000
367.965000	76055.000000
367.970000	78992.000000
367.975000	78723.000000
367.980000	80275.000000
367.985000	83155.000000
367.990000	85085.000000
367.995000	89855.000000
368.000000	105528.000000
368.005000	132739.000000
368.010000	179975.000000
368.015000	184404.000000
368.020000	136583.000000
368.025000	111949.000000
368.030000	99404.000000
368.035000	89020.000000
368.040000	86168.000000
368.045000	85435.000000
368.050000	84806.000000
368.055000	84451.000000
368.060000	82716.000000
368.065000	83806.000000
368.070000	83284.000000
368.075000	84270.000000
368.080000	84171.000000
368.085000	85454.000000
368.090000	84837.000000
368.095000	86413.000000
368.100000	86834.000000
368.105000	87311.000000
368.110000	86612.000000
368.115000	85366.000000
368.120000	83388.000000
368.125000	85044.000000
368.130000	84078.000000
368.135000	87902.000000
368.140000	88208.000000
368.145000	87402.000000
368.150000	86956.000000
368.155000	89688.000000
368.160000	91293.000000
368.165000	89118.000000
368.170000	92025.000000
368.175000	90192.000000
368.180000	91589.000000
368.185000	93848.000000
368.190000	93641.000000
368.195000	93910.000000
368.200000	92054.000000
368.205000	94013.000000
368.210000	91629.000000
368.215000	95051.000000
368.220000	94737.000000
368.225000	93928.000000
368.230000	93851.000000
368.235000	93706.000000
368.240000	92837.000000
368.245000	91934.000000
368.250000	92892.000000
368.255000	90832.000000
368.260000	92020.000000
368.265000	90374.000000
368.270000	90383.000000
368.275000	88602.000000
368.280000	88332.000000
368.285000	90061.000000
368.290000	89699.000000
368.295000	85997.000000
368.300000	86238.000000
368.305000	86516.000000
368.310000	85155.000000
368.315000	86059.000000
368.320000	84813.000000
368.325000	82925.000000
368.330000	82325.000000
368.335000	81564.000000
368.340000	81396.000000
368.345000	79243.000000
368.350000	77604.000000
368.355000	78307.000000
368.360000	74768.000000
368.365000	75877.000000
368.370000	74050.000000
368.375000	75118.000000
368.380000	75341.000000
368.385000	74795.000000
368.390000	75631.000000
368.395000	72744.000000
368.400000	71573.000000
368.405000	71925.000000
368.410000	70494.000000
368.415000	69911.000000
368.420000	68521.000000
368.425000	69868.000000
368.430000	66938.000000
368.435000	67157.000000
368.440000	66191.000000
368.445000	65907.000000
368.450000	65195.000000
368.455000	64506.000000
368.460000	63830.000000
368.465000	62495.000000
368.470000	60058.000000
368.475000	60695.000000
368.480000	59476.000000
368.485000	58128.000000
368.490000	57493.000000
368.495000	56207.000000
368.500000	56485.000000
368.505000	53804.000000
368.510000	55180.000000
368.515000	54876.000000
368.520000	54902.000000
368.525000	59188.000000
368.530000	62561.000000
368.535000	59478.000000
368.540000	54026.000000
368.545000	51395.000000
368.550000	50234.000000
368.555000	49142.000000
368.560000	48065.000000
368.565000	48209.000000
368.570000	50710.000000
368.575000	54875.000000
368.580000	68731.000000
368.585000	85507.000000
368.590000	87907.000000
368.595000	72155.000000
368.600000	58960.000000
368.605000	54335.000000
368.610000	51774.000000
368.615000	49929.000000
368.620000	58542.000000
368.625000	63928.000000
368.630000	66358.000000
368.635000	62492.000000
368.640000	53245.000000
368.645000	49171.000000
368.650000	49215.000000
368.655000	57034.000000
368.660000	59446.000000
368.665000	52827.000000
368.670000	46634.000000
368.675000	41368.000000
368.680000	39267.000000
368.685000	38543.000000
368.690000	39517.000000
368.695000	42356.000000
368.700000	52203.000000
368.705000	56101.000000
368.710000	49173.000000
368.715000	40631.000000
368.720000	37901.000000
368.725000	35945.000000
368.730000	35445.000000
368.735000	34674.000000
368.740000	33440.000000
368.745000	32991.000000
368.750000	32739.000000
368.755000	32972.000000
368.760000	33794.000000
368.765000	34001.000000
368.770000	34026.000000
368.775000	32830.000000
368.780000	33820.000000
368.785000	35185.000000
368.790000	34491.000000
368.795000	36181.000000
368.800000	37783.000000
368.805000	38776.000000
368.810000	40035.000000
368.815000	44436.000000
368.820000	51696.000000
368.825000	61819.000000
368.830000	83307.000000
368.835000	89813.000000
368.840000	81450.000000
368.845000	82485.000000
368.850000	98979.000000
368.855000	102274.000000
368.860000	74047.000000
368.865000	55815.000000
368.870000	44120.000000
368.875000	37554.000000
368.880000	33901.000000
368.885000	32423.000000
368.890000	30994.000000
368.895000	29880.000000
368.900000	28260.000000
368.905000	28068.000000
368.910000	28003.000000
368.915000	28300.000000
368.920000	28084.000000
368.925000	27175.000000
368.930000	26884.000000
368.935000	27742.000000
368.940000	26945.000000
368.945000	27740.000000
368.950000	27667.000000
368.955000	26072.000000
368.960000	26801.000000
368.965000	25626.000000
368.970000	27491.000000
368.975000	27132.000000
368.980000	26015.000000
368.985000	26014.000000
368.990000	27086.000000
368.995000	25011.000000
369.000000	25563.000000
369.005000	26855.000000
369.010000	25971.000000
369.015000	26019.000000
369.020000	26112.000000
369.025000	26487.000000
369.030000	26528.000000
369.035000	26843.000000
369.040000	27231.000000
369.045000	25878.000000
369.050000	26290.000000
369.055000	27677.000000
369.060000	27736.000000
369.065000	27599.000000
369.070000	27838.000000
369.075000	27410.000000
369.080000	28784.000000
369.085000	28846.000000
369.090000	29282.000000
369.095000	30106.000000
369.100000	30795.000000
369.105000	32105.000000
369.110000	34110.000000
369.115000	33847.000000
369.120000	35038.000000
369.125000	37152.000000
369.130000	40057.000000
369.135000	44588.000000
369.140000	49231.000000
369.145000	56175.000000
369.150000	63997.000000
369.155000	75480.000000
369.160000	86975.000000
369.165000	98626.000000
369.170000	124875.000000
369.175000	179055.000000
369.180000	349909.000000
369.185000	689780.000000
369.190000	875515.000000
369.195000	625744.000000
369.200000	323216.000000
369.205000	199571.000000
369.210000	127494.000000
369.215000	84950.000000
369.220000	58611.000000
369.225000	48813.000000
369.230000	41202.000000
369.235000	34198.000000
369.240000	30757.000000
369.245000	31334.000000
369.250000	28673.000000
369.255000	29257.000000
369.260000	27451.000000
369.265000	25547.000000
369.270000	25735.000000
369.275000	23951.000000
369.280000	24185.000000
369.285000	23528.000000
369.290000	23169.000000
369.295000	22769.000000
369.300000	22895.000000
369.305000	22657.000000
369.310000	22192.000000
369.315000	20727.000000
369.320000	21407.000000
369.325000	20951.000000
369.330000	21175.000000
369.335000	20650.000000
369.340000	20120.000000
369.345000	20058.000000
369.350000	19812.000000
369.355000	19884.000000
369.360000	19596.000000
369.365000	18663.000000
369.370000	18337.000000
369.375000	18814.000000
369.380000	18480.000000
369.385000	18528.000000
369.390000	18009.000000
369.395000	17944.000000
369.400000	16783.000000
369.405000	18598.000000
369.410000	18283.000000
369.415000	16745.000000
369.420000	16659.000000
369.425000	17423.000000
369.430000	16918.000000
369.435000	16984.000000
369.440000	16728.000000
369.445000	16107.000000
369.450000	17006.000000
369.455000	16322.000000
369.460000	16568.000000
369.465000	16154.000000
369.470000	16323.000000
369.475000	16187.000000
369.480000	15367.000000
369.485000	15159.000000
369.490000	15822.000000
369.495000	15305.000000
369.500000	15216.000000
369.505000	15305.000000
369.510000	15215.000000
369.515000	15503.000000
369.520000	15204.000000
369.525000	14870.000000
369.530000	14863.000000
369.535000	15204.000000
369.540000	14859.000000
369.545000	14406.000000
369.550000	14772.000000
369.555000	14472.000000
369.560000	13491.000000
369.565000	13712.000000
369.570000	14385.000000
369.575000	13907.000000
369.580000	14336.000000
369.585000	13126.000000
369.590000	13739.000000
369.595000	12866.000000
369.600000	13773.000000
369.605000	13621.000000
369.610000	13540.000000
369.615000	13681.000000
369.620000	13081.000000
369.625000	13647.000000
369.630000	13489.000000
369.635000	13774.000000
369.640000	12854.000000
369.645000	12107.000000
369.650000	11971.000000
369.655000	12302.000000
369.660000	12406.000000
369.665000	12599.000000
369.670000	12421.000000
369.675000	12287.000000
369.680000	11724.000000
369.685000	12034.000000
369.690000	11718.000000
369.695000	11926.000000
369.700000	11613.000000
369.705000	11716.000000
369.710000	11297.000000
369.715000	10884.000000
369.720000	11213.000000
369.725000	11037.000000
369.730000	11286.000000
369.735000	11332.000000
369.740000	10916.000000
369.745000	11260.000000
369.750000	10586.000000
369.755000	10527.000000
369.760000	10696.000000
369.765000	10235.000000
369.770000	11094.000000
369.775000	10159.000000
369.780000	10318.000000
369.785000	10315.000000
369.790000	10067.000000
369.795000	9463.000000
369.800000	9933.000000
369.805000	10007.000000
369.810000	9614.000000
369.815000	9623.000000
369.820000	9919.000000
369.825000	9775.000000
369.830000	9399.000000
369.835000	9833.000000
369.840000	9457.000000
369.845000	9856.000000
369.850000	9184.000000
369.855000	9542.000000
369.860000	9558.000000
369.865000	9472.000000
369.870000	9379.000000
369.875000	9819.000000
369.880000	9533.000000
369.885000	9776.000000
369.890000	9082.000000
369.895000	9725.000000
369.900000	9062.000000
369.905000	9111.000000
369.910000	9143.000000
369.915000	8833.000000
369.920000	9141.000000
369.925000	9213.000000
369.930000	8956.000000
369.935000	8941.000000
369.940000	8770.000000
369.945000	8340.000000
369.950000	8910.000000
369.955000	8643.000000
369.960000	8673.000000
369.965000	8858.000000
369.970000	8277.000000
369.975000	8529.000000
369.980000	8909.000000
369.985000	8839.000000
369.990000	8274.000000
369.995000	8612.000000
370.000000	8465.000000
370.005000	7737.000000
370.010000	8784.000000
370.015000	8615.000000
370.020000	8435.000000
370.025000	8267.000000
370.030000	8211.000000
370.035000	7985.000000
370.040000	8074.000000
370.045000	8153.000000
370.050000	8173.000000
370.055000	7930.000000
370.060000	8383.000000
370.065000	8235.000000
370.070000	8019.000000
370.075000	8171.000000
370.080000	8351.000000
370.085000	7937.000000
370.090000	7576.000000
370.095000	8241.000000
370.100000	7671.000000
370.105000	7897.000000
370.110000	7428.000000
370.115000	7775.000000
370.120000	7664.000000
370.125000	7717.000000
370.130000	7647.000000
370.135000	7607.000000
370.140000	7790.000000
370.145000	8071.000000
370.150000	7388.000000
370.155000	7441.000000
370.160000	7583.000000
370.165000	8094.000000
370.170000	7800.000000
370.175000	7781.000000
370.180000	7290.000000
370.185000	8102.000000
370.190000	7131.000000
370.195000	7303.000000
370.200000	7212.000000
370.205000	7196.000000
370.210000	7186.000000
370.215000	7562.000000
370.220000	7445.000000
370.225000	7083.000000
370.230000	7200.000000
370.235000	7078.000000
370.240000	7219.000000
370.245000	7458.000000
370.250000	7497.000000
370.255000	7164.000000
370.260000	7196.000000
370.265000	6827.000000
370.270000	6848.000000
370.275000	7193.000000
370.280000	7407.000000
370.285000	6549.000000
370.290000	7044.000000
370.295000	6875.000000
370.300000	7299.000000
370.305000	6847.000000
370.310000	7523.000000
370.315000	7463.000000
370.320000	7329.000000
370.325000	7040.000000
370.330000	7169.000000
370.335000	6213.000000
370.340000	6621.000000
370.345000	6866.000000
370.350000	7109.000000
370.355000	6702.000000
370.360000	6702.000000
370.365000	6851.000000
370.370000	6599.000000
370.375000	6319.000000
370.380000	6635.000000
370.385000	6562.000000
370.390000	6134.000000
370.395000	6484.000000
370.400000	6616.000000
370.405000	6713.000000
370.410000	6536.000000
370.415000	6522.000000
370.420000	6399.000000
370.425000	6048.000000
370.430000	6701.000000
370.435000	6313.000000
370.440000	6306.000000
370.445000	6454.000000
370.450000	6239.000000
370.455000	6787.000000
370.460000	6547.000000
370.465000	6164.000000
370.470000	6303.000000
370.475000	6029.000000
370.480000	6238.000000
370.485000	6192.000000
370.490000	6248.000000
370.495000	6290.000000
370.500000	5723.000000
370.505000	5685.000000
370.510000	6126.000000
370.515000	5939.000000
370.520000	6123.000000
370.525000	5891.000000
370.530000	6258.000000
370.535000	6012.000000
370.540000	5860.000000
370.545000	5784.000000
370.550000	5619.000000
370.555000	5691.000000
370.560000	6057.000000
370.565000	5722.000000
370.570000	6059.000000
370.575000	5411.000000
370.580000	5558.000000
370.585000	5987.000000
370.590000	6224.000000
370.595000	5972.000000
370.600000	5566.000000
370.605000	5649.000000
370.610000	5558.000000
370.615000	5781.000000
370.620000	5838.000000
370.625000	5821.000000
370.630000	5625.000000
370.635000	5533.000000
370.640000	5834.000000
370.645000	5596.000000
370.650000	6062.000000
370.655000	5681.000000
370.660000	5894.000000
370.665000	5825.000000
370.670000	5791.000000
370.675000	5645.000000
370.680000	5790.000000
370.685000	6004.000000
370.690000	6197.000000
370.695000	6164.000000
370.700000	6035.000000
370.705000	5744.000000
370.710000	5890.000000
370.715000	5292.000000
370.720000	5816.000000
370.725000	5776.000000
370.730000	5901.000000
370.735000	5646.000000
370.740000	5237.000000
370.745000	5406.000000
370.750000	5677.000000
370.755000	5306.000000
370.760000	4921.000000
370.765000	5384.000000
370.770000	5348.000000
370.775000	5407.000000
370.780000	5332.000000
370.785000	5507.000000
370.790000	5540.000000
370.795000	5506.000000
370.800000	5159.000000
370.805000	5331.000000
370.810000	5116.000000
370.815000	5034.000000
370.820000	4995.000000
370.825000	5172.000000
370.830000	5373.000000
370.835000	5192.000000
370.840000	5563.000000
370.845000	5023.000000
370.850000	5404.000000
370.855000	5137.000000
370.860000	5247.000000
370.865000	5181.000000
370.870000	4962.000000
370.875000	5154.000000
370.880000	4768.000000
370.885000	4997.000000
370.890000	4995.000000
370.895000	4666.000000
370.900000	5118.000000
370.905000	4865.000000
370.910000	5072.000000
370.915000	5286.000000
370.920000	4940.000000
370.925000	4970.000000
370.930000	5118.000000
370.935000	4695.000000
370.940000	5192.000000
370.945000	5265.000000
370.950000	5414.000000
370.955000	4718.000000
370.960000	4789.000000
370.965000	4526.000000
370.970000	4627.000000
370.975000	4550.000000
370.980000	5227.000000
370.985000	5130.000000
370.990000	4673.000000
370.995000	5064.000000
371.000000	5062.000000
371.005000	4893.000000
371.010000	4734.000000
371.015000	4666.000000
371.020000	4707.000000
371.025000	4536.000000
371.030000	4794.000000
371.035000	4882.000000
371.040000	4666.000000
371.045000	4796.000000
371.050000	4141.000000
371.055000	4561.000000
371.060000	4997.000000
371.065000	4583.000000
371.070000	4125.000000
371.075000	4533.000000
371.080000	4957.000000
371.085000	4618.000000
371.090000	4000.000000
371.095000	4421.000000
371.100000	4233.000000
371.105000	4720.000000
371.110000	4420.000000
371.115000	4553.000000
371.120000	4519.000000
371.125000	4467.000000
371.130000	4632.000000
371.135000	4671.000000
371.140000	4509.000000
371.145000	4411.000000
371.150000	4301.000000
371.155000	4382.000000
371.160000	4673.000000
371.165000	4508.000000
371.170000	4423.000000
371.175000	4080.000000
371.180000	4693.000000
371.185000	4630.000000
371.190000	4456.000000
371.195000	4232.000000
371.200000	4251.000000
371.205000	4254.000000
371.210000	4311.000000
371.215000	4123.000000
371.220000	4398.000000
371.225000	4134.000000
371.230000	4311.000000
371.235000	3945.000000
371.240000	4234.000000
371.245000	4775.000000
371.250000	4495.000000
371.255000	4255.000000
371.260000	4544.000000
371.265000	4416.000000
371.270000	4169.000000
371.275000	4251.000000
371.280000	4055.000000
371.285000	4360.000000
371.290000	4508.000000
371.295000	4396.000000
371.300000	3892.000000
371.305000	4187.000000
371.310000	4185.000000
371.315000	4189.000000
371.320000	4095.000000
371.325000	4232.000000
371.330000	4527.000000
371.335000	4134.000000
371.340000	4118.000000
371.345000	4003.000000
371.350000	4139.000000
371.355000	3942.000000
371.360000	4125.000000
371.365000	3948.000000
371.370000	4308.000000
371.375000	4425.000000
371.380000	4605.000000
371.385000	3971.000000
371.390000	4421.000000
371.395000	4421.000000
371.400000	4490.000000
371.405000	4318.000000
371.410000	4688.000000
371.415000	4263.000000
371.420000	4956.000000
371.425000	4614.000000
371.430000	4488.000000
371.435000	4514.000000
371.440000	4310.000000
371.445000	4366.000000
371.450000	4394.000000
371.455000	4089.000000
371.460000	4153.000000
371.465000	3706.000000
371.470000	4139.000000
371.475000	4265.000000
371.480000	4013.000000
371.485000	4293.000000
371.490000	4307.000000
371.495000	4063.000000
371.500000	4253.000000
371.505000	4008.000000
371.510000	3917.000000
371.515000	4272.000000
371.520000	4127.000000
371.525000	4109.000000
371.530000	3879.000000
371.535000	4183.000000
371.540000	4442.000000
371.545000	4375.000000
371.550000	4458.000000
371.555000	4557.000000
371.560000	4436.000000
371.565000	4045.000000
371.570000	4286.000000
371.575000	4134.000000
371.580000	4334.000000
371.585000	4554.000000
371.590000	4224.000000
371.595000	4148.000000
371.600000	4444.000000
371.605000	4316.000000
371.610000	4436.000000
371.615000	4133.000000
371.620000	4083.000000
371.625000	4258.000000
371.630000	3860.000000
371.635000	4674.000000
371.640000	4765.000000
371.645000	4112.000000
371.650000	4002.000000
371.655000	4378.000000
371.660000	4244.000000
371.665000	4406.000000
371.670000	4346.000000
371.675000	4373.000000
371.680000	4463.000000
371.685000	4374.000000
371.690000	4323.000000
371.695000	4597.000000
371.700000	4266.000000
371.705000	4192.000000
371.710000	4666.000000
371.715000	4371.000000
371.720000	4916.000000
371.725000	4208.000000
371.730000	4798.000000
371.735000	4788.000000
371.740000	4572.000000
371.745000	4595.000000
371.750000	4681.000000
371.755000	5164.000000
371.760000	4924.000000
371.765000	4850.000000
371.770000	4925.000000
371.775000	5151.000000
371.780000	5511.000000
371.785000	5017.000000
371.790000	5733.000000
371.795000	5748.000000
371.800000	6209.000000
371.805000	6732.000000
371.810000	7631.000000
371.815000	8651.000000
371.820000	10486.000000
371.825000	11378.000000
371.830000	13641.000000
371.835000	15131.000000
371.840000	20900.000000
371.845000	27555.000000
371.850000	45233.000000
371.855000	99651.000000
371.860000	134796.000000
371.865000	106608.000000
371.870000	61841.000000
371.875000	32118.000000
371.880000	19715.000000
371.885000	13188.000000
371.890000	10623.000000
371.895000	8261.000000
371.900000	7565.000000
371.905000	6716.000000
371.910000	6017.000000
371.915000	5889.000000
371.920000	5757.000000
371.925000	5802.000000
371.930000	5182.000000
371.935000	5795.000000
371.940000	5793.000000
371.945000	5615.000000
371.950000	5606.000000
371.955000	5821.000000
371.960000	6089.000000
371.965000	5864.000000
371.970000	6404.000000
371.975000	6257.000000
371.980000	5701.000000
371.985000	6173.000000
371.990000	6272.000000
371.995000	5860.000000
372.000000	6661.000000
372.005000	5979.000000
372.010000	6189.000000
372.015000	6465.000000
372.020000	7122.000000
372.025000	6903.000000
372.030000	6656.000000
372.035000	7038.000000
372.040000	6898.000000
372.045000	6955.000000
372.050000	6259.000000
372.055000	6876.000000
372.060000	6185.000000
372.065000	6566.000000
372.070000	6299.000000
372.075000	6551.000000
372.080000	6564.000000
372.085000	6355.000000
372.090000	6638.000000
372.095000	6287.000000
372.100000	6578.000000
372.105000	6414.000000
372.110000	6848.000000
372.115000	6286.000000
372.120000	6623.000000
372.125000	6235.000000
372.130000	6373.000000
372.135000	6184.000000
372.140000	5732.000000
372.145000	6297.000000
372.150000	5953.000000
372.155000	5712.000000
372.160000	5737.000000
372.165000	6114.000000
372.170000	5620.000000
372.175000	6047.000000
372.180000	5612.000000
372.185000	5502.000000
372.190000	5301.000000
372.195000	5557.000000
372.200000	5187.000000
372.205000	5045.000000
372.210000	4758.000000
372.215000	5082.000000
372.220000	4911.000000
372.225000	5181.000000
372.230000	4979.000000
372.235000	4432.000000
372.240000	4894.000000
372.245000	5007.000000
372.250000	4781.000000
372.255000	4676.000000
372.260000	4587.000000
372.265000	4460.000000
372.270000	4579.000000
372.275000	4225.000000
372.280000	4704.000000
372.285000	4571.000000
372.290000	4515.000000
372.295000	4466.000000
372.300000	4105.000000
