Sample ID:		None
Start Time:		Fri Jun 19 2020 11:26:25 AM
Averaging Time:		1.000s

364.800000	1144.000000
364.805000	1329.000000
364.810000	1471.000000
364.815000	1819.000000
364.820000	1846.000000
364.825000	2586.000000
364.830000	3314.000000
364.835000	5012.000000
364.840000	8196.000000
364.845000	14198.000000
364.850000	22640.000000
364.855000	33672.000000
364.860000	43166.000000
364.865000	56245.000000
364.870000	66841.000000
364.875000	77515.000000
364.880000	100779.000000
364.885000	138473.000000
364.890000	231707.000000
364.895000	660987.000000
364.900000	542229.000000
364.905000	251580.000000
364.910000	130507.000000
364.915000	59783.000000
364.920000	45517.000000
364.925000	29403.000000
364.930000	16650.000000
364.935000	12364.000000
364.940000	9577.000000
364.945000	7459.000000
364.950000	6669.000000
364.955000	5525.000000
364.960000	4952.000000
364.965000	4474.000000
364.970000	4178.000000
364.975000	3658.000000
364.980000	3292.000000
364.985000	3461.000000
364.990000	3197.000000
364.995000	2521.000000
365.000000	2637.000000
365.005000	2631.000000
365.010000	2382.000000
365.015000	2483.000000
365.020000	2021.000000
365.025000	2091.000000
365.030000	1584.000000
365.035000	1834.000000
365.040000	1571.000000
365.045000	1514.000000
365.050000	1408.000000
365.055000	1379.000000
365.060000	1240.000000
365.065000	1244.000000
365.070000	1212.000000
365.075000	1284.000000
365.080000	1181.000000
365.085000	1086.000000
365.090000	1044.000000
365.095000	1002.000000
365.100000	944.000000
365.105000	970.000000
365.110000	1170.000000
365.115000	945.000000
365.120000	905.000000
365.125000	1026.000000
365.130000	1042.000000
365.135000	859.000000
365.140000	807.000000
365.145000	862.000000
365.150000	895.000000
365.155000	754.000000
365.160000	823.000000
365.165000	1042.000000
365.170000	694.000000
365.175000	977.000000
365.180000	723.000000
365.185000	916.000000
365.190000	957.000000
365.195000	732.000000
365.200000	1020.000000
