Sample ID:		None
Start Time:		Fri Jun 19 2020 11:29:46 AM
Averaging Time:		1.000s

364.800000	1126.000000
364.805000	1333.000000
364.810000	1641.000000
364.815000	2138.000000
364.820000	2281.000000
364.825000	2863.000000
364.830000	5777.000000
364.835000	8342.000000
364.840000	12646.000000
364.845000	20396.000000
364.850000	30649.000000
364.855000	40887.000000
364.860000	56410.000000
364.865000	66072.000000
364.870000	77024.000000
364.875000	95583.000000
364.880000	131418.000000
364.885000	208091.000000
364.890000	626118.000000
364.895000	558637.000000
364.900000	285881.000000
364.905000	135390.000000
364.910000	77302.000000
364.915000	45895.000000
364.920000	30446.000000
364.925000	18083.000000
364.930000	13140.000000
364.935000	9928.000000
364.940000	7243.000000
364.945000	6417.000000
364.950000	5988.000000
364.955000	5254.000000
364.960000	4395.000000
364.965000	4123.000000
364.970000	3847.000000
364.975000	3391.000000
364.980000	3152.000000
364.985000	3297.000000
364.990000	2518.000000
364.995000	2500.000000
365.000000	2604.000000
365.005000	2401.000000
365.010000	2074.000000
365.015000	2233.000000
365.020000	1973.000000
365.025000	1672.000000
365.030000	1859.000000
365.035000	1474.000000
365.040000	1538.000000
365.045000	1471.000000
365.050000	1398.000000
365.055000	1569.000000
365.060000	1532.000000
365.065000	1179.000000
365.070000	1103.000000
