Sample ID:		None
Start Time:		Fri Jun 19 2020 12:36:46 PM
Averaging Time:		1.000s

364.800000	521810.000000
364.805000	183963.000000
364.810000	82145.000000
364.815000	41990.000000
364.820000	28662.000000
364.825000	16848.000000
364.830000	11533.000000
364.835000	9245.000000
364.840000	7724.000000
364.845000	6040.000000
364.850000	5759.000000
364.855000	4887.000000
364.860000	4627.000000
364.865000	4001.000000
364.870000	3614.000000
364.875000	3714.000000
364.880000	2940.000000
364.885000	3055.000000
364.890000	2734.000000
364.895000	2555.000000
364.900000	2317.000000
364.905000	2219.000000
364.910000	2368.000000
364.915000	2328.000000
364.920000	1801.000000
364.925000	1652.000000
364.930000	1773.000000
364.935000	1929.000000
364.940000	1589.000000
364.945000	1361.000000
364.950000	1702.000000
364.955000	1157.000000
364.960000	1360.000000
364.965000	1173.000000
364.970000	1202.000000
364.975000	1332.000000
364.980000	1259.000000
364.985000	1024.000000
364.990000	941.000000
364.995000	838.000000
365.000000	1036.000000
365.005000	874.000000
365.010000	979.000000
365.015000	989.000000
365.020000	821.000000
365.025000	964.000000
365.030000	1018.000000
365.035000	828.000000
365.040000	859.000000
365.045000	1036.000000
365.050000	902.000000
365.055000	903.000000
365.060000	856.000000
365.065000	894.000000
365.070000	832.000000
365.075000	898.000000
365.080000	1018.000000
365.085000	927.000000
365.090000	865.000000
365.095000	931.000000
365.100000	920.000000
365.105000	975.000000
365.110000	697.000000
365.115000	823.000000
365.120000	759.000000
365.125000	916.000000
365.130000	746.000000
365.135000	888.000000
365.140000	808.000000
365.145000	995.000000
365.150000	813.000000
365.155000	922.000000
365.160000	751.000000
365.165000	966.000000
365.170000	979.000000
365.175000	912.000000
365.180000	1104.000000
365.185000	1398.000000
365.190000	1407.000000
365.195000	1960.000000
365.200000	3087.000000
