Sample ID:		None
Start Time:		Fri Jun 19 2020 12:56:51 PM
Averaging Time:		1.000s

364.800000	5938.000000
364.805000	4710.000000
364.810000	4583.000000
364.815000	4272.000000
364.820000	3490.000000
364.825000	3234.000000
364.830000	2718.000000
364.835000	3092.000000
364.840000	2656.000000
364.845000	2374.000000
364.850000	2298.000000
364.855000	2373.000000
364.860000	1967.000000
364.865000	2067.000000
364.870000	1953.000000
364.875000	1875.000000
364.880000	1673.000000
364.885000	1744.000000
364.890000	1690.000000
364.895000	1331.000000
364.900000	1502.000000
364.905000	1293.000000
364.910000	1395.000000
364.915000	1112.000000
364.920000	1122.000000
364.925000	1080.000000
364.930000	1131.000000
364.935000	1009.000000
364.940000	906.000000
364.945000	1028.000000
364.950000	841.000000
364.955000	880.000000
364.960000	966.000000
364.965000	1009.000000
364.970000	968.000000
364.975000	924.000000
364.980000	862.000000
364.985000	904.000000
364.990000	1002.000000
364.995000	872.000000
365.000000	1041.000000
365.005000	1039.000000
365.010000	910.000000
365.015000	727.000000
365.020000	652.000000
365.025000	776.000000
365.030000	731.000000
365.035000	725.000000
365.040000	790.000000
365.045000	677.000000
365.050000	745.000000
365.055000	926.000000
365.060000	794.000000
365.065000	781.000000
365.070000	850.000000
365.075000	700.000000
365.080000	693.000000
365.085000	653.000000
365.090000	911.000000
365.095000	937.000000
365.100000	973.000000
365.105000	859.000000
365.110000	985.000000
365.115000	937.000000
365.120000	938.000000
365.125000	1057.000000
365.130000	1200.000000
365.135000	1333.000000
365.140000	2089.000000
365.145000	3388.000000
365.150000	4783.000000
365.155000	7315.000000
365.160000	10490.000000
365.165000	11443.000000
365.170000	14126.000000
365.175000	16451.000000
365.180000	19075.000000
365.185000	22679.000000
365.190000	34874.000000
365.195000	59268.000000
365.200000	108296.000000
