Sample ID:		None
Start Time:		Fri Jun 19 2020 1:30:20 PM
Averaging Time:		1.000s

364.800000	2530.000000
364.805000	2349.000000
364.810000	2579.000000
364.815000	1958.000000
364.820000	2017.000000
364.825000	1500.000000
364.830000	1945.000000
364.835000	1377.000000
364.840000	1368.000000
364.845000	1673.000000
364.850000	1310.000000
364.855000	1388.000000
364.860000	1193.000000
364.865000	1315.000000
364.870000	1139.000000
364.875000	1133.000000
364.880000	849.000000
364.885000	1228.000000
364.890000	961.000000
364.895000	789.000000
364.900000	974.000000
364.905000	918.000000
364.910000	846.000000
364.915000	771.000000
364.920000	956.000000
364.925000	1039.000000
364.930000	961.000000
364.935000	888.000000
364.940000	798.000000
364.945000	951.000000
364.950000	929.000000
364.955000	878.000000
364.960000	815.000000
364.965000	965.000000
364.970000	702.000000
364.975000	829.000000
364.980000	776.000000
364.985000	725.000000
364.990000	750.000000
364.995000	816.000000
365.000000	1024.000000
365.005000	760.000000
365.010000	715.000000
365.015000	816.000000
365.020000	842.000000
365.025000	713.000000
365.030000	815.000000
365.035000	998.000000
365.040000	874.000000
365.045000	925.000000
365.050000	954.000000
365.055000	897.000000
365.060000	905.000000
365.065000	850.000000
365.070000	1065.000000
365.075000	927.000000
365.080000	1229.000000
365.085000	1160.000000
365.090000	1582.000000
365.095000	2564.000000
365.100000	3711.000000
365.105000	5323.000000
365.110000	8177.000000
365.115000	10304.000000
365.120000	12670.000000
365.125000	16375.000000
365.130000	17611.000000
365.135000	22589.000000
365.140000	44888.000000
365.145000	59270.000000
365.150000	101392.000000
365.155000	135596.000000
365.160000	73936.000000
365.165000	41916.000000
365.170000	22038.000000
365.175000	12320.000000
365.180000	7719.000000
365.185000	5006.000000
365.190000	3569.000000
365.195000	2080.000000
365.200000	1820.000000
