Sample ID:		None
Start Time:		Fri Jun 19 2020 11:46:31 AM
Averaging Time:		1.000s

364.800000	2872.000000
364.805000	4813.000000
364.810000	10538.000000
364.815000	18427.000000
364.820000	27603.000000
364.825000	33627.000000
364.830000	46987.000000
364.835000	59447.000000
364.840000	71796.000000
364.845000	79430.000000
364.850000	109413.000000
364.855000	164124.000000
364.860000	361107.000000
364.865000	641269.000000
364.870000	421967.000000
364.875000	190181.000000
364.880000	106818.000000
364.885000	64142.000000
364.890000	35181.000000
364.895000	23315.000000
364.900000	15030.000000
364.905000	10550.000000
364.910000	8832.000000
364.915000	7093.000000
364.920000	5691.000000
364.925000	5452.000000
364.930000	4675.000000
364.935000	4160.000000
364.940000	4098.000000
364.945000	3880.000000
364.950000	3795.000000
364.955000	3141.000000
364.960000	3162.000000
364.965000	2814.000000
364.970000	2696.000000
364.975000	2434.000000
364.980000	2118.000000
364.985000	2212.000000
364.990000	1952.000000
364.995000	1967.000000
365.000000	1751.000000
365.005000	1734.000000
365.010000	1557.000000
365.015000	1623.000000
365.020000	1181.000000
365.025000	1451.000000
365.030000	1552.000000
365.035000	1433.000000
365.040000	1381.000000
365.045000	989.000000
365.050000	1159.000000
365.055000	1171.000000
365.060000	823.000000
365.065000	880.000000
365.070000	1016.000000
365.075000	979.000000
365.080000	961.000000
365.085000	886.000000
365.090000	877.000000
365.095000	1073.000000
365.100000	881.000000
365.105000	972.000000
365.110000	970.000000
365.115000	1050.000000
365.120000	1095.000000
365.125000	901.000000
365.130000	898.000000
365.135000	851.000000
365.140000	1074.000000
365.145000	725.000000
365.150000	790.000000
365.155000	848.000000
365.160000	830.000000
365.165000	760.000000
365.170000	819.000000
365.175000	751.000000
365.180000	764.000000
365.185000	802.000000
365.190000	880.000000
365.195000	838.000000
365.200000	817.000000
