Sample ID:		None
Start Time:		Fri Jun 19 2020 10:14:19 AM
Averaging Time:		1.000s

364.800000	137.000000
364.805000	73.000000
364.810000	114.000000
364.815000	144.000000
364.820000	96.000000
364.825000	161.000000
364.830000	103.000000
364.835000	107.000000
364.840000	104.000000
364.845000	222.000000
364.850000	178.000000
364.855000	133.000000
364.860000	108.000000
364.865000	101.000000
364.870000	128.000000
364.875000	111.000000
364.880000	179.000000
364.885000	103.000000
364.890000	149.000000
364.895000	108.000000
364.900000	115.000000
364.905000	73.000000
364.910000	122.000000
364.915000	110.000000
364.920000	217.000000
364.925000	100.000000
364.930000	146.000000
364.935000	193.000000
364.940000	95.000000
364.945000	194.000000
364.950000	143.000000
364.955000	101.000000
364.960000	179.000000
364.965000	156.000000
364.970000	158.000000
364.975000	88.000000
364.980000	128.000000
364.985000	136.000000
364.990000	130.000000
364.995000	192.000000
365.000000	147.000000
365.005000	164.000000
365.010000	163.000000
365.015000	180.000000
365.020000	134.000000
365.025000	103.000000
365.030000	144.000000
365.035000	153.000000
365.040000	158.000000
365.045000	85.000000
365.050000	221.000000
365.055000	163.000000
365.060000	151.000000
365.065000	75.000000
365.070000	125.000000
365.075000	152.000000
365.080000	154.000000
365.085000	202.000000
365.090000	210.000000
365.095000	177.000000
365.100000	156.000000
365.105000	135.000000
365.110000	151.000000
365.115000	171.000000
365.120000	82.000000
365.125000	82.000000
365.130000	132.000000
365.135000	138.000000
365.140000	105.000000
365.145000	104.000000
365.150000	106.000000
365.155000	164.000000
365.160000	130.000000
365.165000	159.000000
365.170000	196.000000
365.175000	101.000000
365.180000	133.000000
365.185000	90.000000
365.190000	145.000000
365.195000	115.000000
365.200000	111.000000
