Sample ID:		None
Start Time:		Fri Jun 19 2020 11:23:04 AM
Averaging Time:		1.000s

364.800000	988.000000
364.805000	1036.000000
364.810000	1409.000000
364.815000	1362.000000
364.820000	1526.000000
364.825000	1901.000000
364.830000	2525.000000
364.835000	3689.000000
364.840000	5809.000000
364.845000	8649.000000
364.850000	15210.000000
364.855000	24215.000000
364.860000	31681.000000
364.865000	45267.000000
364.870000	58863.000000
364.875000	68410.000000
364.880000	77023.000000
364.885000	105618.000000
364.890000	154067.000000
364.895000	339025.000000
364.900000	620775.000000
364.905000	512832.000000
364.910000	248691.000000
364.915000	95708.000000
364.920000	70875.000000
364.925000	43912.000000
364.930000	25857.000000
364.935000	15955.000000
364.940000	12891.000000
364.945000	9214.000000
364.950000	7350.000000
364.955000	6526.000000
364.960000	5482.000000
364.965000	4509.000000
364.970000	4555.000000
364.975000	4340.000000
364.980000	3640.000000
364.985000	3721.000000
364.990000	3467.000000
364.995000	2789.000000
365.000000	2815.000000
365.005000	2826.000000
365.010000	2430.000000
365.015000	2362.000000
365.020000	2405.000000
365.025000	2059.000000
365.030000	1862.000000
365.035000	1797.000000
365.040000	1748.000000
365.045000	1577.000000
365.050000	1673.000000
365.055000	1546.000000
365.060000	1240.000000
365.065000	1502.000000
365.070000	1315.000000
365.075000	1320.000000
365.080000	1169.000000
365.085000	1020.000000
365.090000	1050.000000
365.095000	1037.000000
365.100000	1110.000000
365.105000	837.000000
365.110000	781.000000
365.115000	1067.000000
365.120000	1165.000000
365.125000	848.000000
365.130000	857.000000
365.135000	855.000000
365.140000	1035.000000
365.145000	1047.000000
365.150000	899.000000
365.155000	1026.000000
365.160000	888.000000
365.165000	956.000000
365.170000	828.000000
365.175000	698.000000
365.180000	864.000000
365.185000	1036.000000
365.190000	758.000000
365.195000	821.000000
365.200000	805.000000
