Sample ID:		None
Start Time:		Fri Jun 19 2020 1:13:36 PM
Averaging Time:		1.000s

364.800000	3925.000000
364.805000	2986.000000
364.810000	3398.000000
364.815000	3029.000000
364.820000	2607.000000
364.825000	2183.000000
364.830000	2310.000000
364.835000	2110.000000
364.840000	2100.000000
364.845000	2043.000000
364.850000	1934.000000
364.855000	1552.000000
364.860000	1625.000000
364.865000	1516.000000
364.870000	1558.000000
364.875000	1351.000000
364.880000	1434.000000
364.885000	1150.000000
364.890000	1384.000000
364.895000	1208.000000
364.900000	988.000000
364.905000	936.000000
364.910000	1219.000000
364.915000	1085.000000
364.920000	1034.000000
364.925000	870.000000
364.930000	1050.000000
364.935000	804.000000
364.940000	947.000000
364.945000	998.000000
364.950000	942.000000
364.955000	796.000000
364.960000	879.000000
364.965000	900.000000
364.970000	796.000000
364.975000	889.000000
364.980000	818.000000
364.985000	844.000000
364.990000	728.000000
364.995000	743.000000
365.000000	921.000000
365.005000	740.000000
365.010000	806.000000
365.015000	979.000000
365.020000	919.000000
365.025000	964.000000
365.030000	919.000000
365.035000	1036.000000
365.040000	857.000000
365.045000	899.000000
365.050000	887.000000
365.055000	880.000000
365.060000	786.000000
365.065000	895.000000
365.070000	756.000000
365.075000	986.000000
365.080000	756.000000
365.085000	1057.000000
365.090000	832.000000
365.095000	963.000000
365.100000	985.000000
365.105000	1161.000000
365.110000	1305.000000
365.115000	1729.000000
365.120000	3028.000000
365.125000	3828.000000
365.130000	5744.000000
365.135000	7446.000000
365.140000	10150.000000
365.145000	12239.000000
365.150000	15310.000000
365.155000	17005.000000
365.160000	20419.000000
365.165000	30243.000000
365.170000	50866.000000
365.175000	81632.000000
365.180000	140279.000000
365.185000	85681.000000
365.190000	52376.000000
365.195000	26710.000000
365.200000	15317.000000
