Sample ID:		None
Start Time:		Fri Jun 19 2020 11:02:58 AM
Averaging Time:		1.000s

364.800000	601.000000
364.805000	682.000000
364.810000	660.000000
364.815000	490.000000
364.820000	692.000000
364.825000	698.000000
364.830000	781.000000
364.835000	827.000000
364.840000	779.000000
364.845000	901.000000
364.850000	687.000000
364.855000	755.000000
364.860000	824.000000
364.865000	873.000000
364.870000	990.000000
364.875000	995.000000
364.880000	1128.000000
364.885000	1056.000000
364.890000	1541.000000
364.895000	1381.000000
364.900000	1701.000000
364.905000	1802.000000
364.910000	2137.000000
364.915000	3482.000000
364.920000	4865.000000
364.925000	7156.000000
364.930000	12724.000000
364.935000	20698.000000
364.940000	29660.000000
364.945000	39478.000000
364.950000	52684.000000
364.955000	66715.000000
364.960000	74130.000000
364.965000	87264.000000
364.970000	121152.000000
364.975000	203397.000000
364.980000	452514.000000
364.985000	643878.000000
364.990000	277146.000000
364.995000	147925.000000
365.000000	82077.000000
365.005000	50915.000000
365.010000	28780.000000
365.015000	17166.000000
365.020000	12876.000000
365.025000	10662.000000
365.030000	7622.000000
365.035000	6407.000000
365.040000	5770.000000
365.045000	5021.000000
365.050000	4731.000000
365.055000	4286.000000
365.060000	3722.000000
365.065000	3488.000000
365.070000	3475.000000
365.075000	3058.000000
365.080000	2856.000000
365.085000	2483.000000
365.090000	2599.000000
365.095000	2334.000000
365.100000	2004.000000
365.105000	2278.000000
365.110000	2066.000000
365.115000	1566.000000
365.120000	1946.000000
365.125000	1680.000000
365.130000	1478.000000
365.135000	1328.000000
365.140000	1390.000000
365.145000	1305.000000
365.150000	1296.000000
365.155000	1250.000000
365.160000	1242.000000
365.165000	1036.000000
365.170000	1066.000000
365.175000	896.000000
365.180000	897.000000
365.185000	850.000000
365.190000	874.000000
365.195000	871.000000
365.200000	1088.000000
