Sample ID:		None
Start Time:		Fri Jun 19 2020 12:43:28 PM
Averaging Time:		1.000s

364.800000	62911.000000
364.805000	34615.000000
364.810000	16593.000000
364.815000	11089.000000
364.820000	9109.000000
364.825000	6797.000000
364.830000	5798.000000
364.835000	5521.000000
364.840000	4971.000000
364.845000	4477.000000
364.850000	4146.000000
364.855000	3909.000000
364.860000	3858.000000
364.865000	3245.000000
364.870000	2736.000000
364.875000	2596.000000
364.880000	2504.000000
364.885000	2419.000000
364.890000	2377.000000
364.895000	2016.000000
364.900000	1873.000000
364.905000	2124.000000
364.910000	1550.000000
364.915000	1725.000000
364.920000	1560.000000
364.925000	1286.000000
364.930000	1323.000000
364.935000	1529.000000
364.940000	1282.000000
364.945000	1248.000000
364.950000	1180.000000
364.955000	1112.000000
364.960000	1142.000000
364.965000	1111.000000
364.970000	937.000000
364.975000	975.000000
364.980000	1125.000000
364.985000	898.000000
364.990000	999.000000
364.995000	888.000000
365.000000	1155.000000
365.005000	1096.000000
365.010000	1000.000000
365.015000	982.000000
365.020000	1126.000000
365.025000	947.000000
365.030000	884.000000
365.035000	858.000000
365.040000	803.000000
365.045000	929.000000
365.050000	894.000000
365.055000	813.000000
365.060000	717.000000
365.065000	752.000000
365.070000	781.000000
365.075000	957.000000
365.080000	673.000000
365.085000	661.000000
365.090000	787.000000
365.095000	869.000000
365.100000	635.000000
365.105000	785.000000
365.110000	757.000000
365.115000	821.000000
365.120000	950.000000
365.125000	752.000000
365.130000	708.000000
365.135000	673.000000
365.140000	966.000000
365.145000	799.000000
365.150000	1060.000000
365.155000	1059.000000
365.160000	932.000000
365.165000	1104.000000
365.170000	1331.000000
365.175000	1729.000000
365.180000	2842.000000
365.185000	3966.000000
365.190000	5456.000000
365.195000	7622.000000
365.200000	9970.000000
