Sample ID:		None
Start Time:		Fri Jun 19 2020 1:03:33 PM
Averaging Time:		1.000s

364.800000	4492.000000
364.805000	4226.000000
364.810000	3618.000000
364.815000	3505.000000
364.820000	2942.000000
364.825000	2753.000000
364.830000	2483.000000
364.835000	2393.000000
364.840000	2105.000000
364.845000	2305.000000
364.850000	2209.000000
364.855000	2082.000000
364.860000	2114.000000
364.865000	1602.000000
364.870000	1628.000000
364.875000	1527.000000
364.880000	1419.000000
364.885000	1353.000000
364.890000	1118.000000
364.895000	1319.000000
364.900000	1179.000000
364.905000	1145.000000
364.910000	1174.000000
364.915000	1144.000000
364.920000	932.000000
364.925000	1141.000000
364.930000	907.000000
364.935000	1102.000000
364.940000	723.000000
364.945000	865.000000
364.950000	906.000000
364.955000	1090.000000
364.960000	925.000000
364.965000	1039.000000
364.970000	862.000000
364.975000	858.000000
364.980000	994.000000
364.985000	1017.000000
364.990000	941.000000
364.995000	929.000000
365.000000	634.000000
365.005000	892.000000
365.010000	799.000000
365.015000	801.000000
365.020000	940.000000
365.025000	735.000000
365.030000	856.000000
365.035000	833.000000
365.040000	723.000000
365.045000	829.000000
365.050000	703.000000
365.055000	817.000000
365.060000	773.000000
365.065000	773.000000
365.070000	814.000000
365.075000	826.000000
365.080000	717.000000
365.085000	808.000000
365.090000	841.000000
365.095000	922.000000
365.100000	876.000000
365.105000	851.000000
365.110000	1052.000000
365.115000	1107.000000
365.120000	1479.000000
365.125000	1877.000000
365.130000	2482.000000
365.135000	3756.000000
365.140000	5113.000000
365.145000	7546.000000
365.150000	9725.000000
365.155000	12198.000000
365.160000	15118.000000
365.165000	16472.000000
365.170000	19701.000000
365.175000	31353.000000
365.180000	47132.000000
365.185000	69955.000000
365.190000	136375.000000
365.195000	98442.000000
365.200000	54303.000000
