Sample ID:		None
Start Time:		Fri Jun 19 2020 12:13:19 PM
Averaging Time:		1.000s

364.800000	57961.000000
364.805000	70187.000000
364.810000	95357.000000
364.815000	134995.000000
364.820000	208984.000000
364.825000	499058.000000
364.830000	584143.000000
364.835000	234688.000000
364.840000	154369.000000
364.845000	81103.000000
364.850000	43116.000000
364.855000	29650.000000
364.860000	19614.000000
364.865000	12215.000000
364.870000	9251.000000
364.875000	7228.000000
364.880000	6199.000000
364.885000	5726.000000
364.890000	5003.000000
364.895000	4632.000000
364.900000	4280.000000
364.905000	3662.000000
364.910000	3549.000000
364.915000	2912.000000
364.920000	3051.000000
364.925000	2734.000000
364.930000	2671.000000
364.935000	2367.000000
364.940000	2413.000000
364.945000	2215.000000
364.950000	2095.000000
364.955000	2082.000000
364.960000	1736.000000
364.965000	1875.000000
364.970000	1561.000000
364.975000	1387.000000
364.980000	1764.000000
364.985000	1358.000000
364.990000	1340.000000
364.995000	1330.000000
365.000000	1133.000000
365.005000	1334.000000
365.010000	999.000000
365.015000	1275.000000
365.020000	935.000000
365.025000	902.000000
365.030000	890.000000
365.035000	944.000000
365.040000	775.000000
365.045000	775.000000
365.050000	1048.000000
365.055000	985.000000
365.060000	1147.000000
365.065000	1080.000000
365.070000	889.000000
365.075000	1088.000000
365.080000	717.000000
365.085000	1032.000000
365.090000	909.000000
365.095000	1098.000000
365.100000	832.000000
365.105000	896.000000
365.110000	726.000000
365.115000	900.000000
365.120000	788.000000
365.125000	773.000000
365.130000	974.000000
365.135000	807.000000
365.140000	1052.000000
365.145000	909.000000
365.150000	870.000000
365.155000	729.000000
365.160000	743.000000
365.165000	903.000000
365.170000	1111.000000
365.175000	772.000000
365.180000	826.000000
365.185000	900.000000
365.190000	795.000000
365.195000	769.000000
365.200000	855.000000
