Sample ID:		None
Start Time:		Fri Jun 19 2020 11:16:22 AM
Averaging Time:		1.000s

364.800000	756.000000
364.805000	898.000000
364.810000	862.000000
364.815000	1143.000000
364.820000	1032.000000
364.825000	1127.000000
364.830000	1331.000000
364.835000	1425.000000
364.840000	1610.000000
364.845000	2094.000000
364.850000	2342.000000
364.855000	3208.000000
364.860000	4902.000000
364.865000	7540.000000
364.870000	12811.000000
364.875000	19854.000000
364.880000	29198.000000
364.885000	39641.000000
364.890000	52484.000000
364.895000	63689.000000
364.900000	73113.000000
364.905000	92995.000000
364.910000	125809.000000
364.915000	189398.000000
364.920000	464737.000000
364.925000	542822.000000
364.930000	333483.000000
364.935000	149385.000000
364.940000	70544.000000
364.945000	48778.000000
364.950000	31989.000000
364.955000	19532.000000
364.960000	12551.000000
364.965000	10150.000000
364.970000	8223.000000
364.975000	6237.000000
364.980000	5606.000000
364.985000	4952.000000
364.990000	4722.000000
364.995000	4019.000000
365.000000	3802.000000
365.005000	3512.000000
365.010000	3326.000000
365.015000	2993.000000
365.020000	2791.000000
365.025000	2812.000000
365.030000	2296.000000
365.035000	2354.000000
365.040000	2245.000000
365.045000	2187.000000
365.050000	1861.000000
365.055000	2125.000000
365.060000	1841.000000
365.065000	1709.000000
365.070000	1537.000000
365.075000	1505.000000
365.080000	1521.000000
365.085000	1417.000000
365.090000	1208.000000
365.095000	1169.000000
365.100000	1038.000000
365.105000	992.000000
365.110000	970.000000
365.115000	1140.000000
365.120000	870.000000
365.125000	1054.000000
365.130000	962.000000
365.135000	919.000000
365.140000	836.000000
365.145000	884.000000
365.150000	933.000000
365.155000	960.000000
365.160000	1132.000000
365.165000	825.000000
365.170000	1071.000000
365.175000	913.000000
365.180000	1002.000000
365.185000	922.000000
365.190000	802.000000
365.195000	799.000000
365.200000	872.000000
