Sample ID:		None
Start Time:		Fri Jun 19 2020 12:23:22 PM
Averaging Time:		1.000s

364.800000	84133.000000
364.805000	133681.000000
364.810000	300798.000000
364.815000	591323.000000
364.820000	458397.000000
364.825000	189512.000000
364.830000	110419.000000
364.835000	61535.000000
364.840000	39417.000000
364.845000	23772.000000
364.850000	15985.000000
364.855000	11261.000000
364.860000	8506.000000
364.865000	7778.000000
364.870000	6097.000000
364.875000	5518.000000
364.880000	4761.000000
364.885000	4211.000000
364.890000	4203.000000
364.895000	3876.000000
364.900000	3425.000000
364.905000	3225.000000
364.910000	2862.000000
364.915000	3145.000000
364.920000	2355.000000
364.925000	2236.000000
364.930000	2231.000000
364.935000	2159.000000
364.940000	2278.000000
364.945000	2205.000000
364.950000	1636.000000
364.955000	1822.000000
364.960000	1620.000000
364.965000	1808.000000
364.970000	1622.000000
364.975000	1319.000000
364.980000	1342.000000
364.985000	1420.000000
364.990000	1260.000000
364.995000	1173.000000
365.000000	870.000000
365.005000	1056.000000
365.010000	993.000000
365.015000	841.000000
365.020000	882.000000
365.025000	977.000000
365.030000	1098.000000
365.035000	921.000000
365.040000	857.000000
365.045000	1042.000000
365.050000	1055.000000
365.055000	1045.000000
365.060000	931.000000
365.065000	939.000000
365.070000	903.000000
365.075000	932.000000
365.080000	934.000000
365.085000	889.000000
365.090000	923.000000
365.095000	852.000000
365.100000	814.000000
365.105000	883.000000
365.110000	796.000000
365.115000	896.000000
365.120000	727.000000
365.125000	796.000000
365.130000	856.000000
365.135000	754.000000
365.140000	741.000000
365.145000	996.000000
365.150000	888.000000
365.155000	842.000000
365.160000	997.000000
365.165000	828.000000
365.170000	878.000000
365.175000	1038.000000
365.180000	834.000000
365.185000	771.000000
365.190000	837.000000
365.195000	947.000000
365.200000	1145.000000
