Sample ID:		None
Start Time:		Fri Jun 19 2020 12:40:07 PM
Averaging Time:		1.000s

364.800000	149231.000000
364.805000	61851.000000
364.810000	38896.000000
364.815000	21978.000000
364.820000	13051.000000
364.825000	10761.000000
364.830000	8649.000000
364.835000	6918.000000
364.840000	5276.000000
364.845000	5326.000000
364.850000	4889.000000
364.855000	4131.000000
364.860000	4081.000000
364.865000	3857.000000
364.870000	3297.000000
364.875000	3268.000000
364.880000	2949.000000
364.885000	2687.000000
364.890000	2456.000000
364.895000	2522.000000
364.900000	2233.000000
364.905000	2246.000000
364.910000	2115.000000
364.915000	1618.000000
364.920000	1559.000000
364.925000	1832.000000
364.930000	1520.000000
364.935000	1352.000000
364.940000	1339.000000
364.945000	1422.000000
364.950000	1378.000000
364.955000	1275.000000
364.960000	1110.000000
364.965000	1204.000000
364.970000	1099.000000
364.975000	1063.000000
364.980000	888.000000
364.985000	910.000000
364.990000	885.000000
364.995000	1007.000000
365.000000	1204.000000
365.005000	892.000000
365.010000	843.000000
365.015000	910.000000
365.020000	757.000000
365.025000	905.000000
365.030000	886.000000
365.035000	1030.000000
365.040000	909.000000
365.045000	925.000000
365.050000	866.000000
365.055000	905.000000
365.060000	716.000000
365.065000	950.000000
365.070000	811.000000
365.075000	879.000000
365.080000	902.000000
365.085000	766.000000
365.090000	744.000000
365.095000	738.000000
365.100000	745.000000
365.105000	669.000000
365.110000	847.000000
365.115000	789.000000
365.120000	710.000000
365.125000	758.000000
365.130000	756.000000
365.135000	839.000000
365.140000	930.000000
365.145000	895.000000
365.150000	815.000000
365.155000	925.000000
365.160000	866.000000
365.165000	976.000000
365.170000	1032.000000
365.175000	1132.000000
365.180000	1371.000000
365.185000	1937.000000
365.190000	2275.000000
365.195000	3721.000000
365.200000	5728.000000
