Sample ID:		None
Start Time:		Fri Jun 19 2020 1:06:54 PM
Averaging Time:		1.000s

364.800000	4394.000000
364.805000	3725.000000
364.810000	3264.000000
364.815000	2973.000000
364.820000	2872.000000
364.825000	2512.000000
364.830000	2574.000000
364.835000	2486.000000
364.840000	1911.000000
364.845000	2339.000000
364.850000	1977.000000
364.855000	1836.000000
364.860000	1662.000000
364.865000	1827.000000
364.870000	1686.000000
364.875000	1364.000000
364.880000	1307.000000
364.885000	1487.000000
364.890000	1498.000000
364.895000	1430.000000
364.900000	1009.000000
364.905000	1159.000000
364.910000	1004.000000
364.915000	918.000000
364.920000	948.000000
364.925000	959.000000
364.930000	1023.000000
364.935000	1125.000000
364.940000	992.000000
364.945000	953.000000
364.950000	994.000000
364.955000	948.000000
364.960000	936.000000
364.965000	936.000000
364.970000	866.000000
364.975000	926.000000
364.980000	949.000000
364.985000	925.000000
364.990000	874.000000
364.995000	741.000000
365.000000	937.000000
365.005000	1021.000000
365.010000	971.000000
365.015000	746.000000
365.020000	666.000000
365.025000	750.000000
365.030000	897.000000
365.035000	852.000000
365.040000	854.000000
365.045000	809.000000
365.050000	736.000000
365.055000	852.000000
365.060000	795.000000
365.065000	912.000000
365.070000	864.000000
365.075000	813.000000
365.080000	900.000000
365.085000	746.000000
365.090000	791.000000
365.095000	828.000000
365.100000	862.000000
365.105000	1139.000000
365.110000	1131.000000
365.115000	1256.000000
365.120000	1547.000000
365.125000	2235.000000
365.130000	2855.000000
365.135000	4310.000000
365.140000	6797.000000
365.145000	8649.000000
365.150000	10037.000000
365.155000	13228.000000
365.160000	15926.000000
365.165000	18856.000000
365.170000	22075.000000
365.175000	36045.000000
365.180000	62744.000000
365.185000	97586.000000
365.190000	138024.000000
365.195000	74372.000000
365.200000	41533.000000
