Sample ID:		None
Start Time:		Fri Jun 19 2020 12:46:49 PM
Averaging Time:		1.000s

364.800000	18001.000000
364.805000	11718.000000
364.810000	8336.000000
364.815000	6783.000000
364.820000	5771.000000
364.825000	5124.000000
364.830000	4637.000000
364.835000	3674.000000
364.840000	3855.000000
364.845000	3631.000000
364.850000	3501.000000
364.855000	3166.000000
364.860000	2631.000000
364.865000	2318.000000
364.870000	2451.000000
364.875000	2517.000000
364.880000	2101.000000
364.885000	2003.000000
364.890000	2007.000000
364.895000	1656.000000
364.900000	1847.000000
364.905000	1702.000000
364.910000	1555.000000
364.915000	1391.000000
364.920000	1452.000000
364.925000	1367.000000
364.930000	1452.000000
364.935000	1172.000000
364.940000	1043.000000
364.945000	1000.000000
364.950000	926.000000
364.955000	849.000000
364.960000	1162.000000
364.965000	972.000000
364.970000	851.000000
364.975000	1032.000000
364.980000	931.000000
364.985000	827.000000
364.990000	1169.000000
364.995000	1129.000000
365.000000	871.000000
365.005000	870.000000
365.010000	893.000000
365.015000	870.000000
365.020000	939.000000
365.025000	806.000000
365.030000	896.000000
365.035000	727.000000
365.040000	803.000000
365.045000	1025.000000
365.050000	868.000000
365.055000	903.000000
365.060000	965.000000
365.065000	897.000000
365.070000	681.000000
365.075000	778.000000
365.080000	935.000000
365.085000	917.000000
365.090000	977.000000
365.095000	671.000000
365.100000	822.000000
365.105000	696.000000
365.110000	1023.000000
365.115000	875.000000
365.120000	748.000000
365.125000	943.000000
365.130000	783.000000
365.135000	1140.000000
365.140000	1110.000000
365.145000	877.000000
365.150000	959.000000
365.155000	1218.000000
365.160000	1533.000000
365.165000	1846.000000
365.170000	2675.000000
365.175000	3924.000000
365.180000	6396.000000
365.185000	8902.000000
365.190000	10005.000000
365.195000	12723.000000
365.200000	15196.000000
