Sample ID:		None
Start Time:		Fri Jun 19 2020 12:09:58 PM
Averaging Time:		1.000s

364.800000	41974.000000
364.805000	59084.000000
364.810000	73302.000000
364.815000	85244.000000
364.820000	117829.000000
364.825000	208151.000000
364.830000	465598.000000
364.835000	642888.000000
364.840000	244869.000000
364.845000	147787.000000
364.850000	80339.000000
364.855000	54246.000000
364.860000	29358.000000
364.865000	20853.000000
364.870000	11937.000000
364.875000	10019.000000
364.880000	7297.000000
364.885000	6676.000000
364.890000	5989.000000
364.895000	4786.000000
364.900000	4371.000000
364.905000	4214.000000
364.910000	3857.000000
364.915000	3486.000000
364.920000	2844.000000
364.925000	2825.000000
364.930000	2874.000000
364.935000	2628.000000
364.940000	2575.000000
364.945000	2396.000000
364.950000	2378.000000
364.955000	2045.000000
364.960000	1915.000000
364.965000	1706.000000
364.970000	1861.000000
364.975000	1728.000000
364.980000	1801.000000
364.985000	1544.000000
364.990000	1644.000000
364.995000	1380.000000
365.000000	1399.000000
365.005000	1168.000000
365.010000	1271.000000
365.015000	1052.000000
365.020000	1017.000000
365.025000	938.000000
365.030000	1082.000000
365.035000	905.000000
365.040000	979.000000
365.045000	1085.000000
365.050000	1045.000000
365.055000	904.000000
365.060000	925.000000
365.065000	1060.000000
365.070000	991.000000
365.075000	969.000000
365.080000	935.000000
365.085000	959.000000
365.090000	953.000000
365.095000	999.000000
365.100000	721.000000
365.105000	837.000000
365.110000	888.000000
365.115000	922.000000
365.120000	760.000000
365.125000	831.000000
365.130000	905.000000
365.135000	815.000000
365.140000	891.000000
365.145000	958.000000
365.150000	865.000000
365.155000	932.000000
365.160000	602.000000
365.165000	788.000000
365.170000	878.000000
365.175000	653.000000
365.180000	758.000000
365.185000	842.000000
365.190000	875.000000
365.195000	728.000000
365.200000	1002.000000
