Sample ID:		None
Start Time:		Fri Jun 19 2020 11:06:19 AM
Averaging Time:		1.000s

364.800000	580.000000
364.805000	609.000000
364.810000	724.000000
364.815000	733.000000
364.820000	877.000000
364.825000	837.000000
364.830000	736.000000
364.835000	850.000000
364.840000	674.000000
364.845000	842.000000
364.850000	989.000000
364.855000	764.000000
364.860000	1008.000000
364.865000	1222.000000
364.870000	1352.000000
364.875000	1574.000000
364.880000	1651.000000
364.885000	2012.000000
364.890000	2348.000000
364.895000	3375.000000
364.900000	5511.000000
364.905000	9733.000000
364.910000	14520.000000
364.915000	24291.000000
364.920000	32593.000000
364.925000	43576.000000
364.930000	62941.000000
364.935000	69305.000000
364.940000	75410.000000
364.945000	101606.000000
364.950000	150009.000000
364.955000	233728.000000
364.960000	548977.000000
364.965000	520224.000000
364.970000	211216.000000
364.975000	119084.000000
364.980000	69463.000000
364.985000	40786.000000
364.990000	26297.000000
364.995000	15551.000000
365.000000	11617.000000
365.005000	8417.000000
365.010000	6891.000000
365.015000	6213.000000
365.020000	5718.000000
365.025000	4948.000000
365.030000	4396.000000
365.035000	4128.000000
365.040000	3896.000000
365.045000	3432.000000
365.050000	3168.000000
365.055000	2874.000000
365.060000	2966.000000
365.065000	2695.000000
365.070000	2382.000000
365.075000	2250.000000
365.080000	2171.000000
365.085000	1888.000000
365.090000	1707.000000
365.095000	1864.000000
365.100000	1861.000000
365.105000	1417.000000
365.110000	1599.000000
365.115000	1469.000000
365.120000	1353.000000
365.125000	1317.000000
365.130000	1253.000000
365.135000	1199.000000
365.140000	1008.000000
365.145000	1250.000000
365.150000	926.000000
365.155000	1162.000000
365.160000	810.000000
365.165000	806.000000
365.170000	949.000000
365.175000	1055.000000
365.180000	1151.000000
365.185000	1057.000000
365.190000	967.000000
365.195000	1000.000000
365.200000	1068.000000
