Sample ID:		None
Start Time:		Fri Jun 19 2020 1:10:15 PM
Averaging Time:		1.000s

364.800000	3675.000000
364.805000	3752.000000
364.810000	3316.000000
364.815000	3071.000000
364.820000	3041.000000
364.825000	2738.000000
364.830000	2479.000000
364.835000	2359.000000
364.840000	2405.000000
364.845000	2091.000000
364.850000	1931.000000
364.855000	1695.000000
364.860000	1612.000000
364.865000	1604.000000
364.870000	1513.000000
364.875000	1337.000000
364.880000	1367.000000
364.885000	1424.000000
364.890000	1175.000000
364.895000	1113.000000
364.900000	1154.000000
364.905000	1188.000000
364.910000	1262.000000
364.915000	895.000000
364.920000	868.000000
364.925000	914.000000
364.930000	1047.000000
364.935000	895.000000
364.940000	890.000000
364.945000	851.000000
364.950000	931.000000
364.955000	1002.000000
364.960000	838.000000
364.965000	977.000000
364.970000	891.000000
364.975000	864.000000
364.980000	1021.000000
364.985000	802.000000
364.990000	1070.000000
364.995000	699.000000
365.000000	879.000000
365.005000	780.000000
365.010000	821.000000
365.015000	1067.000000
365.020000	804.000000
365.025000	744.000000
365.030000	711.000000
365.035000	874.000000
365.040000	840.000000
365.045000	782.000000
365.050000	684.000000
365.055000	784.000000
365.060000	805.000000
365.065000	792.000000
365.070000	930.000000
365.075000	788.000000
365.080000	908.000000
365.085000	1011.000000
365.090000	845.000000
365.095000	828.000000
365.100000	860.000000
365.105000	1049.000000
365.110000	897.000000
365.115000	1144.000000
365.120000	1318.000000
365.125000	2019.000000
365.130000	3228.000000
365.135000	4935.000000
365.140000	7288.000000
365.145000	9756.000000
365.150000	12159.000000
365.155000	14353.000000
365.160000	16978.000000
365.165000	21257.000000
365.170000	30246.000000
365.175000	47160.000000
365.180000	71189.000000
365.185000	140378.000000
365.190000	87827.000000
365.195000	59115.000000
365.200000	29533.000000
