Sample ID:		None
Start Time:		Fri Jun 19 2020 11:43:10 AM
Averaging Time:		1.000s

364.800000	2165.000000
364.805000	2786.000000
364.810000	4122.000000
364.815000	8387.000000
364.820000	10962.000000
364.825000	22868.000000
364.830000	27542.000000
364.835000	38962.000000
364.840000	52801.000000
364.845000	63346.000000
364.850000	70971.000000
364.855000	89275.000000
364.860000	136187.000000
364.865000	180101.000000
364.870000	415686.000000
364.875000	632105.000000
364.880000	304784.000000
364.885000	151541.000000
364.890000	88600.000000
364.895000	54468.000000
364.900000	37364.000000
364.905000	21382.000000
364.910000	14174.000000
364.915000	10402.000000
364.920000	6997.000000
364.925000	6659.000000
364.930000	6190.000000
364.935000	5689.000000
364.940000	4390.000000
364.945000	4210.000000
364.950000	3883.000000
364.955000	3351.000000
364.960000	3013.000000
364.965000	3140.000000
364.970000	2971.000000
364.975000	2773.000000
364.980000	2618.000000
364.985000	2458.000000
364.990000	2231.000000
364.995000	1987.000000
365.000000	1914.000000
365.005000	1910.000000
365.010000	1807.000000
365.015000	1805.000000
365.020000	1374.000000
365.025000	1558.000000
365.030000	1306.000000
365.035000	1270.000000
365.040000	1382.000000
365.045000	1003.000000
365.050000	1349.000000
365.055000	1071.000000
365.060000	1121.000000
365.065000	951.000000
365.070000	1049.000000
365.075000	920.000000
365.080000	952.000000
365.085000	894.000000
365.090000	992.000000
365.095000	1116.000000
365.100000	1199.000000
365.105000	1123.000000
365.110000	946.000000
365.115000	798.000000
365.120000	846.000000
365.125000	952.000000
365.130000	796.000000
365.135000	954.000000
365.140000	718.000000
365.145000	856.000000
365.150000	675.000000
365.155000	769.000000
365.160000	874.000000
365.165000	770.000000
365.170000	827.000000
365.175000	634.000000
365.180000	923.000000
365.185000	872.000000
365.190000	858.000000
365.195000	701.000000
365.200000	815.000000
