Sample ID:		None
Start Time:		Fri Jun 19 2020 1:00:12 PM
Averaging Time:		1.000s

364.800000	5182.000000
364.805000	4149.000000
364.810000	3632.000000
364.815000	3476.000000
364.820000	3194.000000
364.825000	3272.000000
364.830000	2909.000000
364.835000	2341.000000
364.840000	2663.000000
364.845000	2295.000000
364.850000	2005.000000
364.855000	2113.000000
364.860000	1893.000000
364.865000	1685.000000
364.870000	1866.000000
364.875000	1791.000000
364.880000	1466.000000
364.885000	1378.000000
364.890000	1255.000000
364.895000	1419.000000
364.900000	1365.000000
364.905000	1230.000000
364.910000	934.000000
364.915000	1052.000000
364.920000	1099.000000
364.925000	882.000000
364.930000	1068.000000
364.935000	920.000000
364.940000	719.000000
364.945000	1026.000000
364.950000	958.000000
364.955000	840.000000
364.960000	1132.000000
364.965000	902.000000
364.970000	1025.000000
364.975000	895.000000
364.980000	875.000000
364.985000	1090.000000
364.990000	916.000000
364.995000	840.000000
365.000000	999.000000
365.005000	678.000000
365.010000	945.000000
365.015000	757.000000
365.020000	807.000000
365.025000	930.000000
365.030000	879.000000
365.035000	884.000000
365.040000	802.000000
365.045000	962.000000
365.050000	800.000000
365.055000	681.000000
365.060000	645.000000
365.065000	806.000000
365.070000	708.000000
365.075000	763.000000
365.080000	750.000000
365.085000	790.000000
365.090000	994.000000
365.095000	826.000000
365.100000	792.000000
365.105000	935.000000
365.110000	908.000000
365.115000	908.000000
365.120000	1133.000000
365.125000	1239.000000
365.130000	1523.000000
365.135000	2514.000000
365.140000	3695.000000
365.145000	4771.000000
365.150000	7516.000000
365.155000	9746.000000
365.160000	12234.000000
365.165000	15327.000000
365.170000	16313.000000
365.175000	19472.000000
365.180000	26683.000000
365.185000	53074.000000
365.190000	69902.000000
365.195000	130663.000000
365.200000	92642.000000
