Sample ID:		None
Start Time:		Fri Jun 19 2020 11:53:13 AM
Averaging Time:		1.000s

364.800000	4128.000000
364.805000	7894.000000
364.810000	14594.000000
364.815000	23858.000000
364.820000	35378.000000
364.825000	46495.000000
364.830000	59356.000000
364.835000	68899.000000
364.840000	80121.000000
364.845000	110231.000000
364.850000	159214.000000
364.855000	304963.000000
364.860000	643971.000000
364.865000	385368.000000
364.870000	207852.000000
364.875000	114442.000000
364.880000	59096.000000
364.885000	36208.000000
364.890000	26312.000000
364.895000	15028.000000
364.900000	11270.000000
364.905000	8849.000000
364.910000	6761.000000
364.915000	5923.000000
364.920000	5474.000000
364.925000	4681.000000
364.930000	4441.000000
364.935000	3792.000000
364.940000	3784.000000
364.945000	3215.000000
364.950000	3000.000000
364.955000	3119.000000
364.960000	2709.000000
364.965000	2477.000000
364.970000	2519.000000
364.975000	2245.000000
364.980000	2354.000000
364.985000	1898.000000
364.990000	2047.000000
364.995000	1758.000000
365.000000	1847.000000
365.005000	1704.000000
365.010000	1528.000000
365.015000	1311.000000
365.020000	1423.000000
365.025000	1475.000000
365.030000	1207.000000
365.035000	1426.000000
365.040000	1144.000000
365.045000	1326.000000
365.050000	1146.000000
365.055000	1017.000000
365.060000	998.000000
365.065000	1006.000000
365.070000	894.000000
365.075000	1076.000000
365.080000	881.000000
365.085000	944.000000
365.090000	938.000000
365.095000	936.000000
365.100000	825.000000
365.105000	955.000000
365.110000	949.000000
365.115000	877.000000
365.120000	905.000000
365.125000	957.000000
365.130000	848.000000
365.135000	707.000000
365.140000	840.000000
365.145000	817.000000
365.150000	788.000000
365.155000	805.000000
365.160000	811.000000
365.165000	798.000000
365.170000	799.000000
365.175000	656.000000
365.180000	818.000000
365.185000	732.000000
365.190000	755.000000
365.195000	723.000000
365.200000	851.000000
