Sample ID:		None
Start Time:		Fri Jun 19 2020 12:16:40 PM
Averaging Time:		1.000s

364.800000	61775.000000
364.805000	71970.000000
364.810000	98349.000000
364.815000	182168.000000
364.820000	283824.000000
364.825000	604464.000000
364.830000	440978.000000
364.835000	184722.000000
364.840000	115951.000000
364.845000	57401.000000
364.850000	39528.000000
364.855000	24524.000000
364.860000	14312.000000
364.865000	11071.000000
364.870000	9126.000000
364.875000	6328.000000
364.880000	5913.000000
364.885000	5313.000000
364.890000	4574.000000
364.895000	4465.000000
364.900000	4429.000000
364.905000	3601.000000
364.910000	3227.000000
364.915000	3426.000000
364.920000	2954.000000
364.925000	2690.000000
364.930000	2591.000000
364.935000	2780.000000
364.940000	2343.000000
364.945000	1818.000000
364.950000	1978.000000
364.955000	2000.000000
364.960000	1613.000000
364.965000	1917.000000
364.970000	1550.000000
364.975000	1419.000000
364.980000	1496.000000
364.985000	1345.000000
364.990000	1385.000000
364.995000	1418.000000
365.000000	1396.000000
365.005000	1031.000000
365.010000	973.000000
365.015000	835.000000
365.020000	983.000000
365.025000	981.000000
365.030000	931.000000
365.035000	961.000000
365.040000	948.000000
365.045000	864.000000
365.050000	851.000000
365.055000	985.000000
365.060000	849.000000
365.065000	1057.000000
365.070000	984.000000
365.075000	941.000000
365.080000	954.000000
365.085000	949.000000
365.090000	980.000000
365.095000	772.000000
365.100000	771.000000
365.105000	852.000000
365.110000	760.000000
365.115000	756.000000
365.120000	738.000000
365.125000	1010.000000
365.130000	778.000000
365.135000	873.000000
365.140000	803.000000
365.145000	791.000000
365.150000	730.000000
365.155000	772.000000
365.160000	640.000000
365.165000	737.000000
365.170000	791.000000
365.175000	804.000000
365.180000	842.000000
365.185000	823.000000
365.190000	922.000000
365.195000	927.000000
365.200000	793.000000
