Sample ID:		None
Start Time:		Fri Jun 19 2020 12:20:01 PM
Averaging Time:		1.000s

364.800000	75103.000000
364.805000	89410.000000
364.810000	158830.000000
364.815000	330250.000000
364.820000	636390.000000
364.825000	428531.000000
364.830000	169401.000000
364.835000	107738.000000
364.840000	61972.000000
364.845000	38444.000000
364.850000	23407.000000
364.855000	12589.000000
364.860000	9949.000000
364.865000	9019.000000
364.870000	6263.000000
364.875000	5610.000000
364.880000	5319.000000
364.885000	4941.000000
364.890000	4518.000000
364.895000	3989.000000
364.900000	4031.000000
364.905000	3323.000000
364.910000	3302.000000
364.915000	3170.000000
364.920000	2447.000000
364.925000	2403.000000
364.930000	2515.000000
364.935000	2352.000000
364.940000	2083.000000
364.945000	1891.000000
364.950000	1785.000000
364.955000	1694.000000
364.960000	1895.000000
364.965000	1542.000000
364.970000	1656.000000
364.975000	1406.000000
364.980000	1429.000000
364.985000	1130.000000
364.990000	1080.000000
364.995000	1226.000000
365.000000	1118.000000
365.005000	1087.000000
365.010000	990.000000
365.015000	1069.000000
365.020000	853.000000
365.025000	985.000000
365.030000	1008.000000
365.035000	943.000000
365.040000	1259.000000
365.045000	968.000000
365.050000	1133.000000
365.055000	985.000000
365.060000	976.000000
365.065000	873.000000
365.070000	828.000000
365.075000	983.000000
365.080000	816.000000
365.085000	995.000000
365.090000	779.000000
365.095000	984.000000
365.100000	828.000000
365.105000	806.000000
365.110000	796.000000
365.115000	684.000000
365.120000	812.000000
365.125000	850.000000
365.130000	972.000000
365.135000	766.000000
365.140000	827.000000
365.145000	848.000000
365.150000	685.000000
365.155000	749.000000
365.160000	874.000000
365.165000	834.000000
365.170000	893.000000
365.175000	792.000000
365.180000	808.000000
365.185000	764.000000
365.190000	792.000000
365.195000	837.000000
365.200000	855.000000
