Sample ID:		None
Start Time:		Fri Jun 19 2020 1:20:18 PM
Averaging Time:		1.000s

364.800000	3216.000000
364.805000	2599.000000
364.810000	2405.000000
364.815000	2157.000000
364.820000	2205.000000
364.825000	2071.000000
364.830000	2129.000000
364.835000	1974.000000
364.840000	2006.000000
364.845000	1670.000000
364.850000	1494.000000
364.855000	1463.000000
364.860000	1435.000000
364.865000	1354.000000
364.870000	1418.000000
364.875000	1253.000000
364.880000	1351.000000
364.885000	1129.000000
364.890000	1078.000000
364.895000	1041.000000
364.900000	822.000000
364.905000	961.000000
364.910000	944.000000
364.915000	981.000000
364.920000	867.000000
364.925000	981.000000
364.930000	942.000000
364.935000	1075.000000
364.940000	957.000000
364.945000	916.000000
364.950000	819.000000
364.955000	1001.000000
364.960000	978.000000
364.965000	835.000000
364.970000	1035.000000
364.975000	949.000000
364.980000	885.000000
364.985000	791.000000
364.990000	643.000000
364.995000	723.000000
365.000000	854.000000
365.005000	668.000000
365.010000	733.000000
365.015000	642.000000
365.020000	899.000000
365.025000	793.000000
365.030000	757.000000
365.035000	868.000000
365.040000	734.000000
365.045000	968.000000
365.050000	871.000000
365.055000	852.000000
365.060000	804.000000
365.065000	713.000000
365.070000	692.000000
365.075000	817.000000
365.080000	1049.000000
365.085000	902.000000
365.090000	1211.000000
365.095000	1140.000000
365.100000	1386.000000
365.105000	1834.000000
365.110000	2693.000000
365.115000	4013.000000
365.120000	5796.000000
365.125000	8676.000000
365.130000	10344.000000
365.135000	12634.000000
365.140000	15809.000000
365.145000	18969.000000
365.150000	20948.000000
365.155000	34382.000000
365.160000	58575.000000
365.165000	106164.000000
365.170000	135378.000000
365.175000	74773.000000
365.180000	37104.000000
365.185000	21703.000000
365.190000	11658.000000
365.195000	7950.000000
365.200000	5330.000000
