Sample ID:		None
Start Time:		Fri Jun 19 2020 11:09:40 AM
Averaging Time:		1.000s

364.800000	804.000000
364.805000	977.000000
364.810000	895.000000
364.815000	760.000000
364.820000	910.000000
364.825000	1080.000000
364.830000	1102.000000
364.835000	1038.000000
364.840000	1407.000000
364.845000	1462.000000
364.850000	1406.000000
364.855000	1532.000000
364.860000	1692.000000
364.865000	2411.000000
364.870000	2748.000000
364.875000	4331.000000
364.880000	6073.000000
364.885000	11303.000000
364.890000	17723.000000
364.895000	27267.000000
364.900000	37536.000000
364.905000	47546.000000
364.910000	61642.000000
364.915000	70123.000000
364.920000	84529.000000
364.925000	120543.000000
364.930000	166599.000000
364.935000	326613.000000
364.940000	641656.000000
364.945000	371166.000000
364.950000	194679.000000
364.955000	102260.000000
364.960000	57404.000000
364.965000	37651.000000
364.970000	23466.000000
364.975000	14350.000000
364.980000	10073.000000
364.985000	8254.000000
364.990000	6725.000000
364.995000	5966.000000
365.000000	4824.000000
365.005000	4785.000000
365.010000	4089.000000
365.015000	3851.000000
365.020000	3323.000000
365.025000	3929.000000
365.030000	3204.000000
365.035000	2812.000000
365.040000	2447.000000
365.045000	2784.000000
365.050000	2745.000000
365.055000	2327.000000
365.060000	2247.000000
365.065000	1815.000000
365.070000	1826.000000
365.075000	2285.000000
365.080000	1870.000000
365.085000	1356.000000
365.090000	1540.000000
365.095000	1395.000000
365.100000	1380.000000
365.105000	1449.000000
365.110000	1063.000000
365.115000	1379.000000
365.120000	1158.000000
365.125000	1073.000000
365.130000	930.000000
365.135000	1193.000000
365.140000	1014.000000
365.145000	1150.000000
365.150000	938.000000
365.155000	960.000000
365.160000	1066.000000
365.165000	1014.000000
365.170000	942.000000
365.175000	746.000000
365.180000	809.000000
365.185000	901.000000
365.190000	822.000000
365.195000	755.000000
365.200000	911.000000
