Sample ID:		None
Start Time:		Fri Jun 19 2020 11:36:28 AM
Averaging Time:		1.000s

364.800000	1408.000000
364.805000	1561.000000
364.810000	2135.000000
364.815000	2812.000000
364.820000	3840.000000
364.825000	6764.000000
364.830000	10859.000000
364.835000	19187.000000
364.840000	27896.000000
364.845000	36586.000000
364.850000	47613.000000
364.855000	61456.000000
364.860000	70903.000000
364.865000	84007.000000
364.870000	122559.000000
364.875000	184186.000000
364.880000	437174.000000
364.885000	658956.000000
364.890000	354404.000000
364.895000	167199.000000
364.900000	89932.000000
364.905000	60058.000000
364.910000	37907.000000
364.915000	22662.000000
364.920000	13526.000000
364.925000	10845.000000
364.930000	8357.000000
364.935000	6535.000000
364.940000	5892.000000
364.945000	5325.000000
364.950000	4663.000000
364.955000	4351.000000
364.960000	4230.000000
364.965000	3622.000000
364.970000	3517.000000
364.975000	3423.000000
364.980000	3091.000000
364.985000	2762.000000
364.990000	2924.000000
364.995000	2540.000000
365.000000	2308.000000
365.005000	2171.000000
365.010000	2137.000000
365.015000	1993.000000
365.020000	1899.000000
365.025000	1825.000000
365.030000	1552.000000
365.035000	1570.000000
365.040000	1713.000000
365.045000	1290.000000
365.050000	1380.000000
365.055000	1322.000000
365.060000	1092.000000
365.065000	1105.000000
365.070000	1244.000000
365.075000	868.000000
365.080000	1050.000000
365.085000	920.000000
365.090000	1063.000000
365.095000	931.000000
365.100000	1103.000000
365.105000	994.000000
365.110000	1004.000000
365.115000	1007.000000
365.120000	1049.000000
365.125000	909.000000
365.130000	895.000000
365.135000	1010.000000
365.140000	1017.000000
365.145000	808.000000
365.150000	851.000000
365.155000	939.000000
365.160000	850.000000
365.165000	1140.000000
365.170000	1033.000000
365.175000	739.000000
365.180000	904.000000
365.185000	682.000000
365.190000	769.000000
365.195000	913.000000
365.200000	897.000000
