Sample ID:		None
Start Time:		Fri Jun 19 2020 12:33:25 PM
Averaging Time:		1.000s

364.800000	480404.000000
364.805000	427929.000000
364.810000	185290.000000
364.815000	100496.000000
364.820000	57888.000000
364.825000	32318.000000
364.830000	20244.000000
364.835000	14623.000000
364.840000	10243.000000
364.845000	8229.000000
364.850000	6850.000000
364.855000	5570.000000
364.860000	4904.000000
364.865000	4488.000000
364.870000	3925.000000
364.875000	3922.000000
364.880000	3690.000000
364.885000	3295.000000
364.890000	3421.000000
364.895000	3025.000000
364.900000	2649.000000
364.905000	2311.000000
364.910000	2540.000000
364.915000	2269.000000
364.920000	1846.000000
364.925000	2371.000000
364.930000	2157.000000
364.935000	1511.000000
364.940000	1652.000000
364.945000	1539.000000
364.950000	1558.000000
364.955000	1216.000000
364.960000	1455.000000
364.965000	1361.000000
364.970000	1388.000000
364.975000	1097.000000
364.980000	919.000000
364.985000	996.000000
364.990000	1328.000000
364.995000	752.000000
365.000000	752.000000
365.005000	982.000000
365.010000	818.000000
365.015000	1064.000000
365.020000	1011.000000
365.025000	973.000000
365.030000	1118.000000
365.035000	1041.000000
365.040000	911.000000
365.045000	1077.000000
365.050000	921.000000
365.055000	957.000000
365.060000	812.000000
365.065000	861.000000
365.070000	959.000000
365.075000	681.000000
365.080000	809.000000
365.085000	987.000000
365.090000	810.000000
365.095000	737.000000
365.100000	934.000000
365.105000	812.000000
365.110000	796.000000
365.115000	753.000000
365.120000	809.000000
365.125000	574.000000
365.130000	809.000000
365.135000	889.000000
365.140000	1132.000000
365.145000	724.000000
365.150000	758.000000
365.155000	946.000000
365.160000	822.000000
365.165000	825.000000
365.170000	909.000000
365.175000	962.000000
365.180000	952.000000
365.185000	966.000000
365.190000	1519.000000
365.195000	1507.000000
365.200000	1928.000000
