Sample ID:		None
Start Time:		Fri Jun 19 2020 11:39:49 AM
Averaging Time:		1.000s

364.800000	1707.000000
364.805000	1929.000000
364.810000	3073.000000
364.815000	4504.000000
364.820000	7380.000000
364.825000	12204.000000
364.830000	19754.000000
364.835000	30291.000000
364.840000	38610.000000
364.845000	51631.000000
364.850000	67087.000000
364.855000	72012.000000
364.860000	86701.000000
364.865000	118565.000000
364.870000	219760.000000
364.875000	403158.000000
364.880000	639960.000000
364.885000	322627.000000
364.890000	167896.000000
364.895000	74367.000000
364.900000	56629.000000
364.905000	33246.000000
364.910000	18806.000000
364.915000	15105.000000
364.920000	10590.000000
364.925000	8686.000000
364.930000	6770.000000
364.935000	5875.000000
364.940000	5570.000000
364.945000	4641.000000
364.950000	4432.000000
364.955000	3751.000000
364.960000	3774.000000
364.965000	3516.000000
364.970000	3307.000000
364.975000	2702.000000
364.980000	2907.000000
364.985000	2320.000000
364.990000	2479.000000
364.995000	2213.000000
365.000000	2295.000000
365.005000	2223.000000
365.010000	2068.000000
365.015000	2015.000000
365.020000	1862.000000
365.025000	1783.000000
365.030000	1408.000000
365.035000	1364.000000
365.040000	1588.000000
365.045000	1454.000000
365.050000	1230.000000
365.055000	1177.000000
365.060000	1107.000000
365.065000	1214.000000
365.070000	1065.000000
365.075000	983.000000
365.080000	1010.000000
365.085000	897.000000
365.090000	944.000000
365.095000	948.000000
365.100000	862.000000
365.105000	915.000000
365.110000	838.000000
365.115000	874.000000
365.120000	858.000000
365.125000	1000.000000
365.130000	756.000000
365.135000	969.000000
365.140000	1000.000000
365.145000	1096.000000
365.150000	882.000000
365.155000	754.000000
365.160000	956.000000
365.165000	765.000000
365.170000	769.000000
365.175000	782.000000
365.180000	861.000000
365.185000	946.000000
365.190000	827.000000
365.195000	675.000000
365.200000	878.000000
