Sample ID:		None
Start Time:		Fri Jun 19 2020 12:53:30 PM
Averaging Time:		1.000s

364.800000	7303.000000
364.805000	6177.000000
364.810000	4957.000000
364.815000	4417.000000
364.820000	3585.000000
364.825000	3699.000000
364.830000	3433.000000
364.835000	3397.000000
364.840000	2890.000000
364.845000	3031.000000
364.850000	2607.000000
364.855000	2459.000000
364.860000	2508.000000
364.865000	2365.000000
364.870000	1986.000000
364.875000	1655.000000
364.880000	1622.000000
364.885000	1587.000000
364.890000	1733.000000
364.895000	1451.000000
364.900000	1386.000000
364.905000	1523.000000
364.910000	1486.000000
364.915000	1382.000000
364.920000	1219.000000
364.925000	971.000000
364.930000	924.000000
364.935000	1054.000000
364.940000	820.000000
364.945000	938.000000
364.950000	986.000000
364.955000	952.000000
364.960000	884.000000
364.965000	812.000000
364.970000	943.000000
364.975000	825.000000
364.980000	963.000000
364.985000	921.000000
364.990000	660.000000
364.995000	1005.000000
365.000000	894.000000
365.005000	773.000000
365.010000	857.000000
365.015000	760.000000
365.020000	970.000000
365.025000	911.000000
365.030000	705.000000
365.035000	1011.000000
365.040000	773.000000
365.045000	1016.000000
365.050000	946.000000
365.055000	779.000000
365.060000	966.000000
365.065000	781.000000
365.070000	820.000000
365.075000	796.000000
365.080000	704.000000
365.085000	768.000000
365.090000	806.000000
365.095000	892.000000
365.100000	627.000000
365.105000	730.000000
365.110000	910.000000
365.115000	903.000000
365.120000	904.000000
365.125000	1062.000000
365.130000	918.000000
365.135000	1063.000000
365.140000	1300.000000
365.145000	1779.000000
365.150000	2312.000000
365.155000	3790.000000
365.160000	5298.000000
365.165000	7755.000000
365.170000	8877.000000
365.175000	11464.000000
365.180000	14595.000000
365.185000	18167.000000
365.190000	19145.000000
365.195000	25914.000000
365.200000	45719.000000
