Sample ID:		None
Start Time:		Fri Jun 19 2020 12:30:04 PM
Averaging Time:		1.000s

364.800000	187891.000000
364.805000	633113.000000
364.810000	278614.000000
364.815000	196211.000000
364.820000	96672.000000
364.825000	48829.000000
364.830000	35030.000000
364.835000	23865.000000
364.840000	14785.000000
364.845000	10079.000000
364.850000	7968.000000
364.855000	6126.000000
364.860000	5582.000000
364.865000	5247.000000
364.870000	4964.000000
364.875000	4393.000000
364.880000	4064.000000
364.885000	4014.000000
364.890000	3299.000000
364.895000	3020.000000
364.900000	2635.000000
364.905000	2668.000000
364.910000	2475.000000
364.915000	2325.000000
364.920000	2260.000000
364.925000	1922.000000
364.930000	1999.000000
364.935000	1810.000000
364.940000	1713.000000
364.945000	1745.000000
364.950000	1628.000000
364.955000	1446.000000
364.960000	1464.000000
364.965000	1406.000000
364.970000	1325.000000
364.975000	1378.000000
364.980000	972.000000
364.985000	1038.000000
364.990000	1198.000000
364.995000	977.000000
365.000000	1151.000000
365.005000	957.000000
365.010000	820.000000
365.015000	798.000000
365.020000	908.000000
365.025000	990.000000
365.030000	789.000000
365.035000	945.000000
365.040000	1001.000000
365.045000	1068.000000
365.050000	1134.000000
365.055000	848.000000
365.060000	1133.000000
365.065000	995.000000
365.070000	848.000000
365.075000	868.000000
365.080000	854.000000
365.085000	804.000000
365.090000	717.000000
365.095000	923.000000
365.100000	714.000000
365.105000	708.000000
365.110000	757.000000
365.115000	762.000000
365.120000	852.000000
365.125000	1018.000000
365.130000	621.000000
365.135000	932.000000
365.140000	885.000000
365.145000	824.000000
365.150000	854.000000
365.155000	859.000000
365.160000	898.000000
365.165000	881.000000
365.170000	964.000000
365.175000	819.000000
365.180000	971.000000
365.185000	1011.000000
365.190000	1010.000000
365.195000	1254.000000
365.200000	1055.000000
