Sample ID:		None
Start Time:		Fri Jun 19 2020 10:53:24 AM
Averaging Time:		1.000s

364.800000	42432.000000
364.805000	60430.000000
364.810000	73198.000000
364.815000	93954.000000
364.820000	141934.000000
364.825000	218820.000000
364.830000	516136.000000
364.835000	427481.000000
364.840000	221640.000000
364.845000	141740.000000
364.850000	76771.000000
364.855000	38927.000000
364.860000	26996.000000
364.865000	17771.000000
364.870000	12065.000000
364.875000	8990.000000
364.880000	6903.000000
364.885000	6084.000000
364.890000	5471.000000
364.895000	4840.000000
364.900000	3997.000000
364.905000	4126.000000
364.910000	3832.000000
364.915000	3519.000000
364.920000	3251.000000
364.925000	3019.000000
364.930000	2647.000000
364.935000	2531.000000
364.940000	2492.000000
364.945000	2406.000000
364.950000	2305.000000
364.955000	2154.000000
364.960000	2158.000000
364.965000	1725.000000
364.970000	1721.000000
364.975000	1624.000000
364.980000	1571.000000
364.985000	1582.000000
364.990000	1597.000000
364.995000	1496.000000
365.000000	1286.000000
365.005000	1025.000000
365.010000	1157.000000
365.015000	1190.000000
365.020000	967.000000
365.025000	1068.000000
365.030000	945.000000
365.035000	786.000000
365.040000	1026.000000
365.045000	868.000000
365.050000	863.000000
365.055000	968.000000
365.060000	1074.000000
365.065000	984.000000
365.070000	1039.000000
365.075000	786.000000
365.080000	891.000000
365.085000	971.000000
365.090000	980.000000
365.095000	806.000000
365.100000	763.000000
365.105000	733.000000
365.110000	739.000000
365.115000	773.000000
365.120000	715.000000
365.125000	801.000000
365.130000	800.000000
365.135000	731.000000
365.140000	725.000000
365.145000	672.000000
365.150000	696.000000
365.155000	840.000000
365.160000	764.000000
365.165000	660.000000
365.170000	788.000000
365.175000	837.000000
365.180000	834.000000
365.185000	770.000000
365.190000	702.000000
365.195000	970.000000
365.200000	719.000000
