Sample ID:		None
Start Time:		Fri Jun 19 2020 10:59:28 AM
Averaging Time:		1.000s

364.800000	524.000000
364.805000	550.000000
364.810000	438.000000
364.815000	772.000000
364.820000	489.000000
364.825000	619.000000
364.830000	661.000000
364.835000	668.000000
364.840000	588.000000
364.845000	645.000000
364.850000	763.000000
364.855000	720.000000
364.860000	802.000000
364.865000	666.000000
364.870000	852.000000
364.875000	822.000000
364.880000	1019.000000
364.885000	723.000000
364.890000	1017.000000
364.895000	968.000000
364.900000	976.000000
364.905000	1112.000000
364.910000	1236.000000
364.915000	1265.000000
364.920000	1432.000000
364.925000	1886.000000
364.930000	2250.000000
364.935000	3309.000000
364.940000	4555.000000
364.945000	6662.000000
364.950000	12106.000000
364.955000	18763.000000
364.960000	26213.000000
364.965000	35992.000000
364.970000	50930.000000
364.975000	63281.000000
364.980000	68058.000000
364.985000	82461.000000
364.990000	117146.000000
364.995000	195195.000000
365.000000	344522.000000
365.005000	649393.000000
365.010000	308095.000000
365.015000	154402.000000
365.020000	88418.000000
365.025000	54681.000000
365.030000	32533.000000
365.035000	19103.000000
365.040000	13455.000000
365.045000	9724.000000
365.050000	7688.000000
365.055000	6402.000000
365.060000	6063.000000
365.065000	5119.000000
365.070000	4578.000000
365.075000	4281.000000
365.080000	4090.000000
365.085000	3642.000000
365.090000	3004.000000
365.095000	3353.000000
365.100000	2994.000000
365.105000	2477.000000
365.110000	2487.000000
365.115000	2379.000000
365.120000	2415.000000
365.125000	2199.000000
365.130000	1885.000000
365.135000	1874.000000
365.140000	1926.000000
365.145000	1730.000000
365.150000	1688.000000
365.155000	1614.000000
365.160000	1546.000000
365.165000	1318.000000
365.170000	1374.000000
365.175000	1382.000000
365.180000	1292.000000
365.185000	871.000000
365.190000	1171.000000
365.195000	986.000000
365.200000	744.000000
