Sample ID:		None
Start Time:		Fri Jun 19 2020 1:16:57 PM
Averaging Time:		1.000s

364.800000	3523.000000
364.805000	2927.000000
364.810000	2731.000000
364.815000	2568.000000
364.820000	2587.000000
364.825000	2280.000000
364.830000	1984.000000
364.835000	2413.000000
364.840000	1764.000000
364.845000	1951.000000
364.850000	1773.000000
364.855000	1537.000000
364.860000	1317.000000
364.865000	1423.000000
364.870000	1612.000000
364.875000	1291.000000
364.880000	1184.000000
364.885000	1104.000000
364.890000	974.000000
364.895000	1169.000000
364.900000	1113.000000
364.905000	933.000000
364.910000	992.000000
364.915000	853.000000
364.920000	914.000000
364.925000	1070.000000
364.930000	1068.000000
364.935000	759.000000
364.940000	1018.000000
364.945000	950.000000
364.950000	959.000000
364.955000	775.000000
364.960000	884.000000
364.965000	1093.000000
364.970000	771.000000
364.975000	943.000000
364.980000	799.000000
364.985000	851.000000
364.990000	880.000000
364.995000	892.000000
365.000000	982.000000
365.005000	891.000000
365.010000	745.000000
365.015000	703.000000
365.020000	891.000000
365.025000	741.000000
365.030000	899.000000
365.035000	711.000000
365.040000	794.000000
365.045000	724.000000
365.050000	658.000000
365.055000	770.000000
365.060000	927.000000
365.065000	810.000000
365.070000	836.000000
365.075000	791.000000
365.080000	738.000000
365.085000	791.000000
365.090000	859.000000
365.095000	998.000000
365.100000	1308.000000
365.105000	1781.000000
365.110000	2033.000000
365.115000	2753.000000
365.120000	4052.000000
365.125000	6581.000000
365.130000	8431.000000
365.135000	10408.000000
365.140000	12801.000000
365.145000	15969.000000
365.150000	17667.000000
365.155000	21258.000000
365.160000	32321.000000
365.165000	52408.000000
365.170000	94549.000000
365.175000	130170.000000
365.180000	82575.000000
365.185000	41721.000000
365.190000	22284.000000
365.195000	14428.000000
365.200000	9754.000000
