Sample ID:		None
Start Time:		Fri Jun 19 2020 1:23:39 PM
Averaging Time:		1.000s

364.800000	3015.000000
364.805000	2832.000000
364.810000	2537.000000
364.815000	2276.000000
364.820000	2272.000000
364.825000	1803.000000
364.830000	1949.000000
364.835000	1771.000000
364.840000	1644.000000
364.845000	1794.000000
364.850000	1562.000000
364.855000	1555.000000
364.860000	1265.000000
364.865000	1373.000000
364.870000	1310.000000
364.875000	1030.000000
364.880000	1152.000000
364.885000	957.000000
364.890000	981.000000
364.895000	851.000000
364.900000	1084.000000
364.905000	985.000000
364.910000	862.000000
364.915000	908.000000
364.920000	879.000000
364.925000	862.000000
364.930000	937.000000
364.935000	974.000000
364.940000	1089.000000
364.945000	933.000000
364.950000	1115.000000
364.955000	829.000000
364.960000	968.000000
364.965000	716.000000
364.970000	879.000000
364.975000	803.000000
364.980000	963.000000
364.985000	755.000000
364.990000	899.000000
364.995000	736.000000
365.000000	656.000000
365.005000	768.000000
365.010000	975.000000
365.015000	840.000000
365.020000	869.000000
365.025000	667.000000
365.030000	981.000000
365.035000	723.000000
365.040000	671.000000
365.045000	906.000000
365.050000	827.000000
365.055000	846.000000
365.060000	901.000000
365.065000	860.000000
365.070000	801.000000
365.075000	1044.000000
365.080000	1003.000000
365.085000	1159.000000
365.090000	1114.000000
365.095000	1432.000000
365.100000	2206.000000
365.105000	2706.000000
365.110000	3568.000000
365.115000	6037.000000
365.120000	9197.000000
365.125000	11072.000000
365.130000	12882.000000
365.135000	17347.000000
365.140000	19279.000000
365.145000	24001.000000
365.150000	38451.000000
365.155000	63313.000000
365.160000	119368.000000
365.165000	123444.000000
365.170000	67258.000000
365.175000	32058.000000
365.180000	16644.000000
365.185000	11714.000000
365.190000	8241.000000
365.195000	5001.000000
365.200000	3094.000000
