Sample ID:		None
Start Time:		Fri Jun 19 2020 11:13:01 AM
Averaging Time:		1.000s

364.800000	866.000000
364.805000	736.000000
364.810000	939.000000
364.815000	811.000000
364.820000	980.000000
364.825000	1033.000000
364.830000	1257.000000
364.835000	1327.000000
364.840000	1402.000000
364.845000	1346.000000
364.850000	1647.000000
364.855000	2172.000000
364.860000	2638.000000
364.865000	4169.000000
364.870000	6967.000000
364.875000	11180.000000
364.880000	19061.000000
364.885000	26321.000000
364.890000	35172.000000
364.895000	47515.000000
364.900000	64263.000000
364.905000	68639.000000
364.910000	91746.000000
364.915000	126528.000000
364.920000	152110.000000
364.925000	295407.000000
364.930000	642971.000000
364.935000	406716.000000
364.940000	199111.000000
364.945000	100035.000000
364.950000	57536.000000
364.955000	36595.000000
364.960000	22636.000000
364.965000	14918.000000
364.970000	10176.000000
364.975000	7155.000000
364.980000	6790.000000
364.985000	6449.000000
364.990000	5178.000000
364.995000	4538.000000
365.000000	4361.000000
365.005000	4235.000000
365.010000	3989.000000
365.015000	3153.000000
365.020000	2938.000000
365.025000	2798.000000
365.030000	2586.000000
365.035000	2451.000000
365.040000	2330.000000
365.045000	2128.000000
365.050000	2340.000000
365.055000	1897.000000
365.060000	2092.000000
365.065000	1986.000000
365.070000	1843.000000
365.075000	1501.000000
365.080000	1567.000000
365.085000	1205.000000
365.090000	1406.000000
365.095000	1328.000000
365.100000	1459.000000
365.105000	1202.000000
365.110000	1058.000000
365.115000	1040.000000
365.120000	1110.000000
365.125000	1097.000000
365.130000	957.000000
365.135000	951.000000
365.140000	909.000000
365.145000	1089.000000
365.150000	974.000000
365.155000	1079.000000
365.160000	1189.000000
365.165000	1073.000000
365.170000	939.000000
365.175000	1057.000000
365.180000	923.000000
365.185000	840.000000
365.190000	965.000000
365.195000	932.000000
365.200000	1007.000000
