Sample ID:		None
Start Time:		Fri Jun 19 2020 12:03:16 PM
Averaging Time:		1.000s

364.800000	22706.000000
364.805000	33090.000000
364.810000	45260.000000
364.815000	65310.000000
364.820000	70606.000000
364.825000	82167.000000
364.830000	131038.000000
364.835000	184439.000000
364.840000	353876.000000
364.845000	643585.000000
364.850000	263105.000000
364.855000	170422.000000
364.860000	100207.000000
364.865000	56499.000000
364.870000	36248.000000
364.875000	22868.000000
364.880000	14480.000000
364.885000	10277.000000
364.890000	8101.000000
364.895000	6727.000000
364.900000	6063.000000
364.905000	4997.000000
364.910000	4638.000000
364.915000	4509.000000
364.920000	4374.000000
364.925000	3851.000000
364.930000	3235.000000
364.935000	3257.000000
364.940000	2824.000000
364.945000	2702.000000
364.950000	2600.000000
364.955000	2398.000000
364.960000	2662.000000
364.965000	2187.000000
364.970000	1827.000000
364.975000	1856.000000
364.980000	1659.000000
364.985000	1799.000000
364.990000	1486.000000
364.995000	1638.000000
365.000000	1440.000000
365.005000	1481.000000
365.010000	1295.000000
365.015000	1128.000000
365.020000	1249.000000
365.025000	1031.000000
365.030000	869.000000
365.035000	1061.000000
365.040000	931.000000
365.045000	859.000000
365.050000	1072.000000
365.055000	848.000000
365.060000	1092.000000
365.065000	994.000000
365.070000	957.000000
365.075000	883.000000
365.080000	959.000000
365.085000	953.000000
365.090000	945.000000
365.095000	1043.000000
365.100000	974.000000
365.105000	973.000000
365.110000	853.000000
365.115000	1020.000000
365.120000	821.000000
365.125000	853.000000
365.130000	816.000000
365.135000	812.000000
365.140000	749.000000
365.145000	850.000000
365.150000	693.000000
365.155000	692.000000
365.160000	770.000000
365.165000	803.000000
365.170000	712.000000
365.175000	634.000000
365.180000	794.000000
365.185000	824.000000
365.190000	829.000000
365.195000	928.000000
365.200000	734.000000
