Sample ID:		None
Start Time:		Fri Jun 19 2020 12:26:43 PM
Averaging Time:		1.000s

364.800000	138488.000000
364.805000	249413.000000
364.810000	644959.000000
364.815000	367993.000000
364.820000	169098.000000
364.825000	93295.000000
364.830000	47448.000000
364.835000	33979.000000
364.840000	22462.000000
364.845000	13956.000000
364.850000	8941.000000
364.855000	8080.000000
364.860000	7005.000000
364.865000	5625.000000
364.870000	4925.000000
364.875000	4560.000000
364.880000	3887.000000
364.885000	3624.000000
364.890000	3715.000000
364.895000	3292.000000
364.900000	3130.000000
364.905000	3386.000000
364.910000	2619.000000
364.915000	2685.000000
364.920000	2815.000000
364.925000	2319.000000
364.930000	2068.000000
364.935000	1849.000000
364.940000	1906.000000
364.945000	1894.000000
364.950000	1818.000000
364.955000	1584.000000
364.960000	1563.000000
364.965000	1687.000000
364.970000	1417.000000
364.975000	1453.000000
364.980000	1156.000000
364.985000	1118.000000
364.990000	1165.000000
364.995000	1263.000000
365.000000	957.000000
365.005000	1179.000000
365.010000	1017.000000
365.015000	1095.000000
365.020000	980.000000
365.025000	1079.000000
365.030000	1067.000000
365.035000	1108.000000
365.040000	1147.000000
365.045000	953.000000
365.050000	961.000000
365.055000	836.000000
365.060000	908.000000
365.065000	942.000000
365.070000	967.000000
365.075000	768.000000
365.080000	844.000000
365.085000	887.000000
365.090000	806.000000
365.095000	750.000000
365.100000	865.000000
365.105000	887.000000
365.110000	968.000000
365.115000	881.000000
365.120000	704.000000
365.125000	845.000000
365.130000	630.000000
365.135000	744.000000
365.140000	900.000000
365.145000	838.000000
365.150000	863.000000
365.155000	1156.000000
365.160000	1008.000000
365.165000	813.000000
365.170000	1014.000000
365.175000	858.000000
365.180000	831.000000
365.185000	900.000000
365.190000	808.000000
365.195000	888.000000
365.200000	1236.000000
