Sample ID:		None
Start Time:		Fri Jun 19 2020 12:06:37 PM
Averaging Time:		1.000s

364.800000	22765.000000
364.805000	37405.000000
364.810000	51671.000000
364.815000	68627.000000
364.820000	75596.000000
364.825000	88316.000000
364.830000	131604.000000
364.835000	256422.000000
364.840000	576196.000000
364.845000	506636.000000
364.850000	249192.000000
364.855000	138092.000000
364.860000	80243.000000
364.865000	45628.000000
364.870000	29691.000000
364.875000	18668.000000
364.880000	11926.000000
364.885000	10058.000000
364.890000	7978.000000
364.895000	6330.000000
364.900000	5633.000000
364.905000	5385.000000
364.910000	4549.000000
364.915000	4268.000000
364.920000	3874.000000
364.925000	3403.000000
364.930000	3129.000000
364.935000	3253.000000
364.940000	3004.000000
364.945000	2713.000000
364.950000	2385.000000
364.955000	2369.000000
364.960000	2035.000000
364.965000	1962.000000
364.970000	1907.000000
364.975000	1876.000000
364.980000	1788.000000
364.985000	1765.000000
364.990000	1456.000000
364.995000	1425.000000
365.000000	1390.000000
365.005000	1292.000000
365.010000	1358.000000
365.015000	1200.000000
365.020000	1262.000000
365.025000	1136.000000
365.030000	964.000000
365.035000	1129.000000
365.040000	952.000000
365.045000	963.000000
365.050000	912.000000
365.055000	1037.000000
365.060000	1067.000000
365.065000	1010.000000
365.070000	909.000000
365.075000	1009.000000
365.080000	992.000000
365.085000	859.000000
365.090000	847.000000
365.095000	858.000000
365.100000	919.000000
365.105000	761.000000
365.110000	1102.000000
365.115000	775.000000
365.120000	1012.000000
365.125000	872.000000
365.130000	716.000000
365.135000	719.000000
365.140000	634.000000
365.145000	782.000000
365.150000	770.000000
365.155000	791.000000
365.160000	896.000000
365.165000	842.000000
365.170000	736.000000
365.175000	876.000000
365.180000	991.000000
365.185000	748.000000
365.190000	861.000000
365.195000	797.000000
365.200000	904.000000
