Sample ID:		None
Start Time:		Fri Jun 19 2020 11:56:34 AM
Averaging Time:		1.000s

364.800000	7387.000000
364.805000	12783.000000
364.810000	23975.000000
364.815000	35856.000000
364.820000	46904.000000
364.825000	59268.000000
364.830000	70352.000000
364.835000	82504.000000
364.840000	115302.000000
364.845000	156373.000000
364.850000	330846.000000
364.855000	652054.000000
364.860000	386511.000000
364.865000	199898.000000
364.870000	106575.000000
364.875000	63105.000000
364.880000	37277.000000
364.885000	26996.000000
364.890000	15617.000000
364.895000	10896.000000
364.900000	8507.000000
364.905000	7387.000000
364.910000	5964.000000
364.915000	5281.000000
364.920000	4592.000000
364.925000	4190.000000
364.930000	3685.000000
364.935000	3660.000000
364.940000	3263.000000
364.945000	3071.000000
364.950000	3208.000000
364.955000	2588.000000
364.960000	3008.000000
364.965000	2537.000000
364.970000	2340.000000
364.975000	2136.000000
364.980000	2069.000000
364.985000	1884.000000
364.990000	1994.000000
364.995000	1797.000000
365.000000	1385.000000
365.005000	1332.000000
365.010000	1618.000000
365.015000	1485.000000
365.020000	1334.000000
365.025000	1038.000000
365.030000	1307.000000
365.035000	1196.000000
365.040000	1178.000000
365.045000	1049.000000
365.050000	898.000000
365.055000	940.000000
365.060000	918.000000
365.065000	998.000000
365.070000	1060.000000
365.075000	960.000000
365.080000	1086.000000
365.085000	952.000000
365.090000	837.000000
365.095000	874.000000
365.100000	782.000000
365.105000	810.000000
365.110000	952.000000
365.115000	875.000000
365.120000	885.000000
365.125000	915.000000
365.130000	829.000000
365.135000	883.000000
365.140000	905.000000
365.145000	817.000000
365.150000	731.000000
365.155000	875.000000
365.160000	969.000000
365.165000	906.000000
365.170000	854.000000
365.175000	878.000000
365.180000	901.000000
365.185000	809.000000
365.190000	966.000000
365.195000	834.000000
365.200000	747.000000
