Sample ID:		None
Start Time:		Fri Jun 19 2020 1:26:59 PM
Averaging Time:		1.000s

364.800000	2874.000000
364.805000	2366.000000
364.810000	2371.000000
364.815000	2152.000000
364.820000	1893.000000
364.825000	1886.000000
364.830000	1950.000000
364.835000	1789.000000
364.840000	1661.000000
364.845000	1529.000000
364.850000	1437.000000
364.855000	1572.000000
364.860000	1148.000000
364.865000	1116.000000
364.870000	1336.000000
364.875000	1008.000000
364.880000	1049.000000
364.885000	1063.000000
364.890000	1166.000000
364.895000	1001.000000
364.900000	983.000000
364.905000	939.000000
364.910000	948.000000
364.915000	870.000000
364.920000	995.000000
364.925000	961.000000
364.930000	786.000000
364.935000	966.000000
364.940000	813.000000
364.945000	941.000000
364.950000	962.000000
364.955000	787.000000
364.960000	894.000000
364.965000	792.000000
364.970000	905.000000
364.975000	908.000000
364.980000	820.000000
364.985000	721.000000
364.990000	793.000000
364.995000	661.000000
365.000000	946.000000
365.005000	919.000000
365.010000	846.000000
365.015000	747.000000
365.020000	971.000000
365.025000	786.000000
365.030000	859.000000
365.035000	731.000000
365.040000	823.000000
365.045000	820.000000
365.050000	712.000000
365.055000	801.000000
365.060000	878.000000
365.065000	874.000000
365.070000	804.000000
365.075000	832.000000
365.080000	974.000000
365.085000	1027.000000
365.090000	1564.000000
365.095000	1980.000000
365.100000	2286.000000
365.105000	3825.000000
365.110000	5024.000000
365.115000	7090.000000
365.120000	9670.000000
365.125000	12435.000000
365.130000	14444.000000
365.135000	17515.000000
365.140000	20303.000000
365.145000	29164.000000
365.150000	52141.000000
365.155000	79725.000000
365.160000	139845.000000
365.165000	76013.000000
365.170000	52350.000000
365.175000	29289.000000
365.180000	15216.000000
365.185000	10147.000000
365.190000	5713.000000
365.195000	4228.000000
365.200000	2903.000000
