Sample ID:		None
Start Time:		Fri Jun 19 2020 11:49:52 AM
Averaging Time:		1.000s

364.800000	3972.000000
364.805000	6176.000000
364.810000	11406.000000
364.815000	18819.000000
364.820000	31165.000000
364.825000	38363.000000
364.830000	53854.000000
364.835000	64525.000000
364.840000	75097.000000
364.845000	86282.000000
364.850000	124118.000000
364.855000	204469.000000
364.860000	586710.000000
364.865000	573905.000000
364.870000	251488.000000
364.875000	140572.000000
364.880000	80599.000000
364.885000	50805.000000
364.890000	32227.000000
364.895000	18217.000000
364.900000	11152.000000
364.905000	9591.000000
364.910000	7664.000000
364.915000	6288.000000
364.920000	5986.000000
364.925000	5370.000000
364.930000	4466.000000
364.935000	4090.000000
364.940000	4078.000000
364.945000	3825.000000
364.950000	3403.000000
364.955000	3061.000000
364.960000	3097.000000
364.965000	2537.000000
364.970000	2588.000000
364.975000	2236.000000
364.980000	2511.000000
364.985000	2390.000000
364.990000	2088.000000
364.995000	1911.000000
365.000000	1788.000000
365.005000	1795.000000
365.010000	1554.000000
365.015000	1421.000000
365.020000	1421.000000
365.025000	1392.000000
365.030000	1252.000000
365.035000	1249.000000
365.040000	1055.000000
365.045000	1075.000000
365.050000	1040.000000
365.055000	877.000000
365.060000	952.000000
365.065000	996.000000
365.070000	1016.000000
365.075000	1016.000000
365.080000	1036.000000
365.085000	1054.000000
365.090000	993.000000
365.095000	1062.000000
365.100000	940.000000
365.105000	935.000000
365.110000	879.000000
365.115000	1000.000000
365.120000	985.000000
365.125000	1030.000000
365.130000	983.000000
365.135000	894.000000
365.140000	826.000000
365.145000	983.000000
365.150000	910.000000
365.155000	781.000000
365.160000	828.000000
365.165000	778.000000
365.170000	948.000000
365.175000	830.000000
365.180000	844.000000
365.185000	587.000000
365.190000	848.000000
365.195000	911.000000
365.200000	694.000000
