Sample ID:		None
Start Time:		Fri Jun 19 2020 11:33:07 AM
Averaging Time:		1.000s

364.800000	1301.000000
364.805000	1367.000000
364.810000	1991.000000
364.815000	2140.000000
364.820000	2742.000000
364.825000	5025.000000
364.830000	7170.000000
364.835000	10863.000000
364.840000	17984.000000
364.845000	27691.000000
364.850000	37155.000000
364.855000	50352.000000
364.860000	63182.000000
364.865000	72483.000000
364.870000	85096.000000
364.875000	116614.000000
364.880000	178172.000000
364.885000	481017.000000
364.890000	659562.000000
364.895000	342062.000000
364.900000	175942.000000
364.905000	93611.000000
364.910000	48298.000000
364.915000	34338.000000
364.920000	21196.000000
364.925000	13027.000000
364.930000	10653.000000
364.935000	8486.000000
364.940000	7040.000000
364.945000	6044.000000
364.950000	4705.000000
364.955000	5005.000000
364.960000	3950.000000
364.965000	4050.000000
364.970000	3886.000000
364.975000	3356.000000
364.980000	3309.000000
364.985000	2693.000000
364.990000	2567.000000
364.995000	2537.000000
365.000000	2224.000000
365.005000	2329.000000
365.010000	2022.000000
365.015000	1938.000000
365.020000	1979.000000
365.025000	1702.000000
365.030000	1773.000000
365.035000	1670.000000
365.040000	1548.000000
365.045000	1283.000000
365.050000	1371.000000
365.055000	1261.000000
365.060000	1207.000000
365.065000	1317.000000
365.070000	1070.000000
365.075000	949.000000
365.080000	955.000000
365.085000	840.000000
365.090000	950.000000
365.095000	831.000000
365.100000	997.000000
365.105000	1169.000000
365.110000	969.000000
365.115000	1029.000000
365.120000	957.000000
365.125000	1079.000000
365.130000	982.000000
365.135000	981.000000
365.140000	926.000000
365.145000	982.000000
365.150000	850.000000
365.155000	798.000000
365.160000	832.000000
365.165000	963.000000
365.170000	660.000000
365.175000	915.000000
365.180000	766.000000
365.185000	732.000000
365.190000	675.000000
365.195000	874.000000
365.200000	936.000000
