Sample ID:		None
Start Time:		Fri Jun 19 2020 11:19:43 AM
Averaging Time:		1.000s

364.800000	982.000000
364.805000	1165.000000
364.810000	1296.000000
364.815000	1161.000000
364.820000	1267.000000
364.825000	1442.000000
364.830000	1998.000000
364.835000	2292.000000
364.840000	2939.000000
364.845000	4016.000000
364.850000	6521.000000
364.855000	11396.000000
364.860000	18150.000000
364.865000	28346.000000
364.870000	34942.000000
364.875000	47891.000000
364.880000	61705.000000
364.885000	73016.000000
364.890000	83392.000000
364.895000	112105.000000
364.900000	171802.000000
364.905000	457141.000000
364.910000	654125.000000
364.915000	381136.000000
364.920000	159070.000000
364.925000	96523.000000
364.930000	56058.000000
364.935000	35991.000000
364.940000	21724.000000
364.945000	13192.000000
364.950000	10606.000000
364.955000	8235.000000
364.960000	6509.000000
364.965000	6004.000000
364.970000	5499.000000
364.975000	5066.000000
364.980000	4443.000000
364.985000	3450.000000
364.990000	3830.000000
364.995000	3378.000000
365.000000	3168.000000
365.005000	2724.000000
365.010000	2743.000000
365.015000	2677.000000
365.020000	2363.000000
365.025000	2023.000000
365.030000	2154.000000
365.035000	1957.000000
365.040000	1937.000000
365.045000	1759.000000
365.050000	1738.000000
365.055000	1694.000000
365.060000	1621.000000
365.065000	1422.000000
365.070000	1706.000000
