Sample ID:		None
Start Time:		Fri Jun 19 2020 11:59:55 AM
Averaging Time:		1.000s

364.800000	15290.000000
364.805000	22322.000000
364.810000	38350.000000
364.815000	49050.000000
364.820000	60935.000000
364.825000	73284.000000
364.830000	86783.000000
364.835000	138764.000000
364.840000	177121.000000
364.845000	407891.000000
364.850000	515683.000000
364.855000	294808.000000
364.860000	171681.000000
364.865000	93086.000000
364.870000	44210.000000
364.875000	34914.000000
364.880000	22905.000000
364.885000	12548.000000
364.890000	10105.000000
364.895000	8411.000000
364.900000	6438.000000
364.905000	5457.000000
364.910000	5546.000000
364.915000	4257.000000
364.920000	4565.000000
364.925000	4063.000000
364.930000	3705.000000
364.935000	3436.000000
364.940000	3241.000000
364.945000	2794.000000
364.950000	2614.000000
364.955000	2647.000000
364.960000	2554.000000
364.965000	2175.000000
364.970000	2189.000000
364.975000	2060.000000
364.980000	1817.000000
364.985000	1660.000000
364.990000	1563.000000
364.995000	1527.000000
365.000000	1497.000000
365.005000	1310.000000
365.010000	1554.000000
365.015000	1285.000000
365.020000	1281.000000
365.025000	961.000000
365.030000	1062.000000
365.035000	1178.000000
365.040000	920.000000
365.045000	963.000000
365.050000	1031.000000
365.055000	1209.000000
365.060000	839.000000
365.065000	1039.000000
365.070000	887.000000
365.075000	1015.000000
365.080000	937.000000
365.085000	953.000000
365.090000	980.000000
365.095000	884.000000
365.100000	969.000000
365.105000	939.000000
365.110000	798.000000
365.115000	1044.000000
365.120000	693.000000
365.125000	894.000000
365.130000	905.000000
365.135000	789.000000
365.140000	776.000000
365.145000	785.000000
365.150000	904.000000
365.155000	724.000000
365.160000	807.000000
365.165000	913.000000
365.170000	700.000000
365.175000	1028.000000
365.180000	898.000000
365.185000	683.000000
365.190000	757.000000
365.195000	838.000000
365.200000	724.000000
