Sample ID:		None
Start Time:		Fri Jun 19 2020 12:50:10 PM
Averaging Time:		1.000s

364.800000	9912.000000
364.805000	7586.000000
364.810000	5777.000000
364.815000	5179.000000
364.820000	4898.000000
364.825000	4169.000000
364.830000	3994.000000
364.835000	3858.000000
364.840000	3407.000000
364.845000	3502.000000
364.850000	3115.000000
364.855000	2765.000000
364.860000	2532.000000
364.865000	2708.000000
364.870000	2605.000000
364.875000	2108.000000
364.880000	1948.000000
364.885000	1886.000000
364.890000	1995.000000
364.895000	1691.000000
364.900000	1800.000000
364.905000	1549.000000
364.910000	1173.000000
364.915000	1364.000000
364.920000	1073.000000
364.925000	1355.000000
364.930000	1373.000000
364.935000	1173.000000
364.940000	974.000000
364.945000	942.000000
364.950000	972.000000
364.955000	764.000000
364.960000	853.000000
364.965000	967.000000
364.970000	1019.000000
364.975000	974.000000
364.980000	982.000000
364.985000	911.000000
364.990000	995.000000
364.995000	1098.000000
365.000000	876.000000
365.005000	841.000000
365.010000	951.000000
365.015000	944.000000
365.020000	877.000000
365.025000	851.000000
365.030000	739.000000
365.035000	759.000000
365.040000	916.000000
365.045000	884.000000
365.050000	721.000000
365.055000	735.000000
365.060000	919.000000
365.065000	1023.000000
365.070000	858.000000
365.075000	979.000000
365.080000	899.000000
365.085000	852.000000
365.090000	828.000000
365.095000	866.000000
365.100000	923.000000
365.105000	858.000000
365.110000	1053.000000
365.115000	767.000000
365.120000	876.000000
365.125000	996.000000
365.130000	836.000000
365.135000	931.000000
365.140000	951.000000
365.145000	1135.000000
365.150000	1287.000000
365.155000	1655.000000
365.160000	2241.000000
365.165000	3749.000000
365.170000	4984.000000
365.175000	7595.000000
365.180000	10069.000000
365.185000	12360.000000
365.190000	14551.000000
365.195000	18486.000000
365.200000	20710.000000
