0,1,2,3,4,5,6,7,8
-0.2729139664173231,-0.12144012020732006,-0.0671802828054531,-0.183182380748923,-0.08978604180988575,-0.053129260829056564,-0.10601776658531828,-0.05996610199876478,-0.03861450016127464
-0.27082845771313757,-0.12086174275184708,-0.06694736347008776,-0.18237662779261465,-0.08952527441800295,-0.053012385679746976,-0.10587228650841946,-0.05989917392072994,-0.038578950771552364
-0.26877603527904614,-0.12029005281830879,-0.06671670520711986,-0.18157643271657745,-0.08926592623413265,-0.052896050618601045,-0.10572535806756361,-0.05983173633498111,-0.03854315199806636
-0.2667559043765173,-0.11972492148185815,-0.06648826873708805,-0.1807817888278618,-0.08900799554557268,-0.05278025560580478,-0.10557701948840292,-0.05976380637678863,-0.03850711254717021
-0.2647672957778081,-0.1191662232747181,-0.06626201577890942,-0.1799926868574797,-0.08875148005800976,-0.0526650003673164,-0.10542730875347056,-0.05969540089021714,-0.038470840951360274
-0.2628094646036729,-0.11861383612657621,-0.06603790903497764,-0.17920911512897453,-0.08849637693649812,-0.052550284409302275,-0.1052762635723296,-0.05962653642315445,-0.03843434556840812
-0.2608816894888982,-0.1180676412453755,-0.06581591214645938,-0.17843105972047069,-0.08824268284271194,-0.05243610703373606,-0.10512392135394416,-0.059557229223249596,-0.03839763458089847
-0.25898327156902406,-0.11752752302790723,-0.06559598964859084,-0.17765850461741078,-0.08799039397126718,-0.05232246735213604,-0.1049703191812108,-0.05948749523476685,-0.03836071599616822
-0.25711353358627403,-0.11699336888099746,-0.06537810695577692,-0.17689143185318554,-0.08773950608231784,-0.052209364299301994,-0.10481549378754908,-0.05941735009618923,-0.03832359764660913
-0.2552718191743001,-0.11646506919170457,-0.06516223034668997,-0.17612982164650334,-0.08749001453461788,-0.052096796644724046,-0.10465948153542134,-0.059346809138601665,-0.038286287190266846
