0,1,2,3,4,5,6,7,8
-0.23985848608614052,-0.11195707287098003,-0.06330443437803812,-0.16951713532769228,-0.0853064961903142,-0.051107510101853854,-0.10320775649072204,-0.058696505923911,-0.03794302714167063
-0.23210606220365615,-0.10962843817676146,-0.06233350676704481,-0.16602642291273095,-0.08414041560998842,-0.05057607365247142,-0.10237003227478939,-0.05832553069566303,-0.03774765512620043
-0.2248594820201501,-0.10741251503134805,-0.0614022423367603,-0.1626611873349278,-0.08300670294481048,-0.05005722662956727,-0.10151489331463866,-0.0579494878736964,-0.03754984988313545
-0.2180700015425786,-0.10530050347949105,-0.06050785185803009,-0.1594169106339208,-0.08190433596231698,-0.049550626867556014,-0.10064580737403805,-0.05756963912371748,-0.037350218569735916
-0.21169499118627158,-0.10328455043042735,-0.05964782643724513,-0.1562889262111961,-0.08083226217160656,-0.04905591623309348,-0.09976592329860279,-0.05718709121389702,-0.03714928978013014
-0.20569700306655014,-0.10135762119496897,-0.05881990114260745,-0.1532725213030457,-0.07978942060162039,-0.04857272923957837,-0.09887808106601764,-0.05680281072872323,-0.036947522176815906
-0.20004300393165197,-0.0995133916681512,-0.058022024263034586,-0.15036301137088906,-0.07877475735166771,-0.04810069925045879,-0.09798482704060492,-0.05641763861409211,-0.036745312642731925
-0.1947037408352002,-0.0977461576631172,-0.05725233137268852,-0.1475557933156482,-0.07778723653888983,-0.04763946290604118,-0.09708843238363563,-0.0560323040398739,-0.036543003785466405
-0.18965321315826025,-0.09605075793917019,-0.056509123158047944,-0.144846382742758,-0.07682584784011079,-0.047188663234457355,-0.09619091311380303,-0.05564743728916304,-0.036340890722606434
-0.18486823093892182,-0.09442250876332359,-0.05579084647853208,-0.14223043923197415,-0.07588961151445937,-0.046747951796499994,-0.0952940507378901,-0.05526358153473982,-0.03613922713898653
