0,1,2,3,4,5,6,7,8
-0.2427837226390943,-0.11282484229112705,-0.06366426633704736,-0.1708053355198457,-0.08573439672560154,-0.051301970809570496,-0.103504354224451,-0.058828546430579096,-0.03801263453692284
-0.24114944449068154,-0.11234075860882833,-0.06346366654742788,-0.17008758173604593,-0.08549613826785885,-0.05119372975464252,-0.10333992758392684,-0.058755298585752416,-0.037974015758510865
-0.2395380006432637,-0.11186164315248562,-0.06326479784060546,-0.16937504335167922,-0.0852592191700237,-0.05108600686524341,-0.10317462837386603,-0.0586817815819263,-0.03793526738933513
-0.2379489073753461,-0.11138741134310798,-0.06306763372231555,-0.16866768823984182,-0.0850236321004918,-0.050978799787688045,-0.10300848833375068,-0.05860800765456542,-0.03789639539904209
-0.236381694555293,-0.11091798065806466,-0.0628721483390434,-0.16796548354114504,-0.08478936957073119,-0.05087210610030496,-0.1028415386993432,-0.058533988749213256,-0.037857405604250514
-0.23483590531350224,-0.11045327051187592,-0.06267831635881498,-0.1672683957275107,-0.08455642395064891,-0.05076592331902406,-0.10267381019834042,-0.05845973652513886,-0.03781830367121958
-0.2333110954761609,-0.10999320227111414,-0.062486113045702674,-0.16657639066643185,-0.08432478748256063,-0.050660248902964375,-0.10250533304695938,-0.05838526235918425,-0.03777909511854951
-0.23180683322251885,-0.1095376991351946,-0.062295514215122,-0.16588943367964692,-0.0840944522928326,-0.050555080259556906,-0.10233613694741445,-0.05831057734978411,-0.037739785319946074
-0.23032269853354537,-0.10908668606186936,-0.06210649618912763,-0.1652074895980871,-0.08386541040585097,-0.050450414748967595,-0.10216625108618912,-0.0582356923211587,-0.03770037950700472
-0.22885828289390653,-0.10864008984173376,-0.061919035796414154,-0.16453052281356523,-0.08363765375333565,-0.050346249688987654,-0.10199570413307024,-0.05816061782760476,-0.0376608827720354
