0,1,2,3,4,5,6,7,8,9,10,11
-0.17311973723770224,-0.09032952130044536,-0.05396527389098239,-0.03566806975616048,-0.13560211481830206,-0.07348012535500995,-0.04560580922010168,-0.030988938889502528,-0.09288743206031297,-0.054235654117149354,-0.035598581110693625,-0.025072295400519515
-0.1723108915835723,-0.09004255978221733,-0.05383618407357768,-0.03559957476941778,-0.13513489786210567,-0.07330818186380156,-0.04552385925942844,-0.030943421838259294,-0.09271050460585577,-0.054160140325850994,-0.035558820125688916,-0.02504760581033399
-0.17150986982138,-0.0897576972117527,-0.053707893710921537,-0.035531456875185476,-0.13467080587429098,-0.07313710491295161,-0.04544226250808034,-0.03089807670171278,-0.09253380710145197,-0.054084725943114816,-0.035519104609774546,-0.025022927482333625
-0.17071655696631516,-0.08947490862215596,-0.053580394264648695,-0.03546371228111815,-0.13420981026919193,-0.07296688794699685,-0.04536101657523585,-0.030852902327293024,-0.09235734726602124,-0.05400941309854944,-0.03547943555751884,-0.024998260909589988
-0.1699308402985438,-0.08919416946376399,-0.05345367732305359,-0.03539633723957368,-0.13375188273914257,-0.07279752446775047,-0.045280119089049276,-0.03080789756999721,-0.09218113259446575,-0.05393420385159381,-0.03543981393115493,-0.024973606567328197
-0.16915260931105458,-0.08891545558179455,-0.05332773461971713,-0.03532932806996536,-0.13329699525296324,-0.07262900803500046,-0.04519956769606846,-0.030763061291981975,-0.09200517036260254,-0.05385910019342236,-0.03540024066147789,-0.024948964913443356
-0.16838175565005387,-0.08863874323124725,-0.05320255799997882,-0.035262681140135074,-0.1328451200550292,-0.07246133226499613,-0.04511936006123476,-0.03071839236297081,-0.09182946763197133,-0.05378410404878603,-0.03536071664873036,-0.02492433638897945
-0.16761817304791057,-0.08836400905455191,-0.05307813945073919,-0.035196392870078835,-0.13239622966387413,-0.07229449083149625,-0.04503949386823273,-0.03067388965984714,-0.09165403125456881,-0.053709217277833454,-0.03532124276343504,-0.02489972141861329
-0.16686175730825503,-0.08809123008901908,-0.05295447105575632,-0.035130459724496105,-0.1319502968707924,-0.07212847746425502,-0.04495996681914019,-0.03062955206717742,-0.09147886787748788,-0.05363444167785612,-0.035281819847229806,-0.02487512041111035
-0.16611240622402274,-0.08782038372958736,-0.05283154503662421,-0.03506487823141646,-0.13150729473867553,-0.07196328594972101,-0.04488077663431221,-0.030585378476571258,-0.09130398394749437,-0.05355977898500304,-0.03524244871366654,-0.02485053375977523
