Sample ID:		None
Start Time:		Mon Jun 22 2020 1:33:22 PM
Averaging Time:		1.000s

364.800000	264.000000
364.805000	241.000000
364.810000	248.000000
364.815000	283.000000
364.820000	355.000000
364.825000	397.000000
364.830000	286.000000
364.835000	323.000000
364.840000	387.000000
364.845000	308.000000
364.850000	349.000000
364.855000	263.000000
364.860000	473.000000
364.865000	373.000000
364.870000	407.000000
364.875000	448.000000
364.880000	541.000000
364.885000	360.000000
364.890000	408.000000
364.895000	722.000000
364.900000	788.000000
364.905000	734.000000
364.910000	763.000000
364.915000	1068.000000
364.920000	1185.000000
364.925000	2112.000000
364.930000	3460.000000
364.935000	6095.000000
364.940000	9417.000000
364.945000	12716.000000
364.950000	17696.000000
364.955000	24697.000000
364.960000	27039.000000
364.965000	31556.000000
364.970000	42916.000000
364.975000	55202.000000
364.980000	87341.000000
364.985000	209590.000000
364.990000	199202.000000
364.995000	76454.000000
365.000000	43596.000000
365.005000	25176.000000
365.010000	16069.000000
365.015000	9860.000000
365.020000	6578.000000
365.025000	4189.000000
365.030000	3481.000000
365.035000	2580.000000
365.040000	2294.000000
365.045000	1968.000000
365.050000	1695.000000
365.055000	1797.000000
365.060000	1642.000000
365.065000	1372.000000
365.070000	1277.000000
365.075000	1260.000000
365.080000	1063.000000
365.085000	911.000000
365.090000	1076.000000
365.095000	879.000000
365.100000	900.000000
365.105000	794.000000
365.110000	889.000000
365.115000	847.000000
365.120000	931.000000
365.125000	666.000000
365.130000	688.000000
365.135000	609.000000
365.140000	579.000000
365.145000	528.000000
365.150000	582.000000
365.155000	696.000000
365.160000	499.000000
365.165000	362.000000
365.170000	435.000000
365.175000	505.000000
365.180000	347.000000
365.185000	396.000000
365.190000	492.000000
365.195000	327.000000
365.200000	371.000000
