Sample ID:		None
Start Time:		Mon Jun 22 2020 10:24:43 AM
Averaging Time:		1.000s

364.800000	12817.000000
364.805000	15136.000000
364.810000	21714.000000
364.815000	26840.000000
364.820000	31541.000000
364.825000	40550.000000
364.830000	56662.000000
364.835000	105279.000000
364.840000	220975.000000
364.845000	165242.000000
364.850000	70827.000000
364.855000	40513.000000
364.860000	23530.000000
364.865000	15276.000000
364.870000	8878.000000
364.875000	5683.000000
364.880000	4309.000000
364.885000	3412.000000
364.890000	2488.000000
364.895000	2247.000000
364.900000	2119.000000
364.905000	1614.000000
364.910000	1566.000000
364.915000	1545.000000
364.920000	1278.000000
364.925000	1591.000000
364.930000	1171.000000
364.935000	1176.000000
364.940000	1070.000000
364.945000	936.000000
364.950000	815.000000
364.955000	865.000000
364.960000	855.000000
364.965000	667.000000
364.970000	856.000000
364.975000	634.000000
364.980000	561.000000
364.985000	610.000000
364.990000	727.000000
364.995000	472.000000
365.000000	555.000000
365.005000	518.000000
365.010000	468.000000
365.015000	285.000000
365.020000	490.000000
365.025000	418.000000
365.030000	376.000000
365.035000	333.000000
365.040000	406.000000
365.045000	494.000000
365.050000	286.000000
365.055000	432.000000
365.060000	283.000000
365.065000	372.000000
365.070000	347.000000
365.075000	397.000000
365.080000	358.000000
365.085000	430.000000
365.090000	360.000000
365.095000	441.000000
365.100000	407.000000
365.105000	513.000000
365.110000	211.000000
365.115000	399.000000
365.120000	383.000000
365.125000	494.000000
365.130000	428.000000
365.135000	247.000000
365.140000	369.000000
365.145000	471.000000
365.150000	478.000000
365.155000	342.000000
365.160000	387.000000
365.165000	237.000000
365.170000	296.000000
365.175000	256.000000
365.180000	373.000000
365.185000	335.000000
365.190000	326.000000
365.195000	376.000000
365.200000	306.000000
