Sample ID:		None
Start Time:		Mon Jun 22 2020 11:10:31 AM
Averaging Time:		1.000s

364.800000	589.000000
364.805000	533.000000
364.810000	658.000000
364.815000	800.000000
364.820000	1167.000000
364.825000	1671.000000
364.830000	3204.000000
364.835000	4491.000000
364.840000	7613.000000
364.845000	11373.000000
364.850000	16141.000000
364.855000	20668.000000
364.860000	25255.000000
364.865000	29486.000000
364.870000	34158.000000
364.875000	45483.000000
364.880000	74989.000000
364.885000	170082.000000
364.890000	230916.000000
364.895000	116206.000000
364.900000	54518.000000
364.905000	27192.000000
364.910000	19138.000000
364.915000	12675.000000
364.920000	6871.000000
364.925000	4196.000000
364.930000	3651.000000
364.935000	3206.000000
364.940000	2430.000000
364.945000	2009.000000
364.950000	2096.000000
364.955000	1772.000000
364.960000	1375.000000
364.965000	1463.000000
364.970000	1348.000000
364.975000	1238.000000
364.980000	1184.000000
364.985000	1075.000000
364.990000	1144.000000
364.995000	925.000000
365.000000	862.000000
365.005000	739.000000
365.010000	670.000000
365.015000	646.000000
365.020000	769.000000
365.025000	709.000000
365.030000	678.000000
365.035000	677.000000
365.040000	661.000000
365.045000	511.000000
365.050000	495.000000
365.055000	478.000000
365.060000	571.000000
365.065000	386.000000
365.070000	384.000000
365.075000	432.000000
365.080000	357.000000
365.085000	397.000000
365.090000	373.000000
365.095000	402.000000
365.100000	242.000000
365.105000	419.000000
365.110000	474.000000
365.115000	451.000000
365.120000	409.000000
365.125000	459.000000
365.130000	406.000000
365.135000	411.000000
365.140000	423.000000
365.145000	340.000000
365.150000	450.000000
365.155000	486.000000
365.160000	430.000000
365.165000	263.000000
365.170000	301.000000
365.175000	392.000000
365.180000	448.000000
365.185000	275.000000
365.190000	262.000000
365.195000	460.000000
365.200000	349.000000
