Sample ID:		None
Start Time:		Mon Jun 22 2020 11:13:53 AM
Averaging Time:		1.000s

364.800000	1344.000000
364.805000	1673.000000
364.810000	3260.000000
364.815000	5923.000000
364.820000	10487.000000
364.825000	15481.000000
364.830000	20362.000000
364.835000	24342.000000
364.840000	27949.000000
364.845000	32373.000000
364.850000	45219.000000
364.855000	60704.000000
364.860000	117473.000000
364.865000	233280.000000
364.870000	131574.000000
364.875000	72729.000000
364.880000	37065.000000
364.885000	22017.000000
364.890000	13710.000000
364.895000	7910.000000
364.900000	6185.000000
364.905000	3677.000000
364.910000	2786.000000
364.915000	2366.000000
364.920000	2194.000000
364.925000	1968.000000
364.930000	1616.000000
364.935000	1588.000000
364.940000	1660.000000
364.945000	1468.000000
364.950000	1131.000000
364.955000	1298.000000
364.960000	1038.000000
364.965000	1148.000000
364.970000	1150.000000
364.975000	847.000000
364.980000	712.000000
364.985000	765.000000
364.990000	873.000000
364.995000	641.000000
365.000000	675.000000
365.005000	811.000000
365.010000	589.000000
365.015000	638.000000
365.020000	590.000000
365.025000	460.000000
365.030000	556.000000
365.035000	578.000000
365.040000	463.000000
365.045000	392.000000
365.050000	362.000000
365.055000	367.000000
365.060000	449.000000
365.065000	307.000000
365.070000	441.000000
365.075000	287.000000
365.080000	416.000000
365.085000	331.000000
365.090000	325.000000
365.095000	377.000000
365.100000	398.000000
365.105000	320.000000
365.110000	428.000000
365.115000	429.000000
365.120000	376.000000
365.125000	403.000000
365.130000	347.000000
365.135000	422.000000
365.140000	428.000000
365.145000	456.000000
365.150000	380.000000
365.155000	366.000000
365.160000	307.000000
365.165000	382.000000
365.170000	263.000000
365.175000	400.000000
365.180000	439.000000
365.185000	218.000000
365.190000	236.000000
365.195000	256.000000
365.200000	572.000000
