Sample ID:		None
Start Time:		Mon Jun 22 2020 10:37:00 AM
Averaging Time:		1.000s

364.800000	158.000000
364.805000	240.000000
364.810000	292.000000
364.815000	301.000000
364.820000	332.000000
364.825000	326.000000
364.830000	275.000000
364.835000	237.000000
364.840000	344.000000
364.845000	321.000000
364.850000	376.000000
364.855000	353.000000
364.860000	374.000000
364.865000	354.000000
364.870000	360.000000
364.875000	366.000000
364.880000	414.000000
364.885000	436.000000
364.890000	603.000000
364.895000	502.000000
364.900000	545.000000
364.905000	569.000000
364.910000	628.000000
364.915000	701.000000
364.920000	1039.000000
364.925000	1138.000000
364.930000	1604.000000
364.935000	2526.000000
364.940000	4019.000000
364.945000	7198.000000
364.950000	10588.000000
364.955000	14737.000000
364.960000	18866.000000
364.965000	24716.000000
364.970000	28770.000000
364.975000	31984.000000
364.980000	48726.000000
364.985000	68334.000000
364.990000	122500.000000
364.995000	228107.000000
365.000000	140150.000000
365.005000	59959.000000
365.010000	35231.000000
365.015000	21577.000000
365.020000	12915.000000
365.025000	7471.000000
365.030000	5378.000000
365.035000	3805.000000
365.040000	3083.000000
365.045000	2547.000000
365.050000	2072.000000
365.055000	1831.000000
365.060000	1557.000000
365.065000	1523.000000
365.070000	1341.000000
365.075000	1411.000000
365.080000	1101.000000
365.085000	1027.000000
365.090000	1136.000000
365.095000	982.000000
365.100000	783.000000
365.105000	885.000000
365.110000	770.000000
365.115000	638.000000
365.120000	757.000000
365.125000	818.000000
365.130000	633.000000
365.135000	685.000000
365.140000	605.000000
365.145000	564.000000
365.150000	605.000000
365.155000	568.000000
365.160000	600.000000
365.165000	443.000000
365.170000	537.000000
365.175000	406.000000
365.180000	474.000000
365.185000	372.000000
365.190000	480.000000
365.195000	343.000000
365.200000	335.000000
