Sample ID:		None
Start Time:		Mon Jun 22 2020 10:53:46 AM
Averaging Time:		1.000s

364.800000	293.000000
364.805000	331.000000
364.810000	393.000000
364.815000	446.000000
364.820000	452.000000
364.825000	446.000000
364.830000	394.000000
364.835000	396.000000
364.840000	458.000000
364.845000	575.000000
364.850000	445.000000
364.855000	460.000000
364.860000	613.000000
364.865000	537.000000
364.870000	530.000000
364.875000	1009.000000
364.880000	1216.000000
364.885000	1373.000000
364.890000	2113.000000
364.895000	3627.000000
364.900000	6078.000000
364.905000	10089.000000
364.910000	12884.000000
364.915000	17223.000000
364.920000	24393.000000
364.925000	29079.000000
364.930000	31124.000000
364.935000	39345.000000
364.940000	60267.000000
364.945000	100532.000000
364.950000	213166.000000
364.955000	170979.000000
364.960000	74262.000000
364.965000	37060.000000
364.970000	24294.000000
364.975000	14734.000000
364.980000	9641.000000
364.985000	5948.000000
364.990000	4284.000000
364.995000	3086.000000
365.000000	2460.000000
365.005000	2054.000000
365.010000	2087.000000
365.015000	2008.000000
365.020000	1722.000000
365.025000	1436.000000
365.030000	1498.000000
365.035000	1346.000000
365.040000	1167.000000
365.045000	1118.000000
365.050000	1112.000000
365.055000	1116.000000
365.060000	1139.000000
365.065000	935.000000
365.070000	736.000000
365.075000	771.000000
365.080000	653.000000
365.085000	695.000000
365.090000	646.000000
365.095000	522.000000
365.100000	650.000000
365.105000	626.000000
365.110000	498.000000
365.115000	566.000000
365.120000	561.000000
365.125000	584.000000
365.130000	482.000000
365.135000	454.000000
365.140000	442.000000
365.145000	374.000000
365.150000	422.000000
365.155000	369.000000
365.160000	412.000000
365.165000	354.000000
365.170000	397.000000
365.175000	400.000000
365.180000	306.000000
365.185000	331.000000
365.190000	323.000000
365.195000	478.000000
365.200000	415.000000
