Sample ID:		None
Start Time:		Mon Jun 22 2020 1:14:12 PM
Averaging Time:		1.000s

364.800000	27125.000000
364.805000	15814.000000
364.810000	7438.000000
364.815000	4407.000000
364.820000	3166.000000
364.825000	2723.000000
364.830000	2514.000000
364.835000	1984.000000
364.840000	1777.000000
364.845000	1643.000000
364.850000	1633.000000
364.855000	1345.000000
364.860000	1421.000000
364.865000	1154.000000
364.870000	1501.000000
364.875000	1012.000000
364.880000	1108.000000
364.885000	757.000000
364.890000	1031.000000
364.895000	779.000000
364.900000	832.000000
364.905000	794.000000
364.910000	711.000000
364.915000	664.000000
364.920000	668.000000
364.925000	687.000000
364.930000	572.000000
364.935000	467.000000
364.940000	420.000000
364.945000	439.000000
364.950000	524.000000
364.955000	448.000000
364.960000	445.000000
364.965000	390.000000
364.970000	441.000000
364.975000	404.000000
364.980000	326.000000
364.985000	309.000000
364.990000	453.000000
364.995000	297.000000
365.000000	313.000000
365.005000	345.000000
365.010000	382.000000
365.015000	447.000000
365.020000	479.000000
365.025000	411.000000
365.030000	474.000000
365.035000	527.000000
365.040000	463.000000
365.045000	365.000000
365.050000	290.000000
365.055000	460.000000
365.060000	291.000000
365.065000	293.000000
365.070000	423.000000
365.075000	296.000000
365.080000	413.000000
365.085000	349.000000
365.090000	293.000000
365.095000	458.000000
365.100000	300.000000
365.105000	391.000000
365.110000	466.000000
365.115000	386.000000
365.120000	334.000000
365.125000	322.000000
365.130000	330.000000
365.135000	492.000000
365.140000	357.000000
365.145000	297.000000
365.150000	391.000000
365.155000	430.000000
365.160000	479.000000
365.165000	485.000000
365.170000	411.000000
365.175000	497.000000
365.180000	707.000000
365.185000	980.000000
365.190000	1448.000000
365.195000	2267.000000
365.200000	3051.000000
