Sample ID:		None
Start Time:		Mon Jun 22 2020 11:34:00 AM
Averaging Time:		1.000s

364.800000	48838.000000
364.805000	86750.000000
364.810000	232053.000000
364.815000	120332.000000
364.820000	49888.000000
364.825000	30169.000000
364.830000	19611.000000
364.835000	12837.000000
364.840000	7678.000000
364.845000	4631.000000
364.850000	3469.000000
364.855000	2997.000000
364.860000	2364.000000
364.865000	1892.000000
364.870000	2085.000000
364.875000	1700.000000
364.880000	1532.000000
364.885000	1318.000000
364.890000	1273.000000
364.895000	1294.000000
364.900000	1052.000000
364.905000	1261.000000
364.910000	1023.000000
364.915000	869.000000
364.920000	933.000000
364.925000	757.000000
364.930000	681.000000
364.935000	893.000000
364.940000	811.000000
364.945000	681.000000
364.950000	584.000000
364.955000	694.000000
364.960000	580.000000
364.965000	555.000000
364.970000	480.000000
364.975000	390.000000
364.980000	438.000000
364.985000	384.000000
364.990000	510.000000
364.995000	515.000000
365.000000	464.000000
365.005000	317.000000
365.010000	373.000000
365.015000	447.000000
365.020000	382.000000
365.025000	353.000000
365.030000	286.000000
365.035000	440.000000
365.040000	336.000000
365.045000	397.000000
365.050000	290.000000
365.055000	401.000000
365.060000	377.000000
365.065000	434.000000
365.070000	303.000000
365.075000	312.000000
365.080000	351.000000
365.085000	384.000000
365.090000	427.000000
365.095000	440.000000
365.100000	344.000000
365.105000	156.000000
365.110000	325.000000
365.115000	401.000000
365.120000	389.000000
365.125000	372.000000
365.130000	375.000000
365.135000	438.000000
365.140000	353.000000
365.145000	449.000000
365.150000	321.000000
365.155000	467.000000
365.160000	481.000000
365.165000	317.000000
365.170000	356.000000
365.175000	321.000000
365.180000	385.000000
365.185000	515.000000
365.190000	460.000000
365.195000	535.000000
365.200000	583.000000
