Sample ID:		None
Start Time:		Mon Jun 22 2020 1:19:57 PM
Averaging Time:		1.000s

364.800000	191.000000
364.805000	221.000000
364.810000	296.000000
364.815000	238.000000
364.820000	191.000000
364.825000	289.000000
364.830000	305.000000
364.835000	313.000000
364.840000	317.000000
364.845000	358.000000
364.850000	266.000000
364.855000	304.000000
364.860000	316.000000
364.865000	337.000000
364.870000	428.000000
364.875000	417.000000
364.880000	409.000000
364.885000	541.000000
364.890000	446.000000
364.895000	344.000000
364.900000	468.000000
364.905000	387.000000
364.910000	612.000000
364.915000	635.000000
364.920000	657.000000
364.925000	773.000000
364.930000	1006.000000
364.935000	863.000000
364.940000	1083.000000
364.945000	1738.000000
364.950000	2808.000000
364.955000	4979.000000
364.960000	7179.000000
364.965000	10733.000000
364.970000	15558.000000
364.975000	20694.000000
364.980000	24098.000000
364.985000	29375.000000
364.990000	32822.000000
364.995000	44254.000000
365.000000	59288.000000
365.005000	127373.000000
365.010000	233286.000000
365.015000	141927.000000
365.020000	65487.000000
365.025000	33708.000000
365.030000	19665.000000
365.035000	12999.000000
365.040000	6635.000000
365.045000	4734.000000
365.050000	3900.000000
365.055000	3125.000000
365.060000	2226.000000
365.065000	2199.000000
365.070000	1652.000000
365.075000	1639.000000
365.080000	1507.000000
365.085000	1538.000000
365.090000	1315.000000
365.095000	1361.000000
365.100000	1106.000000
365.105000	1226.000000
365.110000	1107.000000
365.115000	971.000000
365.120000	831.000000
365.125000	977.000000
365.130000	754.000000
365.135000	688.000000
365.140000	658.000000
365.145000	649.000000
365.150000	615.000000
365.155000	614.000000
365.160000	671.000000
365.165000	791.000000
365.170000	670.000000
365.175000	626.000000
365.180000	432.000000
365.185000	487.000000
365.190000	412.000000
365.195000	500.000000
365.200000	326.000000
