Sample ID:		None
Start Time:		Mon Jun 22 2020 10:43:42 AM
Averaging Time:		1.000s

364.800000	246.000000
364.805000	258.000000
364.810000	334.000000
364.815000	196.000000
364.820000	278.000000
364.825000	313.000000
364.830000	368.000000
364.835000	340.000000
364.840000	472.000000
364.845000	289.000000
364.850000	423.000000
364.855000	387.000000
364.860000	458.000000
364.865000	379.000000
364.870000	449.000000
364.875000	555.000000
364.880000	523.000000
364.885000	475.000000
364.890000	714.000000
364.895000	1054.000000
364.900000	637.000000
364.905000	1190.000000
364.910000	1459.000000
364.915000	2182.000000
364.920000	4228.000000
364.925000	6183.000000
364.930000	10365.000000
364.935000	13275.000000
364.940000	17231.000000
364.945000	22864.000000
364.950000	28238.000000
364.955000	31753.000000
364.960000	39453.000000
364.965000	59306.000000
364.970000	117524.000000
364.975000	214599.000000
364.980000	170215.000000
364.985000	68054.000000
364.990000	37350.000000
364.995000	23972.000000
365.000000	14200.000000
365.005000	8960.000000
365.010000	4815.000000
365.015000	3740.000000
365.020000	3480.000000
365.025000	2574.000000
365.030000	2084.000000
365.035000	2216.000000
365.040000	1713.000000
365.045000	1551.000000
365.050000	1306.000000
365.055000	1182.000000
365.060000	1078.000000
365.065000	1307.000000
365.070000	1082.000000
365.075000	1199.000000
365.080000	1029.000000
365.085000	808.000000
365.090000	731.000000
365.095000	697.000000
365.100000	639.000000
365.105000	592.000000
365.110000	748.000000
365.115000	656.000000
365.120000	495.000000
365.125000	508.000000
365.130000	643.000000
365.135000	650.000000
365.140000	497.000000
365.145000	471.000000
365.150000	506.000000
365.155000	479.000000
365.160000	436.000000
365.165000	328.000000
365.170000	354.000000
365.175000	341.000000
365.180000	367.000000
365.185000	375.000000
365.190000	340.000000
365.195000	386.000000
365.200000	470.000000
