Sample ID:		None
Start Time:		Mon Jun 22 2020 11:20:35 AM
Averaging Time:		1.000s

364.800000	9338.000000
364.805000	12416.000000
364.810000	22302.000000
364.815000	26737.000000
364.820000	29405.000000
364.825000	37295.000000
364.830000	49690.000000
364.835000	79300.000000
364.840000	159616.000000
364.845000	215607.000000
364.850000	96541.000000
364.855000	46405.000000
364.860000	27780.000000
364.865000	17017.000000
364.870000	10519.000000
364.875000	6563.000000
364.880000	4553.000000
364.885000	3646.000000
364.890000	2470.000000
364.895000	2444.000000
364.900000	1999.000000
364.905000	1794.000000
364.910000	1598.000000
364.915000	1259.000000
364.920000	1648.000000
364.925000	1347.000000
364.930000	1206.000000
364.935000	1115.000000
364.940000	972.000000
364.945000	1016.000000
364.950000	893.000000
364.955000	794.000000
364.960000	858.000000
364.965000	765.000000
364.970000	760.000000
364.975000	741.000000
364.980000	588.000000
364.985000	729.000000
364.990000	715.000000
364.995000	539.000000
365.000000	459.000000
365.005000	510.000000
365.010000	556.000000
365.015000	521.000000
365.020000	484.000000
365.025000	348.000000
365.030000	319.000000
365.035000	438.000000
365.040000	268.000000
365.045000	431.000000
365.050000	472.000000
365.055000	433.000000
365.060000	415.000000
365.065000	508.000000
365.070000	393.000000
365.075000	425.000000
365.080000	313.000000
365.085000	372.000000
365.090000	404.000000
365.095000	423.000000
365.100000	279.000000
365.105000	310.000000
365.110000	298.000000
365.115000	478.000000
365.120000	329.000000
365.125000	304.000000
365.130000	368.000000
365.135000	337.000000
365.140000	467.000000
365.145000	235.000000
365.150000	367.000000
365.155000	329.000000
365.160000	366.000000
365.165000	359.000000
365.170000	276.000000
365.175000	337.000000
365.180000	305.000000
365.185000	327.000000
365.190000	377.000000
365.195000	296.000000
365.200000	303.000000
