Sample ID:		None
Start Time:		Mon Jun 22 2020 10:47:03 AM
Averaging Time:		1.000s

364.800000	248.000000
364.805000	214.000000
364.810000	338.000000
364.815000	378.000000
364.820000	408.000000
364.825000	319.000000
364.830000	342.000000
364.835000	393.000000
364.840000	281.000000
364.845000	358.000000
364.850000	491.000000
364.855000	353.000000
364.860000	354.000000
364.865000	594.000000
364.870000	550.000000
364.875000	374.000000
364.880000	590.000000
364.885000	609.000000
364.890000	895.000000
364.895000	1099.000000
364.900000	1102.000000
364.905000	1516.000000
364.910000	2636.000000
364.915000	3568.000000
364.920000	6013.000000
364.925000	9790.000000
364.930000	14607.000000
364.935000	17648.000000
364.940000	23158.000000
364.945000	28555.000000
364.950000	32412.000000
364.955000	38880.000000
364.960000	60810.000000
364.965000	137839.000000
364.970000	224942.000000
364.975000	155300.000000
364.980000	63176.000000
364.985000	37730.000000
364.990000	20825.000000
364.995000	14316.000000
365.000000	8933.000000
365.005000	5301.000000
365.010000	4103.000000
365.015000	3364.000000
365.020000	2508.000000
365.025000	2145.000000
365.030000	2062.000000
365.035000	1782.000000
365.040000	1549.000000
365.045000	1668.000000
365.050000	1186.000000
365.055000	1353.000000
365.060000	1299.000000
365.065000	1104.000000
365.070000	936.000000
365.075000	990.000000
365.080000	871.000000
365.085000	908.000000
365.090000	777.000000
365.095000	707.000000
365.100000	816.000000
365.105000	654.000000
365.110000	620.000000
365.115000	544.000000
365.120000	770.000000
365.125000	555.000000
365.130000	675.000000
365.135000	494.000000
365.140000	442.000000
365.145000	465.000000
365.150000	340.000000
365.155000	514.000000
365.160000	423.000000
365.165000	398.000000
365.170000	389.000000
365.175000	300.000000
365.180000	327.000000
365.185000	385.000000
365.190000	237.000000
365.195000	476.000000
365.200000	387.000000
