Sample ID:		None
Start Time:		Mon Jun 22 2020 11:17:14 AM
Averaging Time:		1.000s

364.800000	3171.000000
364.805000	5856.000000
364.810000	12372.000000
364.815000	14156.000000
364.820000	20156.000000
364.825000	26409.000000
364.830000	29310.000000
364.835000	32327.000000
364.840000	43841.000000
364.845000	66343.000000
364.850000	147890.000000
364.855000	235867.000000
364.860000	129211.000000
364.865000	60949.000000
364.870000	32801.000000
364.875000	21730.000000
364.880000	13940.000000
364.885000	8698.000000
364.890000	5133.000000
364.895000	3921.000000
364.900000	3204.000000
364.905000	2275.000000
364.910000	2192.000000
364.915000	1900.000000
364.920000	1626.000000
364.925000	1708.000000
364.930000	1483.000000
364.935000	1332.000000
364.940000	1192.000000
364.945000	1086.000000
364.950000	946.000000
364.955000	1067.000000
364.960000	888.000000
364.965000	925.000000
364.970000	838.000000
364.975000	851.000000
364.980000	745.000000
364.985000	651.000000
364.990000	641.000000
364.995000	636.000000
365.000000	698.000000
365.005000	686.000000
365.010000	518.000000
365.015000	548.000000
365.020000	498.000000
365.025000	455.000000
365.030000	427.000000
365.035000	429.000000
365.040000	531.000000
365.045000	409.000000
365.050000	437.000000
365.055000	438.000000
365.060000	402.000000
365.065000	434.000000
365.070000	309.000000
365.075000	366.000000
365.080000	404.000000
365.085000	335.000000
365.090000	420.000000
365.095000	297.000000
365.100000	349.000000
365.105000	403.000000
365.110000	294.000000
365.115000	408.000000
365.120000	393.000000
365.125000	302.000000
365.130000	319.000000
365.135000	341.000000
365.140000	355.000000
365.145000	316.000000
365.150000	316.000000
365.155000	377.000000
365.160000	296.000000
365.165000	296.000000
365.170000	347.000000
365.175000	301.000000
365.180000	358.000000
365.185000	366.000000
365.190000	481.000000
365.195000	328.000000
365.200000	341.000000
