Sample ID:		None
Start Time:		Mon Jun 22 2020 11:23:56 AM
Averaging Time:		1.000s

364.800000	16353.000000
364.805000	23496.000000
364.810000	27866.000000
364.815000	34298.000000
364.820000	45034.000000
364.825000	73899.000000
364.830000	138013.000000
364.835000	229916.000000
364.840000	132068.000000
364.845000	62559.000000
364.850000	33721.000000
364.855000	19836.000000
364.860000	13979.000000
364.865000	8532.000000
364.870000	4630.000000
364.875000	3876.000000
364.880000	2908.000000
364.885000	2647.000000
364.890000	2033.000000
364.895000	1800.000000
364.900000	1827.000000
364.905000	1735.000000
364.910000	1515.000000
364.915000	1360.000000
364.920000	1276.000000
364.925000	1058.000000
364.930000	1195.000000
364.935000	1065.000000
364.940000	962.000000
364.945000	746.000000
364.950000	1009.000000
364.955000	911.000000
364.960000	766.000000
364.965000	633.000000
364.970000	662.000000
364.975000	603.000000
364.980000	620.000000
364.985000	561.000000
364.990000	645.000000
364.995000	642.000000
365.000000	420.000000
365.005000	552.000000
365.010000	445.000000
365.015000	374.000000
365.020000	414.000000
365.025000	373.000000
365.030000	308.000000
365.035000	319.000000
365.040000	437.000000
365.045000	338.000000
365.050000	302.000000
365.055000	286.000000
365.060000	350.000000
365.065000	385.000000
365.070000	457.000000
365.075000	404.000000
365.080000	516.000000
365.085000	393.000000
365.090000	439.000000
365.095000	408.000000
365.100000	477.000000
365.105000	405.000000
365.110000	350.000000
365.115000	262.000000
365.120000	348.000000
365.125000	352.000000
365.130000	316.000000
365.135000	275.000000
365.140000	418.000000
365.145000	336.000000
365.150000	453.000000
365.155000	301.000000
365.160000	300.000000
365.165000	319.000000
365.170000	305.000000
365.175000	358.000000
365.180000	381.000000
365.185000	510.000000
365.190000	324.000000
365.195000	294.000000
365.200000	429.000000
