Sample ID:		None
Start Time:		Mon Jun 22 2020 1:07:29 PM
Averaging Time:		1.000s

364.800000	159442.000000
364.805000	52776.000000
364.810000	24159.000000
364.815000	15821.000000
364.820000	8303.000000
364.825000	5801.000000
364.830000	3984.000000
364.835000	2831.000000
364.840000	2233.000000
364.845000	2208.000000
364.850000	1840.000000
364.855000	1679.000000
364.860000	1630.000000
364.865000	1290.000000
364.870000	1336.000000
364.875000	1025.000000
364.880000	1253.000000
364.885000	959.000000
364.890000	980.000000
364.895000	1149.000000
364.900000	1063.000000
364.905000	727.000000
364.910000	821.000000
364.915000	893.000000
364.920000	809.000000
364.925000	998.000000
364.930000	722.000000
364.935000	666.000000
364.940000	616.000000
364.945000	579.000000
364.950000	690.000000
364.955000	596.000000
364.960000	524.000000
364.965000	429.000000
364.970000	521.000000
364.975000	430.000000
364.980000	354.000000
364.985000	458.000000
364.990000	422.000000
364.995000	314.000000
365.000000	380.000000
365.005000	322.000000
365.010000	452.000000
365.015000	424.000000
365.020000	430.000000
365.025000	401.000000
365.030000	368.000000
365.035000	220.000000
365.040000	388.000000
365.045000	316.000000
365.050000	393.000000
365.055000	425.000000
365.060000	338.000000
365.065000	355.000000
365.070000	396.000000
365.075000	360.000000
365.080000	391.000000
365.085000	303.000000
365.090000	237.000000
365.095000	222.000000
365.100000	303.000000
365.105000	378.000000
365.110000	480.000000
365.115000	426.000000
365.120000	378.000000
365.125000	336.000000
365.130000	283.000000
365.135000	448.000000
365.140000	446.000000
365.145000	351.000000
365.150000	264.000000
365.155000	354.000000
365.160000	424.000000
365.165000	284.000000
365.170000	415.000000
365.175000	284.000000
365.180000	497.000000
365.185000	596.000000
365.190000	692.000000
365.195000	804.000000
365.200000	1248.000000
