Sample ID:		None
Start Time:		Mon Jun 22 2020 12:27:15 PM
Averaging Time:		1.000s

364.800000	410.000000
364.805000	443.000000
364.810000	512.000000
364.815000	650.000000
364.820000	611.000000
364.825000	606.000000
364.830000	925.000000
364.835000	926.000000
364.840000	1154.000000
364.845000	1879.000000
364.850000	2372.000000
364.855000	3645.000000
364.860000	6216.000000
364.865000	9980.000000
364.870000	13435.000000
364.875000	18967.000000
364.880000	24683.000000
364.885000	28835.000000
364.890000	33351.000000
364.895000	42351.000000
364.900000	64447.000000
364.905000	132206.000000
364.910000	228870.000000
364.915000	156950.000000
364.920000	58686.000000
364.925000	28051.000000
364.930000	21487.000000
364.935000	13658.000000
364.940000	7711.000000
364.945000	4813.000000
364.950000	4032.000000
364.955000	3432.000000
364.960000	2377.000000
364.965000	2521.000000
364.970000	2132.000000
364.975000	1484.000000
364.980000	1503.000000
364.985000	1845.000000
364.990000	1380.000000
364.995000	1359.000000
365.000000	956.000000
365.005000	1167.000000
365.010000	975.000000
365.015000	1087.000000
365.020000	819.000000
365.025000	856.000000
365.030000	881.000000
365.035000	673.000000
365.040000	706.000000
365.045000	600.000000
365.050000	640.000000
365.055000	632.000000
365.060000	605.000000
365.065000	597.000000
365.070000	439.000000
365.075000	544.000000
365.080000	469.000000
365.085000	398.000000
365.090000	500.000000
365.095000	375.000000
365.100000	444.000000
365.105000	370.000000
365.110000	387.000000
365.115000	456.000000
365.120000	346.000000
365.125000	416.000000
365.130000	353.000000
365.135000	337.000000
365.140000	530.000000
365.145000	405.000000
365.150000	521.000000
365.155000	439.000000
365.160000	524.000000
365.165000	427.000000
365.170000	475.000000
365.175000	505.000000
365.180000	252.000000
365.185000	228.000000
365.190000	380.000000
365.195000	278.000000
365.200000	356.000000
