Sample ID:		None
Start Time:		Mon Jun 22 2020 12:50:43 PM
Averaging Time:		1.000s

364.800000	17618.000000
364.805000	21315.000000
364.810000	27714.000000
364.815000	34022.000000
364.820000	50044.000000
364.825000	65126.000000
364.830000	169857.000000
364.835000	231461.000000
364.840000	123457.000000
364.845000	53593.000000
364.850000	25438.000000
364.855000	18284.000000
364.860000	11960.000000
364.865000	7311.000000
364.870000	5028.000000
364.875000	3585.000000
364.880000	2919.000000
364.885000	2457.000000
364.890000	1976.000000
364.895000	1898.000000
364.900000	1547.000000
364.905000	1527.000000
364.910000	1522.000000
364.915000	1477.000000
364.920000	1231.000000
364.925000	1266.000000
364.930000	1078.000000
364.935000	907.000000
364.940000	991.000000
364.945000	959.000000
364.950000	741.000000
364.955000	799.000000
364.960000	716.000000
364.965000	733.000000
364.970000	652.000000
364.975000	513.000000
364.980000	601.000000
364.985000	506.000000
364.990000	519.000000
364.995000	699.000000
365.000000	575.000000
365.005000	487.000000
365.010000	437.000000
365.015000	447.000000
365.020000	447.000000
365.025000	425.000000
365.030000	300.000000
365.035000	477.000000
365.040000	327.000000
365.045000	384.000000
365.050000	452.000000
365.055000	368.000000
365.060000	417.000000
365.065000	352.000000
365.070000	405.000000
365.075000	355.000000
365.080000	380.000000
365.085000	360.000000
365.090000	377.000000
365.095000	473.000000
365.100000	386.000000
365.105000	401.000000
365.110000	335.000000
365.115000	272.000000
365.120000	333.000000
365.125000	335.000000
365.130000	413.000000
365.135000	430.000000
365.140000	303.000000
365.145000	315.000000
365.150000	346.000000
365.155000	401.000000
365.160000	301.000000
365.165000	329.000000
365.170000	284.000000
365.175000	312.000000
365.180000	442.000000
365.185000	385.000000
365.190000	420.000000
365.195000	450.000000
365.200000	377.000000
