Sample ID:		None
Start Time:		Mon Jun 22 2020 11:03:49 AM
Averaging Time:		1.000s

364.800000	348.000000
364.805000	367.000000
364.810000	431.000000
364.815000	396.000000
364.820000	455.000000
364.825000	486.000000
364.830000	374.000000
364.835000	567.000000
364.840000	566.000000
364.845000	699.000000
364.850000	1006.000000
364.855000	857.000000
364.860000	1323.000000
364.865000	2076.000000
364.870000	3472.000000
364.875000	6248.000000
364.880000	10064.000000
364.885000	13577.000000
364.890000	17699.000000
364.895000	24258.000000
364.900000	27091.000000
364.905000	31733.000000
364.910000	39660.000000
364.915000	59236.000000
364.920000	109001.000000
364.925000	233481.000000
364.930000	148217.000000
364.935000	67609.000000
364.940000	33384.000000
364.945000	21883.000000
364.950000	14178.000000
364.955000	9395.000000
364.960000	5306.000000
364.965000	3921.000000
364.970000	3075.000000
364.975000	2410.000000
364.980000	1988.000000
364.985000	1710.000000
364.990000	1566.000000
364.995000	1630.000000
365.000000	1327.000000
365.005000	1162.000000
365.010000	1323.000000
365.015000	1190.000000
365.020000	1129.000000
365.025000	1118.000000
365.030000	887.000000
365.035000	986.000000
365.040000	1039.000000
365.045000	872.000000
365.050000	807.000000
365.055000	731.000000
365.060000	666.000000
365.065000	603.000000
365.070000	732.000000
365.075000	486.000000
365.080000	602.000000
365.085000	539.000000
365.090000	497.000000
365.095000	500.000000
365.100000	445.000000
365.105000	419.000000
365.110000	487.000000
365.115000	480.000000
365.120000	375.000000
365.125000	347.000000
365.130000	353.000000
365.135000	535.000000
365.140000	309.000000
365.145000	326.000000
365.150000	335.000000
365.155000	366.000000
365.160000	413.000000
365.165000	415.000000
365.170000	387.000000
365.175000	382.000000
365.180000	279.000000
365.185000	397.000000
365.190000	370.000000
365.195000	404.000000
365.200000	304.000000
