Sample ID:		None
Start Time:		Mon Jun 22 2020 12:44:01 PM
Averaging Time:		1.000s

364.800000	3961.000000
364.805000	9994.000000
364.810000	13271.000000
364.815000	17979.000000
364.820000	24462.000000
364.825000	29186.000000
364.830000	32322.000000
364.835000	42342.000000
364.840000	63330.000000
364.845000	132772.000000
364.850000	234254.000000
364.855000	151413.000000
364.860000	61084.000000
364.865000	36576.000000
364.870000	20052.000000
364.875000	13471.000000
364.880000	7853.000000
364.885000	5384.000000
364.890000	3629.000000
364.895000	3044.000000
364.900000	2388.000000
364.905000	2284.000000
364.910000	2044.000000
364.915000	1708.000000
364.920000	1566.000000
364.925000	1713.000000
364.930000	1252.000000
364.935000	1263.000000
364.940000	994.000000
364.945000	963.000000
364.950000	907.000000
364.955000	998.000000
364.960000	938.000000
364.965000	929.000000
364.970000	843.000000
364.975000	771.000000
364.980000	655.000000
364.985000	609.000000
364.990000	751.000000
364.995000	702.000000
365.000000	740.000000
365.005000	582.000000
365.010000	531.000000
365.015000	531.000000
365.020000	617.000000
365.025000	459.000000
365.030000	368.000000
365.035000	368.000000
365.040000	348.000000
365.045000	399.000000
365.050000	307.000000
365.055000	497.000000
365.060000	351.000000
365.065000	468.000000
365.070000	402.000000
365.075000	260.000000
365.080000	369.000000
365.085000	518.000000
365.090000	492.000000
365.095000	334.000000
365.100000	264.000000
365.105000	352.000000
365.110000	314.000000
365.115000	407.000000
365.120000	313.000000
365.125000	359.000000
365.130000	355.000000
365.135000	485.000000
365.140000	448.000000
365.145000	436.000000
365.150000	288.000000
365.155000	357.000000
365.160000	225.000000
365.165000	399.000000
365.170000	340.000000
365.175000	411.000000
365.180000	310.000000
365.185000	258.000000
365.190000	344.000000
365.195000	280.000000
365.200000	362.000000
