Sample ID:		None
Start Time:		Mon Jun 22 2020 11:57:05 AM
Averaging Time:		1.000s

364.800000	259.000000
364.805000	278.000000
364.810000	381.000000
364.815000	252.000000
364.820000	253.000000
364.825000	212.000000
364.830000	353.000000
364.835000	293.000000
364.840000	274.000000
364.845000	361.000000
364.850000	240.000000
364.855000	379.000000
364.860000	351.000000
364.865000	551.000000
364.870000	439.000000
364.875000	302.000000
364.880000	333.000000
364.885000	402.000000
364.890000	362.000000
364.895000	367.000000
364.900000	438.000000
364.905000	473.000000
364.910000	423.000000
364.915000	461.000000
364.920000	496.000000
364.925000	525.000000
364.930000	727.000000
364.935000	695.000000
364.940000	885.000000
364.945000	1168.000000
364.950000	1992.000000
364.955000	2596.000000
364.960000	4069.000000
364.965000	6901.000000
364.970000	10309.000000
364.975000	14829.000000
364.980000	19889.000000
364.985000	24243.000000
364.990000	28286.000000
364.995000	33419.000000
365.000000	44091.000000
365.005000	57517.000000
365.010000	121289.000000
365.015000	231927.000000
365.020000	156320.000000
365.025000	71093.000000
365.030000	35780.000000
365.035000	21536.000000
365.040000	14456.000000
365.045000	8324.000000
365.050000	5882.000000
365.055000	4214.000000
365.060000	3028.000000
365.065000	2835.000000
365.070000	2258.000000
365.075000	1909.000000
365.080000	1901.000000
365.085000	1953.000000
365.090000	1574.000000
365.095000	1341.000000
365.100000	1217.000000
365.105000	1175.000000
365.110000	1181.000000
365.115000	1167.000000
365.120000	1281.000000
365.125000	978.000000
365.130000	1015.000000
365.135000	913.000000
365.140000	819.000000
365.145000	718.000000
365.150000	655.000000
365.155000	604.000000
365.160000	778.000000
365.165000	578.000000
365.170000	597.000000
365.175000	470.000000
365.180000	664.000000
365.185000	572.000000
365.190000	513.000000
365.195000	373.000000
365.200000	498.000000
