Sample ID:		None
Start Time:		Mon Jun 22 2020 12:57:26 PM
Averaging Time:		1.000s

364.800000	33371.000000
364.805000	44445.000000
364.810000	85972.000000
364.815000	238488.000000
364.820000	195716.000000
364.825000	91730.000000
364.830000	41907.000000
364.835000	25104.000000
364.840000	16133.000000
364.845000	9514.000000
364.850000	5179.000000
364.855000	4147.000000
364.860000	3463.000000
364.865000	2631.000000
364.870000	2166.000000
364.875000	1958.000000
364.880000	1742.000000
364.885000	1682.000000
364.890000	1691.000000
364.895000	1612.000000
364.900000	1335.000000
364.905000	1320.000000
364.910000	1190.000000
364.915000	1179.000000
364.920000	875.000000
364.925000	1012.000000
364.930000	819.000000
364.935000	718.000000
364.940000	765.000000
364.945000	893.000000
364.950000	583.000000
364.955000	581.000000
364.960000	650.000000
364.965000	520.000000
364.970000	674.000000
364.975000	543.000000
364.980000	605.000000
364.985000	457.000000
364.990000	438.000000
364.995000	465.000000
365.000000	471.000000
365.005000	373.000000
365.010000	378.000000
365.015000	314.000000
365.020000	405.000000
365.025000	314.000000
365.030000	333.000000
365.035000	486.000000
365.040000	302.000000
365.045000	367.000000
365.050000	339.000000
365.055000	441.000000
365.060000	348.000000
365.065000	416.000000
365.070000	330.000000
365.075000	448.000000
365.080000	426.000000
365.085000	407.000000
365.090000	336.000000
365.095000	352.000000
365.100000	367.000000
365.105000	426.000000
365.110000	422.000000
365.115000	335.000000
365.120000	457.000000
365.125000	338.000000
365.130000	338.000000
365.135000	436.000000
365.140000	377.000000
365.145000	352.000000
365.150000	215.000000
365.155000	318.000000
365.160000	433.000000
365.165000	450.000000
365.170000	316.000000
365.175000	304.000000
365.180000	408.000000
365.185000	371.000000
365.190000	432.000000
365.195000	389.000000
365.200000	392.000000
