Sample ID:		None
Start Time:		Mon Jun 22 2020 12:23:54 PM
Averaging Time:		1.000s

364.800000	426.000000
364.805000	507.000000
364.810000	340.000000
364.815000	352.000000
364.820000	477.000000
364.825000	583.000000
364.830000	569.000000
364.835000	560.000000
364.840000	624.000000
364.845000	912.000000
364.850000	1044.000000
364.855000	1293.000000
364.860000	1735.000000
364.865000	3251.000000
364.870000	4876.000000
364.875000	8965.000000
364.880000	12886.000000
364.885000	17279.000000
364.890000	22503.000000
364.895000	27219.000000
364.900000	32219.000000
364.905000	39332.000000
364.910000	54216.000000
364.915000	85713.000000
364.920000	207774.000000
364.925000	207812.000000
364.930000	96949.000000
364.935000	44857.000000
364.940000	25233.000000
364.945000	15684.000000
364.950000	10839.000000
364.955000	6238.000000
364.960000	4244.000000
364.965000	3366.000000
364.970000	2558.000000
364.975000	2395.000000
364.980000	2106.000000
364.985000	1669.000000
364.990000	1941.000000
364.995000	1670.000000
365.000000	1529.000000
365.005000	1303.000000
365.010000	1289.000000
365.015000	1274.000000
365.020000	1160.000000
365.025000	862.000000
365.030000	855.000000
365.035000	882.000000
365.040000	736.000000
365.045000	822.000000
365.050000	822.000000
365.055000	750.000000
365.060000	812.000000
365.065000	555.000000
365.070000	580.000000
365.075000	570.000000
365.080000	608.000000
365.085000	606.000000
365.090000	436.000000
365.095000	442.000000
365.100000	423.000000
365.105000	435.000000
365.110000	398.000000
365.115000	502.000000
365.120000	370.000000
365.125000	323.000000
365.130000	354.000000
365.135000	510.000000
365.140000	284.000000
365.145000	413.000000
365.150000	424.000000
365.155000	394.000000
365.160000	434.000000
365.165000	530.000000
365.170000	448.000000
365.175000	447.000000
365.180000	356.000000
365.185000	429.000000
365.190000	367.000000
365.195000	452.000000
365.200000	488.000000
