Sample ID:		None
Start Time:		Mon Jun 22 2020 12:33:58 PM
Averaging Time:		1.000s

364.800000	547.000000
364.805000	621.000000
364.810000	755.000000
364.815000	1065.000000
364.820000	1669.000000
364.825000	2054.000000
364.830000	3698.000000
364.835000	5704.000000
364.840000	10812.000000
364.845000	13590.000000
364.850000	17149.000000
364.855000	22992.000000
364.860000	28045.000000
364.865000	33067.000000
364.870000	40678.000000
364.875000	56521.000000
364.880000	98237.000000
364.885000	229511.000000
364.890000	168364.000000
364.895000	77815.000000
364.900000	41345.000000
364.905000	23799.000000
364.910000	16651.000000
364.915000	9706.000000
364.920000	5335.000000
364.925000	4136.000000
364.930000	3240.000000
364.935000	2532.000000
364.940000	2239.000000
364.945000	1859.000000
364.950000	1799.000000
364.955000	1612.000000
364.960000	1536.000000
364.965000	1438.000000
364.970000	1430.000000
364.975000	1124.000000
364.980000	880.000000
364.985000	943.000000
364.990000	960.000000
364.995000	782.000000
365.000000	860.000000
365.005000	840.000000
365.010000	692.000000
365.015000	740.000000
365.020000	716.000000
365.025000	565.000000
365.030000	645.000000
365.035000	355.000000
365.040000	506.000000
365.045000	507.000000
365.050000	562.000000
365.055000	424.000000
365.060000	597.000000
365.065000	328.000000
365.070000	477.000000
365.075000	498.000000
365.080000	456.000000
365.085000	423.000000
365.090000	481.000000
365.095000	384.000000
365.100000	452.000000
365.105000	353.000000
365.110000	333.000000
365.115000	364.000000
365.120000	469.000000
365.125000	415.000000
365.130000	426.000000
365.135000	281.000000
365.140000	333.000000
365.145000	353.000000
365.150000	397.000000
365.155000	453.000000
365.160000	352.000000
365.165000	450.000000
365.170000	337.000000
365.175000	391.000000
365.180000	365.000000
365.185000	375.000000
365.190000	293.000000
365.195000	476.000000
365.200000	251.000000
