Sample ID:		None
Start Time:		Mon Jun 22 2020 11:30:39 AM
Averaging Time:		1.000s

364.800000	38416.000000
364.805000	57053.000000
364.810000	120206.000000
364.815000	235671.000000
364.820000	148262.000000
364.825000	57056.000000
364.830000	32700.000000
364.835000	20495.000000
364.840000	13416.000000
364.845000	7401.000000
364.850000	4706.000000
364.855000	3682.000000
364.860000	2835.000000
364.865000	2422.000000
364.870000	1999.000000
364.875000	1979.000000
364.880000	1667.000000
364.885000	1478.000000
364.890000	1525.000000
364.895000	1218.000000
364.900000	1193.000000
364.905000	1151.000000
364.910000	1052.000000
364.915000	943.000000
364.920000	1092.000000
364.925000	806.000000
364.930000	820.000000
364.935000	820.000000
364.940000	781.000000
364.945000	593.000000
364.950000	588.000000
364.955000	637.000000
364.960000	592.000000
364.965000	485.000000
364.970000	613.000000
364.975000	484.000000
364.980000	504.000000
364.985000	563.000000
364.990000	396.000000
364.995000	408.000000
365.000000	449.000000
365.005000	417.000000
365.010000	365.000000
365.015000	456.000000
365.020000	386.000000
365.025000	406.000000
365.030000	351.000000
365.035000	359.000000
365.040000	382.000000
365.045000	435.000000
365.050000	374.000000
365.055000	389.000000
365.060000	295.000000
365.065000	445.000000
365.070000	371.000000
365.075000	312.000000
365.080000	411.000000
365.085000	286.000000
365.090000	392.000000
365.095000	355.000000
365.100000	318.000000
365.105000	299.000000
365.110000	297.000000
365.115000	362.000000
365.120000	285.000000
365.125000	347.000000
365.130000	301.000000
365.135000	316.000000
365.140000	354.000000
365.145000	340.000000
365.150000	482.000000
365.155000	444.000000
365.160000	543.000000
365.165000	340.000000
365.170000	349.000000
365.175000	307.000000
365.180000	392.000000
365.185000	317.000000
365.190000	355.000000
365.195000	584.000000
365.200000	541.000000
