Sample ID:		None
Start Time:		Mon Jun 22 2020 1:43:25 PM
Averaging Time:		1.000s

364.800000	280.000000
364.805000	226.000000
364.810000	351.000000
364.815000	233.000000
364.820000	352.000000
364.825000	320.000000
364.830000	327.000000
364.835000	458.000000
364.840000	281.000000
364.845000	442.000000
364.850000	337.000000
364.855000	434.000000
364.860000	378.000000
364.865000	502.000000
364.870000	483.000000
364.875000	574.000000
364.880000	611.000000
364.885000	593.000000
364.890000	640.000000
364.895000	694.000000
364.900000	852.000000
364.905000	1134.000000
364.910000	1664.000000
364.915000	2199.000000
364.920000	3479.000000
364.925000	6143.000000
364.930000	11409.000000
364.935000	13277.000000
364.940000	18782.000000
364.945000	24467.000000
364.950000	28673.000000
364.955000	31471.000000
364.960000	41996.000000
364.965000	58433.000000
364.970000	112103.000000
364.975000	224971.000000
364.980000	161498.000000
364.985000	69515.000000
364.990000	34295.000000
364.995000	23347.000000
365.000000	15339.000000
365.005000	9381.000000
365.010000	5320.000000
365.015000	4140.000000
365.020000	3148.000000
365.025000	2420.000000
365.030000	2049.000000
365.035000	1902.000000
365.040000	1862.000000
365.045000	1565.000000
365.050000	1466.000000
365.055000	1465.000000
365.060000	1259.000000
365.065000	1224.000000
365.070000	1113.000000
365.075000	942.000000
365.080000	1124.000000
365.085000	903.000000
365.090000	939.000000
365.095000	703.000000
365.100000	780.000000
365.105000	690.000000
365.110000	632.000000
365.115000	662.000000
365.120000	730.000000
365.125000	579.000000
365.130000	634.000000
365.135000	525.000000
365.140000	588.000000
365.145000	515.000000
365.150000	396.000000
365.155000	501.000000
365.160000	583.000000
365.165000	391.000000
365.170000	429.000000
365.175000	452.000000
365.180000	441.000000
365.185000	326.000000
365.190000	318.000000
365.195000	259.000000
365.200000	326.000000
