Sample ID:		None
Start Time:		Mon Jun 22 2020 10:50:24 AM
Averaging Time:		1.000s

364.800000	410.000000
364.805000	302.000000
364.810000	264.000000
364.815000	352.000000
364.820000	332.000000
364.825000	259.000000
364.830000	374.000000
364.835000	258.000000
364.840000	356.000000
364.845000	374.000000
364.850000	401.000000
364.855000	530.000000
364.860000	601.000000
364.865000	559.000000
364.870000	491.000000
364.875000	712.000000
364.880000	673.000000
364.885000	850.000000
364.890000	980.000000
364.895000	1138.000000
364.900000	2075.000000
364.905000	3210.000000
364.910000	5002.000000
364.915000	9841.000000
364.920000	13730.000000
364.925000	16037.000000
364.930000	21586.000000
364.935000	25784.000000
364.940000	31312.000000
364.945000	36255.000000
364.950000	50589.000000
364.955000	95413.000000
364.960000	211765.000000
364.965000	186270.000000
364.970000	81438.000000
364.975000	38685.000000
364.980000	24709.000000
364.985000	15164.000000
364.990000	10479.000000
364.995000	6752.000000
365.000000	3586.000000
365.005000	3584.000000
365.010000	2701.000000
365.015000	2238.000000
365.020000	2099.000000
365.025000	1612.000000
365.030000	1593.000000
365.035000	1455.000000
365.040000	1664.000000
365.045000	1471.000000
365.050000	1182.000000
365.055000	1075.000000
365.060000	989.000000
365.065000	1135.000000
365.070000	843.000000
365.075000	781.000000
365.080000	692.000000
365.085000	742.000000
365.090000	968.000000
365.095000	621.000000
365.100000	535.000000
365.105000	567.000000
365.110000	588.000000
365.115000	534.000000
365.120000	539.000000
365.125000	578.000000
365.130000	605.000000
365.135000	516.000000
365.140000	488.000000
365.145000	448.000000
365.150000	433.000000
365.155000	268.000000
365.160000	320.000000
365.165000	316.000000
365.170000	419.000000
365.175000	368.000000
365.180000	334.000000
365.185000	428.000000
365.190000	397.000000
365.195000	377.000000
365.200000	401.000000
