Sample ID:		None
Start Time:		Mon Jun 22 2020 1:30:01 PM
Averaging Time:		1.000s

364.800000	205.000000
364.805000	243.000000
364.810000	254.000000
364.815000	389.000000
364.820000	281.000000
364.825000	255.000000
364.830000	246.000000
364.835000	307.000000
364.840000	286.000000
364.845000	427.000000
364.850000	313.000000
364.855000	381.000000
364.860000	332.000000
364.865000	411.000000
364.870000	417.000000
364.875000	384.000000
364.880000	415.000000
364.885000	546.000000
364.890000	416.000000
364.895000	409.000000
364.900000	661.000000
364.905000	614.000000
364.910000	790.000000
364.915000	731.000000
364.920000	1052.000000
364.925000	1396.000000
364.930000	2166.000000
364.935000	3197.000000
364.940000	6060.000000
364.945000	9543.000000
364.950000	13680.000000
364.955000	17269.000000
364.960000	22601.000000
364.965000	28205.000000
364.970000	31448.000000
364.975000	39325.000000
364.980000	54121.000000
364.985000	94287.000000
364.990000	221826.000000
364.995000	193720.000000
365.000000	90272.000000
365.005000	40243.000000
365.010000	22995.000000
365.015000	17398.000000
365.020000	11409.000000
365.025000	6740.000000
365.030000	4507.000000
365.035000	3609.000000
365.040000	2569.000000
365.045000	2260.000000
365.050000	1899.000000
365.055000	1788.000000
365.060000	1675.000000
365.065000	1477.000000
365.070000	1244.000000
365.075000	1154.000000
365.080000	1259.000000
365.085000	1050.000000
365.090000	968.000000
365.095000	919.000000
365.100000	921.000000
365.105000	834.000000
365.110000	944.000000
365.115000	652.000000
365.120000	757.000000
365.125000	821.000000
365.130000	676.000000
365.135000	654.000000
365.140000	646.000000
365.145000	485.000000
365.150000	588.000000
365.155000	543.000000
365.160000	418.000000
365.165000	479.000000
365.170000	432.000000
365.175000	464.000000
365.180000	323.000000
365.185000	435.000000
365.190000	329.000000
365.195000	425.000000
365.200000	451.000000
