Sample ID:		None
Start Time:		Mon Jun 22 2020 12:17:12 PM
Averaging Time:		1.000s

364.800000	350.000000
364.805000	271.000000
364.810000	272.000000
364.815000	434.000000
364.820000	453.000000
364.825000	365.000000
364.830000	400.000000
364.835000	363.000000
364.840000	437.000000
364.845000	414.000000
364.850000	429.000000
364.855000	433.000000
364.860000	581.000000
364.865000	567.000000
364.870000	729.000000
364.875000	743.000000
364.880000	729.000000
364.885000	1016.000000
364.890000	1763.000000
364.895000	2742.000000
364.900000	3763.000000
364.905000	6981.000000
364.910000	11262.000000
364.915000	14319.000000
364.920000	18079.000000
364.925000	24408.000000
364.930000	28777.000000
364.935000	34520.000000
364.940000	43160.000000
364.945000	64919.000000
364.950000	125547.000000
364.955000	233060.000000
364.960000	147316.000000
364.965000	62221.000000
364.970000	34361.000000
364.975000	17170.000000
364.980000	13291.000000
364.985000	6670.000000
364.990000	4578.000000
364.995000	3839.000000
365.000000	2910.000000
365.005000	1931.000000
365.010000	2136.000000
365.015000	1819.000000
365.020000	1774.000000
365.025000	1656.000000
365.030000	1257.000000
365.035000	1289.000000
365.040000	1196.000000
365.045000	1180.000000
365.050000	897.000000
365.055000	979.000000
365.060000	940.000000
365.065000	1003.000000
365.070000	877.000000
365.075000	835.000000
365.080000	906.000000
365.085000	781.000000
365.090000	630.000000
365.095000	783.000000
365.100000	632.000000
365.105000	538.000000
365.110000	592.000000
365.115000	599.000000
365.120000	537.000000
365.125000	488.000000
365.130000	395.000000
365.135000	527.000000
365.140000	568.000000
365.145000	304.000000
365.150000	432.000000
365.155000	330.000000
365.160000	373.000000
365.165000	352.000000
365.170000	433.000000
365.175000	389.000000
365.180000	373.000000
365.185000	361.000000
365.190000	495.000000
365.195000	370.000000
365.200000	437.000000
