Sample ID:		None
Start Time:		Mon Jun 22 2020 1:40:04 PM
Averaging Time:		1.000s

364.800000	189.000000
364.805000	209.000000
364.810000	329.000000
364.815000	245.000000
364.820000	341.000000
364.825000	235.000000
364.830000	352.000000
364.835000	431.000000
364.840000	407.000000
364.845000	324.000000
364.850000	565.000000
364.855000	382.000000
364.860000	300.000000
364.865000	389.000000
364.870000	427.000000
364.875000	500.000000
364.880000	510.000000
364.885000	551.000000
364.890000	633.000000
364.895000	815.000000
364.900000	756.000000
364.905000	913.000000
364.910000	823.000000
364.915000	1413.000000
364.920000	2079.000000
364.925000	3204.000000
364.930000	5754.000000
364.935000	11165.000000
364.940000	13226.000000
364.945000	16868.000000
364.950000	22589.000000
364.955000	27403.000000
364.960000	31162.000000
364.965000	38693.000000
364.970000	52359.000000
364.975000	91032.000000
364.980000	214377.000000
364.985000	195983.000000
364.990000	90040.000000
364.995000	42964.000000
365.000000	22469.000000
365.005000	18173.000000
365.010000	10630.000000
365.015000	5948.000000
365.020000	4656.000000
365.025000	3308.000000
365.030000	2712.000000
365.035000	2407.000000
365.040000	1991.000000
365.045000	1916.000000
365.050000	1741.000000
365.055000	1604.000000
365.060000	1251.000000
365.065000	1434.000000
365.070000	1175.000000
365.075000	1185.000000
365.080000	1105.000000
365.085000	972.000000
365.090000	1096.000000
365.095000	922.000000
365.100000	744.000000
365.105000	749.000000
365.110000	724.000000
365.115000	626.000000
365.120000	684.000000
365.125000	658.000000
365.130000	531.000000
365.135000	603.000000
365.140000	502.000000
365.145000	593.000000
365.150000	524.000000
365.155000	416.000000
365.160000	439.000000
365.165000	448.000000
365.170000	501.000000
365.175000	332.000000
365.180000	472.000000
365.185000	281.000000
365.190000	409.000000
365.195000	420.000000
365.200000	477.000000
