Sample ID:		None
Start Time:		Mon Jun 22 2020 2:00:09 PM
Averaging Time:		1.000s

364.800000	213.000000
364.805000	412.000000
364.810000	357.000000
364.815000	373.000000
364.820000	209.000000
364.825000	374.000000
364.830000	262.000000
364.835000	400.000000
364.840000	308.000000
364.845000	351.000000
364.850000	353.000000
364.855000	350.000000
364.860000	645.000000
364.865000	553.000000
364.870000	452.000000
364.875000	630.000000
364.880000	695.000000
364.885000	749.000000
364.890000	1180.000000
364.895000	1290.000000
364.900000	2194.000000
364.905000	3279.000000
364.910000	5255.000000
364.915000	8208.000000
364.920000	13212.000000
364.925000	17142.000000
364.930000	22289.000000
364.935000	26046.000000
364.940000	29414.000000
364.945000	43853.000000
364.950000	53054.000000
364.955000	74737.000000
364.960000	187521.000000
364.965000	201982.000000
364.970000	101964.000000
364.975000	48632.000000
364.980000	25342.000000
364.985000	14493.000000
364.990000	10338.000000
364.995000	6797.000000
365.000000	4277.000000
365.005000	3687.000000
365.010000	2601.000000
365.015000	2063.000000
365.020000	2088.000000
365.025000	1786.000000
365.030000	1683.000000
365.035000	1441.000000
365.040000	1378.000000
365.045000	1347.000000
365.050000	1209.000000
365.055000	1215.000000
365.060000	923.000000
365.065000	974.000000
365.070000	961.000000
365.075000	967.000000
365.080000	822.000000
365.085000	727.000000
365.090000	889.000000
365.095000	759.000000
365.100000	783.000000
365.105000	563.000000
365.110000	580.000000
365.115000	669.000000
365.120000	527.000000
365.125000	488.000000
365.130000	482.000000
365.135000	381.000000
365.140000	482.000000
365.145000	430.000000
365.150000	382.000000
365.155000	486.000000
365.160000	387.000000
365.165000	394.000000
365.170000	389.000000
365.175000	463.000000
365.180000	400.000000
365.185000	297.000000
365.190000	358.000000
365.195000	371.000000
365.200000	370.000000
