Sample ID:		None
Start Time:		Mon Jun 22 2020 12:20:33 PM
Averaging Time:		1.000s

364.800000	297.000000
364.805000	271.000000
364.810000	427.000000
364.815000	430.000000
364.820000	397.000000
364.825000	312.000000
364.830000	326.000000
364.835000	426.000000
364.840000	537.000000
364.845000	545.000000
364.850000	704.000000
364.855000	651.000000
364.860000	786.000000
364.865000	940.000000
364.870000	1062.000000
364.875000	1431.000000
364.880000	2405.000000
364.885000	3258.000000
364.890000	4336.000000
364.895000	8521.000000
364.900000	12104.000000
364.905000	16225.000000
364.910000	21506.000000
364.915000	26011.000000
364.920000	30416.000000
364.925000	38109.000000
364.930000	49661.000000
364.935000	78007.000000
364.940000	190447.000000
364.945000	188597.000000
364.950000	115146.000000
364.955000	49939.000000
364.960000	27331.000000
364.965000	17640.000000
364.970000	12613.000000
364.975000	6744.000000
364.980000	4720.000000
364.985000	3632.000000
364.990000	2885.000000
364.995000	2355.000000
365.000000	2026.000000
365.005000	1731.000000
365.010000	1562.000000
365.015000	1659.000000
365.020000	1579.000000
365.025000	1437.000000
365.030000	1219.000000
365.035000	1065.000000
365.040000	949.000000
365.045000	942.000000
365.050000	1074.000000
365.055000	861.000000
365.060000	951.000000
365.065000	925.000000
365.070000	947.000000
365.075000	589.000000
365.080000	588.000000
365.085000	644.000000
365.090000	597.000000
365.095000	596.000000
365.100000	562.000000
365.105000	433.000000
365.110000	386.000000
365.115000	481.000000
365.120000	499.000000
365.125000	429.000000
365.130000	359.000000
365.135000	461.000000
365.140000	417.000000
365.145000	381.000000
365.150000	386.000000
365.155000	393.000000
365.160000	505.000000
365.165000	387.000000
365.170000	433.000000
365.175000	287.000000
365.180000	256.000000
365.185000	308.000000
365.190000	464.000000
365.195000	403.000000
365.200000	408.000000
