Sample ID:		None
Start Time:		Mon Jun 22 2020 2:03:30 PM
Averaging Time:		1.000s

364.800000	457.000000
364.805000	319.000000
364.810000	287.000000
364.815000	343.000000
364.820000	369.000000
364.825000	393.000000
364.830000	376.000000
364.835000	325.000000
364.840000	274.000000
364.845000	455.000000
364.850000	403.000000
364.855000	443.000000
364.860000	370.000000
364.865000	581.000000
364.870000	678.000000
364.875000	627.000000
364.880000	729.000000
364.885000	908.000000
364.890000	928.000000
364.895000	1378.000000
364.900000	1976.000000
364.905000	2940.000000
364.910000	5296.000000
364.915000	10741.000000
364.920000	13087.000000
364.925000	17048.000000
364.930000	22735.000000
364.935000	28173.000000
364.940000	30886.000000
364.945000	39054.000000
364.950000	59127.000000
364.955000	108136.000000
364.960000	230539.000000
364.965000	218868.000000
364.970000	162275.000000
364.975000	236533.000000
364.980000	152725.000000
364.985000	102179.000000
364.990000	57339.000000
364.995000	67686.000000
365.000000	127862.000000
365.005000	3883.000000
365.010000	2308.000000
365.015000	2268.000000
365.020000	1784.000000
365.025000	1806.000000
365.030000	1537.000000
365.035000	1345.000000
365.040000	1499.000000
365.045000	1290.000000
365.050000	1187.000000
365.055000	1057.000000
365.060000	843.000000
365.065000	907.000000
365.070000	892.000000
365.075000	809.000000
365.080000	774.000000
365.085000	678.000000
365.090000	637.000000
365.095000	791.000000
365.100000	648.000000
365.105000	539.000000
365.110000	581.000000
365.115000	494.000000
365.120000	515.000000
365.125000	516.000000
365.130000	406.000000
365.135000	459.000000
365.140000	525.000000
365.145000	438.000000
365.150000	392.000000
365.155000	425.000000
365.160000	312.000000
365.165000	502.000000
365.170000	299.000000
365.175000	394.000000
365.180000	326.000000
365.185000	402.000000
365.190000	358.000000
365.195000	586.000000
365.200000	336.000000
