Sample ID:		None
Start Time:		Mon Jun 22 2020 1:56:48 PM
Averaging Time:		1.000s

364.800000	208.000000
364.805000	363.000000
364.810000	209.000000
364.815000	409.000000
364.820000	343.000000
364.825000	165.000000
364.830000	316.000000
364.835000	415.000000
364.840000	444.000000
364.845000	439.000000
364.850000	382.000000
364.855000	423.000000
364.860000	554.000000
364.865000	432.000000
364.870000	438.000000
364.875000	492.000000
364.880000	624.000000
364.885000	789.000000
364.890000	692.000000
364.895000	948.000000
364.900000	1342.000000
364.905000	2187.000000
364.910000	3215.000000
364.915000	5366.000000
364.920000	10677.000000
364.925000	13379.000000
364.930000	17788.000000
364.935000	24068.000000
364.940000	27996.000000
364.945000	31736.000000
364.950000	40836.000000
364.955000	57712.000000
364.960000	100904.000000
364.965000	208246.000000
364.970000	185644.000000
364.975000	72095.000000
364.980000	32616.000000
364.985000	22834.000000
364.990000	16433.000000
364.995000	9755.000000
365.000000	4624.000000
365.005000	4133.000000
365.010000	3367.000000
365.015000	2709.000000
365.020000	2287.000000
365.025000	1857.000000
365.030000	1870.000000
365.035000	1684.000000
365.040000	1484.000000
365.045000	1265.000000
365.050000	1253.000000
365.055000	1004.000000
365.060000	991.000000
365.065000	907.000000
365.070000	977.000000
365.075000	872.000000
365.080000	915.000000
365.085000	680.000000
365.090000	966.000000
365.095000	700.000000
365.100000	689.000000
365.105000	744.000000
365.110000	691.000000
365.115000	607.000000
365.120000	581.000000
365.125000	698.000000
365.130000	666.000000
365.135000	592.000000
365.140000	444.000000
365.145000	407.000000
365.150000	377.000000
365.155000	544.000000
365.160000	295.000000
365.165000	352.000000
365.170000	422.000000
365.175000	391.000000
365.180000	490.000000
365.185000	380.000000
365.190000	312.000000
365.195000	398.000000
365.200000	477.000000
