Sample ID:		None
Start Time:		Mon Jun 22 2020 12:30:37 PM
Averaging Time:		1.000s

364.800000	508.000000
364.805000	485.000000
364.810000	633.000000
364.815000	830.000000
364.820000	941.000000
364.825000	1060.000000
364.830000	1334.000000
364.835000	1644.000000
364.840000	3043.000000
364.845000	4580.000000
364.850000	7863.000000
364.855000	11240.000000
364.860000	16060.000000
364.865000	20840.000000
364.870000	26205.000000
364.875000	29661.000000
364.880000	35093.000000
364.885000	49625.000000
364.890000	70490.000000
364.895000	152018.000000
364.900000	224262.000000
364.905000	111429.000000
364.910000	49141.000000
364.915000	29678.000000
364.920000	18192.000000
364.925000	11008.000000
364.930000	6549.000000
364.935000	4970.000000
364.940000	3465.000000
364.945000	2979.000000
364.950000	2464.000000
364.955000	1743.000000
364.960000	1549.000000
364.965000	1862.000000
364.970000	1335.000000
364.975000	1579.000000
364.980000	1216.000000
364.985000	1394.000000
364.990000	1134.000000
364.995000	965.000000
365.000000	1073.000000
365.005000	986.000000
365.010000	913.000000
365.015000	894.000000
365.020000	976.000000
365.025000	792.000000
365.030000	830.000000
365.035000	805.000000
365.040000	554.000000
365.045000	548.000000
365.050000	486.000000
365.055000	545.000000
365.060000	493.000000
365.065000	488.000000
365.070000	402.000000
365.075000	454.000000
365.080000	400.000000
365.085000	420.000000
365.090000	444.000000
365.095000	455.000000
365.100000	299.000000
365.105000	318.000000
365.110000	433.000000
365.115000	365.000000
365.120000	332.000000
365.125000	338.000000
365.130000	384.000000
365.135000	393.000000
365.140000	434.000000
365.145000	309.000000
365.150000	343.000000
365.155000	364.000000
365.160000	268.000000
365.165000	408.000000
365.170000	347.000000
365.175000	495.000000
365.180000	291.000000
365.185000	318.000000
365.190000	327.000000
365.195000	400.000000
365.200000	352.000000
