Sample ID:		None
Start Time:		Mon Jun 22 2020 12:07:09 PM
Averaging Time:		1.000s

364.800000	298.000000
364.805000	233.000000
364.810000	235.000000
364.815000	356.000000
364.820000	229.000000
364.825000	333.000000
364.830000	214.000000
364.835000	407.000000
364.840000	331.000000
364.845000	433.000000
364.850000	258.000000
364.855000	436.000000
364.860000	413.000000
364.865000	483.000000
364.870000	418.000000
364.875000	425.000000
364.880000	482.000000
364.885000	466.000000
364.890000	599.000000
364.895000	618.000000
364.900000	639.000000
364.905000	697.000000
364.910000	559.000000
364.915000	669.000000
364.920000	1070.000000
364.925000	1316.000000
364.930000	1821.000000
364.935000	2828.000000
364.940000	4726.000000
364.945000	8087.000000
364.950000	11802.000000
364.955000	15947.000000
364.960000	21565.000000
364.965000	26665.000000
364.970000	30073.000000
364.975000	35023.000000
364.980000	48831.000000
364.985000	66308.000000
364.990000	148543.000000
364.995000	219590.000000
365.000000	122448.000000
365.005000	60119.000000
365.010000	32709.000000
365.015000	19960.000000
365.020000	12179.000000
365.025000	7342.000000
365.030000	5019.000000
365.035000	3454.000000
365.040000	2914.000000
365.045000	2259.000000
365.050000	2071.000000
365.055000	1976.000000
365.060000	1530.000000
365.065000	1468.000000
365.070000	1542.000000
365.075000	1552.000000
365.080000	1425.000000
365.085000	1155.000000
365.090000	1339.000000
365.095000	987.000000
365.100000	891.000000
365.105000	926.000000
365.110000	919.000000
365.115000	700.000000
365.120000	791.000000
365.125000	634.000000
365.130000	709.000000
365.135000	691.000000
365.140000	521.000000
365.145000	541.000000
365.150000	585.000000
365.155000	550.000000
365.160000	489.000000
365.165000	524.000000
365.170000	403.000000
365.175000	406.000000
365.180000	439.000000
365.185000	459.000000
365.190000	512.000000
365.195000	309.000000
365.200000	380.000000
