Sample ID:		None
Start Time:		Mon Jun 22 2020 12:37:19 PM
Averaging Time:		1.000s

364.800000	748.000000
364.805000	906.000000
364.810000	1995.000000
364.815000	2291.000000
364.820000	3985.000000
364.825000	6649.000000
364.830000	11277.000000
364.835000	14280.000000
364.840000	18975.000000
364.845000	23816.000000
364.850000	28365.000000
364.855000	33402.000000
364.860000	44039.000000
364.865000	66737.000000
364.870000	148617.000000
364.875000	229144.000000
364.880000	134056.000000
364.885000	63102.000000
364.890000	33295.000000
364.895000	18146.000000
364.900000	13320.000000
364.905000	8280.000000
364.910000	4995.000000
364.915000	3817.000000
364.920000	3195.000000
364.925000	2598.000000
364.930000	1917.000000
364.935000	1904.000000
364.940000	1761.000000
364.945000	1482.000000
364.950000	1466.000000
364.955000	1453.000000
364.960000	1124.000000
364.965000	1163.000000
364.970000	1209.000000
364.975000	907.000000
364.980000	973.000000
364.985000	847.000000
364.990000	789.000000
364.995000	842.000000
365.000000	841.000000
365.005000	677.000000
365.010000	631.000000
365.015000	623.000000
365.020000	615.000000
365.025000	553.000000
365.030000	562.000000
365.035000	517.000000
365.040000	394.000000
365.045000	572.000000
365.050000	503.000000
365.055000	582.000000
365.060000	561.000000
365.065000	401.000000
365.070000	518.000000
365.075000	415.000000
365.080000	458.000000
365.085000	398.000000
365.090000	372.000000
365.095000	226.000000
365.100000	465.000000
365.105000	451.000000
365.110000	407.000000
365.115000	473.000000
365.120000	450.000000
365.125000	292.000000
365.130000	318.000000
365.135000	412.000000
365.140000	376.000000
365.145000	377.000000
365.150000	523.000000
365.155000	336.000000
365.160000	431.000000
365.165000	246.000000
365.170000	479.000000
365.175000	314.000000
365.180000	414.000000
365.185000	364.000000
365.190000	403.000000
365.195000	276.000000
365.200000	326.000000
