Sample ID:		None
Start Time:		Mon Jun 22 2020 12:10:30 PM
Averaging Time:		1.000s

364.800000	240.000000
364.805000	213.000000
364.810000	266.000000
364.815000	322.000000
364.820000	281.000000
364.825000	284.000000
364.830000	376.000000
364.835000	395.000000
364.840000	364.000000
364.845000	281.000000
364.850000	196.000000
364.855000	458.000000
364.860000	486.000000
364.865000	255.000000
364.870000	321.000000
364.875000	434.000000
364.880000	448.000000
364.885000	581.000000
364.890000	508.000000
364.895000	557.000000
364.900000	618.000000
364.905000	762.000000
364.910000	932.000000
364.915000	1191.000000
364.920000	2059.000000
364.925000	2513.000000
364.930000	3837.000000
364.935000	6790.000000
364.940000	11557.000000
364.945000	14437.000000
364.950000	19318.000000
364.955000	26319.000000
364.960000	29565.000000
364.965000	33127.000000
364.970000	44930.000000
364.975000	72948.000000
364.980000	143463.000000
364.985000	222435.000000
364.990000	130260.000000
364.995000	55870.000000
365.000000	24917.000000
365.005000	18423.000000
365.010000	12707.000000
365.015000	7617.000000
365.020000	4217.000000
365.025000	3765.000000
365.030000	3173.000000
365.035000	2549.000000
365.040000	2216.000000
365.045000	1910.000000
365.050000	1717.000000
365.055000	1467.000000
365.060000	1696.000000
365.065000	1202.000000
365.070000	1337.000000
365.075000	1108.000000
365.080000	1149.000000
365.085000	920.000000
365.090000	913.000000
365.095000	1009.000000
365.100000	934.000000
365.105000	704.000000
365.110000	558.000000
365.115000	628.000000
365.120000	656.000000
365.125000	602.000000
365.130000	572.000000
365.135000	544.000000
365.140000	481.000000
365.145000	557.000000
365.150000	528.000000
365.155000	485.000000
365.160000	524.000000
365.165000	421.000000
365.170000	463.000000
365.175000	438.000000
365.180000	310.000000
365.185000	397.000000
365.190000	348.000000
365.195000	306.000000
365.200000	362.000000
