Sample ID:		None
Start Time:		Mon Jun 22 2020 10:33:39 AM
Averaging Time:		1.000s

364.800000	165.000000
364.805000	264.000000
364.810000	233.000000
364.815000	284.000000
364.820000	235.000000
364.825000	320.000000
364.830000	384.000000
364.835000	299.000000
364.840000	401.000000
364.845000	248.000000
364.850000	338.000000
364.855000	307.000000
364.860000	321.000000
364.865000	358.000000
364.870000	344.000000
364.875000	462.000000
364.880000	424.000000
364.885000	308.000000
364.890000	349.000000
364.895000	523.000000
364.900000	426.000000
364.905000	505.000000
364.910000	524.000000
364.915000	702.000000
364.920000	851.000000
364.925000	813.000000
364.930000	1176.000000
364.935000	1290.000000
364.940000	1638.000000
364.945000	2999.000000
364.950000	4731.000000
364.955000	6872.000000
364.960000	10457.000000
364.965000	14665.000000
364.970000	19676.000000
364.975000	25071.000000
364.980000	29815.000000
364.985000	32954.000000
364.990000	43481.000000
364.995000	67591.000000
365.000000	158461.000000
365.005000	229601.000000
365.010000	121223.000000
365.015000	54902.000000
365.020000	33123.000000
365.025000	18986.000000
365.030000	11989.000000
365.035000	8023.000000
365.040000	5374.000000
365.045000	3502.000000
365.050000	3019.000000
365.055000	2491.000000
365.060000	2153.000000
365.065000	1916.000000
365.070000	1640.000000
365.075000	1619.000000
365.080000	1406.000000
365.085000	1448.000000
365.090000	1199.000000
365.095000	1034.000000
365.100000	1153.000000
365.105000	981.000000
365.110000	850.000000
365.115000	836.000000
365.120000	780.000000
365.125000	787.000000
365.130000	717.000000
365.135000	858.000000
365.140000	742.000000
365.145000	698.000000
365.150000	672.000000
365.155000	547.000000
365.160000	585.000000
365.165000	427.000000
365.170000	527.000000
365.175000	464.000000
365.180000	471.000000
365.185000	412.000000
365.190000	459.000000
365.195000	414.000000
365.200000	422.000000
