Sample ID:		None
Start Time:		Mon Jun 22 2020 11:00:28 AM
Averaging Time:		1.000s

364.800000	287.000000
364.805000	348.000000
364.810000	472.000000
364.815000	390.000000
364.820000	277.000000
364.825000	359.000000
364.830000	440.000000
364.835000	442.000000
364.840000	447.000000
364.845000	415.000000
364.850000	608.000000
364.855000	757.000000
364.860000	801.000000
364.865000	1111.000000
364.870000	1461.000000
364.875000	2377.000000
364.880000	3881.000000
364.885000	6228.000000
364.890000	10457.000000
364.895000	15139.000000
364.900000	19475.000000
364.905000	23756.000000
364.910000	29123.000000
364.915000	32229.000000
364.920000	41765.000000
364.925000	63700.000000
364.930000	114347.000000
364.935000	226815.000000
364.940000	148648.000000
364.945000	67953.000000
364.950000	36271.000000
364.955000	19161.000000
364.960000	11913.000000
364.965000	9053.000000
364.970000	5307.000000
364.975000	3912.000000
364.980000	3057.000000
364.985000	2541.000000
364.990000	2114.000000
364.995000	1829.000000
365.000000	1568.000000
365.005000	1735.000000
365.010000	1525.000000
365.015000	1310.000000
365.020000	1256.000000
365.025000	1181.000000
365.030000	1150.000000
365.035000	941.000000
365.040000	1038.000000
365.045000	1052.000000
365.050000	780.000000
365.055000	697.000000
365.060000	893.000000
365.065000	643.000000
365.070000	636.000000
365.075000	729.000000
365.080000	557.000000
365.085000	548.000000
365.090000	555.000000
365.095000	582.000000
365.100000	510.000000
365.105000	444.000000
365.110000	558.000000
365.115000	376.000000
365.120000	304.000000
365.125000	417.000000
365.130000	585.000000
365.135000	397.000000
365.140000	341.000000
365.145000	308.000000
365.150000	378.000000
365.155000	353.000000
365.160000	478.000000
365.165000	354.000000
365.170000	369.000000
365.175000	424.000000
365.180000	417.000000
365.185000	265.000000
365.190000	365.000000
365.195000	390.000000
365.200000	496.000000
