Sample ID:		None
Start Time:		Mon Jun 22 2020 1:04:08 PM
Averaging Time:		1.000s

364.800000	237020.000000
364.805000	153906.000000
364.810000	43086.000000
364.815000	24969.000000
364.820000	18483.000000
364.825000	11255.000000
364.830000	5318.000000
364.835000	4526.000000
364.840000	3462.000000
364.845000	2671.000000
364.850000	2628.000000
364.855000	1947.000000
364.860000	2000.000000
364.865000	1543.000000
364.870000	1208.000000
364.875000	1585.000000
364.880000	1581.000000
364.885000	1060.000000
364.890000	936.000000
364.895000	1051.000000
364.900000	1045.000000
364.905000	1013.000000
364.910000	850.000000
364.915000	682.000000
364.920000	813.000000
364.925000	875.000000
364.930000	741.000000
364.935000	622.000000
364.940000	566.000000
364.945000	637.000000
364.950000	734.000000
364.955000	601.000000
364.960000	541.000000
364.965000	478.000000
364.970000	495.000000
364.975000	449.000000
364.980000	534.000000
364.985000	351.000000
364.990000	434.000000
364.995000	336.000000
365.000000	411.000000
365.005000	429.000000
365.010000	246.000000
365.015000	377.000000
365.020000	342.000000
365.025000	417.000000
365.030000	501.000000
365.035000	402.000000
365.040000	439.000000
365.045000	530.000000
365.050000	297.000000
365.055000	373.000000
365.060000	377.000000
365.065000	380.000000
365.070000	354.000000
365.075000	390.000000
365.080000	374.000000
365.085000	456.000000
365.090000	263.000000
365.095000	325.000000
365.100000	373.000000
365.105000	389.000000
365.110000	346.000000
365.115000	389.000000
365.120000	368.000000
365.125000	491.000000
365.130000	401.000000
365.135000	327.000000
365.140000	416.000000
365.145000	326.000000
365.150000	357.000000
365.155000	298.000000
365.160000	340.000000
365.165000	267.000000
365.170000	312.000000
365.175000	381.000000
365.180000	443.000000
365.185000	440.000000
365.190000	433.000000
365.195000	686.000000
365.200000	680.000000
