Sample ID:		None
Start Time:		Mon Jun 22 2020 11:27:17 AM
Averaging Time:		1.000s

364.800000	24620.000000
364.805000	28628.000000
364.810000	42323.000000
364.815000	53427.000000
364.820000	81295.000000
364.825000	204982.000000
364.830000	137384.000000
364.835000	88338.000000
364.840000	45880.000000
364.845000	22254.000000
364.850000	15237.000000
364.855000	9736.000000
364.860000	6073.000000
364.865000	4454.000000
364.870000	3609.000000
364.875000	2643.000000
364.880000	2575.000000
364.885000	1886.000000
364.890000	1795.000000
364.895000	1821.000000
364.900000	1622.000000
364.905000	1526.000000
364.910000	1083.000000
364.915000	1332.000000
364.920000	1187.000000
364.925000	981.000000
364.930000	1040.000000
364.935000	1048.000000
364.940000	782.000000
364.945000	890.000000
364.950000	987.000000
364.955000	883.000000
364.960000	761.000000
364.965000	545.000000
364.970000	714.000000
364.975000	568.000000
364.980000	680.000000
364.985000	649.000000
364.990000	484.000000
364.995000	462.000000
365.000000	481.000000
365.005000	431.000000
365.010000	430.000000
365.015000	363.000000
365.020000	396.000000
365.025000	400.000000
365.030000	473.000000
365.035000	372.000000
365.040000	470.000000
365.045000	418.000000
365.050000	362.000000
365.055000	376.000000
365.060000	430.000000
365.065000	420.000000
365.070000	362.000000
365.075000	492.000000
365.080000	280.000000
365.085000	332.000000
365.090000	435.000000
365.095000	289.000000
365.100000	512.000000
365.105000	317.000000
365.110000	279.000000
365.115000	302.000000
365.120000	280.000000
365.125000	367.000000
365.130000	367.000000
365.135000	268.000000
365.140000	398.000000
365.145000	279.000000
365.150000	305.000000
365.155000	363.000000
365.160000	372.000000
365.165000	429.000000
365.170000	477.000000
365.175000	399.000000
365.180000	400.000000
365.185000	419.000000
365.190000	418.000000
365.195000	326.000000
365.200000	369.000000
