Sample ID:		None
Start Time:		Mon Jun 22 2020 12:47:22 PM
Averaging Time:		1.000s

364.800000	10566.000000
364.805000	16778.000000
364.810000	23944.000000
364.815000	27525.000000
364.820000	31784.000000
364.825000	41041.000000
364.830000	59459.000000
364.835000	114600.000000
364.840000	231225.000000
364.845000	157681.000000
364.850000	68726.000000
364.855000	29855.000000
364.860000	21429.000000
364.865000	13758.000000
364.870000	7887.000000
364.875000	5625.000000
364.880000	4447.000000
364.885000	3378.000000
364.890000	2726.000000
364.895000	2043.000000
364.900000	2004.000000
364.905000	1729.000000
364.910000	1668.000000
364.915000	1461.000000
364.920000	1516.000000
364.925000	1319.000000
364.930000	1032.000000
364.935000	1229.000000
364.940000	919.000000
364.945000	1008.000000
364.950000	939.000000
364.955000	744.000000
364.960000	790.000000
364.965000	686.000000
364.970000	737.000000
364.975000	661.000000
364.980000	709.000000
364.985000	587.000000
364.990000	521.000000
364.995000	492.000000
365.000000	524.000000
365.005000	482.000000
365.010000	609.000000
365.015000	648.000000
365.020000	384.000000
365.025000	402.000000
365.030000	418.000000
365.035000	369.000000
365.040000	275.000000
365.045000	413.000000
365.050000	482.000000
365.055000	342.000000
365.060000	330.000000
365.065000	381.000000
365.070000	263.000000
365.075000	411.000000
365.080000	403.000000
365.085000	396.000000
365.090000	241.000000
365.095000	278.000000
365.100000	284.000000
365.105000	414.000000
365.110000	480.000000
365.115000	328.000000
365.120000	285.000000
365.125000	371.000000
365.130000	320.000000
365.135000	384.000000
365.140000	391.000000
365.145000	395.000000
365.150000	302.000000
365.155000	330.000000
365.160000	420.000000
365.165000	325.000000
365.170000	314.000000
365.175000	427.000000
365.180000	447.000000
365.185000	276.000000
365.190000	347.000000
365.195000	317.000000
365.200000	287.000000
