Sample ID:		None
Start Time:		Mon Jun 22 2020 1:10:50 PM
Averaging Time:		1.000s

364.800000	45864.000000
364.805000	21958.000000
364.810000	13750.000000
364.815000	7201.000000
364.820000	5175.000000
364.825000	3531.000000
364.830000	3027.000000
364.835000	2286.000000
364.840000	1919.000000
364.845000	2047.000000
364.850000	1878.000000
364.855000	1545.000000
364.860000	1323.000000
364.865000	1371.000000
364.870000	1149.000000
364.875000	1153.000000
364.880000	1129.000000
364.885000	1155.000000
364.890000	1065.000000
364.895000	806.000000
364.900000	857.000000
364.905000	744.000000
364.910000	759.000000
364.915000	599.000000
364.920000	655.000000
364.925000	602.000000
364.930000	522.000000
364.935000	595.000000
364.940000	471.000000
364.945000	517.000000
364.950000	523.000000
364.955000	464.000000
364.960000	430.000000
364.965000	394.000000
364.970000	381.000000
364.975000	429.000000
364.980000	370.000000
364.985000	351.000000
364.990000	393.000000
364.995000	374.000000
365.000000	425.000000
365.005000	393.000000
365.010000	359.000000
365.015000	508.000000
365.020000	438.000000
365.025000	403.000000
365.030000	385.000000
365.035000	417.000000
365.040000	292.000000
365.045000	395.000000
365.050000	422.000000
365.055000	351.000000
365.060000	392.000000
365.065000	355.000000
365.070000	245.000000
365.075000	308.000000
365.080000	264.000000
365.085000	283.000000
365.090000	428.000000
365.095000	315.000000
365.100000	429.000000
365.105000	278.000000
365.110000	378.000000
365.115000	269.000000
365.120000	352.000000
365.125000	245.000000
365.130000	367.000000
365.135000	423.000000
365.140000	467.000000
365.145000	460.000000
365.150000	426.000000
365.155000	348.000000
365.160000	347.000000
365.165000	500.000000
365.170000	426.000000
365.175000	485.000000
365.180000	545.000000
365.185000	884.000000
365.190000	1100.000000
365.195000	1355.000000
365.200000	2267.000000
