Sample ID:		None
Start Time:		Mon Jun 22 2020 10:29:42 AM
Averaging Time:		1.000s

364.800000	290.000000
364.805000	177.000000
364.810000	266.000000
364.815000	198.000000
364.820000	200.000000
364.825000	257.000000
364.830000	359.000000
364.835000	377.000000
364.840000	317.000000
364.845000	306.000000
364.850000	245.000000
364.855000	339.000000
364.860000	295.000000
364.865000	334.000000
364.870000	403.000000
364.875000	362.000000
364.880000	396.000000
364.885000	259.000000
364.890000	512.000000
364.895000	349.000000
364.900000	422.000000
364.905000	550.000000
364.910000	582.000000
364.915000	607.000000
364.920000	540.000000
364.925000	554.000000
364.930000	670.000000
364.935000	986.000000
364.940000	862.000000
364.945000	1136.000000
364.950000	1592.000000
364.955000	2248.000000
364.960000	3865.000000
364.965000	7090.000000
364.970000	10359.000000
364.975000	15531.000000
364.980000	18559.000000
364.985000	23374.000000
364.990000	28730.000000
364.995000	33447.000000
365.000000	39404.000000
365.005000	60006.000000
365.010000	127123.000000
365.015000	230654.000000
365.020000	148987.000000
365.025000	60347.000000
365.030000	33758.000000
365.035000	20411.000000
365.040000	14294.000000
365.045000	8025.000000
365.050000	5386.000000
365.055000	3470.000000
365.060000	3047.000000
365.065000	2721.000000
365.070000	1860.000000
365.075000	2035.000000
365.080000	1655.000000
365.085000	1586.000000
365.090000	1372.000000
365.095000	1137.000000
365.100000	1212.000000
365.105000	1172.000000
365.110000	1203.000000
365.115000	954.000000
365.120000	929.000000
365.125000	902.000000
365.130000	813.000000
365.135000	882.000000
365.140000	692.000000
365.145000	638.000000
365.150000	700.000000
365.155000	507.000000
365.160000	588.000000
365.165000	617.000000
365.170000	611.000000
365.175000	504.000000
365.180000	518.000000
365.185000	486.000000
365.190000	506.000000
365.195000	496.000000
365.200000	408.000000
