Sample ID:		None
Start Time:		Mon Jun 22 2020 1:23:18 PM
Averaging Time:		1.000s

364.800000	304.000000
364.805000	252.000000
364.810000	280.000000
364.815000	256.000000
364.820000	209.000000
364.825000	372.000000
364.830000	293.000000
364.835000	322.000000
364.840000	470.000000
364.845000	448.000000
364.850000	320.000000
364.855000	422.000000
364.860000	376.000000
364.865000	372.000000
364.870000	262.000000
364.875000	352.000000
364.880000	343.000000
364.885000	429.000000
364.890000	336.000000
364.895000	474.000000
364.900000	532.000000
364.905000	480.000000
364.910000	378.000000
364.915000	545.000000
364.920000	600.000000
364.925000	795.000000
364.930000	890.000000
364.935000	1264.000000
364.940000	1847.000000
364.945000	2792.000000
364.950000	4490.000000
364.955000	7486.000000
364.960000	11795.000000
364.965000	15241.000000
364.970000	19843.000000
364.975000	25338.000000
364.980000	29297.000000
364.985000	34155.000000
364.990000	49679.000000
364.995000	61844.000000
365.000000	132281.000000
365.005000	235584.000000
365.010000	152999.000000
365.015000	61728.000000
365.020000	32925.000000
365.025000	19288.000000
365.030000	13710.000000
365.035000	7896.000000
365.040000	5198.000000
365.045000	3891.000000
365.050000	2789.000000
365.055000	2467.000000
365.060000	2125.000000
365.065000	1802.000000
365.070000	1921.000000
365.075000	1323.000000
365.080000	1574.000000
365.085000	1288.000000
365.090000	1189.000000
365.095000	1124.000000
365.100000	898.000000
365.105000	875.000000
365.110000	1005.000000
365.115000	870.000000
365.120000	867.000000
365.125000	951.000000
365.130000	938.000000
365.135000	663.000000
365.140000	588.000000
365.145000	647.000000
365.150000	734.000000
365.155000	575.000000
365.160000	624.000000
365.165000	501.000000
365.170000	632.000000
365.175000	493.000000
365.180000	485.000000
365.185000	383.000000
365.190000	395.000000
365.195000	450.000000
365.200000	479.000000
