Sample ID:		None
Start Time:		Mon Jun 22 2020 12:00:26 PM
Averaging Time:		1.000s

364.800000	282.000000
364.805000	323.000000
364.810000	149.000000
364.815000	218.000000
364.820000	327.000000
364.825000	254.000000
364.830000	292.000000
364.835000	230.000000
364.840000	295.000000
364.845000	421.000000
364.850000	371.000000
364.855000	271.000000
364.860000	440.000000
364.865000	317.000000
364.870000	299.000000
364.875000	388.000000
364.880000	427.000000
364.885000	375.000000
364.890000	471.000000
364.895000	345.000000
364.900000	497.000000
364.905000	443.000000
364.910000	638.000000
364.915000	509.000000
364.920000	614.000000
364.925000	647.000000
364.930000	613.000000
364.935000	945.000000
364.940000	1097.000000
364.945000	1531.000000
364.950000	2196.000000
364.955000	3838.000000
364.960000	6394.000000
364.965000	10174.000000
364.970000	13878.000000
364.975000	18961.000000
364.980000	25166.000000
364.985000	27201.000000
364.990000	31711.000000
364.995000	43809.000000
365.000000	60499.000000
365.005000	97225.000000
365.010000	225192.000000
365.015000	185146.000000
365.020000	74919.000000
365.025000	32954.000000
365.030000	23672.000000
365.035000	14243.000000
365.040000	8925.000000
365.045000	5467.000000
365.050000	4399.000000
365.055000	3499.000000
365.060000	2333.000000
365.065000	2379.000000
365.070000	1784.000000
365.075000	1632.000000
365.080000	1525.000000
365.085000	1802.000000
365.090000	1298.000000
365.095000	1341.000000
365.100000	1114.000000
365.105000	1051.000000
365.110000	965.000000
365.115000	1036.000000
365.120000	946.000000
365.125000	834.000000
365.130000	1079.000000
365.135000	767.000000
365.140000	825.000000
365.145000	521.000000
365.150000	690.000000
365.155000	620.000000
365.160000	641.000000
365.165000	552.000000
365.170000	609.000000
365.175000	617.000000
365.180000	484.000000
365.185000	485.000000
365.190000	463.000000
365.195000	426.000000
365.200000	404.000000
