Sample ID:		None
Start Time:		Mon Jun 22 2020 1:00:47 PM
Averaging Time:		1.000s

364.800000	45012.000000
364.805000	82526.000000
364.810000	222298.000000
364.815000	155060.000000
364.820000	65215.000000
364.825000	26137.000000
364.830000	20684.000000
364.835000	13649.000000
364.840000	7889.000000
364.845000	4644.000000
364.850000	3754.000000
364.855000	3146.000000
364.860000	2340.000000
364.865000	2316.000000
364.870000	1919.000000
364.875000	1618.000000
364.880000	1685.000000
364.885000	1453.000000
364.890000	1402.000000
364.895000	1263.000000
364.900000	1135.000000
364.905000	1120.000000
364.910000	1067.000000
364.915000	990.000000
364.920000	945.000000
364.925000	886.000000
364.930000	694.000000
364.935000	767.000000
364.940000	527.000000
364.945000	677.000000
364.950000	847.000000
364.955000	570.000000
364.960000	619.000000
364.965000	642.000000
364.970000	675.000000
364.975000	522.000000
364.980000	652.000000
364.985000	444.000000
364.990000	451.000000
364.995000	513.000000
365.000000	375.000000
365.005000	351.000000
365.010000	411.000000
365.015000	415.000000
365.020000	319.000000
365.025000	379.000000
365.030000	395.000000
365.035000	366.000000
365.040000	395.000000
365.045000	388.000000
365.050000	514.000000
365.055000	340.000000
365.060000	384.000000
365.065000	360.000000
365.070000	496.000000
365.075000	380.000000
365.080000	449.000000
365.085000	315.000000
365.090000	336.000000
365.095000	359.000000
365.100000	387.000000
365.105000	366.000000
365.110000	185.000000
365.115000	409.000000
365.120000	402.000000
365.125000	311.000000
365.130000	480.000000
365.135000	336.000000
365.140000	396.000000
365.145000	326.000000
365.150000	441.000000
365.155000	377.000000
365.160000	325.000000
365.165000	433.000000
365.170000	384.000000
365.175000	295.000000
365.180000	319.000000
365.185000	386.000000
365.190000	421.000000
365.195000	305.000000
365.200000	497.000000
