Sample ID:		None
Start Time:		Mon Jun 22 2020 10:57:07 AM
Averaging Time:		1.000s

364.800000	286.000000
364.805000	381.000000
364.810000	515.000000
364.815000	345.000000
364.820000	324.000000
364.825000	311.000000
364.830000	405.000000
364.835000	434.000000
364.840000	466.000000
364.845000	552.000000
364.850000	630.000000
364.855000	754.000000
364.860000	559.000000
364.865000	744.000000
364.870000	1101.000000
364.875000	1352.000000
364.880000	1749.000000
364.885000	2947.000000
364.890000	4628.000000
364.895000	7334.000000
364.900000	11290.000000
364.905000	15290.000000
364.910000	21092.000000
364.915000	25277.000000
364.920000	29444.000000
364.925000	34423.000000
364.930000	47559.000000
364.935000	68994.000000
364.940000	151975.000000
364.945000	225958.000000
364.950000	97455.000000
364.955000	58097.000000
364.960000	31005.000000
364.965000	18091.000000
364.970000	12068.000000
364.975000	8017.000000
364.980000	4969.000000
364.985000	3359.000000
364.990000	2773.000000
364.995000	2499.000000
365.000000	1974.000000
365.005000	1951.000000
365.010000	1776.000000
365.015000	1612.000000
365.020000	1511.000000
365.025000	1249.000000
365.030000	1206.000000
365.035000	1133.000000
365.040000	1005.000000
365.045000	990.000000
365.050000	923.000000
365.055000	834.000000
365.060000	884.000000
365.065000	754.000000
365.070000	674.000000
365.075000	766.000000
365.080000	598.000000
365.085000	552.000000
365.090000	489.000000
365.095000	509.000000
365.100000	514.000000
365.105000	521.000000
365.110000	455.000000
365.115000	401.000000
365.120000	433.000000
365.125000	428.000000
365.130000	489.000000
365.135000	370.000000
365.140000	410.000000
365.145000	326.000000
365.150000	332.000000
365.155000	354.000000
365.160000	319.000000
365.165000	447.000000
365.170000	313.000000
365.175000	412.000000
365.180000	416.000000
365.185000	419.000000
365.190000	308.000000
365.195000	362.000000
365.200000	460.000000
