Sample ID:		None
Start Time:		Mon Jun 22 2020 10:40:21 AM
Averaging Time:		1.000s

364.800000	219.000000
364.805000	170.000000
364.810000	265.000000
364.815000	189.000000
364.820000	282.000000
364.825000	307.000000
364.830000	216.000000
364.835000	338.000000
364.840000	300.000000
364.845000	299.000000
364.850000	447.000000
364.855000	262.000000
364.860000	377.000000
364.865000	471.000000
364.870000	288.000000
364.875000	439.000000
364.880000	506.000000
364.885000	669.000000
364.890000	546.000000
364.895000	697.000000
364.900000	612.000000
364.905000	635.000000
364.910000	878.000000
364.915000	1008.000000
364.920000	1641.000000
364.925000	2935.000000
364.930000	3872.000000
364.935000	7151.000000
364.940000	10171.000000
364.945000	14606.000000
364.950000	20505.000000
364.955000	24881.000000
364.960000	27469.000000
364.965000	33176.000000
364.970000	48364.000000
364.975000	67991.000000
364.980000	126924.000000
364.985000	231495.000000
364.990000	136336.000000
364.995000	60018.000000
365.000000	36857.000000
365.005000	18950.000000
365.010000	13190.000000
365.015000	8564.000000
365.020000	4913.000000
365.025000	3522.000000
365.030000	3050.000000
365.035000	2637.000000
365.040000	2050.000000
365.045000	2052.000000
365.050000	1818.000000
365.055000	1632.000000
365.060000	1472.000000
365.065000	1173.000000
365.070000	1226.000000
365.075000	1231.000000
365.080000	927.000000
365.085000	1021.000000
365.090000	997.000000
365.095000	796.000000
365.100000	1153.000000
365.105000	717.000000
365.110000	767.000000
365.115000	755.000000
365.120000	609.000000
365.125000	555.000000
365.130000	586.000000
365.135000	664.000000
365.140000	482.000000
365.145000	457.000000
365.150000	486.000000
365.155000	558.000000
365.160000	427.000000
365.165000	381.000000
365.170000	440.000000
365.175000	451.000000
365.180000	386.000000
365.185000	288.000000
365.190000	339.000000
365.195000	433.000000
365.200000	349.000000
