Sample ID:		None
Start Time:		Mon Jun 22 2020 12:54:05 PM
Averaging Time:		1.000s

364.800000	26003.000000
364.805000	29890.000000
364.810000	44151.000000
364.815000	64674.000000
364.820000	117306.000000
364.825000	233237.000000
364.830000	142582.000000
364.835000	66469.000000
364.840000	29426.000000
364.845000	20001.000000
364.850000	12994.000000
364.855000	7732.000000
364.860000	4380.000000
364.865000	3787.000000
364.870000	2814.000000
364.875000	2670.000000
364.880000	2255.000000
364.885000	1936.000000
364.890000	1872.000000
364.895000	1239.000000
364.900000	1575.000000
364.905000	1135.000000
364.910000	1105.000000
364.915000	1005.000000
364.920000	853.000000
364.925000	1018.000000
364.930000	943.000000
364.935000	762.000000
364.940000	709.000000
364.945000	772.000000
364.950000	780.000000
364.955000	741.000000
364.960000	588.000000
364.965000	742.000000
364.970000	581.000000
364.975000	654.000000
364.980000	685.000000
364.985000	776.000000
364.990000	513.000000
364.995000	604.000000
365.000000	409.000000
365.005000	449.000000
365.010000	424.000000
365.015000	432.000000
365.020000	386.000000
365.025000	443.000000
365.030000	460.000000
365.035000	413.000000
365.040000	351.000000
365.045000	360.000000
365.050000	441.000000
365.055000	431.000000
365.060000	363.000000
365.065000	310.000000
365.070000	452.000000
365.075000	466.000000
365.080000	559.000000
365.085000	314.000000
365.090000	320.000000
365.095000	234.000000
365.100000	392.000000
365.105000	399.000000
365.110000	266.000000
365.115000	410.000000
365.120000	317.000000
365.125000	275.000000
365.130000	291.000000
365.135000	435.000000
365.140000	358.000000
365.145000	327.000000
365.150000	250.000000
365.155000	482.000000
365.160000	405.000000
365.165000	369.000000
365.170000	375.000000
365.175000	387.000000
365.180000	460.000000
365.185000	371.000000
365.190000	462.000000
365.195000	376.000000
365.200000	445.000000
