Sample ID:		None
Start Time:		Mon Jun 22 2020 12:40:40 PM
Averaging Time:		1.000s

364.800000	1099.000000
364.805000	1776.000000
364.810000	2742.000000
364.815000	4992.000000
364.820000	9409.000000
364.825000	13891.000000
364.830000	17614.000000
364.835000	22677.000000
364.840000	27564.000000
364.845000	31158.000000
364.850000	41424.000000
364.855000	57848.000000
364.860000	108504.000000
364.865000	236596.000000
364.870000	168511.000000
364.875000	72398.000000
364.880000	36571.000000
364.885000	19049.000000
364.890000	15446.000000
364.895000	8627.000000
364.900000	5564.000000
364.905000	4270.000000
364.910000	3011.000000
364.915000	2405.000000
364.920000	2301.000000
364.925000	1814.000000
364.930000	1919.000000
364.935000	1506.000000
364.940000	1378.000000
364.945000	1441.000000
364.950000	1308.000000
364.955000	1099.000000
364.960000	1185.000000
364.965000	1047.000000
364.970000	852.000000
364.975000	965.000000
364.980000	804.000000
364.985000	785.000000
364.990000	776.000000
364.995000	897.000000
365.000000	494.000000
365.005000	608.000000
365.010000	661.000000
365.015000	477.000000
365.020000	382.000000
365.025000	579.000000
365.030000	467.000000
365.035000	559.000000
365.040000	425.000000
365.045000	450.000000
365.050000	447.000000
365.055000	545.000000
365.060000	314.000000
365.065000	463.000000
365.070000	285.000000
365.075000	486.000000
365.080000	435.000000
365.085000	403.000000
365.090000	298.000000
365.095000	324.000000
365.100000	363.000000
365.105000	289.000000
365.110000	363.000000
365.115000	346.000000
365.120000	412.000000
365.125000	348.000000
365.130000	351.000000
365.135000	266.000000
365.140000	365.000000
365.145000	465.000000
365.150000	517.000000
365.155000	300.000000
365.160000	315.000000
365.165000	345.000000
365.170000	334.000000
365.175000	280.000000
365.180000	458.000000
365.185000	337.000000
365.190000	302.000000
365.195000	311.000000
365.200000	408.000000
