Sample ID:		None
Start Time:		Mon Jun 22 2020 12:13:51 PM
Averaging Time:		1.000s

364.800000	225.000000
364.805000	255.000000
364.810000	321.000000
364.815000	342.000000
364.820000	383.000000
364.825000	420.000000
364.830000	390.000000
364.835000	388.000000
364.840000	388.000000
364.845000	331.000000
364.850000	348.000000
364.855000	338.000000
364.860000	483.000000
364.865000	432.000000
364.870000	514.000000
364.875000	653.000000
364.880000	546.000000
364.885000	703.000000
364.890000	650.000000
364.895000	889.000000
364.900000	1102.000000
364.905000	1316.000000
364.910000	2128.000000
364.915000	3811.000000
364.920000	6323.000000
364.925000	8821.000000
364.930000	13015.000000
364.935000	16983.000000
364.940000	22420.000000
364.945000	27114.000000
364.950000	30289.000000
364.955000	44931.000000
364.960000	58228.000000
364.965000	89448.000000
364.970000	212776.000000
364.975000	129347.000000
364.980000	78560.000000
364.985000	43242.000000
364.990000	24307.000000
364.995000	13034.000000
365.000000	8268.000000
365.005000	5729.000000
365.010000	4113.000000
365.015000	3188.000000
365.020000	2384.000000
365.025000	2334.000000
365.030000	2279.000000
365.035000	1781.000000
365.040000	1659.000000
365.045000	1623.000000
365.050000	1429.000000
365.055000	1171.000000
365.060000	1242.000000
365.065000	1278.000000
365.070000	899.000000
365.075000	895.000000
365.080000	816.000000
365.085000	958.000000
365.090000	1028.000000
365.095000	674.000000
365.100000	726.000000
365.105000	702.000000
365.110000	549.000000
365.115000	468.000000
365.120000	528.000000
365.125000	520.000000
365.130000	510.000000
365.135000	454.000000
365.140000	398.000000
365.145000	400.000000
365.150000	548.000000
365.155000	448.000000
365.160000	389.000000
365.165000	446.000000
365.170000	482.000000
365.175000	420.000000
365.180000	314.000000
365.185000	423.000000
365.190000	332.000000
365.195000	333.000000
365.200000	257.000000
