Sample ID:		None
Start Time:		Mon Jun 22 2020 11:07:10 AM
Averaging Time:		1.000s

364.800000	383.000000
364.805000	367.000000
364.810000	456.000000
364.815000	635.000000
364.820000	553.000000
364.825000	631.000000
364.830000	608.000000
364.835000	1121.000000
364.840000	986.000000
364.845000	1080.000000
364.850000	1901.000000
364.855000	2859.000000
364.860000	4616.000000
364.865000	6993.000000
364.870000	11435.000000
364.875000	14970.000000
364.880000	21649.000000
364.885000	25285.000000
364.890000	28730.000000
364.895000	34538.000000
364.900000	46556.000000
364.905000	64266.000000
364.910000	153864.000000
364.915000	218257.000000
364.920000	116674.000000
364.925000	58244.000000
364.930000	29479.000000
364.935000	19345.000000
364.940000	11580.000000
364.945000	7419.000000
364.950000	4706.000000
364.955000	3267.000000
364.960000	2728.000000
364.965000	2253.000000
364.970000	1973.000000
364.975000	1954.000000
364.980000	1603.000000
364.985000	1652.000000
364.990000	1440.000000
364.995000	1290.000000
365.000000	1134.000000
365.005000	1029.000000
365.010000	1035.000000
365.015000	1093.000000
365.020000	801.000000
365.025000	703.000000
365.030000	715.000000
365.035000	813.000000
365.040000	625.000000
365.045000	664.000000
365.050000	566.000000
365.055000	581.000000
365.060000	554.000000
365.065000	653.000000
365.070000	696.000000
365.075000	674.000000
365.080000	515.000000
365.085000	578.000000
365.090000	378.000000
365.095000	458.000000
365.100000	457.000000
365.105000	391.000000
365.110000	366.000000
365.115000	338.000000
365.120000	277.000000
365.125000	448.000000
365.130000	355.000000
365.135000	336.000000
365.140000	423.000000
365.145000	415.000000
365.150000	378.000000
365.155000	385.000000
365.160000	402.000000
365.165000	376.000000
365.170000	402.000000
365.175000	381.000000
365.180000	435.000000
365.185000	396.000000
365.190000	426.000000
365.195000	332.000000
365.200000	435.000000
