Sample ID:		None
Start Time:		Mon Jun 22 2020 12:03:47 PM
Averaging Time:		1.000s

364.800000	139.000000
364.805000	231.000000
364.810000	222.000000
364.815000	288.000000
364.820000	216.000000
364.825000	223.000000
364.830000	273.000000
364.835000	263.000000
364.840000	311.000000
364.845000	306.000000
364.850000	423.000000
364.855000	359.000000
364.860000	459.000000
364.865000	235.000000
364.870000	400.000000
364.875000	382.000000
364.880000	350.000000
364.885000	451.000000
364.890000	370.000000
364.895000	392.000000
364.900000	501.000000
364.905000	499.000000
364.910000	761.000000
364.915000	462.000000
364.920000	904.000000
364.925000	945.000000
364.930000	1025.000000
364.935000	1724.000000
364.940000	2239.000000
364.945000	3525.000000
364.950000	5872.000000
364.955000	9419.000000
364.960000	13977.000000
364.965000	17663.000000
364.970000	23222.000000
364.975000	27369.000000
364.980000	32257.000000
364.985000	38970.000000
364.990000	56058.000000
364.995000	93488.000000
365.000000	218345.000000
365.005000	183757.000000
365.010000	85881.000000
365.015000	42116.000000
365.020000	21397.000000
365.025000	17023.000000
365.030000	9893.000000
365.035000	5178.000000
365.040000	4459.000000
365.045000	3211.000000
365.050000	2830.000000
365.055000	2357.000000
365.060000	1891.000000
365.065000	1670.000000
365.070000	1571.000000
365.075000	1585.000000
365.080000	1395.000000
365.085000	1298.000000
365.090000	1024.000000
365.095000	885.000000
365.100000	914.000000
365.105000	973.000000
365.110000	942.000000
365.115000	943.000000
365.120000	915.000000
365.125000	876.000000
365.130000	735.000000
365.135000	615.000000
365.140000	681.000000
365.145000	809.000000
365.150000	737.000000
365.155000	704.000000
365.160000	686.000000
365.165000	582.000000
365.170000	518.000000
365.175000	538.000000
365.180000	426.000000
365.185000	481.000000
365.190000	420.000000
365.195000	325.000000
365.200000	343.000000
