Sample ID:		None
Start Time:		Mon Jun 22 2020 1:26:40 PM
Averaging Time:		1.000s

364.800000	186.000000
364.805000	275.000000
364.810000	270.000000
364.815000	213.000000
364.820000	345.000000
364.825000	354.000000
364.830000	321.000000
364.835000	347.000000
364.840000	223.000000
364.845000	480.000000
364.850000	176.000000
364.855000	397.000000
364.860000	356.000000
364.865000	532.000000
364.870000	322.000000
364.875000	411.000000
364.880000	512.000000
364.885000	414.000000
364.890000	481.000000
364.895000	360.000000
364.900000	521.000000
364.905000	629.000000
364.910000	846.000000
364.915000	651.000000
364.920000	773.000000
364.925000	879.000000
364.930000	1202.000000
364.935000	1748.000000
364.940000	2806.000000
364.945000	5229.000000
364.950000	7886.000000
364.955000	11536.000000
364.960000	15395.000000
364.965000	19847.000000
364.970000	25866.000000
364.975000	29097.000000
364.980000	33791.000000
364.985000	48392.000000
364.990000	77720.000000
364.995000	144157.000000
365.000000	229146.000000
365.005000	117401.000000
365.010000	54116.000000
365.015000	25687.000000
365.020000	18420.000000
365.025000	12476.000000
365.030000	7102.000000
365.035000	4732.000000
365.040000	3639.000000
365.045000	2613.000000
365.050000	2225.000000
365.055000	2254.000000
365.060000	2082.000000
365.065000	1785.000000
365.070000	1480.000000
365.075000	1383.000000
365.080000	1250.000000
365.085000	1186.000000
365.090000	1170.000000
365.095000	1019.000000
365.100000	980.000000
365.105000	957.000000
365.110000	1008.000000
365.115000	826.000000
365.120000	780.000000
365.125000	712.000000
365.130000	583.000000
365.135000	839.000000
365.140000	563.000000
365.145000	495.000000
365.150000	507.000000
365.155000	533.000000
365.160000	424.000000
365.165000	574.000000
365.170000	495.000000
365.175000	361.000000
365.180000	422.000000
365.185000	542.000000
365.190000	530.000000
365.195000	410.000000
365.200000	456.000000
