Sample ID:		None
Start Time:		Mon Jun 22 2020 1:36:43 PM
Averaging Time:		1.000s

364.800000	288.000000
364.805000	323.000000
364.810000	332.000000
364.815000	246.000000
364.820000	222.000000
364.825000	366.000000
364.830000	200.000000
364.835000	272.000000
364.840000	285.000000
364.845000	342.000000
364.850000	379.000000
364.855000	389.000000
364.860000	368.000000
364.865000	384.000000
364.870000	379.000000
364.875000	455.000000
364.880000	501.000000
364.885000	523.000000
364.890000	540.000000
364.895000	559.000000
364.900000	502.000000
364.905000	843.000000
364.910000	920.000000
364.915000	1371.000000
364.920000	2150.000000
364.925000	2851.000000
364.930000	4717.000000
364.935000	8389.000000
364.940000	12374.000000
364.945000	16072.000000
364.950000	20089.000000
364.955000	26681.000000
364.960000	29014.000000
364.965000	35459.000000
364.970000	48539.000000
364.975000	78998.000000
364.980000	160585.000000
364.985000	231009.000000
364.990000	111364.000000
364.995000	54315.000000
365.000000	28540.000000
365.005000	16356.000000
365.010000	11825.000000
365.015000	6501.000000
365.020000	4753.000000
365.025000	3671.000000
365.030000	2889.000000
365.035000	2265.000000
365.040000	2301.000000
365.045000	2020.000000
365.050000	1796.000000
365.055000	1490.000000
365.060000	1379.000000
365.065000	1332.000000
365.070000	1295.000000
365.075000	1120.000000
365.080000	1015.000000
365.085000	1038.000000
365.090000	861.000000
365.095000	834.000000
365.100000	786.000000
365.105000	867.000000
365.110000	619.000000
365.115000	709.000000
365.120000	717.000000
365.125000	639.000000
365.130000	575.000000
365.135000	549.000000
365.140000	510.000000
365.145000	744.000000
365.150000	497.000000
365.155000	394.000000
365.160000	421.000000
365.165000	452.000000
365.170000	392.000000
365.175000	495.000000
365.180000	433.000000
365.185000	413.000000
365.190000	497.000000
365.195000	398.000000
365.200000	403.000000
