Sample ID:		None
Start Time:		Thu Jun 25 2020 12:57:10 AM
Averaging Time:		1.000s

364.600000	7.000000
364.605000	41.000000
364.610000	79.000000
364.615000	45.000000
364.620000	33.000000
364.625000	51.000000
364.630000	29.000000
364.635000	26.000000
364.640000	37.000000
364.645000	56.000000
364.650000	35.000000
364.655000	60.000000
364.660000	126.000000
364.665000	48.000000
364.670000	60.000000
364.675000	95.000000
364.680000	112.000000
364.685000	108.000000
364.690000	122.000000
364.695000	90.000000
364.700000	178.000000
364.705000	161.000000
364.710000	209.000000
364.715000	187.000000
364.720000	187.000000
364.725000	230.000000
364.730000	213.000000
364.735000	316.000000
364.740000	189.000000
364.745000	227.000000
364.750000	232.000000
364.755000	303.000000
364.760000	210.000000
364.765000	339.000000
364.770000	258.000000
364.775000	307.000000
364.780000	294.000000
364.785000	368.000000
364.790000	283.000000
364.795000	363.000000
364.800000	281.000000
364.805000	303.000000
364.810000	330.000000
364.815000	296.000000
364.820000	516.000000
364.825000	518.000000
364.830000	440.000000
364.835000	478.000000
364.840000	633.000000
364.845000	613.000000
364.850000	845.000000
364.855000	899.000000
364.860000	1166.000000
364.865000	1357.000000
364.870000	2189.000000
364.875000	4249.000000
364.880000	6399.000000
364.885000	10445.000000
364.890000	14945.000000
364.895000	18773.000000
364.900000	22669.000000
364.905000	27980.000000
364.910000	31710.000000
364.915000	40602.000000
364.920000	56474.000000
364.925000	141354.000000
364.930000	215722.000000
364.935000	166549.000000
364.940000	58995.000000
364.945000	38725.000000
364.950000	23371.000000
364.955000	13598.000000
364.960000	7866.000000
364.965000	5849.000000
364.970000	3821.000000
364.975000	2843.000000
364.980000	2309.000000
364.985000	1997.000000
364.990000	1841.000000
364.995000	2051.000000
365.000000	1517.000000
365.005000	1294.000000
365.010000	1334.000000
365.015000	1431.000000
365.020000	1060.000000
365.025000	1103.000000
365.030000	1099.000000
365.035000	832.000000
365.040000	856.000000
365.045000	818.000000
365.050000	622.000000
365.055000	658.000000
365.060000	708.000000
365.065000	641.000000
365.070000	669.000000
365.075000	526.000000
365.080000	596.000000
365.085000	520.000000
365.090000	397.000000
365.095000	520.000000
365.100000	367.000000
365.105000	465.000000
365.110000	391.000000
365.115000	359.000000
365.120000	419.000000
365.125000	265.000000
365.130000	390.000000
365.135000	279.000000
365.140000	302.000000
365.145000	375.000000
365.150000	333.000000
365.155000	406.000000
365.160000	271.000000
365.165000	245.000000
365.170000	512.000000
365.175000	462.000000
365.180000	289.000000
365.185000	234.000000
365.190000	370.000000
365.195000	363.000000
365.200000	380.000000
365.205000	261.000000
365.210000	277.000000
365.215000	263.000000
365.220000	269.000000
365.225000	241.000000
365.230000	344.000000
365.235000	271.000000
365.240000	299.000000
365.245000	249.000000
365.250000	250.000000
365.255000	194.000000
365.260000	249.000000
365.265000	278.000000
365.270000	228.000000
365.275000	328.000000
365.280000	391.000000
365.285000	321.000000
365.290000	335.000000
365.295000	247.000000
365.300000	310.000000
365.305000	383.000000
365.310000	381.000000
365.315000	413.000000
365.320000	497.000000
365.325000	428.000000
365.330000	554.000000
365.335000	952.000000
365.340000	1438.000000
365.345000	2142.000000
365.350000	2974.000000
365.355000	4089.000000
365.360000	4818.000000
365.365000	5688.000000
365.370000	6517.000000
365.375000	7585.000000
365.380000	12067.000000
365.385000	18418.000000
365.390000	30710.000000
365.395000	47012.000000
365.400000	27614.000000
365.405000	13549.000000
365.410000	7808.000000
365.415000	4284.000000
365.420000	2596.000000
365.425000	1551.000000
365.430000	1003.000000
365.435000	581.000000
365.440000	694.000000
365.445000	554.000000
365.450000	383.000000
365.455000	511.000000
365.460000	450.000000
365.465000	393.000000
365.470000	315.000000
365.475000	341.000000
365.480000	539.000000
365.485000	377.000000
365.490000	304.000000
365.495000	362.000000
365.500000	305.000000
365.505000	313.000000
365.510000	365.000000
365.515000	391.000000
365.520000	350.000000
365.525000	231.000000
365.530000	344.000000
365.535000	393.000000
365.540000	245.000000
365.545000	196.000000
365.550000	264.000000
365.555000	299.000000
365.560000	294.000000
365.565000	224.000000
365.570000	367.000000
365.575000	200.000000
365.580000	217.000000
365.585000	275.000000
365.590000	259.000000
365.595000	168.000000
365.600000	160.000000
