Sample ID:		None
Start Time:		Thu Jun 25 2020 5:01:31 AM
Averaging Time:		1.000s

364.600000	32.000000
364.605000	38.000000
364.610000	53.000000
364.615000	75.000000
364.620000	82.000000
364.625000	132.000000
364.630000	90.000000
364.635000	132.000000
364.640000	242.000000
364.645000	191.000000
364.650000	249.000000
364.655000	224.000000
364.660000	189.000000
364.665000	341.000000
364.670000	228.000000
364.675000	270.000000
364.680000	352.000000
364.685000	274.000000
364.690000	236.000000
364.695000	365.000000
364.700000	257.000000
364.705000	189.000000
364.710000	241.000000
364.715000	224.000000
364.720000	324.000000
364.725000	298.000000
364.730000	296.000000
364.735000	423.000000
364.740000	381.000000
364.745000	406.000000
364.750000	273.000000
364.755000	318.000000
364.760000	391.000000
364.765000	636.000000
364.770000	434.000000
364.775000	442.000000
364.780000	564.000000
364.785000	458.000000
364.790000	684.000000
364.795000	641.000000
364.800000	1024.000000
364.805000	1204.000000
364.810000	2080.000000
364.815000	3701.000000
364.820000	5458.000000
364.825000	8911.000000
364.830000	13135.000000
364.835000	17508.000000
364.840000	20876.000000
364.845000	26724.000000
364.850000	29758.000000
364.855000	36916.000000
364.860000	56585.000000
364.865000	92747.000000
364.870000	206142.000000
364.875000	102564.000000
364.880000	68491.000000
364.885000	38614.000000
364.890000	20749.000000
364.895000	14002.000000
364.900000	9064.000000
364.905000	5616.000000
364.910000	3637.000000
364.915000	2839.000000
364.920000	2592.000000
364.925000	2223.000000
364.930000	1719.000000
364.935000	1661.000000
364.940000	1440.000000
364.945000	1457.000000
364.950000	1169.000000
364.955000	1337.000000
364.960000	1087.000000
364.965000	956.000000
364.970000	991.000000
364.975000	981.000000
364.980000	917.000000
364.985000	900.000000
364.990000	800.000000
364.995000	725.000000
365.000000	633.000000
365.005000	496.000000
365.010000	498.000000
365.015000	614.000000
365.020000	522.000000
365.025000	384.000000
365.030000	461.000000
365.035000	447.000000
365.040000	418.000000
365.045000	376.000000
365.050000	353.000000
365.055000	405.000000
365.060000	443.000000
365.065000	333.000000
365.070000	294.000000
365.075000	372.000000
365.080000	294.000000
365.085000	352.000000
365.090000	441.000000
365.095000	196.000000
365.100000	517.000000
365.105000	284.000000
365.110000	294.000000
365.115000	393.000000
365.120000	330.000000
365.125000	338.000000
365.130000	447.000000
365.135000	327.000000
365.140000	330.000000
365.145000	352.000000
365.150000	347.000000
365.155000	214.000000
365.160000	207.000000
365.165000	300.000000
365.170000	302.000000
365.175000	268.000000
365.180000	217.000000
365.185000	241.000000
365.190000	243.000000
365.195000	212.000000
365.200000	257.000000
365.205000	263.000000
365.210000	194.000000
365.215000	327.000000
365.220000	284.000000
365.225000	242.000000
365.230000	299.000000
365.235000	318.000000
365.240000	253.000000
365.245000	358.000000
365.250000	273.000000
365.255000	440.000000
365.260000	388.000000
365.265000	407.000000
365.270000	641.000000
365.275000	815.000000
365.280000	1296.000000
365.285000	1733.000000
365.290000	2777.000000
365.295000	3471.000000
365.300000	4346.000000
365.305000	5227.000000
365.310000	6577.000000
365.315000	7381.000000
365.320000	9587.000000
365.325000	15622.000000
365.330000	25271.000000
365.335000	45749.000000
365.340000	31522.000000
365.345000	15686.000000
365.350000	7587.000000
365.355000	4213.000000
365.360000	2865.000000
365.365000	1683.000000
365.370000	923.000000
365.375000	719.000000
365.380000	629.000000
365.385000	519.000000
365.390000	443.000000
365.395000	549.000000
365.400000	614.000000
365.405000	567.000000
365.410000	403.000000
365.415000	412.000000
365.420000	276.000000
365.425000	503.000000
365.430000	352.000000
365.435000	423.000000
365.440000	420.000000
365.445000	323.000000
365.450000	290.000000
365.455000	372.000000
365.460000	363.000000
365.465000	276.000000
365.470000	301.000000
365.475000	240.000000
365.480000	242.000000
365.485000	398.000000
365.490000	258.000000
365.495000	218.000000
365.500000	174.000000
365.505000	264.000000
365.510000	263.000000
365.515000	256.000000
365.520000	294.000000
365.525000	190.000000
365.530000	184.000000
365.535000	288.000000
365.540000	107.000000
365.545000	193.000000
365.550000	84.000000
365.555000	190.000000
365.560000	107.000000
365.565000	142.000000
365.570000	88.000000
365.575000	100.000000
365.580000	139.000000
365.585000	93.000000
365.590000	91.000000
365.595000	131.000000
365.600000	103.000000
