Sample ID:		None
Start Time:		Thu Jun 25 2020 2:03:49 AM
Averaging Time:		1.000s

364.600000	26.000000
364.605000	42.000000
364.610000	37.000000
364.615000	56.000000
364.620000	112.000000
364.625000	26.000000
364.630000	30.000000
364.635000	66.000000
364.640000	58.000000
364.645000	44.000000
364.650000	31.000000
364.655000	54.000000
364.660000	55.000000
364.665000	66.000000
364.670000	80.000000
364.675000	65.000000
364.680000	42.000000
364.685000	105.000000
364.690000	110.000000
364.695000	149.000000
364.700000	172.000000
364.705000	193.000000
364.710000	293.000000
364.715000	189.000000
364.720000	246.000000
364.725000	204.000000
364.730000	190.000000
364.735000	215.000000
364.740000	284.000000
364.745000	327.000000
364.750000	247.000000
364.755000	243.000000
364.760000	267.000000
364.765000	268.000000
364.770000	303.000000
364.775000	273.000000
364.780000	331.000000
364.785000	294.000000
364.790000	212.000000
364.795000	368.000000
364.800000	415.000000
364.805000	362.000000
364.810000	311.000000
364.815000	348.000000
364.820000	505.000000
364.825000	502.000000
364.830000	432.000000
364.835000	545.000000
364.840000	550.000000
364.845000	682.000000
364.850000	579.000000
364.855000	863.000000
364.860000	1052.000000
364.865000	1853.000000
364.870000	3386.000000
364.875000	4448.000000
364.880000	6586.000000
364.885000	10449.000000
364.890000	14776.000000
364.895000	18176.000000
364.900000	23213.000000
364.905000	27096.000000
364.910000	32752.000000
364.915000	39708.000000
364.920000	59160.000000
364.925000	122422.000000
364.930000	217544.000000
364.935000	134681.000000
364.940000	60690.000000
364.945000	31444.000000
364.950000	21452.000000
364.955000	11328.000000
364.960000	7653.000000
364.965000	5103.000000
364.970000	3441.000000
364.975000	2838.000000
364.980000	2025.000000
364.985000	2099.000000
364.990000	1758.000000
364.995000	1503.000000
365.000000	1531.000000
365.005000	1466.000000
365.010000	998.000000
365.015000	1131.000000
365.020000	1330.000000
365.025000	946.000000
365.030000	967.000000
365.035000	899.000000
365.040000	737.000000
365.045000	705.000000
365.050000	665.000000
365.055000	807.000000
365.060000	640.000000
365.065000	671.000000
365.070000	530.000000
365.075000	555.000000
365.080000	449.000000
365.085000	522.000000
365.090000	470.000000
365.095000	418.000000
365.100000	377.000000
365.105000	389.000000
365.110000	338.000000
365.115000	495.000000
365.120000	463.000000
365.125000	345.000000
365.130000	288.000000
365.135000	245.000000
365.140000	326.000000
365.145000	256.000000
365.150000	286.000000
365.155000	354.000000
365.160000	364.000000
365.165000	285.000000
365.170000	327.000000
365.175000	247.000000
365.180000	365.000000
365.185000	347.000000
365.190000	295.000000
365.195000	292.000000
365.200000	341.000000
365.205000	292.000000
365.210000	268.000000
365.215000	356.000000
365.220000	327.000000
365.225000	250.000000
365.230000	210.000000
365.235000	314.000000
365.240000	319.000000
365.245000	228.000000
365.250000	225.000000
365.255000	209.000000
365.260000	254.000000
365.265000	345.000000
365.270000	218.000000
365.275000	326.000000
365.280000	316.000000
365.285000	326.000000
365.290000	282.000000
365.295000	359.000000
365.300000	293.000000
365.305000	241.000000
365.310000	275.000000
365.315000	399.000000
365.320000	441.000000
365.325000	608.000000
365.330000	768.000000
365.335000	1062.000000
365.340000	1469.000000
365.345000	2317.000000
365.350000	3521.000000
365.355000	3844.000000
365.360000	4758.000000
365.365000	5656.000000
365.370000	6758.000000
365.375000	7884.000000
365.380000	11625.000000
365.385000	21760.000000
365.390000	39741.000000
365.395000	43816.000000
365.400000	24652.000000
365.405000	12381.000000
365.410000	6085.000000
365.415000	3113.000000
365.420000	2427.000000
365.425000	1286.000000
365.430000	940.000000
365.435000	792.000000
365.440000	504.000000
365.445000	545.000000
365.450000	479.000000
365.455000	549.000000
365.460000	441.000000
365.465000	388.000000
365.470000	399.000000
365.475000	345.000000
365.480000	223.000000
365.485000	296.000000
365.490000	473.000000
365.495000	364.000000
365.500000	308.000000
365.505000	325.000000
365.510000	310.000000
365.515000	383.000000
365.520000	230.000000
365.525000	310.000000
365.530000	222.000000
365.535000	228.000000
365.540000	142.000000
365.545000	290.000000
365.550000	326.000000
365.555000	310.000000
365.560000	238.000000
365.565000	221.000000
365.570000	212.000000
365.575000	300.000000
365.580000	276.000000
365.585000	177.000000
365.590000	254.000000
365.595000	144.000000
365.600000	224.000000
