Sample ID:		None
Start Time:		Thu Jun 25 2020 1:29:46 PM
Averaging Time:		1.000s

364.600000	87.000000
364.605000	115.000000
364.610000	24.000000
364.615000	85.000000
364.620000	117.000000
364.625000	50.000000
364.630000	102.000000
364.635000	41.000000
364.640000	128.000000
364.645000	49.000000
364.650000	50.000000
364.655000	79.000000
364.660000	129.000000
364.665000	121.000000
364.670000	47.000000
364.675000	44.000000
364.680000	77.000000
364.685000	67.000000
364.690000	58.000000
364.695000	112.000000
364.700000	133.000000
364.705000	116.000000
364.710000	159.000000
364.715000	156.000000
364.720000	185.000000
364.725000	187.000000
364.730000	182.000000
364.735000	221.000000
364.740000	195.000000
364.745000	182.000000
364.750000	309.000000
364.755000	301.000000
364.760000	291.000000
364.765000	328.000000
364.770000	358.000000
364.775000	240.000000
364.780000	216.000000
364.785000	339.000000
364.790000	274.000000
364.795000	249.000000
364.800000	272.000000
364.805000	324.000000
364.810000	274.000000
364.815000	396.000000
364.820000	398.000000
364.825000	373.000000
364.830000	416.000000
364.835000	339.000000
364.840000	431.000000
364.845000	523.000000
364.850000	499.000000
364.855000	648.000000
364.860000	658.000000
364.865000	642.000000
364.870000	861.000000
364.875000	895.000000
364.880000	1312.000000
364.885000	1840.000000
364.890000	2614.000000
364.895000	4914.000000
364.900000	7210.000000
364.905000	10572.000000
364.910000	14712.000000
364.915000	19308.000000
364.920000	23600.000000
364.925000	28622.000000
364.930000	32740.000000
364.935000	43374.000000
364.940000	62317.000000
364.945000	125113.000000
364.950000	218076.000000
364.955000	95164.000000
364.960000	56272.000000
364.965000	34683.000000
364.970000	17048.000000
364.975000	11195.000000
364.980000	8200.000000
364.985000	5602.000000
364.990000	3267.000000
364.995000	3003.000000
365.000000	2694.000000
365.005000	1898.000000
365.010000	1676.000000
365.015000	1614.000000
365.020000	1670.000000
365.025000	1434.000000
365.030000	1496.000000
365.035000	1102.000000
365.040000	1081.000000
365.045000	1135.000000
365.050000	976.000000
365.055000	917.000000
365.060000	999.000000
365.065000	978.000000
365.070000	876.000000
365.075000	798.000000
365.080000	668.000000
365.085000	708.000000
365.090000	702.000000
365.095000	616.000000
365.100000	571.000000
365.105000	503.000000
365.110000	628.000000
365.115000	467.000000
365.120000	386.000000
365.125000	524.000000
365.130000	512.000000
365.135000	271.000000
365.140000	346.000000
365.145000	340.000000
365.150000	423.000000
365.155000	405.000000
365.160000	323.000000
365.165000	362.000000
365.170000	420.000000
365.175000	409.000000
365.180000	389.000000
365.185000	365.000000
365.190000	431.000000
365.195000	373.000000
365.200000	387.000000
365.205000	446.000000
365.210000	338.000000
365.215000	357.000000
365.220000	352.000000
365.225000	434.000000
365.230000	351.000000
365.235000	350.000000
365.240000	324.000000
365.245000	309.000000
365.250000	283.000000
365.255000	430.000000
365.260000	312.000000
365.265000	316.000000
365.270000	377.000000
365.275000	301.000000
365.280000	217.000000
365.285000	304.000000
365.290000	326.000000
365.295000	229.000000
365.300000	296.000000
365.305000	270.000000
365.310000	423.000000
365.315000	381.000000
365.320000	340.000000
365.325000	324.000000
365.330000	443.000000
365.335000	497.000000
365.340000	381.000000
365.345000	564.000000
365.350000	645.000000
365.355000	940.000000
365.360000	1615.000000
365.365000	2157.000000
365.370000	3376.000000
365.375000	4318.000000
365.380000	5471.000000
365.385000	5660.000000
365.390000	6339.000000
365.395000	8558.000000
365.400000	11533.000000
365.405000	18641.000000
365.410000	34546.000000
365.415000	45336.000000
365.420000	24762.000000
365.425000	12900.000000
365.430000	6200.000000
365.435000	3659.000000
365.440000	2519.000000
365.445000	1579.000000
365.450000	973.000000
365.455000	745.000000
365.460000	431.000000
365.465000	500.000000
365.470000	467.000000
365.475000	447.000000
365.480000	558.000000
365.485000	463.000000
365.490000	501.000000
365.495000	283.000000
365.500000	333.000000
365.505000	366.000000
365.510000	389.000000
365.515000	311.000000
365.520000	370.000000
365.525000	365.000000
365.530000	456.000000
365.535000	447.000000
365.540000	347.000000
365.545000	345.000000
365.550000	400.000000
365.555000	302.000000
365.560000	341.000000
365.565000	267.000000
365.570000	394.000000
365.575000	364.000000
365.580000	299.000000
365.585000	304.000000
365.590000	430.000000
365.595000	396.000000
365.600000	288.000000
