Sample ID:		None
Start Time:		Thu Jun 25 2020 7:37:02 AM
Averaging Time:		1.000s

364.600000	309.000000
364.605000	397.000000
364.610000	358.000000
364.615000	326.000000
364.620000	339.000000
364.625000	402.000000
364.630000	357.000000
364.635000	413.000000
364.640000	381.000000
364.645000	604.000000
364.650000	521.000000
364.655000	599.000000
364.660000	492.000000
364.665000	971.000000
364.670000	961.000000
364.675000	1360.000000
364.680000	1901.000000
364.685000	3250.000000
364.690000	5425.000000
364.695000	7685.000000
364.700000	13872.000000
364.705000	16357.000000
364.710000	19675.000000
364.715000	24890.000000
364.720000	29346.000000
364.725000	35753.000000
364.730000	47452.000000
364.735000	75982.000000
364.740000	178145.000000
364.745000	216053.000000
364.750000	74828.000000
364.755000	45280.000000
364.760000	27882.000000
364.765000	15393.000000
364.770000	8185.000000
364.775000	6619.000000
364.780000	4677.000000
364.785000	2961.000000
364.790000	2551.000000
364.795000	2470.000000
364.800000	1916.000000
364.805000	1597.000000
364.810000	1296.000000
364.815000	1293.000000
364.820000	1309.000000
364.825000	1014.000000
364.830000	1369.000000
364.835000	936.000000
364.840000	921.000000
364.845000	908.000000
364.850000	868.000000
364.855000	773.000000
364.860000	799.000000
364.865000	817.000000
364.870000	819.000000
364.875000	656.000000
364.880000	694.000000
364.885000	585.000000
364.890000	521.000000
364.895000	407.000000
364.900000	525.000000
364.905000	349.000000
364.910000	537.000000
364.915000	347.000000
364.920000	418.000000
364.925000	351.000000
364.930000	404.000000
364.935000	326.000000
364.940000	280.000000
364.945000	413.000000
364.950000	326.000000
364.955000	380.000000
364.960000	335.000000
364.965000	308.000000
364.970000	255.000000
364.975000	333.000000
364.980000	272.000000
364.985000	312.000000
364.990000	275.000000
364.995000	355.000000
365.000000	380.000000
365.005000	286.000000
365.010000	323.000000
365.015000	373.000000
365.020000	343.000000
365.025000	257.000000
365.030000	270.000000
365.035000	287.000000
365.040000	259.000000
365.045000	333.000000
365.050000	213.000000
365.055000	234.000000
365.060000	281.000000
365.065000	356.000000
365.070000	319.000000
365.075000	312.000000
365.080000	287.000000
365.085000	325.000000
365.090000	374.000000
365.095000	229.000000
365.100000	280.000000
365.105000	338.000000
365.110000	329.000000
365.115000	263.000000
365.120000	270.000000
365.125000	337.000000
365.130000	378.000000
365.135000	472.000000
365.140000	533.000000
365.145000	844.000000
365.150000	860.000000
365.155000	1485.000000
365.160000	2196.000000
365.165000	3090.000000
365.170000	4192.000000
365.175000	4955.000000
365.180000	6264.000000
365.185000	6837.000000
365.190000	8035.000000
365.195000	11965.000000
365.200000	20768.000000
365.205000	40180.000000
365.210000	45145.000000
365.215000	23106.000000
365.220000	10520.000000
365.225000	5531.000000
365.230000	3177.000000
365.235000	1853.000000
365.240000	1047.000000
365.245000	957.000000
365.250000	744.000000
365.255000	614.000000
365.260000	410.000000
365.265000	373.000000
365.270000	439.000000
365.275000	378.000000
365.280000	415.000000
365.285000	436.000000
365.290000	286.000000
365.295000	312.000000
365.300000	348.000000
365.305000	357.000000
365.310000	331.000000
365.315000	357.000000
365.320000	320.000000
365.325000	387.000000
365.330000	340.000000
365.335000	313.000000
365.340000	271.000000
365.345000	234.000000
365.350000	314.000000
365.355000	434.000000
365.360000	272.000000
365.365000	258.000000
365.370000	245.000000
365.375000	250.000000
365.380000	204.000000
365.385000	237.000000
365.390000	270.000000
365.395000	241.000000
365.400000	197.000000
365.405000	189.000000
365.410000	199.000000
365.415000	130.000000
365.420000	160.000000
365.425000	152.000000
365.430000	113.000000
365.435000	143.000000
365.440000	108.000000
365.445000	92.000000
365.450000	165.000000
365.455000	143.000000
365.460000	48.000000
365.465000	101.000000
365.470000	165.000000
365.475000	101.000000
365.480000	86.000000
365.485000	85.000000
365.490000	132.000000
365.495000	152.000000
365.500000	129.000000
365.505000	131.000000
365.510000	118.000000
365.515000	119.000000
365.520000	137.000000
365.525000	119.000000
365.530000	162.000000
365.535000	53.000000
365.540000	72.000000
365.545000	63.000000
365.550000	94.000000
365.555000	130.000000
365.560000	124.000000
365.565000	63.000000
365.570000	105.000000
365.575000	107.000000
365.580000	109.000000
365.585000	172.000000
365.590000	96.000000
365.595000	87.000000
365.600000	63.000000
