Sample ID:		None
Start Time:		Thu Jun 25 2020 1:02:43 AM
Averaging Time:		1.000s

364.600000	30.000000
364.605000	81.000000
364.610000	54.000000
364.615000	54.000000
364.620000	61.000000
364.625000	52.000000
364.630000	34.000000
364.635000	48.000000
364.640000	48.000000
364.645000	66.000000
364.650000	57.000000
364.655000	55.000000
364.660000	57.000000
364.665000	39.000000
364.670000	38.000000
364.675000	54.000000
364.680000	59.000000
364.685000	36.000000
364.690000	153.000000
364.695000	178.000000
364.700000	164.000000
364.705000	254.000000
364.710000	154.000000
364.715000	280.000000
364.720000	193.000000
364.725000	234.000000
364.730000	273.000000
364.735000	274.000000
364.740000	269.000000
364.745000	325.000000
364.750000	255.000000
364.755000	191.000000
364.760000	342.000000
364.765000	235.000000
364.770000	251.000000
364.775000	228.000000
364.780000	206.000000
364.785000	357.000000
364.790000	307.000000
364.795000	380.000000
364.800000	374.000000
364.805000	362.000000
364.810000	304.000000
364.815000	250.000000
364.820000	300.000000
364.825000	363.000000
364.830000	406.000000
364.835000	519.000000
364.840000	441.000000
364.845000	567.000000
364.850000	703.000000
364.855000	963.000000
364.860000	993.000000
364.865000	1360.000000
364.870000	1969.000000
364.875000	3726.000000
364.880000	5500.000000
364.885000	9323.000000
364.890000	12692.000000
364.895000	17683.000000
364.900000	21820.000000
364.905000	26130.000000
364.910000	30390.000000
364.915000	36399.000000
364.920000	50496.000000
364.925000	87389.000000
364.930000	180793.000000
364.935000	179558.000000
364.940000	75852.000000
364.945000	45293.000000
364.950000	27355.000000
364.955000	13716.000000
364.960000	9060.000000
364.965000	6153.000000
364.970000	4418.000000
364.975000	2978.000000
364.980000	2501.000000
364.985000	2251.000000
364.990000	2061.000000
364.995000	1557.000000
365.000000	1705.000000
365.005000	1473.000000
365.010000	1445.000000
365.015000	1235.000000
365.020000	1246.000000
365.025000	1121.000000
365.030000	838.000000
365.035000	1008.000000
365.040000	871.000000
365.045000	869.000000
365.050000	744.000000
365.055000	809.000000
365.060000	713.000000
365.065000	766.000000
365.070000	635.000000
365.075000	644.000000
365.080000	442.000000
365.085000	465.000000
365.090000	538.000000
365.095000	523.000000
365.100000	450.000000
365.105000	407.000000
365.110000	386.000000
365.115000	344.000000
365.120000	370.000000
365.125000	245.000000
365.130000	369.000000
365.135000	285.000000
365.140000	355.000000
365.145000	410.000000
365.150000	260.000000
365.155000	317.000000
365.160000	308.000000
365.165000	263.000000
365.170000	447.000000
365.175000	451.000000
365.180000	497.000000
365.185000	322.000000
365.190000	330.000000
365.195000	406.000000
365.200000	250.000000
365.205000	248.000000
365.210000	309.000000
365.215000	275.000000
365.220000	358.000000
365.225000	269.000000
365.230000	283.000000
365.235000	308.000000
365.240000	284.000000
365.245000	215.000000
365.250000	335.000000
365.255000	256.000000
365.260000	260.000000
365.265000	250.000000
365.270000	325.000000
365.275000	337.000000
365.280000	150.000000
365.285000	303.000000
365.290000	364.000000
365.295000	311.000000
365.300000	251.000000
365.305000	246.000000
365.310000	373.000000
365.315000	404.000000
365.320000	453.000000
365.325000	393.000000
365.330000	595.000000
365.335000	677.000000
365.340000	1279.000000
365.345000	1844.000000
365.350000	2378.000000
365.355000	3596.000000
365.360000	4344.000000
365.365000	4971.000000
365.370000	5888.000000
365.375000	6971.000000
365.380000	8525.000000
365.385000	15720.000000
365.390000	21929.000000
365.395000	39408.000000
365.400000	37584.000000
365.405000	18546.000000
365.410000	10192.000000
365.415000	5675.000000
365.420000	2520.000000
365.425000	2241.000000
365.430000	1394.000000
365.435000	836.000000
365.440000	708.000000
365.445000	663.000000
365.450000	443.000000
365.455000	529.000000
365.460000	374.000000
365.465000	318.000000
365.470000	391.000000
365.475000	395.000000
365.480000	374.000000
365.485000	306.000000
365.490000	362.000000
365.495000	513.000000
365.500000	384.000000
365.505000	214.000000
365.510000	266.000000
365.515000	250.000000
365.520000	392.000000
365.525000	233.000000
365.530000	319.000000
365.535000	254.000000
365.540000	222.000000
365.545000	286.000000
365.550000	194.000000
365.555000	189.000000
365.560000	234.000000
365.565000	251.000000
365.570000	210.000000
365.575000	231.000000
365.580000	263.000000
365.585000	306.000000
365.590000	256.000000
365.595000	159.000000
365.600000	139.000000
