Sample ID:		None
Start Time:		Thu Jun 25 2020 2:37:09 AM
Averaging Time:		1.000s

364.600000	22.000000
364.605000	32.000000
364.610000	35.000000
364.615000	70.000000
364.620000	24.000000
364.625000	44.000000
364.630000	44.000000
364.635000	53.000000
364.640000	68.000000
364.645000	84.000000
364.650000	41.000000
364.655000	53.000000
364.660000	41.000000
364.665000	39.000000
364.670000	35.000000
364.675000	67.000000
364.680000	108.000000
364.685000	110.000000
364.690000	131.000000
364.695000	121.000000
364.700000	202.000000
364.705000	312.000000
364.710000	266.000000
364.715000	373.000000
364.720000	222.000000
364.725000	209.000000
364.730000	255.000000
364.735000	243.000000
364.740000	240.000000
364.745000	286.000000
364.750000	252.000000
364.755000	292.000000
364.760000	269.000000
364.765000	269.000000
364.770000	286.000000
364.775000	398.000000
364.780000	311.000000
364.785000	249.000000
364.790000	162.000000
364.795000	390.000000
364.800000	434.000000
364.805000	282.000000
364.810000	321.000000
364.815000	526.000000
364.820000	437.000000
364.825000	512.000000
364.830000	526.000000
364.835000	720.000000
364.840000	731.000000
364.845000	837.000000
364.850000	734.000000
364.855000	1344.000000
364.860000	1845.000000
364.865000	3716.000000
364.870000	5377.000000
364.875000	8673.000000
364.880000	14036.000000
364.885000	17675.000000
364.890000	21510.000000
364.895000	25679.000000
364.900000	29452.000000
364.905000	36690.000000
364.910000	50067.000000
364.915000	81730.000000
364.920000	178323.000000
364.925000	176836.000000
364.930000	70870.000000
364.935000	42464.000000
364.940000	21022.000000
364.945000	13754.000000
364.950000	9202.000000
364.955000	6034.000000
364.960000	4129.000000
364.965000	3043.000000
364.970000	2533.000000
364.975000	2196.000000
364.980000	1782.000000
364.985000	1643.000000
364.990000	1327.000000
364.995000	1401.000000
365.000000	1087.000000
365.005000	1143.000000
365.010000	1022.000000
365.015000	1005.000000
365.020000	854.000000
365.025000	919.000000
365.030000	826.000000
365.035000	679.000000
365.040000	709.000000
365.045000	709.000000
365.050000	706.000000
365.055000	628.000000
365.060000	555.000000
365.065000	566.000000
365.070000	616.000000
365.075000	466.000000
365.080000	442.000000
365.085000	408.000000
365.090000	390.000000
365.095000	459.000000
365.100000	429.000000
365.105000	471.000000
365.110000	399.000000
365.115000	313.000000
365.120000	446.000000
365.125000	358.000000
365.130000	326.000000
365.135000	308.000000
365.140000	315.000000
365.145000	308.000000
365.150000	389.000000
365.155000	353.000000
365.160000	422.000000
365.165000	283.000000
365.170000	308.000000
365.175000	322.000000
365.180000	340.000000
365.185000	210.000000
365.190000	243.000000
365.195000	239.000000
365.200000	348.000000
365.205000	363.000000
365.210000	316.000000
365.215000	341.000000
365.220000	333.000000
365.225000	426.000000
365.230000	227.000000
365.235000	249.000000
365.240000	227.000000
365.245000	268.000000
365.250000	269.000000
365.255000	342.000000
365.260000	245.000000
365.265000	271.000000
365.270000	413.000000
365.275000	236.000000
365.280000	369.000000
365.285000	267.000000
365.290000	275.000000
365.295000	325.000000
365.300000	330.000000
365.305000	487.000000
365.310000	527.000000
365.315000	420.000000
365.320000	604.000000
365.325000	835.000000
365.330000	1620.000000
365.335000	1716.000000
365.340000	2659.000000
365.345000	3492.000000
365.350000	3907.000000
365.355000	5537.000000
365.360000	6258.000000
365.365000	7459.000000
365.370000	10154.000000
365.375000	15121.000000
365.380000	26915.000000
365.385000	44627.000000
365.390000	33271.000000
365.395000	16224.000000
365.400000	8830.000000
365.405000	4784.000000
365.410000	2463.000000
365.415000	1779.000000
365.420000	1194.000000
365.425000	813.000000
365.430000	649.000000
365.435000	517.000000
365.440000	472.000000
365.445000	593.000000
365.450000	416.000000
365.455000	461.000000
365.460000	296.000000
365.465000	296.000000
365.470000	391.000000
365.475000	353.000000
365.480000	376.000000
365.485000	363.000000
365.490000	333.000000
365.495000	229.000000
365.500000	298.000000
365.505000	349.000000
365.510000	295.000000
365.515000	438.000000
365.520000	335.000000
365.525000	286.000000
365.530000	220.000000
365.535000	323.000000
365.540000	272.000000
365.545000	200.000000
365.550000	375.000000
365.555000	273.000000
365.560000	343.000000
365.565000	278.000000
365.570000	210.000000
365.575000	284.000000
365.580000	194.000000
365.585000	219.000000
365.590000	84.000000
365.595000	126.000000
365.600000	151.000000
