Sample ID:		None
Start Time:		Thu Jun 25 2020 3:32:41 AM
Averaging Time:		1.000s

364.600000	40.000000
364.605000	18.000000
364.610000	59.000000
364.615000	54.000000
364.620000	46.000000
364.625000	26.000000
364.630000	47.000000
364.635000	15.000000
364.640000	62.000000
364.645000	75.000000
364.650000	42.000000
364.655000	111.000000
364.660000	76.000000
364.665000	53.000000
364.670000	105.000000
364.675000	146.000000
364.680000	230.000000
364.685000	248.000000
364.690000	175.000000
364.695000	211.000000
364.700000	345.000000
364.705000	273.000000
364.710000	218.000000
364.715000	327.000000
364.720000	229.000000
364.725000	224.000000
364.730000	334.000000
364.735000	235.000000
364.740000	211.000000
364.745000	290.000000
364.750000	289.000000
364.755000	211.000000
364.760000	339.000000
364.765000	326.000000
364.770000	372.000000
364.775000	278.000000
364.780000	302.000000
364.785000	453.000000
364.790000	427.000000
364.795000	359.000000
364.800000	417.000000
364.805000	473.000000
364.810000	528.000000
364.815000	558.000000
364.820000	495.000000
364.825000	597.000000
364.830000	788.000000
364.835000	757.000000
364.840000	1335.000000
364.845000	1501.000000
364.850000	3102.000000
364.855000	4510.000000
364.860000	6926.000000
364.865000	13120.000000
364.870000	16250.000000
364.875000	19634.000000
364.880000	24233.000000
364.885000	28644.000000
364.890000	32702.000000
364.895000	43737.000000
364.900000	64617.000000
364.905000	143569.000000
364.910000	218215.000000
364.915000	96903.000000
364.920000	50855.000000
364.925000	30920.000000
364.930000	17788.000000
364.935000	10523.000000
364.940000	7038.000000
364.945000	4418.000000
364.950000	2985.000000
364.955000	2483.000000
364.960000	2235.000000
364.965000	1835.000000
364.970000	1650.000000
364.975000	1506.000000
364.980000	1466.000000
364.985000	1190.000000
364.990000	1214.000000
364.995000	1054.000000
365.000000	1084.000000
365.005000	1058.000000
365.010000	964.000000
365.015000	957.000000
365.020000	831.000000
365.025000	657.000000
365.030000	684.000000
365.035000	506.000000
365.040000	662.000000
365.045000	636.000000
365.050000	663.000000
365.055000	496.000000
365.060000	557.000000
365.065000	501.000000
365.070000	642.000000
365.075000	445.000000
365.080000	483.000000
365.085000	534.000000
365.090000	485.000000
365.095000	395.000000
365.100000	349.000000
365.105000	407.000000
365.110000	297.000000
365.115000	500.000000
365.120000	287.000000
365.125000	312.000000
365.130000	358.000000
365.135000	416.000000
365.140000	416.000000
365.145000	280.000000
365.150000	402.000000
365.155000	411.000000
365.160000	293.000000
365.165000	345.000000
365.170000	321.000000
365.175000	271.000000
365.180000	238.000000
365.185000	258.000000
365.190000	250.000000
365.195000	326.000000
365.200000	240.000000
365.205000	322.000000
365.210000	358.000000
365.215000	304.000000
365.220000	211.000000
365.225000	333.000000
365.230000	222.000000
365.235000	243.000000
365.240000	322.000000
365.245000	314.000000
365.250000	349.000000
365.255000	251.000000
365.260000	332.000000
365.265000	350.000000
365.270000	362.000000
365.275000	308.000000
365.280000	318.000000
365.285000	249.000000
365.290000	291.000000
365.295000	389.000000
365.300000	422.000000
365.305000	471.000000
365.310000	696.000000
365.315000	1050.000000
365.320000	1518.000000
365.325000	2070.000000
365.330000	3150.000000
365.335000	3724.000000
365.340000	4945.000000
365.345000	5947.000000
365.350000	6585.000000
365.355000	7844.000000
365.360000	11531.000000
365.365000	19178.000000
365.370000	41339.000000
365.375000	44547.000000
365.380000	22133.000000
365.385000	11747.000000
365.390000	5429.000000
365.395000	3417.000000
365.400000	2208.000000
365.405000	1537.000000
365.410000	944.000000
365.415000	737.000000
365.420000	659.000000
365.425000	463.000000
365.430000	443.000000
365.435000	408.000000
365.440000	394.000000
365.445000	430.000000
365.450000	328.000000
365.455000	385.000000
365.460000	390.000000
365.465000	363.000000
365.470000	395.000000
365.475000	246.000000
365.480000	421.000000
365.485000	392.000000
365.490000	312.000000
365.495000	241.000000
365.500000	420.000000
365.505000	311.000000
365.510000	330.000000
365.515000	437.000000
365.520000	224.000000
365.525000	302.000000
365.530000	183.000000
365.535000	267.000000
365.540000	264.000000
365.545000	294.000000
365.550000	345.000000
365.555000	313.000000
365.560000	226.000000
365.565000	349.000000
365.570000	247.000000
365.575000	222.000000
365.580000	122.000000
365.585000	124.000000
365.590000	134.000000
365.595000	149.000000
365.600000	94.000000
