Sample ID:		None
Start Time:		Thu Jun 25 2020 8:27:02 AM
Averaging Time:		1.000s

364.600000	516.000000
364.605000	557.000000
364.610000	399.000000
364.615000	403.000000
364.620000	522.000000
364.625000	519.000000
364.630000	493.000000
364.635000	694.000000
364.640000	703.000000
364.645000	1167.000000
364.650000	1306.000000
364.655000	2149.000000
364.660000	4026.000000
364.665000	5928.000000
364.670000	9762.000000
364.675000	13536.000000
364.680000	18072.000000
364.685000	22053.000000
364.690000	26576.000000
364.695000	31333.000000
364.700000	36811.000000
364.705000	54915.000000
364.710000	119775.000000
364.715000	199819.000000
364.720000	178807.000000
364.725000	73704.000000
364.730000	38800.000000
364.735000	25084.000000
364.740000	14341.000000
364.745000	7397.000000
364.750000	5458.000000
364.755000	3485.000000
364.760000	3073.000000
364.765000	2504.000000
364.770000	2204.000000
364.775000	2092.000000
364.780000	1947.000000
364.785000	1400.000000
364.790000	1386.000000
364.795000	1595.000000
364.800000	1028.000000
364.805000	1054.000000
364.810000	1119.000000
364.815000	822.000000
364.820000	795.000000
364.825000	905.000000
364.830000	860.000000
364.835000	718.000000
364.840000	743.000000
364.845000	630.000000
364.850000	694.000000
364.855000	568.000000
364.860000	669.000000
364.865000	431.000000
364.870000	484.000000
364.875000	638.000000
364.880000	564.000000
364.885000	418.000000
364.890000	331.000000
364.895000	392.000000
364.900000	328.000000
364.905000	322.000000
364.910000	296.000000
364.915000	330.000000
364.920000	271.000000
364.925000	277.000000
364.930000	275.000000
364.935000	356.000000
364.940000	265.000000
364.945000	367.000000
364.950000	326.000000
364.955000	293.000000
364.960000	358.000000
364.965000	387.000000
364.970000	325.000000
364.975000	280.000000
364.980000	373.000000
364.985000	434.000000
364.990000	314.000000
364.995000	238.000000
365.000000	303.000000
365.005000	272.000000
365.010000	294.000000
365.015000	449.000000
365.020000	304.000000
365.025000	246.000000
365.030000	203.000000
365.035000	281.000000
365.040000	270.000000
365.045000	258.000000
365.050000	338.000000
365.055000	205.000000
365.060000	285.000000
365.065000	390.000000
365.070000	309.000000
365.075000	168.000000
365.080000	358.000000
365.085000	443.000000
365.090000	454.000000
365.095000	314.000000
365.100000	484.000000
365.105000	312.000000
365.110000	448.000000
365.115000	626.000000
365.120000	867.000000
365.125000	1013.000000
365.130000	1766.000000
365.135000	2237.000000
365.140000	3322.000000
365.145000	3819.000000
365.150000	5035.000000
365.155000	5922.000000
365.160000	7582.000000
365.165000	9678.000000
365.170000	14890.000000
365.175000	24282.000000
365.180000	46136.000000
365.185000	38477.000000
365.190000	14189.000000
365.195000	9739.000000
365.200000	5224.000000
365.205000	2073.000000
365.210000	1739.000000
365.215000	1348.000000
365.220000	855.000000
365.225000	637.000000
365.230000	507.000000
365.235000	437.000000
365.240000	401.000000
365.245000	453.000000
365.250000	376.000000
365.255000	305.000000
365.260000	401.000000
365.265000	366.000000
365.270000	399.000000
365.275000	302.000000
365.280000	395.000000
365.285000	249.000000
365.290000	373.000000
365.295000	510.000000
365.300000	275.000000
365.305000	328.000000
365.310000	341.000000
365.315000	317.000000
365.320000	280.000000
365.325000	239.000000
365.330000	279.000000
365.335000	252.000000
365.340000	308.000000
365.345000	177.000000
365.350000	327.000000
365.355000	312.000000
365.360000	313.000000
365.365000	310.000000
365.370000	273.000000
365.375000	252.000000
365.380000	188.000000
365.385000	203.000000
365.390000	138.000000
365.395000	146.000000
365.400000	150.000000
365.405000	198.000000
365.410000	93.000000
365.415000	157.000000
365.420000	186.000000
365.425000	82.000000
365.430000	86.000000
365.435000	87.000000
365.440000	104.000000
365.445000	70.000000
365.450000	111.000000
365.455000	72.000000
365.460000	109.000000
365.465000	101.000000
365.470000	71.000000
365.475000	171.000000
365.480000	110.000000
365.485000	108.000000
365.490000	107.000000
365.495000	64.000000
365.500000	54.000000
365.505000	110.000000
365.510000	39.000000
365.515000	88.000000
365.520000	68.000000
365.525000	78.000000
365.530000	63.000000
365.535000	56.000000
365.540000	32.000000
365.545000	62.000000
365.550000	60.000000
365.555000	98.000000
365.560000	88.000000
365.565000	40.000000
365.570000	63.000000
365.575000	102.000000
365.580000	67.000000
365.585000	75.000000
365.590000	95.000000
365.595000	83.000000
365.600000	76.000000
