Sample ID:		None
Start Time:		Thu Jun 25 2020 8:43:41 AM
Averaging Time:		1.000s

364.600000	764.000000
364.605000	843.000000
364.610000	953.000000
364.615000	1414.000000
364.620000	2245.000000
364.625000	3467.000000
364.630000	6631.000000
364.635000	9707.000000
364.640000	14441.000000
364.645000	17933.000000
364.650000	23301.000000
364.655000	27106.000000
364.660000	31696.000000
364.665000	38955.000000
364.670000	57633.000000
364.675000	141485.000000
364.680000	220107.000000
364.685000	161831.000000
364.690000	56413.000000
364.695000	36543.000000
364.700000	22339.000000
364.705000	12201.000000
364.710000	7768.000000
364.715000	5662.000000
364.720000	4074.000000
364.725000	2882.000000
364.730000	2563.000000
364.735000	2216.000000
364.740000	1742.000000
364.745000	1740.000000
364.750000	1862.000000
364.755000	1516.000000
364.760000	1200.000000
364.765000	1180.000000
364.770000	1004.000000
364.775000	1097.000000
364.780000	914.000000
364.785000	1012.000000
364.790000	888.000000
364.795000	748.000000
364.800000	841.000000
364.805000	688.000000
364.810000	562.000000
364.815000	636.000000
364.820000	720.000000
364.825000	559.000000
364.830000	535.000000
364.835000	454.000000
364.840000	423.000000
364.845000	519.000000
364.850000	569.000000
364.855000	414.000000
364.860000	455.000000
364.865000	321.000000
364.870000	475.000000
364.875000	298.000000
364.880000	317.000000
364.885000	395.000000
364.890000	307.000000
364.895000	360.000000
364.900000	254.000000
364.905000	423.000000
364.910000	191.000000
364.915000	342.000000
364.920000	365.000000
364.925000	251.000000
364.930000	278.000000
364.935000	293.000000
364.940000	385.000000
364.945000	298.000000
364.950000	364.000000
364.955000	448.000000
364.960000	354.000000
364.965000	302.000000
364.970000	325.000000
364.975000	339.000000
364.980000	308.000000
364.985000	277.000000
364.990000	254.000000
364.995000	249.000000
365.000000	241.000000
365.005000	191.000000
365.010000	477.000000
365.015000	281.000000
365.020000	346.000000
365.025000	332.000000
365.030000	264.000000
365.035000	318.000000
365.040000	306.000000
365.045000	327.000000
365.050000	285.000000
365.055000	356.000000
365.060000	244.000000
365.065000	345.000000
365.070000	455.000000
365.075000	468.000000
365.080000	600.000000
365.085000	689.000000
365.090000	1264.000000
365.095000	1691.000000
365.100000	2465.000000
365.105000	3684.000000
365.110000	4705.000000
365.115000	5450.000000
365.120000	6030.000000
365.125000	7172.000000
365.130000	9247.000000
365.135000	16935.000000
365.140000	24430.000000
365.145000	45528.000000
365.150000	37856.000000
365.155000	16640.000000
365.160000	9802.000000
365.165000	4939.000000
365.170000	2945.000000
365.175000	1776.000000
365.180000	1330.000000
365.185000	647.000000
365.190000	582.000000
365.195000	540.000000
365.200000	508.000000
365.205000	448.000000
365.210000	428.000000
365.215000	476.000000
365.220000	362.000000
365.225000	433.000000
365.230000	371.000000
365.235000	428.000000
365.240000	348.000000
365.245000	423.000000
365.250000	327.000000
365.255000	313.000000
365.260000	319.000000
365.265000	338.000000
365.270000	348.000000
365.275000	331.000000
365.280000	264.000000
365.285000	347.000000
365.290000	305.000000
365.295000	249.000000
365.300000	298.000000
365.305000	320.000000
365.310000	268.000000
365.315000	332.000000
365.320000	376.000000
365.325000	281.000000
365.330000	366.000000
365.335000	352.000000
365.340000	286.000000
365.345000	182.000000
365.350000	123.000000
365.355000	90.000000
365.360000	219.000000
365.365000	122.000000
365.370000	176.000000
365.375000	134.000000
365.380000	134.000000
365.385000	166.000000
365.390000	114.000000
365.395000	145.000000
365.400000	98.000000
365.405000	47.000000
365.410000	128.000000
365.415000	118.000000
365.420000	138.000000
365.425000	118.000000
365.430000	105.000000
365.435000	141.000000
365.440000	122.000000
365.445000	85.000000
365.450000	131.000000
365.455000	87.000000
365.460000	83.000000
365.465000	88.000000
365.470000	120.000000
365.475000	65.000000
365.480000	58.000000
365.485000	81.000000
365.490000	103.000000
365.495000	116.000000
365.500000	150.000000
365.505000	113.000000
365.510000	84.000000
365.515000	123.000000
365.520000	108.000000
365.525000	57.000000
365.530000	156.000000
365.535000	117.000000
365.540000	56.000000
365.545000	74.000000
365.550000	57.000000
365.555000	87.000000
365.560000	46.000000
365.565000	53.000000
365.570000	59.000000
365.575000	57.000000
365.580000	73.000000
365.585000	143.000000
365.590000	90.000000
365.595000	55.000000
365.600000	56.000000
