Sample ID:		None
Start Time:		Thu Jun 25 2020 12:40:31 AM
Averaging Time:		1.000s

364.600000	21.000000
364.605000	68.000000
364.610000	136.000000
364.615000	85.000000
364.620000	39.000000
364.625000	29.000000
364.630000	44.000000
364.635000	18.000000
364.640000	28.000000
364.645000	33.000000
364.650000	70.000000
364.655000	52.000000
364.660000	70.000000
364.665000	56.000000
364.670000	86.000000
364.675000	110.000000
364.680000	74.000000
364.685000	97.000000
364.690000	66.000000
364.695000	249.000000
364.700000	280.000000
364.705000	295.000000
364.710000	255.000000
364.715000	184.000000
364.720000	239.000000
364.725000	170.000000
364.730000	203.000000
364.735000	251.000000
364.740000	172.000000
364.745000	230.000000
364.750000	262.000000
364.755000	274.000000
364.760000	159.000000
364.765000	290.000000
364.770000	277.000000
364.775000	288.000000
364.780000	199.000000
364.785000	293.000000
364.790000	294.000000
364.795000	452.000000
364.800000	413.000000
364.805000	419.000000
364.810000	363.000000
364.815000	319.000000
364.820000	333.000000
364.825000	499.000000
364.830000	308.000000
364.835000	408.000000
364.840000	638.000000
364.845000	514.000000
364.850000	786.000000
364.855000	700.000000
364.860000	1052.000000
364.865000	1245.000000
364.870000	2184.000000
364.875000	3526.000000
364.880000	6071.000000
364.885000	9043.000000
364.890000	13403.000000
364.895000	17343.000000
364.900000	22153.000000
364.905000	25375.000000
364.910000	30875.000000
364.915000	35828.000000
364.920000	51373.000000
364.925000	106833.000000
364.930000	190018.000000
364.935000	191183.000000
364.940000	66634.000000
364.945000	39241.000000
364.950000	26017.000000
364.955000	15245.000000
364.960000	9120.000000
364.965000	5838.000000
364.970000	3874.000000
364.975000	3226.000000
364.980000	2431.000000
364.985000	1945.000000
364.990000	1642.000000
364.995000	1713.000000
365.000000	1660.000000
365.005000	1489.000000
365.010000	1116.000000
365.015000	1471.000000
365.020000	993.000000
365.025000	1150.000000
365.030000	908.000000
365.035000	894.000000
365.040000	724.000000
365.045000	844.000000
365.050000	775.000000
365.055000	719.000000
365.060000	657.000000
365.065000	598.000000
365.070000	666.000000
365.075000	470.000000
365.080000	653.000000
365.085000	528.000000
365.090000	504.000000
365.095000	441.000000
365.100000	542.000000
365.105000	557.000000
365.110000	535.000000
365.115000	361.000000
365.120000	429.000000
365.125000	289.000000
365.130000	346.000000
365.135000	286.000000
365.140000	346.000000
365.145000	327.000000
365.150000	417.000000
365.155000	377.000000
365.160000	468.000000
365.165000	288.000000
365.170000	430.000000
365.175000	395.000000
365.180000	324.000000
365.185000	400.000000
365.190000	410.000000
365.195000	477.000000
365.200000	392.000000
365.205000	315.000000
365.210000	295.000000
365.215000	352.000000
365.220000	323.000000
365.225000	295.000000
365.230000	372.000000
365.235000	199.000000
365.240000	275.000000
365.245000	263.000000
365.250000	373.000000
365.255000	222.000000
365.260000	179.000000
365.265000	220.000000
365.270000	228.000000
365.275000	302.000000
365.280000	236.000000
365.285000	338.000000
365.290000	351.000000
365.295000	363.000000
365.300000	240.000000
365.305000	274.000000
365.310000	401.000000
365.315000	293.000000
365.320000	411.000000
365.325000	464.000000
365.330000	575.000000
365.335000	874.000000
365.340000	1202.000000
365.345000	2020.000000
365.350000	2668.000000
365.355000	3384.000000
365.360000	4592.000000
365.365000	5621.000000
365.370000	6768.000000
365.375000	7694.000000
365.380000	9951.000000
365.385000	17331.000000
365.390000	36001.000000
365.395000	47054.000000
365.400000	37946.000000
365.405000	12632.000000
365.410000	8487.000000
365.415000	4916.000000
365.420000	2931.000000
365.425000	1687.000000
365.430000	1290.000000
365.435000	781.000000
365.440000	887.000000
365.445000	644.000000
365.450000	523.000000
365.455000	564.000000
365.460000	454.000000
365.465000	353.000000
365.470000	398.000000
365.475000	364.000000
365.480000	368.000000
365.485000	358.000000
365.490000	403.000000
365.495000	375.000000
365.500000	387.000000
365.505000	317.000000
365.510000	392.000000
365.515000	335.000000
365.520000	355.000000
365.525000	297.000000
365.530000	304.000000
365.535000	313.000000
365.540000	261.000000
365.545000	272.000000
365.550000	311.000000
365.555000	296.000000
365.560000	241.000000
365.565000	155.000000
365.570000	323.000000
365.575000	313.000000
365.580000	277.000000
365.585000	248.000000
365.590000	260.000000
365.595000	254.000000
365.600000	221.000000
