Sample ID:		None
Start Time:		Thu Jun 25 2020 1:41:36 AM
Averaging Time:		1.000s

364.600000	63.000000
364.605000	63.000000
364.610000	15.000000
364.615000	35.000000
364.620000	28.000000
364.625000	25.000000
364.630000	61.000000
364.635000	42.000000
364.640000	41.000000
364.645000	20.000000
364.650000	106.000000
364.655000	49.000000
364.660000	17.000000
364.665000	38.000000
364.670000	65.000000
364.675000	54.000000
364.680000	91.000000
364.685000	79.000000
364.690000	94.000000
364.695000	182.000000
364.700000	146.000000
364.705000	200.000000
364.710000	255.000000
364.715000	182.000000
364.720000	355.000000
364.725000	176.000000
364.730000	300.000000
364.735000	262.000000
364.740000	195.000000
364.745000	202.000000
364.750000	261.000000
364.755000	301.000000
364.760000	285.000000
364.765000	226.000000
364.770000	286.000000
364.775000	367.000000
364.780000	193.000000
364.785000	359.000000
364.790000	243.000000
364.795000	358.000000
364.800000	364.000000
364.805000	308.000000
364.810000	285.000000
364.815000	438.000000
364.820000	362.000000
364.825000	348.000000
364.830000	564.000000
364.835000	437.000000
364.840000	577.000000
364.845000	577.000000
364.850000	642.000000
364.855000	960.000000
364.860000	1153.000000
364.865000	1226.000000
364.870000	1905.000000
364.875000	3252.000000
364.880000	4899.000000
364.885000	8513.000000
364.890000	12875.000000
364.895000	15991.000000
364.900000	20649.000000
364.905000	26306.000000
364.910000	30321.000000
364.915000	36306.000000
364.920000	50221.000000
364.925000	77623.000000
364.930000	189737.000000
364.935000	190603.000000
364.940000	78514.000000
364.945000	44882.000000
364.950000	26771.000000
364.955000	12540.000000
364.960000	10737.000000
364.965000	6510.000000
364.970000	4280.000000
364.975000	2745.000000
364.980000	2762.000000
364.985000	2155.000000
364.990000	1721.000000
364.995000	1559.000000
365.000000	1618.000000
365.005000	1555.000000
365.010000	1177.000000
365.015000	1273.000000
365.020000	942.000000
365.025000	1149.000000
365.030000	827.000000
365.035000	921.000000
365.040000	865.000000
365.045000	788.000000
365.050000	940.000000
365.055000	662.000000
365.060000	576.000000
365.065000	724.000000
365.070000	642.000000
365.075000	505.000000
365.080000	385.000000
365.085000	596.000000
365.090000	532.000000
365.095000	531.000000
365.100000	517.000000
365.105000	378.000000
365.110000	393.000000
365.115000	405.000000
365.120000	474.000000
365.125000	286.000000
365.130000	429.000000
365.135000	429.000000
365.140000	379.000000
365.145000	274.000000
365.150000	338.000000
365.155000	288.000000
365.160000	444.000000
365.165000	319.000000
365.170000	355.000000
365.175000	384.000000
365.180000	307.000000
365.185000	266.000000
365.190000	313.000000
365.195000	364.000000
365.200000	302.000000
365.205000	263.000000
365.210000	391.000000
365.215000	342.000000
365.220000	313.000000
365.225000	244.000000
365.230000	262.000000
365.235000	321.000000
365.240000	177.000000
365.245000	302.000000
365.250000	221.000000
365.255000	255.000000
365.260000	341.000000
365.265000	225.000000
365.270000	367.000000
365.275000	381.000000
365.280000	228.000000
365.285000	301.000000
365.290000	283.000000
365.295000	259.000000
365.300000	313.000000
365.305000	303.000000
365.310000	319.000000
365.315000	417.000000
365.320000	389.000000
365.325000	545.000000
365.330000	675.000000
365.335000	999.000000
365.340000	1507.000000
365.345000	1783.000000
365.350000	2617.000000
365.355000	3815.000000
365.360000	4139.000000
365.365000	5857.000000
365.370000	6407.000000
365.375000	7711.000000
365.380000	10236.000000
365.385000	16502.000000
365.390000	30404.000000
365.395000	47637.000000
365.400000	30886.000000
365.405000	14832.000000
365.410000	7292.000000
365.415000	4026.000000
365.420000	2420.000000
365.425000	1568.000000
365.430000	1066.000000
365.435000	803.000000
365.440000	428.000000
365.445000	595.000000
365.450000	606.000000
365.455000	518.000000
365.460000	539.000000
365.465000	428.000000
365.470000	412.000000
365.475000	403.000000
365.480000	272.000000
365.485000	454.000000
365.490000	319.000000
365.495000	343.000000
365.500000	519.000000
365.505000	283.000000
365.510000	248.000000
365.515000	370.000000
365.520000	356.000000
365.525000	190.000000
365.530000	302.000000
365.535000	332.000000
365.540000	233.000000
365.545000	246.000000
365.550000	263.000000
365.555000	254.000000
365.560000	290.000000
365.565000	253.000000
365.570000	271.000000
365.575000	327.000000
365.580000	288.000000
365.585000	280.000000
365.590000	297.000000
365.595000	178.000000
365.600000	214.000000
