Sample ID:		None
Start Time:		Thu Jun 25 2020 8:04:49 AM
Averaging Time:		1.000s

364.600000	332.000000
364.605000	382.000000
364.610000	353.000000
364.615000	484.000000
364.620000	335.000000
364.625000	343.000000
364.630000	419.000000
364.635000	472.000000
364.640000	426.000000
364.645000	548.000000
364.650000	644.000000
364.655000	663.000000
364.660000	931.000000
364.665000	1320.000000
364.670000	1530.000000
364.675000	2618.000000
364.680000	5193.000000
364.685000	7311.000000
364.690000	11911.000000
364.695000	15993.000000
364.700000	18882.000000
364.705000	24897.000000
364.710000	28769.000000
364.715000	34761.000000
364.720000	47423.000000
364.725000	78485.000000
364.730000	161031.000000
364.735000	216971.000000
364.740000	100648.000000
364.745000	47860.000000
364.750000	29298.000000
364.755000	18122.000000
364.760000	10735.000000
364.765000	7000.000000
364.770000	3726.000000
364.775000	3121.000000
364.780000	3071.000000
364.785000	2185.000000
364.790000	2132.000000
364.795000	1721.000000
364.800000	1650.000000
364.805000	1313.000000
364.810000	1214.000000
364.815000	1352.000000
364.820000	1175.000000
364.825000	1100.000000
364.830000	1117.000000
364.835000	894.000000
364.840000	799.000000
364.845000	811.000000
364.850000	801.000000
364.855000	684.000000
364.860000	775.000000
364.865000	573.000000
364.870000	686.000000
364.875000	603.000000
364.880000	579.000000
364.885000	532.000000
364.890000	443.000000
364.895000	665.000000
364.900000	519.000000
364.905000	435.000000
364.910000	362.000000
364.915000	459.000000
364.920000	447.000000
364.925000	347.000000
364.930000	227.000000
364.935000	383.000000
364.940000	343.000000
364.945000	334.000000
364.950000	326.000000
364.955000	248.000000
364.960000	298.000000
364.965000	318.000000
364.970000	373.000000
364.975000	254.000000
364.980000	200.000000
364.985000	311.000000
364.990000	354.000000
364.995000	350.000000
365.000000	382.000000
365.005000	268.000000
365.010000	304.000000
365.015000	276.000000
365.020000	238.000000
365.025000	331.000000
365.030000	341.000000
365.035000	314.000000
365.040000	276.000000
365.045000	192.000000
365.050000	331.000000
365.055000	280.000000
365.060000	229.000000
365.065000	239.000000
365.070000	196.000000
365.075000	205.000000
365.080000	291.000000
365.085000	302.000000
365.090000	297.000000
365.095000	412.000000
365.100000	326.000000
365.105000	279.000000
365.110000	251.000000
365.115000	312.000000
365.120000	488.000000
365.125000	342.000000
365.130000	509.000000
365.135000	563.000000
365.140000	792.000000
365.145000	1883.000000
365.150000	2335.000000
365.155000	2804.000000
365.160000	4295.000000
365.165000	5688.000000
365.170000	6140.000000
365.175000	7036.000000
365.180000	7840.000000
365.185000	12958.000000
365.190000	22387.000000
365.195000	39201.000000
365.200000	41496.000000
365.205000	12831.000000
365.210000	9679.000000
365.215000	5247.000000
365.220000	2643.000000
365.225000	1630.000000
365.230000	1324.000000
365.235000	677.000000
365.240000	710.000000
365.245000	576.000000
365.250000	611.000000
365.255000	513.000000
365.260000	453.000000
365.265000	505.000000
365.270000	436.000000
365.275000	423.000000
365.280000	407.000000
365.285000	286.000000
365.290000	359.000000
365.295000	342.000000
365.300000	303.000000
365.305000	288.000000
365.310000	368.000000
365.315000	363.000000
365.320000	339.000000
365.325000	371.000000
365.330000	338.000000
365.335000	339.000000
365.340000	273.000000
365.345000	258.000000
365.350000	328.000000
365.355000	334.000000
365.360000	318.000000
365.365000	274.000000
365.370000	220.000000
365.375000	285.000000
365.380000	295.000000
365.385000	179.000000
365.390000	185.000000
365.395000	242.000000
365.400000	177.000000
365.405000	153.000000
365.410000	120.000000
365.415000	130.000000
365.420000	93.000000
365.425000	146.000000
365.430000	104.000000
365.435000	149.000000
365.440000	158.000000
365.445000	119.000000
365.450000	137.000000
365.455000	94.000000
365.460000	72.000000
365.465000	62.000000
365.470000	120.000000
365.475000	112.000000
365.480000	74.000000
365.485000	33.000000
365.490000	95.000000
365.495000	80.000000
365.500000	114.000000
365.505000	67.000000
365.510000	79.000000
365.515000	65.000000
365.520000	43.000000
365.525000	50.000000
365.530000	130.000000
365.535000	97.000000
365.540000	163.000000
365.545000	101.000000
365.550000	62.000000
365.555000	105.000000
365.560000	89.000000
365.565000	59.000000
365.570000	83.000000
365.575000	38.000000
365.580000	111.000000
365.585000	53.000000
365.590000	141.000000
365.595000	34.000000
365.600000	75.000000
