Sample ID:		None
Start Time:		Thu Jun 25 2020 5:45:57 AM
Averaging Time:		1.000s

364.600000	155.000000
364.605000	186.000000
364.610000	167.000000
364.615000	325.000000
364.620000	308.000000
364.625000	309.000000
364.630000	204.000000
364.635000	191.000000
364.640000	178.000000
364.645000	213.000000
364.650000	196.000000
364.655000	219.000000
364.660000	227.000000
364.665000	181.000000
364.670000	206.000000
364.675000	373.000000
364.680000	357.000000
364.685000	357.000000
364.690000	248.000000
364.695000	284.000000
364.700000	377.000000
364.705000	481.000000
364.710000	316.000000
364.715000	374.000000
364.720000	370.000000
364.725000	445.000000
364.730000	460.000000
364.735000	533.000000
364.740000	425.000000
364.745000	705.000000
364.750000	708.000000
364.755000	693.000000
364.760000	818.000000
364.765000	1286.000000
364.770000	2080.000000
364.775000	3263.000000
364.780000	4977.000000
364.785000	9544.000000
364.790000	12659.000000
364.795000	16270.000000
364.800000	20908.000000
364.805000	25044.000000
364.810000	30284.000000
364.815000	35592.000000
364.820000	49150.000000
364.825000	81422.000000
364.830000	190739.000000
364.835000	205840.000000
364.840000	74957.000000
364.845000	44324.000000
364.850000	25382.000000
364.855000	16362.000000
364.860000	9323.000000
364.865000	6439.000000
364.870000	3652.000000
364.875000	3310.000000
364.880000	2793.000000
364.885000	2139.000000
364.890000	1686.000000
364.895000	1826.000000
364.900000	1523.000000
364.905000	1320.000000
364.910000	1265.000000
364.915000	1057.000000
364.920000	979.000000
364.925000	950.000000
364.930000	1001.000000
364.935000	888.000000
364.940000	989.000000
364.945000	750.000000
364.950000	848.000000
364.955000	841.000000
364.960000	603.000000
364.965000	767.000000
364.970000	569.000000
364.975000	641.000000
364.980000	592.000000
364.985000	577.000000
364.990000	542.000000
364.995000	518.000000
365.000000	455.000000
365.005000	422.000000
365.010000	424.000000
365.015000	356.000000
365.020000	320.000000
365.025000	323.000000
365.030000	243.000000
365.035000	263.000000
365.040000	306.000000
365.045000	342.000000
365.050000	370.000000
365.055000	286.000000
365.060000	318.000000
365.065000	273.000000
365.070000	462.000000
365.075000	426.000000
365.080000	259.000000
365.085000	311.000000
365.090000	330.000000
365.095000	383.000000
365.100000	310.000000
365.105000	298.000000
365.110000	278.000000
365.115000	384.000000
365.120000	217.000000
365.125000	414.000000
365.130000	305.000000
365.135000	294.000000
365.140000	334.000000
365.145000	199.000000
365.150000	272.000000
365.155000	306.000000
365.160000	280.000000
365.165000	199.000000
365.170000	252.000000
365.175000	205.000000
365.180000	201.000000
365.185000	244.000000
365.190000	341.000000
365.195000	310.000000
365.200000	290.000000
365.205000	236.000000
365.210000	267.000000
365.215000	280.000000
365.220000	444.000000
365.225000	520.000000
365.230000	556.000000
365.235000	640.000000
365.240000	1022.000000
365.245000	1837.000000
365.250000	2404.000000
365.255000	3251.000000
365.260000	3832.000000
365.265000	5170.000000
365.270000	6860.000000
365.275000	6675.000000
365.280000	9044.000000
365.285000	17036.000000
365.290000	26256.000000
365.295000	43681.000000
365.300000	31412.000000
365.305000	15097.000000
365.310000	8091.000000
365.315000	4557.000000
365.320000	2211.000000
365.325000	1655.000000
365.330000	1003.000000
365.335000	814.000000
365.340000	538.000000
365.345000	615.000000
365.350000	495.000000
365.355000	393.000000
365.360000	445.000000
365.365000	458.000000
365.370000	282.000000
365.375000	406.000000
365.380000	332.000000
365.385000	375.000000
365.390000	237.000000
365.395000	351.000000
365.400000	306.000000
365.405000	380.000000
365.410000	198.000000
365.415000	335.000000
365.420000	272.000000
365.425000	341.000000
365.430000	264.000000
365.435000	381.000000
365.440000	228.000000
365.445000	241.000000
365.450000	318.000000
365.455000	254.000000
365.460000	280.000000
365.465000	180.000000
365.470000	221.000000
365.475000	274.000000
365.480000	254.000000
365.485000	216.000000
365.490000	248.000000
365.495000	130.000000
365.500000	88.000000
365.505000	125.000000
365.510000	160.000000
365.515000	129.000000
365.520000	159.000000
365.525000	159.000000
365.530000	119.000000
365.535000	81.000000
365.540000	144.000000
365.545000	167.000000
365.550000	149.000000
365.555000	128.000000
365.560000	94.000000
365.565000	101.000000
365.570000	127.000000
365.575000	67.000000
365.580000	97.000000
365.585000	75.000000
365.590000	33.000000
365.595000	69.000000
365.600000	109.000000
