Sample ID:		None
Start Time:		Thu Jun 25 2020 6:19:17 AM
Averaging Time:		1.000s

364.600000	215.000000
364.605000	209.000000
364.610000	215.000000
364.615000	176.000000
364.620000	239.000000
364.625000	276.000000
364.630000	191.000000
364.635000	270.000000
364.640000	242.000000
364.645000	217.000000
364.650000	246.000000
364.655000	293.000000
364.660000	281.000000
364.665000	234.000000
364.670000	285.000000
364.675000	277.000000
364.680000	278.000000
364.685000	226.000000
364.690000	276.000000
364.695000	327.000000
364.700000	424.000000
364.705000	452.000000
364.710000	598.000000
364.715000	560.000000
364.720000	649.000000
364.725000	771.000000
364.730000	797.000000
364.735000	918.000000
364.740000	1000.000000
364.745000	1883.000000
364.750000	2686.000000
364.755000	4947.000000
364.760000	7401.000000
364.765000	11568.000000
364.770000	16874.000000
364.775000	20529.000000
364.780000	27019.000000
364.785000	28728.000000
364.790000	34273.000000
364.795000	48705.000000
364.800000	85558.000000
364.805000	169999.000000
364.810000	204248.000000
364.815000	84164.000000
364.820000	42780.000000
364.825000	27563.000000
364.830000	16517.000000
364.835000	10102.000000
364.840000	6158.000000
364.845000	4005.000000
364.850000	3160.000000
364.855000	2607.000000
364.860000	1986.000000
364.865000	1581.000000
364.870000	1646.000000
364.875000	1275.000000
364.880000	1333.000000
364.885000	1170.000000
364.890000	1109.000000
364.895000	1042.000000
364.900000	932.000000
364.905000	1014.000000
364.910000	844.000000
364.915000	941.000000
364.920000	673.000000
364.925000	715.000000
364.930000	802.000000
364.935000	878.000000
364.940000	562.000000
364.945000	694.000000
364.950000	668.000000
364.955000	519.000000
364.960000	489.000000
364.965000	463.000000
364.970000	451.000000
364.975000	474.000000
364.980000	421.000000
364.985000	350.000000
364.990000	386.000000
364.995000	437.000000
365.000000	388.000000
365.005000	413.000000
365.010000	310.000000
365.015000	393.000000
365.020000	353.000000
365.025000	341.000000
365.030000	234.000000
365.035000	367.000000
365.040000	360.000000
365.045000	415.000000
365.050000	355.000000
365.055000	376.000000
365.060000	391.000000
365.065000	313.000000
365.070000	385.000000
365.075000	274.000000
365.080000	394.000000
365.085000	281.000000
365.090000	237.000000
365.095000	297.000000
365.100000	459.000000
365.105000	261.000000
365.110000	298.000000
365.115000	284.000000
365.120000	382.000000
365.125000	251.000000
365.130000	285.000000
365.135000	218.000000
365.140000	254.000000
365.145000	218.000000
365.150000	227.000000
365.155000	252.000000
365.160000	284.000000
365.165000	322.000000
365.170000	276.000000
365.175000	278.000000
365.180000	315.000000
365.185000	264.000000
365.190000	239.000000
365.195000	381.000000
365.200000	429.000000
365.205000	426.000000
365.210000	694.000000
365.215000	1392.000000
365.220000	1646.000000
365.225000	2058.000000
365.230000	3050.000000
365.235000	4133.000000
365.240000	4991.000000
365.245000	5575.000000
365.250000	6857.000000
365.255000	7939.000000
365.260000	12545.000000
365.265000	20886.000000
365.270000	35585.000000
365.275000	39975.000000
365.280000	15794.000000
365.285000	10541.000000
365.290000	6081.000000
365.295000	3008.000000
365.300000	1752.000000
365.305000	1309.000000
365.310000	986.000000
365.315000	608.000000
365.320000	574.000000
365.325000	509.000000
365.330000	490.000000
365.335000	378.000000
365.340000	467.000000
365.345000	462.000000
365.350000	379.000000
365.355000	333.000000
365.360000	314.000000
365.365000	376.000000
365.370000	261.000000
365.375000	372.000000
365.380000	372.000000
365.385000	304.000000
365.390000	279.000000
365.395000	345.000000
365.400000	269.000000
365.405000	375.000000
365.410000	269.000000
365.415000	253.000000
365.420000	219.000000
365.425000	234.000000
365.430000	313.000000
365.435000	229.000000
365.440000	230.000000
365.445000	201.000000
365.450000	304.000000
365.455000	249.000000
365.460000	334.000000
365.465000	216.000000
365.470000	127.000000
365.475000	200.000000
365.480000	227.000000
365.485000	136.000000
365.490000	151.000000
365.495000	130.000000
365.500000	129.000000
365.505000	83.000000
365.510000	124.000000
365.515000	161.000000
365.520000	121.000000
365.525000	152.000000
365.530000	48.000000
365.535000	109.000000
365.540000	168.000000
365.545000	115.000000
365.550000	111.000000
365.555000	57.000000
365.560000	154.000000
365.565000	143.000000
365.570000	147.000000
365.575000	151.000000
365.580000	127.000000
365.585000	63.000000
365.590000	136.000000
365.595000	109.000000
365.600000	55.000000
