Sample ID:		None
Start Time:		Thu Jun 25 2020 6:08:10 AM
Averaging Time:		1.000s

364.600000	177.000000
364.605000	169.000000
364.610000	228.000000
364.615000	260.000000
364.620000	168.000000
364.625000	221.000000
364.630000	280.000000
364.635000	294.000000
364.640000	158.000000
364.645000	258.000000
364.650000	179.000000
364.655000	189.000000
364.660000	243.000000
364.665000	330.000000
364.670000	399.000000
364.675000	167.000000
364.680000	369.000000
364.685000	382.000000
364.690000	315.000000
364.695000	425.000000
364.700000	325.000000
364.705000	508.000000
364.710000	408.000000
364.715000	449.000000
364.720000	508.000000
364.725000	536.000000
364.730000	693.000000
364.735000	713.000000
364.740000	945.000000
364.745000	1376.000000
364.750000	1868.000000
364.755000	2922.000000
364.760000	5171.000000
364.765000	8029.000000
364.770000	12194.000000
364.775000	16542.000000
364.780000	20557.000000
364.785000	25844.000000
364.790000	29761.000000
364.795000	33671.000000
364.800000	53036.000000
364.805000	86726.000000
364.810000	174064.000000
364.815000	208813.000000
364.820000	67496.000000
364.825000	42098.000000
364.830000	26170.000000
364.835000	16706.000000
364.840000	8956.000000
364.845000	5613.000000
364.850000	4246.000000
364.855000	3271.000000
364.860000	2706.000000
364.865000	2170.000000
364.870000	2003.000000
364.875000	1700.000000
364.880000	1570.000000
364.885000	1359.000000
364.890000	1455.000000
364.895000	1167.000000
364.900000	1008.000000
364.905000	1005.000000
364.910000	1054.000000
364.915000	953.000000
364.920000	925.000000
364.925000	997.000000
364.930000	779.000000
364.935000	711.000000
364.940000	678.000000
364.945000	660.000000
364.950000	615.000000
364.955000	478.000000
364.960000	752.000000
364.965000	318.000000
364.970000	446.000000
364.975000	503.000000
364.980000	447.000000
364.985000	435.000000
364.990000	413.000000
364.995000	579.000000
365.000000	411.000000
365.005000	335.000000
365.010000	317.000000
365.015000	355.000000
365.020000	387.000000
365.025000	396.000000
365.030000	498.000000
365.035000	424.000000
365.040000	387.000000
365.045000	340.000000
365.050000	362.000000
365.055000	427.000000
365.060000	386.000000
365.065000	440.000000
365.070000	533.000000
365.075000	394.000000
365.080000	324.000000
365.085000	317.000000
365.090000	290.000000
365.095000	297.000000
365.100000	311.000000
365.105000	323.000000
365.110000	322.000000
365.115000	280.000000
365.120000	278.000000
365.125000	378.000000
365.130000	187.000000
365.135000	281.000000
365.140000	265.000000
365.145000	289.000000
365.150000	327.000000
365.155000	271.000000
365.160000	253.000000
365.165000	296.000000
365.170000	235.000000
365.175000	342.000000
365.180000	302.000000
365.185000	276.000000
365.190000	339.000000
365.195000	317.000000
365.200000	405.000000
365.205000	421.000000
365.210000	497.000000
365.215000	693.000000
365.220000	1205.000000
365.225000	1844.000000
365.230000	2300.000000
365.235000	3145.000000
365.240000	4279.000000
365.245000	5328.000000
365.250000	6247.000000
365.255000	7007.000000
365.260000	9290.000000
365.265000	13319.000000
365.270000	23108.000000
365.275000	41424.000000
365.280000	40812.000000
365.285000	13889.000000
365.290000	9624.000000
365.295000	5684.000000
365.300000	3056.000000
365.305000	1718.000000
365.310000	1181.000000
365.315000	817.000000
365.320000	713.000000
365.325000	520.000000
365.330000	471.000000
365.335000	371.000000
365.340000	490.000000
365.345000	340.000000
365.350000	301.000000
365.355000	381.000000
365.360000	257.000000
365.365000	340.000000
365.370000	408.000000
365.375000	298.000000
365.380000	406.000000
365.385000	309.000000
365.390000	311.000000
365.395000	269.000000
365.400000	381.000000
365.405000	275.000000
365.410000	221.000000
365.415000	275.000000
365.420000	289.000000
365.425000	325.000000
365.430000	188.000000
365.435000	240.000000
365.440000	177.000000
365.445000	224.000000
365.450000	378.000000
365.455000	347.000000
365.460000	210.000000
365.465000	207.000000
365.470000	237.000000
365.475000	220.000000
365.480000	101.000000
365.485000	138.000000
365.490000	140.000000
365.495000	94.000000
365.500000	116.000000
365.505000	76.000000
365.510000	147.000000
365.515000	185.000000
365.520000	92.000000
365.525000	111.000000
365.530000	140.000000
365.535000	65.000000
365.540000	153.000000
365.545000	129.000000
365.550000	129.000000
365.555000	120.000000
365.560000	54.000000
365.565000	109.000000
365.570000	78.000000
365.575000	70.000000
365.580000	43.000000
365.585000	89.000000
365.590000	63.000000
365.595000	22.000000
365.600000	85.000000
