Sample ID:		None
Start Time:		Thu Jun 25 2020 3:16:01 AM
Averaging Time:		1.000s

364.600000	66.000000
364.605000	60.000000
364.610000	45.000000
364.615000	26.000000
364.620000	28.000000
364.625000	36.000000
364.630000	36.000000
364.635000	63.000000
364.640000	86.000000
364.645000	36.000000
364.650000	67.000000
364.655000	32.000000
364.660000	188.000000
364.665000	60.000000
364.670000	131.000000
364.675000	118.000000
364.680000	212.000000
364.685000	218.000000
364.690000	249.000000
364.695000	174.000000
364.700000	215.000000
364.705000	161.000000
364.710000	298.000000
364.715000	302.000000
364.720000	194.000000
364.725000	163.000000
364.730000	200.000000
364.735000	165.000000
364.740000	310.000000
364.745000	191.000000
364.750000	223.000000
364.755000	303.000000
364.760000	311.000000
364.765000	433.000000
364.770000	355.000000
364.775000	334.000000
364.780000	323.000000
364.785000	404.000000
364.790000	285.000000
364.795000	365.000000
364.800000	370.000000
364.805000	475.000000
364.810000	562.000000
364.815000	565.000000
364.820000	475.000000
364.825000	553.000000
364.830000	720.000000
364.835000	625.000000
364.840000	1081.000000
364.845000	1136.000000
364.850000	2200.000000
364.855000	3267.000000
364.860000	5440.000000
364.865000	8048.000000
364.870000	12862.000000
364.875000	16671.000000
364.880000	20842.000000
364.885000	24985.000000
364.890000	29677.000000
364.895000	34834.000000
364.900000	47832.000000
364.905000	81586.000000
364.910000	187879.000000
364.915000	200787.000000
364.920000	86944.000000
364.925000	41757.000000
364.930000	24838.000000
364.935000	16096.000000
364.940000	9839.000000
364.945000	6338.000000
364.950000	3768.000000
364.955000	3151.000000
364.960000	2406.000000
364.965000	1992.000000
364.970000	1663.000000
364.975000	1597.000000
364.980000	1548.000000
364.985000	1498.000000
364.990000	1445.000000
364.995000	1205.000000
365.000000	965.000000
365.005000	1106.000000
365.010000	1018.000000
365.015000	829.000000
365.020000	897.000000
365.025000	817.000000
365.030000	628.000000
365.035000	535.000000
365.040000	758.000000
365.045000	751.000000
365.050000	546.000000
365.055000	417.000000
365.060000	515.000000
365.065000	420.000000
365.070000	440.000000
365.075000	389.000000
365.080000	376.000000
365.085000	281.000000
365.090000	437.000000
365.095000	457.000000
365.100000	293.000000
365.105000	383.000000
365.110000	286.000000
365.115000	283.000000
365.120000	353.000000
365.125000	332.000000
365.130000	397.000000
365.135000	406.000000
365.140000	353.000000
365.145000	292.000000
365.150000	388.000000
365.155000	373.000000
365.160000	435.000000
365.165000	277.000000
365.170000	292.000000
365.175000	341.000000
365.180000	294.000000
365.185000	237.000000
365.190000	279.000000
365.195000	279.000000
365.200000	275.000000
365.205000	228.000000
365.210000	303.000000
365.215000	274.000000
365.220000	359.000000
365.225000	241.000000
365.230000	320.000000
365.235000	235.000000
365.240000	198.000000
365.245000	323.000000
365.250000	285.000000
365.255000	226.000000
365.260000	250.000000
365.265000	308.000000
365.270000	244.000000
365.275000	218.000000
365.280000	260.000000
365.285000	332.000000
365.290000	323.000000
365.295000	323.000000
365.300000	384.000000
365.305000	370.000000
365.310000	594.000000
365.315000	781.000000
365.320000	946.000000
365.325000	1590.000000
365.330000	2465.000000
365.335000	3550.000000
365.340000	4702.000000
365.345000	5207.000000
365.350000	6019.000000
365.355000	7342.000000
365.360000	8683.000000
365.365000	14159.000000
365.370000	23436.000000
365.375000	44138.000000
365.380000	38668.000000
365.385000	18302.000000
365.390000	8213.000000
365.395000	4824.000000
365.400000	3098.000000
365.405000	1655.000000
365.410000	1128.000000
365.415000	672.000000
365.420000	696.000000
365.425000	670.000000
365.430000	412.000000
365.435000	549.000000
365.440000	528.000000
365.445000	354.000000
365.450000	378.000000
365.455000	303.000000
365.460000	499.000000
365.465000	501.000000
365.470000	266.000000
365.475000	414.000000
365.480000	333.000000
365.485000	228.000000
365.490000	441.000000
365.495000	266.000000
365.500000	356.000000
365.505000	399.000000
365.510000	283.000000
365.515000	300.000000
365.520000	278.000000
365.525000	277.000000
365.530000	247.000000
365.535000	295.000000
365.540000	234.000000
365.545000	255.000000
365.550000	279.000000
365.555000	231.000000
365.560000	228.000000
365.565000	204.000000
365.570000	338.000000
365.575000	130.000000
365.580000	152.000000
365.585000	91.000000
365.590000	128.000000
365.595000	63.000000
365.600000	90.000000
