Sample ID:		None
Start Time:		Thu Jun 25 2020 12:23:51 AM
Averaging Time:		1.000s

364.600000	40.000000
364.605000	32.000000
364.610000	56.000000
364.615000	35.000000
364.620000	43.000000
364.625000	55.000000
364.630000	11.000000
364.635000	31.000000
364.640000	52.000000
364.645000	80.000000
364.650000	71.000000
364.655000	42.000000
364.660000	47.000000
364.665000	60.000000
364.670000	62.000000
364.675000	74.000000
364.680000	66.000000
364.685000	98.000000
364.690000	40.000000
364.695000	91.000000
364.700000	158.000000
364.705000	183.000000
364.710000	164.000000
364.715000	291.000000
364.720000	189.000000
364.725000	207.000000
364.730000	285.000000
364.735000	196.000000
364.740000	235.000000
364.745000	228.000000
364.750000	310.000000
364.755000	277.000000
364.760000	336.000000
364.765000	338.000000
364.770000	269.000000
364.775000	267.000000
364.780000	168.000000
364.785000	260.000000
364.790000	256.000000
364.795000	376.000000
364.800000	489.000000
364.805000	348.000000
364.810000	412.000000
364.815000	420.000000
364.820000	291.000000
364.825000	294.000000
364.830000	448.000000
364.835000	433.000000
364.840000	518.000000
364.845000	752.000000
364.850000	605.000000
364.855000	790.000000
364.860000	974.000000
364.865000	1626.000000
364.870000	1787.000000
364.875000	3104.000000
364.880000	4896.000000
364.885000	8472.000000
364.890000	12996.000000
364.895000	15730.000000
364.900000	20688.000000
364.905000	24828.000000
364.910000	29699.000000
364.915000	34508.000000
364.920000	46494.000000
364.925000	72346.000000
364.930000	162951.000000
364.935000	215484.000000
364.940000	104698.000000
364.945000	47368.000000
364.950000	29111.000000
364.955000	17380.000000
364.960000	11467.000000
364.965000	7180.000000
364.970000	4367.000000
364.975000	3544.000000
364.980000	2868.000000
364.985000	2281.000000
364.990000	1859.000000
364.995000	1668.000000
365.000000	1473.000000
365.005000	1576.000000
365.010000	1355.000000
365.015000	1290.000000
365.020000	1199.000000
365.025000	997.000000
365.030000	1054.000000
365.035000	695.000000
365.040000	644.000000
365.045000	838.000000
365.050000	806.000000
365.055000	889.000000
365.060000	743.000000
365.065000	525.000000
365.070000	623.000000
365.075000	583.000000
365.080000	439.000000
365.085000	612.000000
365.090000	530.000000
365.095000	426.000000
365.100000	465.000000
365.105000	424.000000
365.110000	424.000000
365.115000	396.000000
365.120000	375.000000
365.125000	344.000000
365.130000	395.000000
365.135000	308.000000
365.140000	378.000000
365.145000	325.000000
365.150000	380.000000
365.155000	513.000000
365.160000	411.000000
365.165000	317.000000
365.170000	412.000000
365.175000	415.000000
365.180000	415.000000
365.185000	469.000000
365.190000	286.000000
365.195000	353.000000
365.200000	328.000000
365.205000	323.000000
365.210000	263.000000
365.215000	252.000000
365.220000	266.000000
365.225000	233.000000
365.230000	357.000000
365.235000	283.000000
365.240000	335.000000
365.245000	298.000000
365.250000	285.000000
365.255000	316.000000
365.260000	221.000000
365.265000	293.000000
365.270000	325.000000
365.275000	277.000000
365.280000	268.000000
365.285000	369.000000
365.290000	372.000000
365.295000	371.000000
365.300000	446.000000
365.305000	287.000000
365.310000	337.000000
365.315000	337.000000
365.320000	318.000000
365.325000	480.000000
365.330000	613.000000
365.335000	772.000000
365.340000	1267.000000
365.345000	1961.000000
365.350000	2827.000000
365.355000	4212.000000
365.360000	4520.000000
365.365000	5395.000000
365.370000	7039.000000
365.375000	8222.000000
365.380000	9818.000000
365.385000	14786.000000
365.390000	26738.000000
365.395000	44715.000000
365.400000	35777.000000
365.405000	13565.000000
365.410000	8727.000000
365.415000	4873.000000
365.420000	2849.000000
365.425000	1867.000000
365.430000	1121.000000
365.435000	810.000000
365.440000	724.000000
365.445000	669.000000
365.450000	510.000000
365.455000	329.000000
365.460000	460.000000
365.465000	359.000000
365.470000	368.000000
365.475000	442.000000
365.480000	446.000000
365.485000	412.000000
365.490000	272.000000
365.495000	427.000000
365.500000	370.000000
365.505000	289.000000
365.510000	335.000000
365.515000	372.000000
365.520000	253.000000
365.525000	259.000000
365.530000	371.000000
365.535000	319.000000
365.540000	288.000000
365.545000	139.000000
365.550000	187.000000
365.555000	192.000000
365.560000	274.000000
365.565000	257.000000
365.570000	362.000000
365.575000	242.000000
365.580000	215.000000
365.585000	349.000000
365.590000	273.000000
365.595000	226.000000
365.600000	135.000000
