Sample ID:		None
Start Time:		Thu Jun 25 2020 9:11:28 AM
Averaging Time:		1.000s

364.600000	4398.000000
364.605000	7544.000000
364.610000	13570.000000
364.615000	18245.000000
364.620000	23910.000000
364.625000	28161.000000
364.630000	32480.000000
364.635000	41070.000000
364.640000	59480.000000
364.645000	119535.000000
364.650000	221642.000000
364.655000	161193.000000
364.660000	64283.000000
364.665000	35165.000000
364.670000	23371.000000
364.675000	13655.000000
364.680000	8281.000000
364.685000	4974.000000
364.690000	3815.000000
364.695000	3074.000000
364.700000	2491.000000
364.705000	2161.000000
364.710000	1790.000000
364.715000	1542.000000
364.720000	1665.000000
364.725000	1540.000000
364.730000	1553.000000
364.735000	1292.000000
364.740000	1061.000000
364.745000	1004.000000
364.750000	1131.000000
364.755000	1057.000000
364.760000	901.000000
364.765000	642.000000
364.770000	991.000000
364.775000	765.000000
364.780000	568.000000
364.785000	643.000000
364.790000	606.000000
364.795000	524.000000
364.800000	571.000000
364.805000	569.000000
364.810000	583.000000
364.815000	618.000000
364.820000	444.000000
364.825000	396.000000
364.830000	447.000000
364.835000	336.000000
364.840000	389.000000
364.845000	407.000000
364.850000	301.000000
364.855000	287.000000
364.860000	277.000000
364.865000	403.000000
364.870000	328.000000
364.875000	522.000000
364.880000	350.000000
364.885000	448.000000
364.890000	359.000000
364.895000	443.000000
364.900000	383.000000
364.905000	355.000000
364.910000	275.000000
364.915000	272.000000
364.920000	427.000000
364.925000	270.000000
364.930000	252.000000
364.935000	471.000000
364.940000	287.000000
364.945000	394.000000
364.950000	267.000000
364.955000	290.000000
364.960000	398.000000
364.965000	270.000000
364.970000	272.000000
364.975000	345.000000
364.980000	263.000000
364.985000	345.000000
364.990000	312.000000
364.995000	272.000000
365.000000	264.000000
365.005000	306.000000
365.010000	272.000000
365.015000	340.000000
365.020000	406.000000
365.025000	397.000000
365.030000	373.000000
365.035000	354.000000
365.040000	338.000000
365.045000	642.000000
365.050000	500.000000
365.055000	1154.000000
365.060000	1207.000000
365.065000	2154.000000
365.070000	3261.000000
365.075000	4077.000000
365.080000	4654.000000
365.085000	5984.000000
365.090000	7343.000000
365.095000	8735.000000
365.100000	12181.000000
365.105000	20341.000000
365.110000	36505.000000
365.115000	49849.000000
365.120000	31111.000000
365.125000	9972.000000
365.130000	7540.000000
365.135000	4177.000000
365.140000	2513.000000
365.145000	1552.000000
365.150000	900.000000
365.155000	693.000000
365.160000	618.000000
365.165000	565.000000
365.170000	418.000000
365.175000	470.000000
365.180000	508.000000
365.185000	410.000000
365.190000	395.000000
365.195000	431.000000
365.200000	392.000000
365.205000	312.000000
365.210000	378.000000
365.215000	272.000000
365.220000	319.000000
365.225000	327.000000
365.230000	340.000000
365.235000	319.000000
365.240000	229.000000
365.245000	277.000000
365.250000	358.000000
365.255000	250.000000
365.260000	203.000000
365.265000	321.000000
365.270000	242.000000
365.275000	224.000000
365.280000	265.000000
365.285000	346.000000
365.290000	308.000000
365.295000	240.000000
365.300000	277.000000
365.305000	307.000000
365.310000	300.000000
365.315000	244.000000
365.320000	160.000000
365.325000	160.000000
365.330000	163.000000
365.335000	98.000000
365.340000	138.000000
365.345000	119.000000
365.350000	140.000000
365.355000	120.000000
365.360000	160.000000
365.365000	138.000000
365.370000	153.000000
365.375000	132.000000
365.380000	81.000000
365.385000	92.000000
365.390000	119.000000
365.395000	100.000000
365.400000	150.000000
365.405000	91.000000
365.410000	173.000000
365.415000	120.000000
365.420000	101.000000
365.425000	60.000000
365.430000	70.000000
365.435000	123.000000
365.440000	147.000000
365.445000	109.000000
365.450000	59.000000
365.455000	83.000000
365.460000	53.000000
365.465000	100.000000
365.470000	72.000000
365.475000	66.000000
365.480000	106.000000
365.485000	149.000000
365.490000	48.000000
365.495000	81.000000
365.500000	98.000000
365.505000	80.000000
365.510000	94.000000
365.515000	131.000000
365.520000	106.000000
365.525000	91.000000
365.530000	57.000000
365.535000	57.000000
365.540000	29.000000
365.545000	113.000000
365.550000	118.000000
365.555000	90.000000
365.560000	39.000000
365.565000	136.000000
365.570000	77.000000
365.575000	79.000000
365.580000	147.000000
365.585000	124.000000
365.590000	60.000000
365.595000	79.000000
365.600000	160.000000
