Sample ID:		None
Start Time:		Thu Jun 25 2020 5:18:12 AM
Averaging Time:		1.000s

364.600000	51.000000
364.605000	110.000000
364.610000	75.000000
364.615000	80.000000
364.620000	159.000000
364.625000	161.000000
364.630000	202.000000
364.635000	169.000000
364.640000	235.000000
364.645000	205.000000
364.650000	178.000000
364.655000	231.000000
364.660000	176.000000
364.665000	333.000000
364.670000	218.000000
364.675000	148.000000
364.680000	206.000000
364.685000	195.000000
364.690000	244.000000
364.695000	273.000000
364.700000	273.000000
364.705000	212.000000
364.710000	291.000000
364.715000	358.000000
364.720000	384.000000
364.725000	372.000000
364.730000	319.000000
364.735000	389.000000
364.740000	311.000000
364.745000	401.000000
364.750000	428.000000
364.755000	518.000000
364.760000	452.000000
364.765000	487.000000
364.770000	614.000000
364.775000	517.000000
364.780000	801.000000
364.785000	858.000000
364.790000	1150.000000
364.795000	1673.000000
364.800000	2943.000000
364.805000	5078.000000
364.810000	7081.000000
364.815000	11386.000000
364.820000	16311.000000
364.825000	20180.000000
364.830000	25570.000000
364.835000	29360.000000
364.840000	34769.000000
364.845000	52481.000000
364.850000	69759.000000
364.855000	151049.000000
364.860000	211039.000000
364.865000	89176.000000
364.870000	47017.000000
364.875000	28313.000000
364.880000	14267.000000
364.885000	9626.000000
364.890000	6172.000000
364.895000	4502.000000
364.900000	3029.000000
364.905000	2658.000000
364.910000	2126.000000
364.915000	1879.000000
364.920000	1658.000000
364.925000	1597.000000
364.930000	1202.000000
364.935000	1246.000000
364.940000	1135.000000
364.945000	1206.000000
364.950000	954.000000
364.955000	939.000000
364.960000	1018.000000
364.965000	765.000000
364.970000	781.000000
364.975000	627.000000
364.980000	786.000000
364.985000	785.000000
364.990000	688.000000
364.995000	564.000000
365.000000	560.000000
365.005000	479.000000
365.010000	365.000000
365.015000	413.000000
365.020000	438.000000
365.025000	518.000000
365.030000	456.000000
365.035000	475.000000
365.040000	376.000000
365.045000	377.000000
365.050000	418.000000
365.055000	262.000000
365.060000	485.000000
365.065000	287.000000
365.070000	438.000000
365.075000	401.000000
365.080000	298.000000
365.085000	380.000000
365.090000	367.000000
365.095000	438.000000
365.100000	381.000000
365.105000	342.000000
365.110000	308.000000
365.115000	296.000000
365.120000	272.000000
365.125000	404.000000
365.130000	297.000000
365.135000	274.000000
365.140000	327.000000
365.145000	274.000000
365.150000	253.000000
365.155000	239.000000
365.160000	332.000000
365.165000	248.000000
365.170000	217.000000
365.175000	178.000000
365.180000	272.000000
365.185000	416.000000
365.190000	209.000000
365.195000	309.000000
365.200000	365.000000
365.205000	245.000000
365.210000	234.000000
365.215000	235.000000
365.220000	335.000000
365.225000	347.000000
365.230000	275.000000
365.235000	292.000000
365.240000	385.000000
365.245000	321.000000
365.250000	396.000000
365.255000	663.000000
365.260000	661.000000
365.265000	1139.000000
365.270000	1562.000000
365.275000	2373.000000
365.280000	3162.000000
365.285000	4077.000000
365.290000	4819.000000
365.295000	5673.000000
365.300000	6820.000000
365.305000	8272.000000
365.310000	13305.000000
365.315000	21876.000000
365.320000	43159.000000
365.325000	38193.000000
365.330000	19849.000000
365.335000	10403.000000
365.340000	5431.000000
365.345000	2267.000000
365.350000	2015.000000
365.355000	1155.000000
365.360000	854.000000
365.365000	785.000000
365.370000	626.000000
365.375000	461.000000
365.380000	446.000000
365.385000	358.000000
365.390000	393.000000
365.395000	370.000000
365.400000	352.000000
365.405000	396.000000
365.410000	370.000000
365.415000	300.000000
365.420000	276.000000
365.425000	334.000000
365.430000	288.000000
365.435000	378.000000
365.440000	369.000000
365.445000	291.000000
365.450000	274.000000
365.455000	269.000000
365.460000	351.000000
365.465000	308.000000
365.470000	314.000000
365.475000	186.000000
365.480000	219.000000
365.485000	196.000000
365.490000	274.000000
365.495000	328.000000
365.500000	275.000000
365.505000	229.000000
365.510000	234.000000
365.515000	123.000000
365.520000	155.000000
365.525000	124.000000
365.530000	158.000000
365.535000	91.000000
365.540000	136.000000
365.545000	135.000000
365.550000	54.000000
365.555000	127.000000
365.560000	151.000000
365.565000	92.000000
365.570000	94.000000
365.575000	69.000000
365.580000	106.000000
365.585000	78.000000
365.590000	164.000000
365.595000	76.000000
365.600000	112.000000
