Sample ID:		None
Start Time:		Thu Jun 25 2020 8:38:08 AM
Averaging Time:		1.000s

364.600000	459.000000
364.605000	503.000000
364.610000	587.000000
364.615000	731.000000
364.620000	937.000000
364.625000	1308.000000
364.630000	1959.000000
364.635000	3378.000000
364.640000	4684.000000
364.645000	8268.000000
364.650000	12101.000000
364.655000	16589.000000
364.660000	20981.000000
364.665000	24983.000000
364.670000	29735.000000
364.675000	37959.000000
364.680000	49661.000000
364.685000	81525.000000
364.690000	195652.000000
364.695000	205636.000000
364.700000	81831.000000
364.705000	41281.000000
364.710000	26627.000000
364.715000	16263.000000
364.720000	8218.000000
364.725000	6112.000000
364.730000	4374.000000
364.735000	3138.000000
364.740000	2804.000000
364.745000	2060.000000
364.750000	1937.000000
364.755000	1783.000000
364.760000	1688.000000
364.765000	1282.000000
364.770000	1249.000000
364.775000	1012.000000
364.780000	1174.000000
364.785000	932.000000
364.790000	1078.000000
364.795000	817.000000
364.800000	883.000000
364.805000	915.000000
364.810000	770.000000
364.815000	674.000000
364.820000	581.000000
364.825000	701.000000
364.830000	617.000000
364.835000	601.000000
364.840000	513.000000
364.845000	507.000000
364.850000	480.000000
364.855000	537.000000
364.860000	487.000000
364.865000	522.000000
364.870000	353.000000
364.875000	511.000000
364.880000	399.000000
364.885000	353.000000
364.890000	367.000000
364.895000	347.000000
364.900000	350.000000
364.905000	374.000000
364.910000	297.000000
364.915000	466.000000
364.920000	383.000000
364.925000	321.000000
364.930000	471.000000
364.935000	448.000000
364.940000	313.000000
364.945000	289.000000
364.950000	330.000000
364.955000	327.000000
364.960000	314.000000
364.965000	282.000000
364.970000	411.000000
364.975000	277.000000
364.980000	258.000000
364.985000	302.000000
364.990000	326.000000
364.995000	313.000000
365.000000	325.000000
365.005000	228.000000
365.010000	307.000000
365.015000	208.000000
365.020000	289.000000
365.025000	239.000000
365.030000	217.000000
365.035000	243.000000
365.040000	258.000000
365.045000	345.000000
365.050000	253.000000
365.055000	353.000000
365.060000	361.000000
365.065000	311.000000
365.070000	327.000000
365.075000	271.000000
365.080000	342.000000
365.085000	429.000000
365.090000	492.000000
365.095000	664.000000
365.100000	1000.000000
365.105000	1515.000000
365.110000	2120.000000
365.115000	3044.000000
365.120000	4306.000000
365.125000	4295.000000
365.130000	6021.000000
365.135000	6101.000000
365.140000	8056.000000
365.145000	11346.000000
365.150000	17407.000000
365.155000	32568.000000
365.160000	46820.000000
365.165000	26005.000000
365.170000	13787.000000
365.175000	7333.000000
365.180000	4226.000000
365.185000	2271.000000
365.190000	1419.000000
365.195000	821.000000
365.200000	729.000000
365.205000	522.000000
365.210000	477.000000
365.215000	537.000000
365.220000	386.000000
365.225000	417.000000
365.230000	327.000000
365.235000	368.000000
365.240000	351.000000
365.245000	404.000000
365.250000	381.000000
365.255000	324.000000
365.260000	310.000000
365.265000	470.000000
365.270000	385.000000
365.275000	380.000000
365.280000	330.000000
365.285000	314.000000
365.290000	256.000000
365.295000	284.000000
365.300000	398.000000
365.305000	263.000000
365.310000	323.000000
365.315000	268.000000
365.320000	255.000000
365.325000	252.000000
365.330000	271.000000
365.335000	307.000000
365.340000	302.000000
365.345000	297.000000
365.350000	296.000000
365.355000	193.000000
365.360000	136.000000
365.365000	135.000000
365.370000	197.000000
365.375000	97.000000
365.380000	176.000000
365.385000	128.000000
365.390000	136.000000
365.395000	94.000000
365.400000	61.000000
365.405000	128.000000
365.410000	76.000000
365.415000	161.000000
365.420000	105.000000
365.425000	159.000000
365.430000	110.000000
365.435000	92.000000
365.440000	143.000000
365.445000	128.000000
365.450000	138.000000
365.455000	140.000000
365.460000	82.000000
365.465000	129.000000
365.470000	92.000000
365.475000	83.000000
365.480000	78.000000
365.485000	97.000000
365.490000	81.000000
365.495000	169.000000
365.500000	107.000000
365.505000	100.000000
365.510000	91.000000
365.515000	109.000000
365.520000	71.000000
365.525000	51.000000
365.530000	78.000000
365.535000	109.000000
365.540000	96.000000
365.545000	74.000000
365.550000	85.000000
365.555000	86.000000
365.560000	76.000000
365.565000	127.000000
365.570000	50.000000
365.575000	102.000000
365.580000	53.000000
365.585000	118.000000
365.590000	52.000000
365.595000	123.000000
365.600000	77.000000
