Sample ID:		None
Start Time:		Thu Jun 25 2020 12:29:24 AM
Averaging Time:		1.000s

364.600000	63.000000
364.605000	36.000000
364.610000	79.000000
364.615000	47.000000
364.620000	36.000000
364.625000	42.000000
364.630000	80.000000
364.635000	48.000000
364.640000	31.000000
364.645000	47.000000
364.650000	48.000000
364.655000	66.000000
364.660000	93.000000
364.665000	50.000000
364.670000	79.000000
364.675000	40.000000
364.680000	56.000000
364.685000	119.000000
364.690000	147.000000
364.695000	151.000000
364.700000	166.000000
364.705000	323.000000
364.710000	240.000000
364.715000	176.000000
364.720000	335.000000
364.725000	170.000000
364.730000	203.000000
364.735000	173.000000
364.740000	187.000000
364.745000	212.000000
364.750000	254.000000
364.755000	140.000000
364.760000	291.000000
364.765000	213.000000
364.770000	284.000000
364.775000	314.000000
364.780000	401.000000
364.785000	261.000000
364.790000	274.000000
364.795000	286.000000
364.800000	432.000000
364.805000	282.000000
364.810000	423.000000
364.815000	384.000000
364.820000	459.000000
364.825000	317.000000
364.830000	390.000000
364.835000	437.000000
364.840000	537.000000
364.845000	510.000000
364.850000	674.000000
364.855000	892.000000
364.860000	939.000000
364.865000	1465.000000
364.870000	2359.000000
364.875000	3406.000000
364.880000	5830.000000
364.885000	9157.000000
364.890000	13739.000000
364.895000	17401.000000
364.900000	21706.000000
364.905000	25192.000000
364.910000	30369.000000
364.915000	36136.000000
364.920000	52009.000000
364.925000	124879.000000
364.930000	184589.000000
364.935000	202193.000000
364.940000	78692.000000
364.945000	43002.000000
364.950000	27589.000000
364.955000	15769.000000
364.960000	9484.000000
364.965000	5446.000000
364.970000	4011.000000
364.975000	2880.000000
364.980000	2567.000000
364.985000	2323.000000
364.990000	1765.000000
364.995000	1572.000000
365.000000	1444.000000
365.005000	1219.000000
365.010000	1267.000000
365.015000	1330.000000
365.020000	1186.000000
365.025000	948.000000
365.030000	1125.000000
365.035000	800.000000
365.040000	821.000000
365.045000	623.000000
365.050000	893.000000
365.055000	774.000000
365.060000	725.000000
365.065000	590.000000
365.070000	557.000000
365.075000	607.000000
365.080000	536.000000
365.085000	449.000000
365.090000	513.000000
365.095000	532.000000
365.100000	405.000000
365.105000	477.000000
365.110000	299.000000
365.115000	310.000000
365.120000	444.000000
365.125000	448.000000
365.130000	334.000000
365.135000	510.000000
365.140000	324.000000
365.145000	303.000000
365.150000	348.000000
365.155000	336.000000
365.160000	360.000000
365.165000	474.000000
365.170000	358.000000
365.175000	534.000000
365.180000	328.000000
365.185000	425.000000
365.190000	375.000000
365.195000	286.000000
365.200000	378.000000
365.205000	353.000000
365.210000	284.000000
365.215000	227.000000
365.220000	232.000000
365.225000	274.000000
365.230000	320.000000
365.235000	288.000000
365.240000	386.000000
365.245000	242.000000
365.250000	306.000000
365.255000	255.000000
365.260000	247.000000
365.265000	283.000000
365.270000	375.000000
365.275000	326.000000
365.280000	242.000000
365.285000	396.000000
365.290000	346.000000
365.295000	358.000000
365.300000	296.000000
365.305000	219.000000
365.310000	381.000000
365.315000	246.000000
365.320000	332.000000
365.325000	458.000000
365.330000	566.000000
365.335000	836.000000
365.340000	1442.000000
365.345000	2025.000000
365.350000	2906.000000
365.355000	3742.000000
365.360000	4415.000000
365.365000	5345.000000
365.370000	7091.000000
365.375000	7804.000000
365.380000	9785.000000
365.385000	15370.000000
365.390000	37868.000000
365.395000	46729.000000
365.400000	34819.000000
365.405000	15806.000000
365.410000	7881.000000
365.415000	4900.000000
365.420000	2749.000000
365.425000	1638.000000
365.430000	1066.000000
365.435000	827.000000
365.440000	734.000000
365.445000	559.000000
365.450000	492.000000
365.455000	410.000000
365.460000	416.000000
365.465000	459.000000
365.470000	339.000000
365.475000	360.000000
365.480000	451.000000
365.485000	408.000000
365.490000	361.000000
365.495000	300.000000
365.500000	244.000000
365.505000	399.000000
365.510000	254.000000
365.515000	317.000000
365.520000	279.000000
365.525000	309.000000
365.530000	317.000000
365.535000	196.000000
365.540000	399.000000
365.545000	363.000000
365.550000	205.000000
365.555000	325.000000
365.560000	362.000000
365.565000	298.000000
365.570000	297.000000
365.575000	220.000000
365.580000	272.000000
365.585000	224.000000
365.590000	269.000000
365.595000	254.000000
365.600000	191.000000
