Sample ID:		None
Start Time:		Thu Jun 25 2020 6:35:56 AM
Averaging Time:		1.000s

364.600000	213.000000
364.605000	234.000000
364.610000	190.000000
364.615000	215.000000
364.620000	215.000000
364.625000	226.000000
364.630000	239.000000
364.635000	197.000000
364.640000	259.000000
364.645000	211.000000
364.650000	174.000000
364.655000	332.000000
364.660000	330.000000
364.665000	434.000000
364.670000	291.000000
364.675000	262.000000
364.680000	264.000000
364.685000	332.000000
364.690000	401.000000
364.695000	398.000000
364.700000	656.000000
364.705000	721.000000
364.710000	582.000000
364.715000	758.000000
364.720000	821.000000
364.725000	1083.000000
364.730000	1591.000000
364.735000	2790.000000
364.740000	4518.000000
364.745000	7444.000000
364.750000	11491.000000
364.755000	16832.000000
364.760000	20156.000000
364.765000	23496.000000
364.770000	28049.000000
364.775000	35721.000000
364.780000	43531.000000
364.785000	69120.000000
364.790000	166998.000000
364.795000	218518.000000
364.800000	73687.000000
364.805000	48344.000000
364.810000	29502.000000
364.815000	14894.000000
364.820000	9723.000000
364.825000	6584.000000
364.830000	4247.000000
364.835000	3266.000000
364.840000	2804.000000
364.845000	2401.000000
364.850000	1875.000000
364.855000	1614.000000
364.860000	1572.000000
364.865000	1211.000000
364.870000	1404.000000
364.875000	1273.000000
364.880000	1026.000000
364.885000	1196.000000
364.890000	1029.000000
364.895000	1020.000000
364.900000	1051.000000
364.905000	800.000000
364.910000	810.000000
364.915000	680.000000
364.920000	733.000000
364.925000	676.000000
364.930000	527.000000
364.935000	561.000000
364.940000	467.000000
364.945000	679.000000
364.950000	546.000000
364.955000	416.000000
364.960000	425.000000
364.965000	454.000000
364.970000	378.000000
364.975000	390.000000
364.980000	470.000000
364.985000	414.000000
364.990000	361.000000
364.995000	360.000000
365.000000	358.000000
365.005000	297.000000
365.010000	270.000000
365.015000	375.000000
365.020000	292.000000
365.025000	316.000000
365.030000	403.000000
365.035000	335.000000
365.040000	335.000000
365.045000	391.000000
365.050000	377.000000
365.055000	263.000000
365.060000	251.000000
365.065000	274.000000
365.070000	463.000000
365.075000	285.000000
365.080000	338.000000
365.085000	342.000000
365.090000	360.000000
365.095000	267.000000
365.100000	281.000000
365.105000	187.000000
365.110000	302.000000
365.115000	268.000000
365.120000	310.000000
365.125000	223.000000
365.130000	278.000000
365.135000	291.000000
365.140000	270.000000
365.145000	407.000000
365.150000	302.000000
365.155000	404.000000
365.160000	328.000000
365.165000	253.000000
365.170000	325.000000
365.175000	377.000000
365.180000	321.000000
365.185000	460.000000
365.190000	378.000000
365.195000	703.000000
365.200000	964.000000
365.205000	1826.000000
365.210000	1846.000000
365.215000	2960.000000
365.220000	4589.000000
365.225000	4936.000000
365.230000	5547.000000
365.235000	6664.000000
365.240000	8131.000000
365.245000	12176.000000
365.250000	20787.000000
365.255000	38699.000000
365.260000	40291.000000
365.265000	21954.000000
365.270000	11520.000000
365.275000	5485.000000
365.280000	3300.000000
365.285000	2101.000000
365.290000	1423.000000
365.295000	878.000000
365.300000	515.000000
365.305000	593.000000
365.310000	640.000000
365.315000	414.000000
365.320000	459.000000
365.325000	471.000000
365.330000	340.000000
365.335000	404.000000
365.340000	445.000000
365.345000	336.000000
365.350000	378.000000
365.355000	261.000000
365.360000	333.000000
365.365000	309.000000
365.370000	252.000000
365.375000	282.000000
365.380000	235.000000
365.385000	395.000000
365.390000	327.000000
365.395000	256.000000
365.400000	305.000000
365.405000	218.000000
365.410000	231.000000
365.415000	303.000000
365.420000	297.000000
365.425000	261.000000
365.430000	268.000000
365.435000	221.000000
365.440000	251.000000
365.445000	345.000000
365.450000	328.000000
365.455000	194.000000
365.460000	158.000000
365.465000	134.000000
365.470000	105.000000
365.475000	96.000000
365.480000	95.000000
365.485000	131.000000
365.490000	106.000000
365.495000	107.000000
365.500000	112.000000
365.505000	82.000000
365.510000	112.000000
365.515000	160.000000
365.520000	125.000000
365.525000	93.000000
365.530000	99.000000
365.535000	92.000000
365.540000	84.000000
365.545000	110.000000
365.550000	133.000000
365.555000	84.000000
365.560000	117.000000
365.565000	159.000000
365.570000	74.000000
365.575000	97.000000
365.580000	61.000000
365.585000	81.000000
365.590000	122.000000
365.595000	56.000000
365.600000	77.000000
