Sample ID:		None
Start Time:		Thu Jun 25 2020 1:36:02 AM
Averaging Time:		1.000s

364.600000	18.000000
364.605000	72.000000
364.610000	48.000000
364.615000	33.000000
364.620000	56.000000
364.625000	22.000000
364.630000	71.000000
364.635000	12.000000
364.640000	28.000000
364.645000	62.000000
364.650000	60.000000
364.655000	35.000000
364.660000	37.000000
364.665000	45.000000
364.670000	110.000000
364.675000	45.000000
364.680000	61.000000
364.685000	62.000000
364.690000	121.000000
364.695000	143.000000
364.700000	189.000000
364.705000	175.000000
364.710000	190.000000
364.715000	265.000000
364.720000	135.000000
364.725000	237.000000
364.730000	241.000000
364.735000	194.000000
364.740000	257.000000
364.745000	204.000000
364.750000	324.000000
364.755000	283.000000
364.760000	356.000000
364.765000	272.000000
364.770000	263.000000
364.775000	320.000000
364.780000	307.000000
364.785000	261.000000
364.790000	322.000000
364.795000	337.000000
364.800000	375.000000
364.805000	367.000000
364.810000	196.000000
364.815000	381.000000
364.820000	342.000000
364.825000	565.000000
364.830000	422.000000
364.835000	462.000000
364.840000	488.000000
364.845000	758.000000
364.850000	645.000000
364.855000	864.000000
364.860000	733.000000
364.865000	1562.000000
364.870000	1868.000000
364.875000	4062.000000
364.880000	5369.000000
364.885000	8467.000000
364.890000	12338.000000
364.895000	18293.000000
364.900000	21234.000000
364.905000	25278.000000
364.910000	29625.000000
364.915000	35151.000000
364.920000	49295.000000
364.925000	74511.000000
364.930000	164093.000000
364.935000	207267.000000
364.940000	93003.000000
364.945000	49537.000000
364.950000	29760.000000
364.955000	13633.000000
364.960000	11155.000000
364.965000	7095.000000
364.970000	4730.000000
364.975000	3274.000000
364.980000	2686.000000
364.985000	2216.000000
364.990000	1938.000000
364.995000	1465.000000
365.000000	1467.000000
365.005000	1335.000000
365.010000	1470.000000
365.015000	1357.000000
365.020000	1062.000000
365.025000	893.000000
365.030000	926.000000
365.035000	867.000000
365.040000	980.000000
365.045000	699.000000
365.050000	654.000000
365.055000	708.000000
365.060000	690.000000
365.065000	694.000000
365.070000	557.000000
365.075000	606.000000
365.080000	472.000000
365.085000	475.000000
365.090000	412.000000
365.095000	596.000000
365.100000	573.000000
365.105000	335.000000
365.110000	461.000000
365.115000	376.000000
365.120000	343.000000
365.125000	348.000000
365.130000	325.000000
365.135000	315.000000
365.140000	410.000000
365.145000	299.000000
365.150000	408.000000
365.155000	283.000000
365.160000	385.000000
365.165000	388.000000
365.170000	317.000000
365.175000	303.000000
365.180000	335.000000
365.185000	367.000000
365.190000	293.000000
365.195000	433.000000
365.200000	359.000000
365.205000	361.000000
365.210000	265.000000
365.215000	323.000000
365.220000	243.000000
365.225000	339.000000
365.230000	228.000000
365.235000	369.000000
365.240000	284.000000
365.245000	415.000000
365.250000	289.000000
365.255000	327.000000
365.260000	303.000000
365.265000	377.000000
365.270000	341.000000
365.275000	328.000000
365.280000	268.000000
365.285000	319.000000
365.290000	237.000000
365.295000	333.000000
365.300000	350.000000
365.305000	341.000000
365.310000	318.000000
365.315000	330.000000
365.320000	443.000000
365.325000	373.000000
365.330000	608.000000
365.335000	1013.000000
365.340000	1459.000000
365.345000	2208.000000
365.350000	2839.000000
365.355000	3778.000000
365.360000	4513.000000
365.365000	5898.000000
365.370000	6845.000000
365.375000	7781.000000
365.380000	11538.000000
365.385000	17336.000000
365.390000	31606.000000
365.395000	46218.000000
365.400000	25488.000000
365.405000	14442.000000
365.410000	7757.000000
365.415000	4572.000000
365.420000	2217.000000
365.425000	1496.000000
365.430000	1109.000000
365.435000	933.000000
365.440000	599.000000
365.445000	510.000000
365.450000	508.000000
365.455000	543.000000
365.460000	368.000000
365.465000	457.000000
365.470000	587.000000
365.475000	353.000000
365.480000	379.000000
365.485000	423.000000
365.490000	477.000000
365.495000	600.000000
365.500000	346.000000
365.505000	386.000000
365.510000	330.000000
365.515000	172.000000
365.520000	305.000000
365.525000	357.000000
365.530000	359.000000
365.535000	327.000000
365.540000	224.000000
365.545000	246.000000
365.550000	317.000000
365.555000	336.000000
365.560000	228.000000
365.565000	316.000000
365.570000	268.000000
365.575000	219.000000
365.580000	360.000000
365.585000	166.000000
365.590000	247.000000
365.595000	264.000000
365.600000	142.000000
