Sample ID:		None
Start Time:		Thu Jun 25 2020 1:08:16 AM
Averaging Time:		1.000s

364.600000	45.000000
364.605000	18.000000
364.610000	35.000000
364.615000	37.000000
364.620000	21.000000
364.625000	28.000000
364.630000	9.000000
364.635000	21.000000
364.640000	132.000000
364.645000	47.000000
364.650000	53.000000
364.655000	68.000000
364.660000	31.000000
364.665000	27.000000
364.670000	29.000000
364.675000	81.000000
364.680000	49.000000
364.685000	200.000000
364.690000	55.000000
364.695000	122.000000
364.700000	160.000000
364.705000	234.000000
364.710000	171.000000
364.715000	247.000000
364.720000	198.000000
364.725000	380.000000
364.730000	177.000000
364.735000	257.000000
364.740000	249.000000
364.745000	233.000000
364.750000	301.000000
364.755000	178.000000
364.760000	245.000000
364.765000	269.000000
364.770000	217.000000
364.775000	442.000000
364.780000	226.000000
364.785000	217.000000
364.790000	346.000000
364.795000	333.000000
364.800000	472.000000
364.805000	274.000000
364.810000	236.000000
364.815000	299.000000
364.820000	425.000000
364.825000	348.000000
364.830000	530.000000
364.835000	364.000000
364.840000	497.000000
364.845000	553.000000
364.850000	690.000000
364.855000	817.000000
364.860000	997.000000
364.865000	1521.000000
364.870000	1800.000000
364.875000	3519.000000
364.880000	5672.000000
364.885000	8592.000000
364.890000	13828.000000
364.895000	17643.000000
364.900000	22540.000000
364.905000	26658.000000
364.910000	31474.000000
364.915000	38029.000000
364.920000	60814.000000
364.925000	94740.000000
364.930000	197787.000000
364.935000	127423.000000
364.940000	68612.000000
364.945000	39101.000000
364.950000	24065.000000
364.955000	14700.000000
364.960000	7710.000000
364.965000	6249.000000
364.970000	4125.000000
364.975000	2787.000000
364.980000	2641.000000
364.985000	2224.000000
364.990000	1989.000000
364.995000	1858.000000
365.000000	1343.000000
365.005000	1321.000000
365.010000	1247.000000
365.015000	1143.000000
365.020000	1094.000000
365.025000	1049.000000
365.030000	1028.000000
365.035000	914.000000
365.040000	815.000000
365.045000	693.000000
365.050000	708.000000
365.055000	854.000000
365.060000	697.000000
365.065000	636.000000
365.070000	625.000000
365.075000	518.000000
365.080000	674.000000
365.085000	573.000000
365.090000	607.000000
365.095000	590.000000
365.100000	410.000000
365.105000	498.000000
365.110000	526.000000
365.115000	346.000000
365.120000	373.000000
365.125000	235.000000
365.130000	328.000000
365.135000	339.000000
365.140000	357.000000
365.145000	356.000000
365.150000	316.000000
365.155000	280.000000
365.160000	452.000000
365.165000	268.000000
365.170000	390.000000
365.175000	290.000000
365.180000	327.000000
365.185000	283.000000
365.190000	341.000000
365.195000	306.000000
365.200000	351.000000
365.205000	279.000000
365.210000	326.000000
365.215000	313.000000
365.220000	460.000000
365.225000	304.000000
365.230000	275.000000
365.235000	263.000000
365.240000	332.000000
365.245000	329.000000
365.250000	309.000000
365.255000	301.000000
365.260000	263.000000
365.265000	331.000000
365.270000	238.000000
365.275000	252.000000
365.280000	294.000000
365.285000	234.000000
365.290000	241.000000
365.295000	287.000000
365.300000	285.000000
365.305000	424.000000
365.310000	380.000000
365.315000	394.000000
365.320000	511.000000
365.325000	527.000000
365.330000	660.000000
365.335000	948.000000
365.340000	1360.000000
365.345000	2136.000000
365.350000	2906.000000
365.355000	3921.000000
365.360000	4904.000000
365.365000	5613.000000
365.370000	6418.000000
365.375000	7510.000000
365.380000	9834.000000
365.385000	17554.000000
365.390000	28120.000000
365.395000	46826.000000
365.400000	31544.000000
365.405000	11622.000000
365.410000	7768.000000
365.415000	4948.000000
365.420000	2205.000000
365.425000	1844.000000
365.430000	1067.000000
365.435000	791.000000
365.440000	672.000000
365.445000	565.000000
365.450000	537.000000
365.455000	455.000000
365.460000	345.000000
365.465000	525.000000
365.470000	373.000000
365.475000	273.000000
365.480000	356.000000
365.485000	364.000000
365.490000	408.000000
365.495000	365.000000
365.500000	380.000000
365.505000	326.000000
365.510000	330.000000
365.515000	333.000000
365.520000	331.000000
365.525000	229.000000
365.530000	206.000000
365.535000	216.000000
365.540000	236.000000
365.545000	280.000000
365.550000	282.000000
365.555000	329.000000
365.560000	280.000000
365.565000	142.000000
365.570000	161.000000
365.575000	302.000000
365.580000	320.000000
365.585000	237.000000
365.590000	212.000000
365.595000	218.000000
365.600000	119.000000
