Sample ID:		None
Start Time:		Thu Jun 25 2020 4:33:47 AM
Averaging Time:		1.000s

364.600000	47.000000
364.605000	33.000000
364.610000	56.000000
364.615000	60.000000
364.620000	74.000000
364.625000	26.000000
364.630000	46.000000
364.635000	83.000000
364.640000	101.000000
364.645000	115.000000
364.650000	100.000000
364.655000	237.000000
364.660000	180.000000
364.665000	224.000000
364.670000	277.000000
364.675000	182.000000
364.680000	261.000000
364.685000	240.000000
364.690000	239.000000
364.695000	225.000000
364.700000	307.000000
364.705000	228.000000
364.710000	223.000000
364.715000	233.000000
364.720000	242.000000
364.725000	313.000000
364.730000	276.000000
364.735000	273.000000
364.740000	319.000000
364.745000	276.000000
364.750000	238.000000
364.755000	400.000000
364.760000	293.000000
364.765000	283.000000
364.770000	362.000000
364.775000	437.000000
364.780000	493.000000
364.785000	413.000000
364.790000	467.000000
364.795000	485.000000
364.800000	537.000000
364.805000	749.000000
364.810000	692.000000
364.815000	1081.000000
364.820000	1342.000000
364.825000	2081.000000
364.830000	3375.000000
364.835000	5341.000000
364.840000	8000.000000
364.845000	12677.000000
364.850000	17214.000000
364.855000	20712.000000
364.860000	25543.000000
364.865000	30705.000000
364.870000	36252.000000
364.875000	49326.000000
364.880000	104996.000000
364.885000	194364.000000
364.890000	164172.000000
364.895000	78167.000000
364.900000	39342.000000
364.905000	25435.000000
364.910000	14567.000000
364.915000	8523.000000
364.920000	5722.000000
364.925000	3420.000000
364.930000	2624.000000
364.935000	2383.000000
364.940000	1886.000000
364.945000	1570.000000
364.950000	1536.000000
364.955000	1321.000000
364.960000	1123.000000
364.965000	1301.000000
364.970000	1189.000000
364.975000	914.000000
364.980000	1087.000000
364.985000	1033.000000
364.990000	944.000000
364.995000	912.000000
365.000000	900.000000
365.005000	782.000000
365.010000	626.000000
365.015000	561.000000
365.020000	572.000000
365.025000	655.000000
365.030000	644.000000
365.035000	551.000000
365.040000	640.000000
365.045000	432.000000
365.050000	416.000000
365.055000	538.000000
365.060000	493.000000
365.065000	327.000000
365.070000	446.000000
365.075000	439.000000
365.080000	393.000000
365.085000	269.000000
365.090000	339.000000
365.095000	241.000000
365.100000	342.000000
365.105000	336.000000
365.110000	374.000000
365.115000	308.000000
365.120000	338.000000
365.125000	379.000000
365.130000	301.000000
365.135000	361.000000
365.140000	400.000000
365.145000	255.000000
365.150000	288.000000
365.155000	328.000000
365.160000	359.000000
365.165000	377.000000
365.170000	259.000000
365.175000	430.000000
365.180000	359.000000
365.185000	299.000000
365.190000	319.000000
365.195000	267.000000
365.200000	361.000000
365.205000	306.000000
365.210000	196.000000
365.215000	360.000000
365.220000	155.000000
365.225000	267.000000
365.230000	228.000000
365.235000	287.000000
365.240000	270.000000
365.245000	397.000000
365.250000	474.000000
365.255000	271.000000
365.260000	248.000000
365.265000	381.000000
365.270000	398.000000
365.275000	435.000000
365.280000	422.000000
365.285000	654.000000
365.290000	659.000000
365.295000	1228.000000
365.300000	1561.000000
365.305000	2525.000000
365.310000	3470.000000
365.315000	4287.000000
365.320000	5405.000000
365.325000	6091.000000
365.330000	7923.000000
365.335000	8795.000000
365.340000	14480.000000
365.345000	32654.000000
365.350000	44830.000000
365.355000	35462.000000
365.360000	16338.000000
365.365000	7020.000000
365.370000	4276.000000
365.375000	2564.000000
365.380000	1350.000000
365.385000	1082.000000
365.390000	825.000000
365.395000	650.000000
365.400000	585.000000
365.405000	570.000000
365.410000	357.000000
365.415000	413.000000
365.420000	457.000000
365.425000	546.000000
365.430000	345.000000
365.435000	323.000000
365.440000	312.000000
365.445000	422.000000
365.450000	326.000000
365.455000	398.000000
365.460000	397.000000
365.465000	357.000000
365.470000	343.000000
365.475000	328.000000
365.480000	366.000000
365.485000	312.000000
365.490000	236.000000
365.495000	315.000000
365.500000	240.000000
365.505000	293.000000
365.510000	233.000000
365.515000	303.000000
365.520000	229.000000
365.525000	366.000000
365.530000	253.000000
365.535000	243.000000
365.540000	263.000000
365.545000	243.000000
365.550000	152.000000
365.555000	140.000000
365.560000	174.000000
365.565000	135.000000
365.570000	137.000000
365.575000	160.000000
365.580000	118.000000
365.585000	73.000000
365.590000	125.000000
365.595000	138.000000
365.600000	136.000000
