Sample ID:		None
Start Time:		Thu Jun 25 2020 7:20:22 AM
Averaging Time:		1.000s

364.600000	249.000000
364.605000	267.000000
364.610000	305.000000
364.615000	275.000000
364.620000	344.000000
364.625000	304.000000
364.630000	357.000000
364.635000	302.000000
364.640000	426.000000
364.645000	436.000000
364.650000	387.000000
364.655000	546.000000
364.660000	529.000000
364.665000	502.000000
364.670000	515.000000
364.675000	744.000000
364.680000	812.000000
364.685000	1101.000000
364.690000	1699.000000
364.695000	2895.000000
364.700000	5816.000000
364.705000	7368.000000
364.710000	11511.000000
364.715000	16041.000000
364.720000	21318.000000
364.725000	25066.000000
364.730000	29512.000000
364.735000	34954.000000
364.740000	52173.000000
364.745000	85551.000000
364.750000	182801.000000
364.755000	211566.000000
364.760000	60001.000000
364.765000	43542.000000
364.770000	27416.000000
364.775000	14246.000000
364.780000	9417.000000
364.785000	6704.000000
364.790000	4301.000000
364.795000	2849.000000
364.800000	2457.000000
364.805000	2409.000000
364.810000	1962.000000
364.815000	1479.000000
364.820000	1387.000000
364.825000	1396.000000
364.830000	1391.000000
364.835000	1161.000000
364.840000	848.000000
364.845000	1013.000000
364.850000	928.000000
364.855000	1196.000000
364.860000	754.000000
364.865000	830.000000
364.870000	794.000000
364.875000	669.000000
364.880000	731.000000
364.885000	595.000000
364.890000	754.000000
364.895000	426.000000
364.900000	534.000000
364.905000	408.000000
364.910000	642.000000
364.915000	544.000000
364.920000	391.000000
364.925000	389.000000
364.930000	362.000000
364.935000	388.000000
364.940000	412.000000
364.945000	390.000000
364.950000	379.000000
364.955000	402.000000
364.960000	441.000000
364.965000	370.000000
364.970000	452.000000
364.975000	276.000000
364.980000	349.000000
364.985000	436.000000
364.990000	285.000000
364.995000	419.000000
365.000000	290.000000
365.005000	408.000000
365.010000	313.000000
365.015000	265.000000
365.020000	334.000000
365.025000	311.000000
365.030000	326.000000
365.035000	279.000000
365.040000	299.000000
365.045000	270.000000
365.050000	377.000000
365.055000	320.000000
365.060000	235.000000
365.065000	293.000000
365.070000	306.000000
365.075000	291.000000
365.080000	278.000000
365.085000	253.000000
365.090000	302.000000
365.095000	236.000000
365.100000	269.000000
365.105000	374.000000
365.110000	384.000000
365.115000	280.000000
365.120000	304.000000
365.125000	287.000000
365.130000	398.000000
365.135000	414.000000
365.140000	364.000000
365.145000	411.000000
365.150000	566.000000
365.155000	667.000000
365.160000	1067.000000
365.165000	1682.000000
365.170000	2510.000000
365.175000	3837.000000
365.180000	4232.000000
365.185000	5294.000000
365.190000	6451.000000
365.195000	6865.000000
365.200000	9051.000000
365.205000	13214.000000
365.210000	20779.000000
365.215000	42525.000000
365.220000	36145.000000
365.225000	17323.000000
365.230000	9545.000000
365.235000	4533.000000
365.240000	3018.000000
365.245000	1716.000000
365.250000	1322.000000
365.255000	784.000000
365.260000	730.000000
365.265000	576.000000
365.270000	624.000000
365.275000	412.000000
365.280000	419.000000
365.285000	398.000000
365.290000	355.000000
365.295000	485.000000
365.300000	372.000000
365.305000	480.000000
365.310000	324.000000
365.315000	252.000000
365.320000	365.000000
365.325000	378.000000
365.330000	289.000000
365.335000	321.000000
365.340000	358.000000
365.345000	368.000000
365.350000	300.000000
365.355000	199.000000
365.360000	313.000000
365.365000	268.000000
365.370000	290.000000
365.375000	215.000000
365.380000	337.000000
365.385000	243.000000
365.390000	338.000000
365.395000	203.000000
365.400000	238.000000
365.405000	225.000000
365.410000	244.000000
365.415000	168.000000
365.420000	182.000000
365.425000	149.000000
365.430000	104.000000
365.435000	126.000000
365.440000	179.000000
365.445000	156.000000
365.450000	100.000000
365.455000	153.000000
365.460000	160.000000
365.465000	101.000000
365.470000	96.000000
365.475000	111.000000
365.480000	109.000000
365.485000	109.000000
365.490000	57.000000
365.495000	109.000000
365.500000	108.000000
365.505000	56.000000
365.510000	83.000000
365.515000	43.000000
365.520000	125.000000
365.525000	100.000000
365.530000	63.000000
365.535000	60.000000
365.540000	108.000000
365.545000	61.000000
365.550000	133.000000
365.555000	94.000000
365.560000	34.000000
365.565000	42.000000
365.570000	53.000000
365.575000	98.000000
365.580000	71.000000
365.585000	63.000000
365.590000	113.000000
365.595000	100.000000
365.600000	83.000000
