Sample ID:		None
Start Time:		Thu Jun 25 2020 2:20:29 AM
Averaging Time:		1.000s

364.600000	40.000000
364.605000	47.000000
364.610000	79.000000
364.615000	81.000000
364.620000	77.000000
364.625000	19.000000
364.630000	37.000000
364.635000	36.000000
364.640000	70.000000
364.645000	42.000000
364.650000	80.000000
364.655000	16.000000
364.660000	61.000000
364.665000	119.000000
364.670000	65.000000
364.675000	79.000000
364.680000	120.000000
364.685000	71.000000
364.690000	171.000000
364.695000	122.000000
364.700000	165.000000
364.705000	196.000000
364.710000	163.000000
364.715000	307.000000
364.720000	243.000000
364.725000	291.000000
364.730000	233.000000
364.735000	283.000000
364.740000	301.000000
364.745000	166.000000
364.750000	309.000000
364.755000	281.000000
364.760000	234.000000
364.765000	291.000000
364.770000	277.000000
364.775000	373.000000
364.780000	302.000000
364.785000	322.000000
364.790000	317.000000
364.795000	271.000000
364.800000	375.000000
364.805000	378.000000
364.810000	367.000000
364.815000	314.000000
364.820000	484.000000
364.825000	451.000000
364.830000	463.000000
364.835000	410.000000
364.840000	518.000000
364.845000	696.000000
364.850000	693.000000
364.855000	975.000000
364.860000	1459.000000
364.865000	1797.000000
364.870000	3348.000000
364.875000	5038.000000
364.880000	8101.000000
364.885000	12414.000000
364.890000	16925.000000
364.895000	20445.000000
364.900000	25595.000000
364.905000	29445.000000
364.910000	35224.000000
364.915000	49108.000000
364.920000	79636.000000
364.925000	155803.000000
364.930000	209961.000000
364.935000	95980.000000
364.940000	48768.000000
364.945000	29431.000000
364.950000	16912.000000
364.955000	10830.000000
364.960000	6210.000000
364.965000	4598.000000
364.970000	3380.000000
364.975000	2342.000000
364.980000	2131.000000
364.985000	2032.000000
364.990000	1731.000000
364.995000	1303.000000
365.000000	1201.000000
365.005000	1340.000000
365.010000	1142.000000
365.015000	1157.000000
365.020000	1043.000000
365.025000	1187.000000
365.030000	1004.000000
365.035000	942.000000
365.040000	955.000000
365.045000	758.000000
365.050000	702.000000
365.055000	567.000000
365.060000	440.000000
365.065000	640.000000
365.070000	534.000000
365.075000	527.000000
365.080000	542.000000
365.085000	486.000000
365.090000	522.000000
365.095000	409.000000
365.100000	377.000000
365.105000	367.000000
365.110000	360.000000
365.115000	333.000000
365.120000	294.000000
365.125000	370.000000
365.130000	390.000000
365.135000	384.000000
365.140000	291.000000
365.145000	384.000000
365.150000	327.000000
365.155000	386.000000
365.160000	515.000000
365.165000	326.000000
365.170000	434.000000
365.175000	331.000000
365.180000	275.000000
365.185000	312.000000
365.190000	380.000000
365.195000	309.000000
365.200000	349.000000
365.205000	375.000000
365.210000	336.000000
365.215000	261.000000
365.220000	217.000000
365.225000	276.000000
365.230000	347.000000
365.235000	297.000000
365.240000	228.000000
365.245000	216.000000
365.250000	215.000000
365.255000	249.000000
365.260000	311.000000
365.265000	327.000000
365.270000	338.000000
365.275000	249.000000
365.280000	268.000000
365.285000	391.000000
365.290000	313.000000
365.295000	316.000000
365.300000	281.000000
365.305000	204.000000
365.310000	360.000000
365.315000	448.000000
365.320000	474.000000
365.325000	541.000000
365.330000	655.000000
365.335000	1123.000000
365.340000	1651.000000
365.345000	2342.000000
365.350000	3304.000000
365.355000	4162.000000
365.360000	5165.000000
365.365000	5797.000000
365.370000	6947.000000
365.375000	8285.000000
365.380000	13429.000000
365.385000	20287.000000
365.390000	38850.000000
365.395000	41970.000000
365.400000	19132.000000
365.405000	10055.000000
365.410000	5701.000000
365.415000	2292.000000
365.420000	2108.000000
365.425000	1267.000000
365.430000	698.000000
365.435000	594.000000
365.440000	647.000000
365.445000	603.000000
365.450000	518.000000
365.455000	428.000000
365.460000	418.000000
365.465000	480.000000
365.470000	373.000000
365.475000	339.000000
365.480000	332.000000
365.485000	328.000000
365.490000	385.000000
365.495000	421.000000
365.500000	391.000000
365.505000	372.000000
365.510000	348.000000
365.515000	382.000000
365.520000	257.000000
365.525000	240.000000
365.530000	265.000000
365.535000	317.000000
365.540000	326.000000
365.545000	176.000000
365.550000	218.000000
365.555000	254.000000
365.560000	245.000000
365.565000	282.000000
365.570000	350.000000
365.575000	228.000000
365.580000	291.000000
365.585000	237.000000
365.590000	113.000000
365.595000	103.000000
365.600000	146.000000
