Sample ID:		None
Start Time:		Thu Jun 25 2020 6:47:03 AM
Averaging Time:		1.000s

364.600000	289.000000
364.605000	259.000000
364.610000	195.000000
364.615000	302.000000
364.620000	267.000000
364.625000	274.000000
364.630000	251.000000
364.635000	276.000000
364.640000	193.000000
364.645000	245.000000
364.650000	311.000000
364.655000	397.000000
364.660000	283.000000
364.665000	355.000000
364.670000	359.000000
364.675000	488.000000
364.680000	378.000000
364.685000	513.000000
364.690000	587.000000
364.695000	634.000000
364.700000	478.000000
364.705000	814.000000
364.710000	744.000000
364.715000	1272.000000
364.720000	1621.000000
364.725000	2351.000000
364.730000	4596.000000
364.735000	6474.000000
364.740000	9798.000000
364.745000	14662.000000
364.750000	18250.000000
364.755000	23355.000000
364.760000	26766.000000
364.765000	31647.000000
364.770000	39171.000000
364.775000	75554.000000
364.780000	120597.000000
364.785000	221043.000000
364.790000	132939.000000
364.795000	48064.000000
364.800000	33981.000000
364.805000	20116.000000
364.810000	12210.000000
364.815000	7523.000000
364.820000	4909.000000
364.825000	3679.000000
364.830000	2839.000000
364.835000	2367.000000
364.840000	2126.000000
364.845000	1765.000000
364.850000	1504.000000
364.855000	1416.000000
364.860000	1242.000000
364.865000	1328.000000
364.870000	1078.000000
364.875000	1098.000000
364.880000	870.000000
364.885000	733.000000
364.890000	917.000000
364.895000	866.000000
364.900000	882.000000
364.905000	616.000000
364.910000	608.000000
364.915000	654.000000
364.920000	587.000000
364.925000	475.000000
364.930000	532.000000
364.935000	552.000000
364.940000	563.000000
364.945000	535.000000
364.950000	364.000000
364.955000	438.000000
364.960000	509.000000
364.965000	398.000000
364.970000	461.000000
364.975000	461.000000
364.980000	321.000000
364.985000	347.000000
364.990000	314.000000
364.995000	324.000000
365.000000	205.000000
365.005000	358.000000
365.010000	284.000000
365.015000	475.000000
365.020000	434.000000
365.025000	304.000000
365.030000	398.000000
365.035000	268.000000
365.040000	374.000000
365.045000	396.000000
365.050000	278.000000
365.055000	276.000000
365.060000	352.000000
365.065000	353.000000
365.070000	254.000000
365.075000	319.000000
365.080000	253.000000
365.085000	304.000000
365.090000	229.000000
365.095000	315.000000
365.100000	230.000000
365.105000	254.000000
365.110000	270.000000
365.115000	287.000000
365.120000	285.000000
365.125000	238.000000
365.130000	289.000000
365.135000	329.000000
365.140000	302.000000
365.145000	379.000000
365.150000	272.000000
365.155000	306.000000
365.160000	328.000000
365.165000	287.000000
365.170000	356.000000
365.175000	382.000000
365.180000	524.000000
365.185000	518.000000
365.190000	754.000000
365.195000	1259.000000
365.200000	1772.000000
365.205000	2731.000000
365.210000	3797.000000
365.215000	4349.000000
365.220000	5863.000000
365.225000	6720.000000
365.230000	8019.000000
365.235000	10372.000000
365.240000	16209.000000
365.245000	28202.000000
365.250000	46308.000000
365.255000	25385.000000
365.260000	14857.000000
365.265000	8303.000000
365.270000	3364.000000
365.275000	2568.000000
365.280000	1736.000000
365.285000	861.000000
365.290000	746.000000
365.295000	603.000000
365.300000	449.000000
365.305000	490.000000
365.310000	406.000000
365.315000	440.000000
365.320000	415.000000
365.325000	443.000000
365.330000	393.000000
365.335000	343.000000
365.340000	414.000000
365.345000	291.000000
365.350000	381.000000
365.355000	352.000000
365.360000	278.000000
365.365000	310.000000
365.370000	234.000000
365.375000	380.000000
365.380000	316.000000
365.385000	212.000000
365.390000	275.000000
365.395000	300.000000
365.400000	239.000000
365.405000	249.000000
365.410000	231.000000
365.415000	286.000000
365.420000	216.000000
365.425000	237.000000
365.430000	213.000000
365.435000	230.000000
365.440000	178.000000
365.445000	165.000000
365.450000	158.000000
365.455000	97.000000
365.460000	115.000000
365.465000	85.000000
365.470000	128.000000
365.475000	135.000000
365.480000	128.000000
365.485000	168.000000
365.490000	103.000000
365.495000	121.000000
365.500000	141.000000
365.505000	102.000000
365.510000	137.000000
365.515000	121.000000
365.520000	74.000000
365.525000	127.000000
365.530000	138.000000
365.535000	128.000000
365.540000	53.000000
365.545000	97.000000
365.550000	185.000000
365.555000	82.000000
365.560000	65.000000
365.565000	95.000000
365.570000	126.000000
365.575000	111.000000
365.580000	86.000000
365.585000	85.000000
365.590000	47.000000
365.595000	65.000000
365.600000	48.000000
