Sample ID:		None
Start Time:		Thu Jun 25 2020 2:09:22 AM
Averaging Time:		1.000s

364.600000	22.000000
364.605000	51.000000
364.610000	45.000000
364.615000	25.000000
364.620000	54.000000
364.625000	45.000000
364.630000	30.000000
364.635000	71.000000
364.640000	104.000000
364.645000	88.000000
364.650000	38.000000
364.655000	94.000000
364.660000	35.000000
364.665000	60.000000
364.670000	55.000000
364.675000	55.000000
364.680000	47.000000
364.685000	111.000000
364.690000	117.000000
364.695000	289.000000
364.700000	208.000000
364.705000	152.000000
364.710000	285.000000
364.715000	218.000000
364.720000	201.000000
364.725000	280.000000
364.730000	199.000000
364.735000	262.000000
364.740000	331.000000
364.745000	206.000000
364.750000	237.000000
364.755000	238.000000
364.760000	292.000000
364.765000	344.000000
364.770000	327.000000
364.775000	341.000000
364.780000	305.000000
364.785000	271.000000
364.790000	253.000000
364.795000	331.000000
364.800000	417.000000
364.805000	346.000000
364.810000	273.000000
364.815000	415.000000
364.820000	536.000000
364.825000	480.000000
364.830000	538.000000
364.835000	410.000000
364.840000	520.000000
364.845000	567.000000
364.850000	722.000000
364.855000	840.000000
364.860000	1372.000000
364.865000	1759.000000
364.870000	2497.000000
364.875000	5177.000000
364.880000	7599.000000
364.885000	13147.000000
364.890000	15595.000000
364.895000	19796.000000
364.900000	24454.000000
364.905000	28382.000000
364.910000	32217.000000
364.915000	43439.000000
364.920000	73468.000000
364.925000	147883.000000
364.930000	219910.000000
364.935000	120439.000000
364.940000	52062.000000
364.945000	31501.000000
364.950000	17714.000000
364.955000	12115.000000
364.960000	7232.000000
364.965000	4993.000000
364.970000	2899.000000
364.975000	2531.000000
364.980000	2336.000000
364.985000	1917.000000
364.990000	1848.000000
364.995000	1700.000000
365.000000	1466.000000
365.005000	1276.000000
365.010000	1282.000000
365.015000	1192.000000
365.020000	1186.000000
365.025000	1018.000000
365.030000	944.000000
365.035000	737.000000
365.040000	785.000000
365.045000	838.000000
365.050000	722.000000
365.055000	680.000000
365.060000	811.000000
365.065000	652.000000
365.070000	672.000000
365.075000	473.000000
365.080000	434.000000
365.085000	522.000000
365.090000	492.000000
365.095000	460.000000
365.100000	516.000000
365.105000	367.000000
365.110000	450.000000
365.115000	347.000000
365.120000	296.000000
365.125000	361.000000
365.130000	309.000000
365.135000	237.000000
365.140000	365.000000
365.145000	221.000000
365.150000	279.000000
365.155000	316.000000
365.160000	418.000000
365.165000	367.000000
365.170000	336.000000
365.175000	330.000000
365.180000	334.000000
365.185000	315.000000
365.190000	341.000000
365.195000	236.000000
365.200000	307.000000
365.205000	278.000000
365.210000	329.000000
365.215000	380.000000
365.220000	348.000000
365.225000	193.000000
365.230000	313.000000
365.235000	293.000000
365.240000	249.000000
365.245000	254.000000
365.250000	319.000000
365.255000	205.000000
365.260000	227.000000
365.265000	231.000000
365.270000	211.000000
365.275000	230.000000
365.280000	280.000000
365.285000	295.000000
365.290000	318.000000
365.295000	291.000000
365.300000	334.000000
365.305000	366.000000
365.310000	425.000000
365.315000	393.000000
365.320000	400.000000
365.325000	509.000000
365.330000	571.000000
365.335000	1045.000000
365.340000	1282.000000
365.345000	2111.000000
365.350000	3305.000000
365.355000	3576.000000
365.360000	4819.000000
365.365000	5938.000000
365.370000	6743.000000
365.375000	8039.000000
365.380000	11728.000000
365.385000	18808.000000
365.390000	35974.000000
365.395000	43409.000000
365.400000	22900.000000
365.405000	11143.000000
365.410000	6269.000000
365.415000	3983.000000
365.420000	2047.000000
365.425000	1490.000000
365.430000	805.000000
365.435000	901.000000
365.440000	595.000000
365.445000	541.000000
365.450000	421.000000
365.455000	464.000000
365.460000	416.000000
365.465000	241.000000
365.470000	364.000000
365.475000	367.000000
365.480000	325.000000
365.485000	368.000000
365.490000	373.000000
365.495000	399.000000
365.500000	373.000000
365.505000	278.000000
365.510000	344.000000
365.515000	442.000000
365.520000	343.000000
365.525000	376.000000
365.530000	169.000000
365.535000	290.000000
365.540000	246.000000
365.545000	300.000000
365.550000	333.000000
365.555000	330.000000
365.560000	266.000000
365.565000	283.000000
365.570000	260.000000
365.575000	146.000000
365.580000	165.000000
365.585000	208.000000
365.590000	206.000000
365.595000	110.000000
365.600000	130.000000
