Sample ID:		None
Start Time:		Thu Jun 25 2020 3:41:42 PM
Averaging Time:		1.000s

364.600000	76.000000
364.605000	79.000000
364.610000	103.000000
364.615000	94.000000
364.620000	103.000000
364.625000	26.000000
364.630000	45.000000
364.635000	40.000000
364.640000	98.000000
364.645000	41.000000
364.650000	77.000000
364.655000	64.000000
364.660000	59.000000
364.665000	112.000000
364.670000	39.000000
364.675000	61.000000
364.680000	73.000000
364.685000	75.000000
364.690000	112.000000
364.695000	29.000000
364.700000	125.000000
364.705000	106.000000
364.710000	152.000000
364.715000	205.000000
364.720000	133.000000
364.725000	149.000000
364.730000	212.000000
364.735000	271.000000
364.740000	163.000000
364.745000	368.000000
364.750000	147.000000
364.755000	284.000000
364.760000	303.000000
364.765000	259.000000
364.770000	203.000000
364.775000	229.000000
364.780000	243.000000
364.785000	351.000000
364.790000	306.000000
364.795000	275.000000
364.800000	323.000000
364.805000	286.000000
364.810000	272.000000
364.815000	339.000000
364.820000	271.000000
364.825000	254.000000
364.830000	222.000000
364.835000	507.000000
364.840000	346.000000
364.845000	394.000000
364.850000	428.000000
364.855000	470.000000
364.860000	372.000000
364.865000	594.000000
364.870000	572.000000
364.875000	780.000000
364.880000	851.000000
364.885000	1041.000000
364.890000	1852.000000
364.895000	3019.000000
364.900000	4873.000000
364.905000	7852.000000
364.910000	12461.000000
364.915000	14410.000000
364.920000	17955.000000
364.925000	21450.000000
364.930000	25261.000000
364.935000	31345.000000
364.940000	40006.000000
364.945000	58658.000000
364.950000	124859.000000
364.955000	174241.000000
364.960000	77725.000000
364.965000	44722.000000
364.970000	24261.000000
364.975000	12958.000000
364.980000	9968.000000
364.985000	6418.000000
364.990000	3635.000000
364.995000	2693.000000
365.000000	2464.000000
365.005000	2064.000000
365.010000	1524.000000
365.015000	1590.000000
365.020000	1090.000000
365.025000	1257.000000
365.030000	1008.000000
365.035000	963.000000
365.040000	981.000000
365.045000	891.000000
365.050000	795.000000
365.055000	693.000000
365.060000	672.000000
365.065000	679.000000
365.070000	730.000000
365.075000	582.000000
365.080000	717.000000
365.085000	432.000000
365.090000	562.000000
365.095000	544.000000
365.100000	481.000000
365.105000	529.000000
365.110000	430.000000
365.115000	403.000000
365.120000	353.000000
365.125000	355.000000
365.130000	354.000000
365.135000	473.000000
365.140000	478.000000
365.145000	298.000000
365.150000	228.000000
365.155000	329.000000
365.160000	385.000000
365.165000	304.000000
365.170000	309.000000
365.175000	283.000000
365.180000	259.000000
365.185000	453.000000
365.190000	229.000000
365.195000	320.000000
365.200000	268.000000
365.205000	306.000000
365.210000	395.000000
365.215000	290.000000
365.220000	234.000000
365.225000	272.000000
365.230000	363.000000
365.235000	292.000000
365.240000	248.000000
365.245000	335.000000
365.250000	406.000000
365.255000	357.000000
365.260000	199.000000
365.265000	322.000000
365.270000	237.000000
365.275000	253.000000
365.280000	202.000000
365.285000	190.000000
365.290000	293.000000
365.295000	235.000000
365.300000	299.000000
365.305000	210.000000
365.310000	330.000000
365.315000	294.000000
365.320000	321.000000
365.325000	233.000000
365.330000	290.000000
365.335000	347.000000
365.340000	295.000000
365.345000	470.000000
365.350000	548.000000
365.355000	687.000000
365.360000	1046.000000
365.365000	1436.000000
365.370000	2655.000000
365.375000	2920.000000
365.380000	3381.000000
365.385000	4522.000000
365.390000	5158.000000
365.395000	5094.000000
365.400000	7224.000000
365.405000	10161.000000
365.410000	15326.000000
365.415000	31901.000000
365.420000	31175.000000
365.425000	15956.000000
365.430000	8708.000000
365.435000	4299.000000
365.440000	3053.000000
365.445000	1588.000000
365.450000	1011.000000
365.455000	940.000000
365.460000	589.000000
365.465000	604.000000
365.470000	451.000000
365.475000	536.000000
365.480000	254.000000
365.485000	431.000000
365.490000	472.000000
365.495000	416.000000
365.500000	269.000000
365.505000	346.000000
365.510000	302.000000
365.515000	281.000000
365.520000	325.000000
365.525000	259.000000
365.530000	256.000000
365.535000	231.000000
365.540000	278.000000
365.545000	279.000000
365.550000	285.000000
365.555000	290.000000
365.560000	219.000000
365.565000	152.000000
365.570000	238.000000
365.575000	241.000000
365.580000	186.000000
365.585000	281.000000
365.590000	248.000000
365.595000	188.000000
365.600000	306.000000
