Sample ID:		None
Start Time:		Thu Jun 25 2020 4:22:40 AM
Averaging Time:		1.000s

364.600000	48.000000
364.605000	75.000000
364.610000	39.000000
364.615000	64.000000
364.620000	45.000000
364.625000	41.000000
364.630000	81.000000
364.635000	62.000000
364.640000	106.000000
364.645000	93.000000
364.650000	143.000000
364.655000	105.000000
364.660000	150.000000
364.665000	94.000000
364.670000	183.000000
364.675000	177.000000
364.680000	209.000000
364.685000	178.000000
364.690000	222.000000
364.695000	221.000000
364.700000	329.000000
364.705000	233.000000
364.710000	238.000000
364.715000	281.000000
364.720000	211.000000
364.725000	267.000000
364.730000	251.000000
364.735000	289.000000
364.740000	217.000000
364.745000	264.000000
364.750000	335.000000
364.755000	405.000000
364.760000	415.000000
364.765000	336.000000
364.770000	325.000000
364.775000	314.000000
364.780000	353.000000
364.785000	413.000000
364.790000	386.000000
364.795000	487.000000
364.800000	574.000000
364.805000	548.000000
364.810000	681.000000
364.815000	603.000000
364.820000	959.000000
364.825000	1251.000000
364.830000	1492.000000
364.835000	3366.000000
364.840000	4698.000000
364.845000	7204.000000
364.850000	11893.000000
364.855000	18228.000000
364.860000	19300.000000
364.865000	24260.000000
364.870000	27958.000000
364.875000	33456.000000
364.880000	45414.000000
364.885000	70739.000000
364.890000	161144.000000
364.895000	205865.000000
364.900000	102604.000000
364.905000	48586.000000
364.910000	29534.000000
364.915000	17837.000000
364.920000	8025.000000
364.925000	6559.000000
364.930000	4476.000000
364.935000	2874.000000
364.940000	2593.000000
364.945000	2578.000000
364.950000	1817.000000
364.955000	1685.000000
364.960000	1355.000000
364.965000	1395.000000
364.970000	1350.000000
364.975000	1271.000000
364.980000	1048.000000
364.985000	1059.000000
364.990000	1000.000000
364.995000	876.000000
365.000000	1054.000000
365.005000	765.000000
365.010000	731.000000
365.015000	841.000000
365.020000	662.000000
365.025000	636.000000
365.030000	654.000000
365.035000	621.000000
365.040000	516.000000
365.045000	370.000000
365.050000	523.000000
365.055000	551.000000
365.060000	546.000000
365.065000	464.000000
365.070000	479.000000
365.075000	299.000000
365.080000	409.000000
365.085000	352.000000
365.090000	362.000000
365.095000	371.000000
365.100000	373.000000
365.105000	323.000000
365.110000	362.000000
365.115000	283.000000
365.120000	391.000000
365.125000	392.000000
365.130000	471.000000
365.135000	276.000000
365.140000	299.000000
365.145000	376.000000
365.150000	368.000000
365.155000	346.000000
365.160000	325.000000
365.165000	338.000000
365.170000	291.000000
365.175000	316.000000
365.180000	234.000000
365.185000	299.000000
365.190000	279.000000
365.195000	286.000000
365.200000	336.000000
365.205000	265.000000
365.210000	265.000000
365.215000	295.000000
365.220000	232.000000
365.225000	279.000000
365.230000	199.000000
365.235000	181.000000
365.240000	260.000000
365.245000	241.000000
365.250000	282.000000
365.255000	257.000000
365.260000	263.000000
365.265000	356.000000
365.270000	375.000000
365.275000	373.000000
365.280000	382.000000
365.285000	374.000000
365.290000	590.000000
365.295000	593.000000
365.300000	970.000000
365.305000	1534.000000
365.310000	1670.000000
365.315000	2992.000000
365.320000	4217.000000
365.325000	4430.000000
365.330000	5128.000000
365.335000	6309.000000
365.340000	7513.000000
365.345000	10410.000000
365.350000	18497.000000
365.355000	32742.000000
365.360000	44303.000000
365.365000	25241.000000
365.370000	12967.000000
365.375000	6498.000000
365.380000	3994.000000
365.385000	2728.000000
365.390000	1320.000000
365.395000	848.000000
365.400000	599.000000
365.405000	562.000000
365.410000	553.000000
365.415000	482.000000
365.420000	486.000000
365.425000	437.000000
365.430000	342.000000
365.435000	415.000000
365.440000	298.000000
365.445000	365.000000
365.450000	296.000000
365.455000	377.000000
365.460000	325.000000
365.465000	273.000000
365.470000	303.000000
365.475000	293.000000
365.480000	348.000000
365.485000	270.000000
365.490000	299.000000
365.495000	330.000000
365.500000	295.000000
365.505000	315.000000
365.510000	400.000000
365.515000	244.000000
365.520000	307.000000
365.525000	344.000000
365.530000	259.000000
365.535000	209.000000
365.540000	203.000000
365.545000	224.000000
365.550000	236.000000
365.555000	191.000000
365.560000	165.000000
365.565000	147.000000
365.570000	143.000000
365.575000	110.000000
365.580000	125.000000
365.585000	118.000000
365.590000	91.000000
365.595000	161.000000
365.600000	103.000000
