Sample ID:		None
Start Time:		Thu Jun 25 2020 8:54:48 AM
Averaging Time:		1.000s

364.600000	1424.000000
364.605000	2251.000000
364.610000	4729.000000
364.615000	6614.000000
364.620000	10993.000000
364.625000	16493.000000
364.630000	21559.000000
364.635000	25290.000000
364.640000	30220.000000
364.645000	36771.000000
364.650000	46105.000000
364.655000	67472.000000
364.660000	150654.000000
364.665000	232591.000000
364.670000	129064.000000
364.675000	51933.000000
364.680000	34925.000000
364.685000	21441.000000
364.690000	11114.000000
364.695000	7772.000000
364.700000	5338.000000
364.705000	3096.000000
364.710000	2969.000000
364.715000	2208.000000
364.720000	2012.000000
364.725000	1820.000000
364.730000	1695.000000
364.735000	1263.000000
364.740000	1439.000000
364.745000	1159.000000
364.750000	1201.000000
364.755000	1028.000000
364.760000	1219.000000
364.765000	794.000000
364.770000	876.000000
364.775000	710.000000
364.780000	714.000000
364.785000	691.000000
364.790000	769.000000
364.795000	856.000000
364.800000	676.000000
364.805000	683.000000
364.810000	567.000000
364.815000	464.000000
364.820000	643.000000
364.825000	522.000000
364.830000	530.000000
364.835000	345.000000
364.840000	471.000000
364.845000	392.000000
364.850000	418.000000
364.855000	400.000000
364.860000	496.000000
364.865000	352.000000
364.870000	346.000000
364.875000	364.000000
364.880000	341.000000
364.885000	262.000000
364.890000	328.000000
364.895000	300.000000
364.900000	459.000000
364.905000	436.000000
364.910000	354.000000
364.915000	336.000000
364.920000	377.000000
364.925000	379.000000
364.930000	318.000000
364.935000	360.000000
364.940000	254.000000
364.945000	227.000000
364.950000	279.000000
364.955000	234.000000
364.960000	377.000000
364.965000	360.000000
364.970000	305.000000
364.975000	287.000000
364.980000	365.000000
364.985000	272.000000
364.990000	293.000000
364.995000	282.000000
365.000000	232.000000
365.005000	329.000000
365.010000	372.000000
365.015000	326.000000
365.020000	352.000000
365.025000	265.000000
365.030000	292.000000
365.035000	262.000000
365.040000	258.000000
365.045000	392.000000
365.050000	392.000000
365.055000	391.000000
365.060000	550.000000
365.065000	596.000000
365.070000	891.000000
365.075000	1765.000000
365.080000	2370.000000
365.085000	2933.000000
365.090000	4233.000000
365.095000	4879.000000
365.100000	5614.000000
365.105000	7315.000000
365.110000	8320.000000
365.115000	11338.000000
365.120000	18847.000000
365.125000	34323.000000
365.130000	47853.000000
365.135000	29708.000000
365.140000	13269.000000
365.145000	6817.000000
365.150000	3945.000000
365.155000	2330.000000
365.160000	1813.000000
365.165000	881.000000
365.170000	753.000000
365.175000	652.000000
365.180000	551.000000
365.185000	527.000000
365.190000	475.000000
365.195000	474.000000
365.200000	319.000000
365.205000	313.000000
365.210000	357.000000
365.215000	459.000000
365.220000	326.000000
365.225000	448.000000
365.230000	370.000000
365.235000	413.000000
365.240000	345.000000
365.245000	360.000000
365.250000	265.000000
365.255000	315.000000
365.260000	299.000000
365.265000	373.000000
365.270000	286.000000
365.275000	282.000000
365.280000	366.000000
365.285000	376.000000
365.290000	326.000000
365.295000	315.000000
365.300000	344.000000
365.305000	310.000000
365.310000	370.000000
365.315000	228.000000
365.320000	238.000000
365.325000	196.000000
365.330000	128.000000
365.335000	207.000000
365.340000	205.000000
365.345000	122.000000
365.350000	178.000000
365.355000	154.000000
365.360000	195.000000
365.365000	101.000000
365.370000	116.000000
365.375000	149.000000
365.380000	114.000000
365.385000	188.000000
365.390000	190.000000
365.395000	134.000000
365.400000	119.000000
365.405000	90.000000
365.410000	90.000000
365.415000	129.000000
365.420000	126.000000
365.425000	92.000000
365.430000	40.000000
365.435000	111.000000
365.440000	83.000000
365.445000	131.000000
365.450000	63.000000
365.455000	63.000000
365.460000	59.000000
365.465000	106.000000
365.470000	112.000000
365.475000	86.000000
365.480000	156.000000
365.485000	90.000000
365.490000	123.000000
365.495000	89.000000
365.500000	78.000000
365.505000	82.000000
365.510000	85.000000
365.515000	65.000000
365.520000	119.000000
365.525000	105.000000
365.530000	75.000000
365.535000	103.000000
365.540000	46.000000
365.545000	70.000000
365.550000	116.000000
365.555000	106.000000
365.560000	80.000000
365.565000	60.000000
365.570000	97.000000
365.575000	128.000000
365.580000	132.000000
365.585000	82.000000
365.590000	119.000000
365.595000	149.000000
365.600000	109.000000
