Sample ID:		None
Start Time:		Thu Jun 25 2020 9:44:48 AM
Averaging Time:		1.000s

364.600000	20147.000000
364.605000	25910.000000
364.610000	31526.000000
364.615000	39762.000000
364.620000	61938.000000
364.625000	144409.000000
364.630000	225253.000000
364.635000	124358.000000
364.640000	55086.000000
364.645000	31754.000000
364.650000	18830.000000
364.655000	11672.000000
364.660000	7474.000000
364.665000	5065.000000
364.670000	3066.000000
364.675000	2785.000000
364.680000	2350.000000
364.685000	1999.000000
364.690000	1531.000000
364.695000	1551.000000
364.700000	1628.000000
364.705000	1284.000000
364.710000	1124.000000
364.715000	1344.000000
364.720000	1136.000000
364.725000	1141.000000
364.730000	831.000000
364.735000	927.000000
364.740000	858.000000
364.745000	661.000000
364.750000	651.000000
364.755000	637.000000
364.760000	642.000000
364.765000	779.000000
364.770000	661.000000
364.775000	578.000000
364.780000	662.000000
364.785000	485.000000
364.790000	544.000000
364.795000	481.000000
364.800000	436.000000
364.805000	452.000000
364.810000	410.000000
364.815000	403.000000
364.820000	418.000000
364.825000	381.000000
364.830000	487.000000
364.835000	344.000000
364.840000	480.000000
364.845000	318.000000
364.850000	444.000000
364.855000	327.000000
364.860000	348.000000
364.865000	443.000000
364.870000	364.000000
364.875000	261.000000
364.880000	361.000000
364.885000	447.000000
364.890000	421.000000
364.895000	297.000000
364.900000	318.000000
364.905000	231.000000
364.910000	363.000000
364.915000	316.000000
364.920000	383.000000
364.925000	260.000000
364.930000	283.000000
364.935000	328.000000
364.940000	358.000000
364.945000	345.000000
364.950000	237.000000
364.955000	344.000000
364.960000	272.000000
364.965000	275.000000
364.970000	281.000000
364.975000	311.000000
364.980000	528.000000
364.985000	235.000000
364.990000	381.000000
364.995000	257.000000
365.000000	342.000000
365.005000	303.000000
365.010000	434.000000
365.015000	407.000000
365.020000	324.000000
365.025000	593.000000
365.030000	737.000000
365.035000	958.000000
365.040000	1460.000000
365.045000	2163.000000
365.050000	2793.000000
365.055000	3433.000000
365.060000	4599.000000
365.065000	5388.000000
365.070000	6643.000000
365.075000	7268.000000
365.080000	9902.000000
365.085000	20833.000000
365.090000	26985.000000
365.095000	45997.000000
365.100000	31686.000000
365.105000	14520.000000
365.110000	7307.000000
365.115000	4447.000000
365.120000	2489.000000
365.125000	1506.000000
365.130000	950.000000
365.135000	782.000000
365.140000	494.000000
365.145000	544.000000
365.150000	449.000000
365.155000	419.000000
365.160000	577.000000
365.165000	575.000000
365.170000	375.000000
365.175000	413.000000
365.180000	471.000000
365.185000	502.000000
365.190000	418.000000
365.195000	371.000000
365.200000	390.000000
365.205000	457.000000
365.210000	334.000000
365.215000	366.000000
365.220000	381.000000
365.225000	381.000000
365.230000	300.000000
365.235000	306.000000
365.240000	268.000000
365.245000	376.000000
365.250000	276.000000
365.255000	261.000000
365.260000	277.000000
365.265000	213.000000
365.270000	249.000000
365.275000	265.000000
365.280000	244.000000
365.285000	328.000000
365.290000	156.000000
365.295000	287.000000
365.300000	183.000000
365.305000	145.000000
365.310000	159.000000
365.315000	173.000000
365.320000	115.000000
365.325000	96.000000
365.330000	109.000000
365.335000	154.000000
365.340000	239.000000
365.345000	174.000000
365.350000	203.000000
365.355000	204.000000
365.360000	130.000000
365.365000	166.000000
365.370000	81.000000
365.375000	116.000000
365.380000	86.000000
365.385000	191.000000
365.390000	106.000000
365.395000	100.000000
365.400000	100.000000
365.405000	121.000000
365.410000	116.000000
365.415000	161.000000
365.420000	98.000000
365.425000	78.000000
365.430000	124.000000
365.435000	95.000000
365.440000	155.000000
365.445000	92.000000
365.450000	109.000000
365.455000	72.000000
365.460000	116.000000
365.465000	195.000000
365.470000	90.000000
365.475000	118.000000
365.480000	208.000000
365.485000	96.000000
365.490000	92.000000
365.495000	87.000000
365.500000	123.000000
365.505000	129.000000
365.510000	124.000000
365.515000	137.000000
365.520000	94.000000
365.525000	153.000000
365.530000	113.000000
365.535000	158.000000
365.540000	77.000000
365.545000	74.000000
365.550000	57.000000
365.555000	87.000000
365.560000	156.000000
365.565000	104.000000
365.570000	147.000000
365.575000	111.000000
365.580000	108.000000
365.585000	156.000000
365.590000	126.000000
365.595000	79.000000
365.600000	140.000000
