Sample ID:		None
Start Time:		Thu Jun 25 2020 1:24:56 AM
Averaging Time:		1.000s

364.600000	42.000000
364.605000	61.000000
364.610000	107.000000
364.615000	68.000000
364.620000	27.000000
364.625000	27.000000
364.630000	37.000000
364.635000	66.000000
364.640000	31.000000
364.645000	77.000000
364.650000	63.000000
364.655000	72.000000
364.660000	25.000000
364.665000	52.000000
364.670000	43.000000
364.675000	39.000000
364.680000	53.000000
364.685000	106.000000
364.690000	110.000000
364.695000	100.000000
364.700000	158.000000
364.705000	382.000000
364.710000	256.000000
364.715000	240.000000
364.720000	208.000000
364.725000	227.000000
364.730000	223.000000
364.735000	175.000000
364.740000	338.000000
364.745000	227.000000
364.750000	267.000000
364.755000	228.000000
364.760000	196.000000
364.765000	345.000000
364.770000	151.000000
364.775000	280.000000
364.780000	324.000000
364.785000	414.000000
364.790000	385.000000
364.795000	334.000000
364.800000	336.000000
364.805000	286.000000
364.810000	369.000000
364.815000	386.000000
364.820000	370.000000
364.825000	564.000000
364.830000	515.000000
364.835000	402.000000
364.840000	440.000000
364.845000	561.000000
364.850000	721.000000
364.855000	841.000000
364.860000	1111.000000
364.865000	1528.000000
364.870000	2117.000000
364.875000	3617.000000
364.880000	5550.000000
364.885000	9266.000000
364.890000	13027.000000
364.895000	18168.000000
364.900000	22414.000000
364.905000	27040.000000
364.910000	29829.000000
364.915000	37806.000000
364.920000	56984.000000
364.925000	88893.000000
364.930000	191490.000000
364.935000	164228.000000
364.940000	66665.000000
364.945000	41314.000000
364.950000	25293.000000
364.955000	14301.000000
364.960000	8972.000000
364.965000	6245.000000
364.970000	4178.000000
364.975000	3184.000000
364.980000	2549.000000
364.985000	2082.000000
364.990000	1696.000000
364.995000	1726.000000
365.000000	1483.000000
365.005000	1190.000000
365.010000	1146.000000
365.015000	1209.000000
365.020000	940.000000
365.025000	1129.000000
365.030000	762.000000
365.035000	849.000000
365.040000	703.000000
365.045000	821.000000
365.050000	732.000000
365.055000	813.000000
365.060000	775.000000
365.065000	700.000000
365.070000	550.000000
365.075000	570.000000
365.080000	539.000000
365.085000	548.000000
365.090000	510.000000
365.095000	394.000000
365.100000	489.000000
365.105000	398.000000
365.110000	469.000000
365.115000	355.000000
365.120000	476.000000
365.125000	275.000000
365.130000	376.000000
365.135000	253.000000
365.140000	281.000000
365.145000	419.000000
365.150000	248.000000
365.155000	315.000000
365.160000	299.000000
365.165000	364.000000
365.170000	278.000000
365.175000	280.000000
365.180000	270.000000
365.185000	344.000000
365.190000	448.000000
365.195000	375.000000
365.200000	324.000000
365.205000	330.000000
365.210000	298.000000
365.215000	209.000000
365.220000	375.000000
365.225000	436.000000
365.230000	267.000000
365.235000	301.000000
365.240000	255.000000
365.245000	289.000000
365.250000	184.000000
365.255000	339.000000
365.260000	302.000000
365.265000	280.000000
365.270000	269.000000
365.275000	181.000000
365.280000	288.000000
365.285000	251.000000
365.290000	291.000000
365.295000	334.000000
365.300000	334.000000
365.305000	283.000000
365.310000	449.000000
365.315000	394.000000
365.320000	397.000000
365.325000	622.000000
365.330000	682.000000
365.335000	981.000000
365.340000	1550.000000
365.345000	2095.000000
365.350000	2839.000000
365.355000	4303.000000
365.360000	4942.000000
365.365000	5639.000000
365.370000	6878.000000
365.375000	8399.000000
365.380000	11309.000000
365.385000	18412.000000
365.390000	34798.000000
365.395000	42103.000000
365.400000	23996.000000
365.405000	12522.000000
365.410000	6938.000000
365.415000	3788.000000
365.420000	1882.000000
365.425000	1736.000000
365.430000	795.000000
365.435000	777.000000
365.440000	617.000000
365.445000	398.000000
365.450000	444.000000
365.455000	521.000000
365.460000	413.000000
365.465000	337.000000
365.470000	325.000000
365.475000	411.000000
365.480000	252.000000
365.485000	363.000000
365.490000	410.000000
365.495000	369.000000
365.500000	285.000000
365.505000	196.000000
365.510000	320.000000
365.515000	300.000000
365.520000	331.000000
365.525000	318.000000
365.530000	369.000000
365.535000	274.000000
365.540000	431.000000
365.545000	339.000000
365.550000	310.000000
365.555000	272.000000
365.560000	308.000000
365.565000	327.000000
365.570000	299.000000
365.575000	282.000000
365.580000	241.000000
365.585000	183.000000
365.590000	161.000000
365.595000	173.000000
365.600000	182.000000
