Sample ID:		None
Start Time:		Thu Jun 25 2020 6:30:23 AM
Averaging Time:		1.000s

364.600000	256.000000
364.605000	330.000000
364.610000	299.000000
364.615000	294.000000
364.620000	223.000000
364.625000	229.000000
364.630000	235.000000
364.635000	294.000000
364.640000	175.000000
364.645000	177.000000
364.650000	318.000000
364.655000	222.000000
364.660000	302.000000
364.665000	318.000000
364.670000	266.000000
364.675000	348.000000
364.680000	355.000000
364.685000	385.000000
364.690000	387.000000
364.695000	409.000000
364.700000	574.000000
364.705000	634.000000
364.710000	522.000000
364.715000	656.000000
364.720000	733.000000
364.725000	975.000000
364.730000	1082.000000
364.735000	1841.000000
364.740000	3041.000000
364.745000	5055.000000
364.750000	7937.000000
364.755000	12109.000000
364.760000	15807.000000
364.765000	20124.000000
364.770000	25287.000000
364.775000	29165.000000
364.780000	35603.000000
364.785000	46843.000000
364.790000	81313.000000
364.795000	185352.000000
364.800000	204774.000000
364.805000	81431.000000
364.810000	42810.000000
364.815000	27415.000000
364.820000	15541.000000
364.825000	9531.000000
364.830000	5992.000000
364.835000	3780.000000
364.840000	2937.000000
364.845000	2517.000000
364.850000	2082.000000
364.855000	2017.000000
364.860000	1797.000000
364.865000	1602.000000
364.870000	1545.000000
364.875000	1508.000000
364.880000	1349.000000
364.885000	1056.000000
364.890000	1107.000000
364.895000	1014.000000
364.900000	903.000000
364.905000	916.000000
364.910000	635.000000
364.915000	836.000000
364.920000	841.000000
364.925000	802.000000
364.930000	683.000000
364.935000	527.000000
364.940000	522.000000
364.945000	481.000000
364.950000	639.000000
364.955000	527.000000
364.960000	481.000000
364.965000	487.000000
364.970000	425.000000
364.975000	306.000000
364.980000	305.000000
364.985000	297.000000
364.990000	283.000000
364.995000	407.000000
365.000000	330.000000
365.005000	327.000000
365.010000	354.000000
365.015000	311.000000
365.020000	309.000000
365.025000	372.000000
365.030000	269.000000
365.035000	361.000000
365.040000	289.000000
365.045000	343.000000
365.050000	346.000000
365.055000	274.000000
365.060000	299.000000
365.065000	351.000000
365.070000	329.000000
365.075000	331.000000
365.080000	273.000000
365.085000	306.000000
365.090000	374.000000
365.095000	377.000000
365.100000	330.000000
365.105000	398.000000
365.110000	294.000000
365.115000	329.000000
365.120000	298.000000
365.125000	324.000000
365.130000	279.000000
365.135000	270.000000
365.140000	277.000000
365.145000	344.000000
365.150000	337.000000
365.155000	328.000000
365.160000	325.000000
365.165000	302.000000
365.170000	367.000000
365.175000	269.000000
365.180000	314.000000
365.185000	316.000000
365.190000	409.000000
365.195000	619.000000
365.200000	715.000000
365.205000	1226.000000
365.210000	1504.000000
365.215000	2181.000000
365.220000	3641.000000
365.225000	3879.000000
365.230000	4847.000000
365.235000	5851.000000
365.240000	8332.000000
365.245000	8625.000000
365.250000	14384.000000
365.255000	23146.000000
365.260000	42877.000000
365.265000	42874.000000
365.270000	17288.000000
365.275000	8983.000000
365.280000	5167.000000
365.285000	3021.000000
365.290000	2030.000000
365.295000	1255.000000
365.300000	742.000000
365.305000	634.000000
365.310000	654.000000
365.315000	505.000000
365.320000	592.000000
365.325000	434.000000
365.330000	356.000000
365.335000	373.000000
365.340000	463.000000
365.345000	376.000000
365.350000	466.000000
365.355000	387.000000
365.360000	451.000000
365.365000	284.000000
365.370000	366.000000
365.375000	303.000000
365.380000	292.000000
365.385000	336.000000
365.390000	252.000000
365.395000	184.000000
365.400000	282.000000
365.405000	219.000000
365.410000	280.000000
365.415000	197.000000
365.420000	246.000000
365.425000	277.000000
365.430000	160.000000
365.435000	376.000000
365.440000	232.000000
365.445000	171.000000
365.450000	209.000000
365.455000	333.000000
365.460000	139.000000
365.465000	104.000000
365.470000	71.000000
365.475000	125.000000
365.480000	118.000000
365.485000	80.000000
365.490000	122.000000
365.495000	110.000000
365.500000	201.000000
365.505000	133.000000
365.510000	218.000000
365.515000	63.000000
365.520000	117.000000
365.525000	140.000000
365.530000	123.000000
365.535000	164.000000
365.540000	92.000000
365.545000	95.000000
365.550000	100.000000
365.555000	92.000000
365.560000	84.000000
365.565000	158.000000
365.570000	107.000000
365.575000	53.000000
365.580000	36.000000
365.585000	73.000000
365.590000	108.000000
365.595000	87.000000
365.600000	100.000000
