Sample ID:		None
Start Time:		Thu Jun 25 2020 12:34:57 AM
Averaging Time:		1.000s

364.600000	124.000000
364.605000	43.000000
364.610000	39.000000
364.615000	13.000000
364.620000	70.000000
364.625000	30.000000
364.630000	37.000000
364.635000	33.000000
364.640000	55.000000
364.645000	123.000000
364.650000	23.000000
364.655000	29.000000
364.660000	50.000000
364.665000	59.000000
364.670000	40.000000
364.675000	21.000000
364.680000	63.000000
364.685000	70.000000
364.690000	132.000000
364.695000	123.000000
364.700000	242.000000
364.705000	164.000000
364.710000	237.000000
364.715000	197.000000
364.720000	199.000000
364.725000	292.000000
364.730000	287.000000
364.735000	335.000000
364.740000	204.000000
364.745000	233.000000
364.750000	178.000000
364.755000	292.000000
364.760000	264.000000
364.765000	226.000000
364.770000	326.000000
364.775000	214.000000
364.780000	300.000000
364.785000	330.000000
364.790000	273.000000
364.795000	326.000000
364.800000	350.000000
364.805000	334.000000
364.810000	375.000000
364.815000	466.000000
364.820000	385.000000
364.825000	434.000000
364.830000	483.000000
364.835000	461.000000
364.840000	590.000000
364.845000	672.000000
364.850000	599.000000
364.855000	770.000000
364.860000	955.000000
364.865000	1403.000000
364.870000	2097.000000
364.875000	3581.000000
364.880000	6429.000000
364.885000	9070.000000
364.890000	13571.000000
364.895000	16940.000000
364.900000	22287.000000
364.905000	25870.000000
364.910000	30584.000000
364.915000	35502.000000
364.920000	49980.000000
364.925000	76840.000000
364.930000	186763.000000
364.935000	210188.000000
364.940000	85032.000000
364.945000	43092.000000
364.950000	28980.000000
364.955000	17778.000000
364.960000	10428.000000
364.965000	6292.000000
364.970000	4129.000000
364.975000	2940.000000
364.980000	2873.000000
364.985000	2503.000000
364.990000	1884.000000
364.995000	1855.000000
365.000000	1516.000000
365.005000	1289.000000
365.010000	1156.000000
365.015000	1366.000000
365.020000	921.000000
365.025000	1158.000000
365.030000	1060.000000
365.035000	986.000000
365.040000	862.000000
365.045000	736.000000
365.050000	1046.000000
365.055000	628.000000
365.060000	634.000000
365.065000	566.000000
365.070000	480.000000
365.075000	559.000000
365.080000	550.000000
365.085000	591.000000
365.090000	500.000000
365.095000	508.000000
365.100000	447.000000
365.105000	507.000000
365.110000	435.000000
365.115000	401.000000
365.120000	334.000000
365.125000	335.000000
365.130000	297.000000
365.135000	350.000000
365.140000	325.000000
365.145000	378.000000
365.150000	229.000000
365.155000	385.000000
365.160000	460.000000
365.165000	493.000000
365.170000	440.000000
365.175000	293.000000
365.180000	415.000000
365.185000	236.000000
365.190000	364.000000
365.195000	299.000000
365.200000	436.000000
365.205000	170.000000
365.210000	279.000000
365.215000	321.000000
365.220000	293.000000
365.225000	334.000000
365.230000	309.000000
365.235000	359.000000
365.240000	335.000000
365.245000	258.000000
365.250000	308.000000
365.255000	259.000000
365.260000	292.000000
365.265000	374.000000
365.270000	387.000000
365.275000	358.000000
365.280000	250.000000
365.285000	443.000000
365.290000	266.000000
365.295000	334.000000
365.300000	391.000000
365.305000	400.000000
365.310000	289.000000
365.315000	364.000000
365.320000	397.000000
365.325000	514.000000
365.330000	545.000000
365.335000	716.000000
365.340000	1336.000000
365.345000	2157.000000
365.350000	2837.000000
365.355000	3511.000000
365.360000	4614.000000
365.365000	5406.000000
365.370000	5989.000000
365.375000	8139.000000
365.380000	9909.000000
365.385000	16200.000000
365.390000	29999.000000
365.395000	45929.000000
365.400000	32898.000000
365.405000	15177.000000
365.410000	8220.000000
365.415000	4585.000000
365.420000	3071.000000
365.425000	1617.000000
365.430000	1176.000000
365.435000	839.000000
365.440000	753.000000
365.445000	571.000000
365.450000	511.000000
365.455000	497.000000
365.460000	501.000000
365.465000	351.000000
365.470000	368.000000
365.475000	450.000000
365.480000	361.000000
365.485000	439.000000
365.490000	361.000000
365.495000	294.000000
365.500000	333.000000
365.505000	413.000000
365.510000	446.000000
365.515000	319.000000
365.520000	365.000000
365.525000	296.000000
365.530000	338.000000
365.535000	299.000000
365.540000	283.000000
365.545000	236.000000
365.550000	228.000000
365.555000	278.000000
365.560000	267.000000
365.565000	207.000000
365.570000	274.000000
365.575000	210.000000
365.580000	217.000000
365.585000	292.000000
365.590000	177.000000
365.595000	315.000000
365.600000	238.000000
