Sample ID:		None
Start Time:		Thu Jun 25 2020 8:21:29 AM
Averaging Time:		1.000s

364.600000	381.000000
364.605000	343.000000
364.610000	345.000000
364.615000	370.000000
364.620000	419.000000
364.625000	536.000000
364.630000	508.000000
364.635000	639.000000
364.640000	656.000000
364.645000	665.000000
364.650000	1050.000000
364.655000	1431.000000
364.660000	1752.000000
364.665000	3277.000000
364.670000	5811.000000
364.675000	9098.000000
364.680000	12954.000000
364.685000	17656.000000
364.690000	21936.000000
364.695000	26287.000000
364.700000	30667.000000
364.705000	37275.000000
364.710000	54970.000000
364.715000	124133.000000
364.720000	212031.000000
364.725000	174161.000000
364.730000	70715.000000
364.735000	35539.000000
364.740000	23793.000000
364.745000	13563.000000
364.750000	8220.000000
364.755000	5684.000000
364.760000	3343.000000
364.765000	2974.000000
364.770000	2418.000000
364.775000	2208.000000
364.780000	2079.000000
364.785000	1400.000000
364.790000	1314.000000
364.795000	1478.000000
364.800000	1499.000000
364.805000	1117.000000
364.810000	1089.000000
364.815000	1127.000000
364.820000	809.000000
364.825000	835.000000
364.830000	728.000000
364.835000	746.000000
364.840000	625.000000
364.845000	514.000000
364.850000	746.000000
364.855000	746.000000
364.860000	705.000000
364.865000	802.000000
364.870000	543.000000
364.875000	527.000000
364.880000	553.000000
364.885000	453.000000
364.890000	460.000000
364.895000	509.000000
364.900000	465.000000
364.905000	448.000000
364.910000	406.000000
364.915000	405.000000
364.920000	395.000000
364.925000	293.000000
364.930000	335.000000
364.935000	353.000000
364.940000	299.000000
364.945000	350.000000
364.950000	373.000000
364.955000	323.000000
364.960000	370.000000
364.965000	377.000000
364.970000	318.000000
364.975000	307.000000
364.980000	287.000000
364.985000	395.000000
364.990000	345.000000
364.995000	271.000000
365.000000	312.000000
365.005000	335.000000
365.010000	235.000000
365.015000	290.000000
365.020000	260.000000
365.025000	295.000000
365.030000	242.000000
365.035000	285.000000
365.040000	235.000000
365.045000	337.000000
365.050000	200.000000
365.055000	288.000000
365.060000	242.000000
365.065000	312.000000
365.070000	307.000000
365.075000	260.000000
365.080000	265.000000
365.085000	271.000000
365.090000	386.000000
365.095000	252.000000
365.100000	388.000000
365.105000	359.000000
365.110000	353.000000
365.115000	484.000000
365.120000	504.000000
365.125000	602.000000
365.130000	1271.000000
365.135000	1581.000000
365.140000	2787.000000
365.145000	3267.000000
365.150000	4439.000000
365.155000	5352.000000
365.160000	6090.000000
365.165000	7157.000000
365.170000	8705.000000
365.175000	16916.000000
365.180000	25235.000000
365.185000	43095.000000
365.190000	39752.000000
365.195000	11859.000000
365.200000	8564.000000
365.205000	4747.000000
365.210000	2244.000000
365.215000	1752.000000
365.220000	1071.000000
365.225000	702.000000
365.230000	775.000000
365.235000	575.000000
365.240000	651.000000
365.245000	432.000000
365.250000	545.000000
365.255000	489.000000
365.260000	481.000000
365.265000	363.000000
365.270000	361.000000
365.275000	339.000000
365.280000	328.000000
365.285000	342.000000
365.290000	418.000000
365.295000	317.000000
365.300000	292.000000
365.305000	404.000000
365.310000	278.000000
365.315000	222.000000
365.320000	377.000000
365.325000	281.000000
365.330000	308.000000
365.335000	205.000000
365.340000	274.000000
365.345000	380.000000
365.350000	190.000000
365.355000	218.000000
365.360000	260.000000
365.365000	271.000000
365.370000	220.000000
365.375000	170.000000
365.380000	337.000000
365.385000	186.000000
365.390000	106.000000
365.395000	195.000000
365.400000	163.000000
365.405000	122.000000
365.410000	141.000000
365.415000	76.000000
365.420000	190.000000
365.425000	81.000000
365.430000	174.000000
365.435000	163.000000
365.440000	120.000000
365.445000	114.000000
365.450000	136.000000
365.455000	129.000000
365.460000	70.000000
365.465000	125.000000
365.470000	118.000000
365.475000	118.000000
365.480000	133.000000
365.485000	84.000000
365.490000	87.000000
365.495000	69.000000
365.500000	50.000000
365.505000	80.000000
365.510000	76.000000
365.515000	77.000000
365.520000	119.000000
365.525000	122.000000
365.530000	102.000000
365.535000	74.000000
365.540000	74.000000
365.545000	75.000000
365.550000	100.000000
365.555000	106.000000
365.560000	52.000000
365.565000	42.000000
365.570000	65.000000
365.575000	81.000000
365.580000	38.000000
365.585000	62.000000
365.590000	143.000000
365.595000	114.000000
365.600000	37.000000
