Sample ID:		None
Start Time:		Thu Jun 25 2020 2:31:35 AM
Averaging Time:		1.000s

364.600000	41.000000
364.605000	31.000000
364.610000	47.000000
364.615000	52.000000
364.620000	47.000000
364.625000	70.000000
364.630000	68.000000
364.635000	57.000000
364.640000	31.000000
364.645000	14.000000
364.650000	15.000000
364.655000	143.000000
364.660000	78.000000
364.665000	36.000000
364.670000	100.000000
364.675000	50.000000
364.680000	127.000000
364.685000	112.000000
364.690000	194.000000
364.695000	210.000000
364.700000	297.000000
364.705000	203.000000
364.710000	173.000000
364.715000	185.000000
364.720000	174.000000
364.725000	211.000000
364.730000	179.000000
364.735000	243.000000
364.740000	211.000000
364.745000	184.000000
364.750000	317.000000
364.755000	327.000000
364.760000	279.000000
364.765000	217.000000
364.770000	289.000000
364.775000	284.000000
364.780000	238.000000
364.785000	262.000000
364.790000	411.000000
364.795000	398.000000
364.800000	298.000000
364.805000	285.000000
364.810000	344.000000
364.815000	386.000000
364.820000	501.000000
364.825000	432.000000
364.830000	476.000000
364.835000	522.000000
364.840000	630.000000
364.845000	831.000000
364.850000	807.000000
364.855000	1461.000000
364.860000	2095.000000
364.865000	3554.000000
364.870000	4936.000000
364.875000	8335.000000
364.880000	12771.000000
364.885000	15464.000000
364.890000	20777.000000
364.895000	25284.000000
364.900000	28985.000000
364.905000	34279.000000
364.910000	46637.000000
364.915000	77267.000000
364.920000	196345.000000
364.925000	210248.000000
364.930000	93295.000000
364.935000	45405.000000
364.940000	27178.000000
364.945000	14306.000000
364.950000	10175.000000
364.955000	6748.000000
364.960000	3752.000000
364.965000	3366.000000
364.970000	2642.000000
364.975000	2063.000000
364.980000	1719.000000
364.985000	1669.000000
364.990000	1624.000000
364.995000	1323.000000
365.000000	1260.000000
365.005000	1117.000000
365.010000	1134.000000
365.015000	1134.000000
365.020000	948.000000
365.025000	906.000000
365.030000	815.000000
365.035000	885.000000
365.040000	832.000000
365.045000	753.000000
365.050000	784.000000
365.055000	646.000000
365.060000	638.000000
365.065000	538.000000
365.070000	479.000000
365.075000	556.000000
365.080000	384.000000
365.085000	444.000000
365.090000	381.000000
365.095000	495.000000
365.100000	384.000000
365.105000	444.000000
365.110000	401.000000
365.115000	299.000000
365.120000	196.000000
365.125000	260.000000
365.130000	323.000000
365.135000	393.000000
365.140000	308.000000
365.145000	324.000000
365.150000	339.000000
365.155000	276.000000
365.160000	324.000000
365.165000	358.000000
365.170000	405.000000
365.175000	356.000000
365.180000	439.000000
365.185000	468.000000
365.190000	329.000000
365.195000	382.000000
365.200000	300.000000
365.205000	355.000000
365.210000	315.000000
365.215000	266.000000
365.220000	252.000000
365.225000	236.000000
365.230000	327.000000
365.235000	384.000000
365.240000	243.000000
365.245000	263.000000
365.250000	253.000000
365.255000	309.000000
365.260000	191.000000
365.265000	308.000000
365.270000	365.000000
365.275000	189.000000
365.280000	211.000000
365.285000	246.000000
365.290000	271.000000
365.295000	356.000000
365.300000	388.000000
365.305000	268.000000
365.310000	426.000000
365.315000	394.000000
365.320000	497.000000
365.325000	680.000000
365.330000	961.000000
365.335000	1736.000000
365.340000	2439.000000
365.345000	3436.000000
365.350000	4278.000000
365.355000	5022.000000
365.360000	5653.000000
365.365000	7716.000000
365.370000	8302.000000
365.375000	12943.000000
365.380000	21711.000000
365.385000	39186.000000
365.390000	42487.000000
365.395000	20385.000000
365.400000	9113.000000
365.405000	5728.000000
365.410000	3454.000000
365.415000	2012.000000
365.420000	1273.000000
365.425000	906.000000
365.430000	741.000000
365.435000	563.000000
365.440000	511.000000
365.445000	466.000000
365.450000	439.000000
365.455000	343.000000
365.460000	349.000000
365.465000	463.000000
365.470000	373.000000
365.475000	338.000000
365.480000	391.000000
365.485000	366.000000
365.490000	293.000000
365.495000	317.000000
365.500000	447.000000
365.505000	281.000000
365.510000	282.000000
365.515000	235.000000
365.520000	229.000000
365.525000	342.000000
365.530000	231.000000
365.535000	342.000000
365.540000	300.000000
365.545000	196.000000
365.550000	287.000000
365.555000	312.000000
365.560000	342.000000
365.565000	167.000000
365.570000	257.000000
365.575000	259.000000
365.580000	183.000000
365.585000	214.000000
365.590000	174.000000
365.595000	168.000000
365.600000	124.000000
