Sample ID:		None
Start Time:		Thu Jun 25 2020 7:48:09 AM
Averaging Time:		1.000s

364.600000	203.000000
364.605000	419.000000
364.610000	425.000000
364.615000	201.000000
364.620000	271.000000
364.625000	367.000000
364.630000	393.000000
364.635000	428.000000
364.640000	404.000000
364.645000	457.000000
364.650000	437.000000
364.655000	545.000000
364.660000	677.000000
364.665000	1006.000000
364.670000	1225.000000
364.675000	1807.000000
364.680000	3017.000000
364.685000	5441.000000
364.690000	7962.000000
364.695000	11793.000000
364.700000	18555.000000
364.705000	20327.000000
364.710000	25642.000000
364.715000	29471.000000
364.720000	38947.000000
364.725000	50186.000000
364.730000	91130.000000
364.735000	206114.000000
364.740000	185488.000000
364.745000	76072.000000
364.750000	39465.000000
364.755000	25350.000000
364.760000	14697.000000
364.765000	8730.000000
364.770000	6067.000000
364.775000	4226.000000
364.780000	2847.000000
364.785000	2458.000000
364.790000	2032.000000
364.795000	1612.000000
364.800000	1702.000000
364.805000	1723.000000
364.810000	1458.000000
364.815000	1203.000000
364.820000	1344.000000
364.825000	1225.000000
364.830000	1051.000000
364.835000	1120.000000
364.840000	838.000000
364.845000	877.000000
364.850000	735.000000
364.855000	657.000000
364.860000	581.000000
364.865000	685.000000
364.870000	559.000000
364.875000	718.000000
364.880000	623.000000
364.885000	658.000000
364.890000	412.000000
364.895000	515.000000
364.900000	440.000000
364.905000	417.000000
364.910000	547.000000
364.915000	372.000000
364.920000	540.000000
364.925000	321.000000
364.930000	455.000000
364.935000	226.000000
364.940000	276.000000
364.945000	404.000000
364.950000	316.000000
364.955000	357.000000
364.960000	294.000000
364.965000	354.000000
364.970000	460.000000
364.975000	394.000000
364.980000	471.000000
364.985000	351.000000
364.990000	336.000000
364.995000	326.000000
365.000000	393.000000
365.005000	306.000000
365.010000	241.000000
365.015000	326.000000
365.020000	222.000000
365.025000	326.000000
365.030000	237.000000
365.035000	272.000000
365.040000	314.000000
365.045000	291.000000
365.050000	323.000000
365.055000	278.000000
365.060000	357.000000
365.065000	266.000000
365.070000	254.000000
365.075000	214.000000
365.080000	234.000000
365.085000	298.000000
365.090000	267.000000
365.095000	296.000000
365.100000	277.000000
365.105000	273.000000
365.110000	259.000000
365.115000	326.000000
365.120000	313.000000
365.125000	323.000000
365.130000	315.000000
365.135000	512.000000
365.140000	654.000000
365.145000	1193.000000
365.150000	1671.000000
365.155000	2388.000000
365.160000	3377.000000
365.165000	4038.000000
365.170000	5106.000000
365.175000	6533.000000
365.180000	7322.000000
365.185000	8263.000000
365.190000	12993.000000
365.195000	24887.000000
365.200000	42311.000000
365.205000	40882.000000
365.210000	20316.000000
365.215000	9161.000000
365.220000	5385.000000
365.225000	2821.000000
365.230000	1806.000000
365.235000	1234.000000
365.240000	1023.000000
365.245000	796.000000
365.250000	533.000000
365.255000	523.000000
365.260000	512.000000
365.265000	368.000000
365.270000	270.000000
365.275000	456.000000
365.280000	410.000000
365.285000	427.000000
365.290000	401.000000
365.295000	296.000000
365.300000	457.000000
365.305000	338.000000
365.310000	380.000000
365.315000	212.000000
365.320000	295.000000
365.325000	258.000000
365.330000	291.000000
365.335000	304.000000
365.340000	379.000000
365.345000	295.000000
365.350000	256.000000
365.355000	313.000000
365.360000	211.000000
365.365000	208.000000
365.370000	211.000000
365.375000	234.000000
365.380000	316.000000
365.385000	338.000000
365.390000	192.000000
365.395000	192.000000
365.400000	209.000000
365.405000	199.000000
365.410000	163.000000
365.415000	128.000000
365.420000	141.000000
365.425000	50.000000
365.430000	120.000000
365.435000	203.000000
365.440000	143.000000
365.445000	85.000000
365.450000	95.000000
365.455000	155.000000
365.460000	171.000000
365.465000	103.000000
365.470000	152.000000
365.475000	101.000000
365.480000	106.000000
365.485000	79.000000
365.490000	98.000000
365.495000	103.000000
365.500000	150.000000
365.505000	139.000000
365.510000	106.000000
365.515000	126.000000
365.520000	80.000000
365.525000	41.000000
365.530000	85.000000
365.535000	79.000000
365.540000	97.000000
365.545000	95.000000
365.550000	97.000000
365.555000	116.000000
365.560000	95.000000
365.565000	118.000000
365.570000	41.000000
365.575000	39.000000
365.580000	65.000000
365.585000	34.000000
365.590000	85.000000
365.595000	71.000000
365.600000	59.000000
