Sample ID:		None
Start Time:		Thu Jun 25 2020 9:28:08 AM
Averaging Time:		1.000s

364.600000	7313.000000
364.605000	13186.000000
364.610000	18154.000000
364.615000	24746.000000
364.620000	28991.000000
364.625000	33258.000000
364.630000	50597.000000
364.635000	69392.000000
364.640000	142527.000000
364.645000	225861.000000
364.650000	110757.000000
364.655000	51459.000000
364.660000	29824.000000
364.665000	19333.000000
364.670000	11906.000000
364.675000	7610.000000
364.680000	4368.000000
364.685000	3601.000000
364.690000	2697.000000
364.695000	2288.000000
364.700000	1925.000000
364.705000	1507.000000
364.710000	1553.000000
364.715000	1412.000000
364.720000	1408.000000
364.725000	1351.000000
364.730000	1204.000000
364.735000	1191.000000
364.740000	1074.000000
364.745000	1081.000000
364.750000	830.000000
364.755000	1050.000000
364.760000	648.000000
364.765000	858.000000
364.770000	654.000000
364.775000	659.000000
364.780000	536.000000
364.785000	690.000000
364.790000	541.000000
364.795000	424.000000
364.800000	481.000000
364.805000	584.000000
364.810000	384.000000
364.815000	605.000000
364.820000	392.000000
364.825000	460.000000
364.830000	288.000000
364.835000	407.000000
364.840000	389.000000
364.845000	280.000000
364.850000	226.000000
364.855000	327.000000
364.860000	467.000000
364.865000	413.000000
364.870000	286.000000
364.875000	381.000000
364.880000	433.000000
364.885000	378.000000
364.890000	284.000000
364.895000	299.000000
364.900000	310.000000
364.905000	417.000000
364.910000	353.000000
364.915000	344.000000
364.920000	241.000000
364.925000	254.000000
364.930000	305.000000
364.935000	274.000000
364.940000	226.000000
364.945000	246.000000
364.950000	303.000000
364.955000	172.000000
364.960000	380.000000
364.965000	301.000000
364.970000	163.000000
364.975000	344.000000
364.980000	327.000000
364.985000	268.000000
364.990000	371.000000
364.995000	297.000000
365.000000	397.000000
365.005000	221.000000
365.010000	279.000000
365.015000	376.000000
365.020000	348.000000
365.025000	335.000000
365.030000	439.000000
365.035000	463.000000
365.040000	589.000000
365.045000	870.000000
365.050000	1199.000000
365.055000	1889.000000
365.060000	2569.000000
365.065000	3713.000000
365.070000	4271.000000
365.075000	5699.000000
365.080000	6924.000000
365.085000	7688.000000
365.090000	9791.000000
365.095000	17153.000000
365.100000	33423.000000
365.105000	47645.000000
365.110000	34215.000000
365.115000	9796.000000
365.120000	7621.000000
365.125000	4396.000000
365.130000	2168.000000
365.135000	1433.000000
365.140000	1010.000000
365.145000	551.000000
365.150000	636.000000
365.155000	632.000000
365.160000	600.000000
365.165000	514.000000
365.170000	602.000000
365.175000	467.000000
365.180000	370.000000
365.185000	485.000000
365.190000	336.000000
365.195000	460.000000
365.200000	407.000000
365.205000	320.000000
365.210000	258.000000
365.215000	390.000000
365.220000	300.000000
365.225000	332.000000
365.230000	327.000000
365.235000	224.000000
365.240000	280.000000
365.245000	225.000000
365.250000	337.000000
365.255000	264.000000
365.260000	333.000000
365.265000	266.000000
365.270000	344.000000
365.275000	221.000000
365.280000	290.000000
365.285000	186.000000
365.290000	305.000000
365.295000	221.000000
365.300000	173.000000
365.305000	175.000000
365.310000	172.000000
365.315000	114.000000
365.320000	147.000000
365.325000	140.000000
365.330000	80.000000
365.335000	106.000000
365.340000	93.000000
365.345000	97.000000
365.350000	110.000000
365.355000	120.000000
365.360000	81.000000
365.365000	70.000000
365.370000	64.000000
365.375000	145.000000
365.380000	143.000000
365.385000	123.000000
365.390000	77.000000
365.395000	71.000000
365.400000	65.000000
365.405000	146.000000
365.410000	110.000000
365.415000	81.000000
365.420000	82.000000
365.425000	82.000000
365.430000	57.000000
365.435000	104.000000
365.440000	73.000000
365.445000	100.000000
365.450000	55.000000
365.455000	89.000000
365.460000	18.000000
365.465000	87.000000
365.470000	64.000000
365.475000	162.000000
365.480000	69.000000
365.485000	109.000000
365.490000	41.000000
365.495000	54.000000
365.500000	58.000000
365.505000	76.000000
365.510000	102.000000
365.515000	76.000000
365.520000	60.000000
365.525000	94.000000
365.530000	75.000000
365.535000	57.000000
365.540000	107.000000
365.545000	81.000000
365.550000	83.000000
365.555000	71.000000
365.560000	77.000000
365.565000	69.000000
365.570000	101.000000
365.575000	42.000000
365.580000	139.000000
365.585000	144.000000
365.590000	74.000000
365.595000	61.000000
365.600000	96.000000
