Sample ID:		None
Start Time:		Thu Jun 25 2020 9:50:21 AM
Averaging Time:		1.000s

364.600000	26040.000000
364.605000	29455.000000
364.610000	41727.000000
364.615000	66700.000000
364.620000	136336.000000
364.625000	224949.000000
364.630000	106067.000000
364.635000	47233.000000
364.640000	30181.000000
364.645000	16574.000000
364.650000	10923.000000
364.655000	6545.000000
364.660000	4156.000000
364.665000	3136.000000
364.670000	2775.000000
364.675000	2576.000000
364.680000	1843.000000
364.685000	1884.000000
364.690000	1516.000000
364.695000	1362.000000
364.700000	1297.000000
364.705000	1089.000000
364.710000	1305.000000
364.715000	1112.000000
364.720000	1062.000000
364.725000	872.000000
364.730000	708.000000
364.735000	644.000000
364.740000	915.000000
364.745000	770.000000
364.750000	637.000000
364.755000	691.000000
364.760000	655.000000
364.765000	713.000000
364.770000	455.000000
364.775000	526.000000
364.780000	484.000000
364.785000	636.000000
364.790000	370.000000
364.795000	506.000000
364.800000	450.000000
364.805000	441.000000
364.810000	394.000000
364.815000	365.000000
364.820000	390.000000
364.825000	380.000000
364.830000	456.000000
364.835000	332.000000
364.840000	375.000000
364.845000	248.000000
364.850000	289.000000
364.855000	335.000000
364.860000	450.000000
364.865000	433.000000
364.870000	355.000000
364.875000	273.000000
364.880000	344.000000
364.885000	369.000000
364.890000	321.000000
364.895000	317.000000
364.900000	340.000000
364.905000	254.000000
364.910000	321.000000
364.915000	355.000000
364.920000	309.000000
364.925000	495.000000
364.930000	374.000000
364.935000	274.000000
364.940000	249.000000
364.945000	365.000000
364.950000	227.000000
364.955000	354.000000
364.960000	375.000000
364.965000	331.000000
364.970000	347.000000
364.975000	287.000000
364.980000	319.000000
364.985000	333.000000
364.990000	343.000000
364.995000	365.000000
365.000000	293.000000
365.005000	369.000000
365.010000	501.000000
365.015000	438.000000
365.020000	453.000000
365.025000	672.000000
365.030000	1114.000000
365.035000	1399.000000
365.040000	1989.000000
365.045000	2744.000000
365.050000	3777.000000
365.055000	4306.000000
365.060000	5612.000000
365.065000	6554.000000
365.070000	7984.000000
365.075000	12518.000000
365.080000	17783.000000
365.085000	28341.000000
365.090000	46491.000000
365.095000	23075.000000
365.100000	15819.000000
365.105000	7508.000000
365.110000	4180.000000
365.115000	2210.000000
365.120000	1607.000000
365.125000	976.000000
365.130000	725.000000
365.135000	804.000000
365.140000	728.000000
365.145000	488.000000
365.150000	595.000000
365.155000	371.000000
365.160000	376.000000
365.165000	479.000000
365.170000	386.000000
365.175000	375.000000
365.180000	358.000000
365.185000	408.000000
365.190000	449.000000
365.195000	388.000000
365.200000	369.000000
365.205000	368.000000
365.210000	388.000000
365.215000	349.000000
365.220000	318.000000
365.225000	273.000000
365.230000	411.000000
365.235000	250.000000
365.240000	238.000000
365.245000	289.000000
365.250000	281.000000
365.255000	414.000000
365.260000	415.000000
365.265000	279.000000
365.270000	278.000000
365.275000	291.000000
365.280000	214.000000
365.285000	210.000000
365.290000	219.000000
365.295000	233.000000
365.300000	153.000000
365.305000	107.000000
365.310000	145.000000
365.315000	141.000000
365.320000	131.000000
365.325000	113.000000
365.330000	171.000000
365.335000	165.000000
365.340000	164.000000
365.345000	149.000000
365.350000	106.000000
365.355000	146.000000
365.360000	199.000000
365.365000	119.000000
365.370000	219.000000
365.375000	184.000000
365.380000	187.000000
365.385000	84.000000
365.390000	126.000000
365.395000	140.000000
365.400000	106.000000
365.405000	174.000000
365.410000	100.000000
365.415000	161.000000
365.420000	114.000000
365.425000	88.000000
365.430000	112.000000
365.435000	127.000000
365.440000	102.000000
365.445000	89.000000
365.450000	160.000000
365.455000	84.000000
365.460000	100.000000
365.465000	113.000000
365.470000	181.000000
365.475000	146.000000
365.480000	108.000000
365.485000	160.000000
365.490000	69.000000
365.495000	127.000000
365.500000	102.000000
365.505000	104.000000
365.510000	53.000000
365.515000	91.000000
365.520000	109.000000
365.525000	104.000000
365.530000	89.000000
365.535000	167.000000
365.540000	94.000000
365.545000	253.000000
365.550000	62.000000
365.555000	140.000000
365.560000	99.000000
365.565000	64.000000
365.570000	148.000000
365.575000	126.000000
365.580000	116.000000
365.585000	122.000000
365.590000	70.000000
365.595000	112.000000
365.600000	75.000000
