Sample ID:		None
Start Time:		Thu Jun 25 2020 6:41:29 AM
Averaging Time:		1.000s

364.600000	170.000000
364.605000	246.000000
364.610000	148.000000
364.615000	205.000000
364.620000	285.000000
364.625000	264.000000
364.630000	313.000000
364.635000	379.000000
364.640000	239.000000
364.645000	249.000000
364.650000	326.000000
364.655000	308.000000
364.660000	325.000000
364.665000	193.000000
364.670000	330.000000
364.675000	293.000000
364.680000	380.000000
364.685000	452.000000
364.690000	492.000000
364.695000	496.000000
364.700000	517.000000
364.705000	631.000000
364.710000	775.000000
364.715000	952.000000
364.720000	1155.000000
364.725000	1895.000000
364.730000	2408.000000
364.735000	4365.000000
364.740000	6499.000000
364.745000	10348.000000
364.750000	15828.000000
364.755000	18304.000000
364.760000	23338.000000
364.765000	27697.000000
364.770000	33289.000000
364.775000	42065.000000
364.780000	62848.000000
364.785000	148986.000000
364.790000	222961.000000
364.795000	125139.000000
364.800000	54115.000000
364.805000	31153.000000
364.810000	16984.000000
364.815000	10535.000000
364.820000	7724.000000
364.825000	4999.000000
364.830000	3026.000000
364.835000	2537.000000
364.840000	2443.000000
364.845000	1949.000000
364.850000	1529.000000
364.855000	1629.000000
364.860000	1379.000000
364.865000	1436.000000
364.870000	1327.000000
364.875000	1126.000000
364.880000	1047.000000
364.885000	922.000000
364.890000	950.000000
364.895000	837.000000
364.900000	890.000000
364.905000	888.000000
364.910000	906.000000
364.915000	825.000000
364.920000	532.000000
364.925000	653.000000
364.930000	581.000000
364.935000	486.000000
364.940000	412.000000
364.945000	514.000000
364.950000	442.000000
364.955000	443.000000
364.960000	475.000000
364.965000	464.000000
364.970000	367.000000
364.975000	370.000000
364.980000	365.000000
364.985000	275.000000
364.990000	350.000000
364.995000	403.000000
365.000000	421.000000
365.005000	358.000000
365.010000	222.000000
365.015000	224.000000
365.020000	309.000000
365.025000	323.000000
365.030000	372.000000
365.035000	388.000000
365.040000	268.000000
365.045000	281.000000
365.050000	353.000000
365.055000	333.000000
365.060000	238.000000
365.065000	419.000000
365.070000	314.000000
365.075000	366.000000
365.080000	240.000000
365.085000	286.000000
365.090000	354.000000
365.095000	299.000000
365.100000	361.000000
365.105000	251.000000
365.110000	331.000000
365.115000	235.000000
365.120000	295.000000
365.125000	176.000000
365.130000	379.000000
365.135000	290.000000
365.140000	268.000000
365.145000	312.000000
365.150000	310.000000
365.155000	314.000000
365.160000	232.000000
365.165000	319.000000
365.170000	329.000000
365.175000	342.000000
365.180000	422.000000
365.185000	446.000000
365.190000	673.000000
365.195000	1043.000000
365.200000	1213.000000
365.205000	1873.000000
365.210000	2963.000000
365.215000	4183.000000
365.220000	4353.000000
365.225000	4979.000000
365.230000	6569.000000
365.235000	7142.000000
365.240000	8970.000000
365.245000	16399.000000
365.250000	28165.000000
365.255000	45933.000000
365.260000	30802.000000
365.265000	15201.000000
365.270000	6965.000000
365.275000	3919.000000
365.280000	2484.000000
365.285000	1646.000000
365.290000	1103.000000
365.295000	667.000000
365.300000	639.000000
365.305000	547.000000
365.310000	496.000000
365.315000	479.000000
365.320000	468.000000
365.325000	412.000000
365.330000	275.000000
365.335000	329.000000
365.340000	381.000000
365.345000	437.000000
365.350000	260.000000
365.355000	288.000000
365.360000	314.000000
365.365000	399.000000
365.370000	434.000000
365.375000	319.000000
365.380000	228.000000
365.385000	357.000000
365.390000	251.000000
365.395000	181.000000
365.400000	235.000000
365.405000	331.000000
365.410000	275.000000
365.415000	151.000000
365.420000	356.000000
365.425000	289.000000
365.430000	199.000000
365.435000	263.000000
365.440000	281.000000
365.445000	302.000000
365.450000	186.000000
365.455000	162.000000
365.460000	98.000000
365.465000	113.000000
365.470000	118.000000
365.475000	108.000000
365.480000	116.000000
365.485000	74.000000
365.490000	175.000000
365.495000	106.000000
365.500000	89.000000
365.505000	80.000000
365.510000	150.000000
365.515000	86.000000
365.520000	102.000000
365.525000	97.000000
365.530000	117.000000
365.535000	84.000000
365.540000	142.000000
365.545000	54.000000
365.550000	64.000000
365.555000	121.000000
365.560000	100.000000
365.565000	77.000000
365.570000	87.000000
365.575000	93.000000
365.580000	68.000000
365.585000	124.000000
365.590000	90.000000
365.595000	105.000000
365.600000	126.000000
