Sample ID:		None
Start Time:		Thu Jun 25 2020 6:58:09 AM
Averaging Time:		1.000s

364.600000	285.000000
364.605000	366.000000
364.610000	270.000000
364.615000	313.000000
364.620000	262.000000
364.625000	319.000000
364.630000	299.000000
364.635000	375.000000
364.640000	418.000000
364.645000	420.000000
364.650000	308.000000
364.655000	298.000000
364.660000	435.000000
364.665000	353.000000
364.670000	537.000000
364.675000	483.000000
364.680000	476.000000
364.685000	631.000000
364.690000	642.000000
364.695000	737.000000
364.700000	959.000000
364.705000	1074.000000
364.710000	1722.000000
364.715000	3450.000000
364.720000	4259.000000
364.725000	6917.000000
364.730000	11637.000000
364.735000	15879.000000
364.740000	19616.000000
364.745000	24680.000000
364.750000	30187.000000
364.755000	34248.000000
364.760000	43067.000000
364.765000	65401.000000
364.770000	149338.000000
364.775000	222110.000000
364.780000	91876.000000
364.785000	49432.000000
364.790000	29916.000000
364.795000	16293.000000
364.800000	9222.000000
364.805000	7252.000000
364.810000	4445.000000
364.815000	2580.000000
364.820000	2834.000000
364.825000	2175.000000
364.830000	2100.000000
364.835000	1651.000000
364.840000	1718.000000
364.845000	1375.000000
364.850000	1208.000000
364.855000	1248.000000
364.860000	1198.000000
364.865000	1186.000000
364.870000	979.000000
364.875000	827.000000
364.880000	806.000000
364.885000	1013.000000
364.890000	846.000000
364.895000	703.000000
364.900000	704.000000
364.905000	818.000000
364.910000	675.000000
364.915000	624.000000
364.920000	504.000000
364.925000	532.000000
364.930000	667.000000
364.935000	580.000000
364.940000	402.000000
364.945000	466.000000
364.950000	408.000000
364.955000	393.000000
364.960000	388.000000
364.965000	362.000000
364.970000	392.000000
364.975000	296.000000
364.980000	329.000000
364.985000	299.000000
364.990000	381.000000
364.995000	305.000000
365.000000	431.000000
365.005000	345.000000
365.010000	477.000000
365.015000	323.000000
365.020000	304.000000
365.025000	361.000000
365.030000	252.000000
365.035000	312.000000
365.040000	365.000000
365.045000	326.000000
365.050000	365.000000
365.055000	358.000000
365.060000	219.000000
365.065000	378.000000
365.070000	278.000000
365.075000	269.000000
365.080000	356.000000
365.085000	339.000000
365.090000	288.000000
365.095000	262.000000
365.100000	265.000000
365.105000	394.000000
365.110000	251.000000
365.115000	299.000000
365.120000	270.000000
365.125000	318.000000
365.130000	326.000000
365.135000	299.000000
365.140000	237.000000
365.145000	298.000000
365.150000	310.000000
365.155000	336.000000
365.160000	298.000000
365.165000	373.000000
365.170000	365.000000
365.175000	579.000000
365.180000	861.000000
365.185000	1272.000000
365.190000	1980.000000
365.195000	2884.000000
365.200000	3750.000000
365.205000	4369.000000
365.210000	5697.000000
365.215000	6853.000000
365.220000	6942.000000
365.225000	9343.000000
365.230000	19207.000000
365.235000	30658.000000
365.240000	47532.000000
365.245000	28127.000000
365.250000	12485.000000
365.255000	6661.000000
365.260000	3498.000000
365.265000	2475.000000
365.270000	1365.000000
365.275000	933.000000
365.280000	837.000000
365.285000	468.000000
365.290000	475.000000
365.295000	398.000000
365.300000	328.000000
365.305000	349.000000
365.310000	405.000000
365.315000	431.000000
365.320000	371.000000
365.325000	376.000000
365.330000	429.000000
365.335000	464.000000
365.340000	401.000000
365.345000	314.000000
365.350000	278.000000
365.355000	288.000000
365.360000	343.000000
365.365000	270.000000
365.370000	401.000000
365.375000	311.000000
365.380000	222.000000
365.385000	206.000000
365.390000	416.000000
365.395000	207.000000
365.400000	215.000000
365.405000	342.000000
365.410000	298.000000
365.415000	242.000000
365.420000	227.000000
365.425000	214.000000
365.430000	161.000000
365.435000	174.000000
365.440000	206.000000
365.445000	214.000000
365.450000	119.000000
365.455000	111.000000
365.460000	156.000000
365.465000	149.000000
365.470000	72.000000
365.475000	113.000000
365.480000	74.000000
365.485000	81.000000
365.490000	95.000000
365.495000	109.000000
365.500000	107.000000
365.505000	108.000000
365.510000	59.000000
365.515000	64.000000
365.520000	98.000000
365.525000	157.000000
365.530000	142.000000
365.535000	130.000000
365.540000	180.000000
365.545000	73.000000
365.550000	93.000000
365.555000	61.000000
365.560000	163.000000
365.565000	74.000000
365.570000	86.000000
365.575000	123.000000
365.580000	71.000000
365.585000	115.000000
365.590000	116.000000
365.595000	149.000000
365.600000	61.000000
