Sample ID:		None
Start Time:		Thu Jun 25 2020 6:13:43 AM
Averaging Time:		1.000s

364.600000	263.000000
364.605000	294.000000
364.610000	145.000000
364.615000	329.000000
364.620000	172.000000
364.625000	244.000000
364.630000	189.000000
364.635000	218.000000
364.640000	331.000000
364.645000	312.000000
364.650000	210.000000
364.655000	328.000000
364.660000	239.000000
364.665000	274.000000
364.670000	318.000000
364.675000	288.000000
364.680000	304.000000
364.685000	362.000000
364.690000	421.000000
364.695000	263.000000
364.700000	371.000000
364.705000	415.000000
364.710000	345.000000
364.715000	523.000000
364.720000	627.000000
364.725000	557.000000
364.730000	763.000000
364.735000	591.000000
364.740000	850.000000
364.745000	1332.000000
364.750000	2069.000000
364.755000	3067.000000
364.760000	5239.000000
364.765000	7962.000000
364.770000	12980.000000
364.775000	16690.000000
364.780000	21910.000000
364.785000	26097.000000
364.790000	29573.000000
364.795000	36897.000000
364.800000	50538.000000
364.805000	99912.000000
364.810000	180159.000000
364.815000	194805.000000
364.820000	66145.000000
364.825000	45188.000000
364.830000	27110.000000
364.835000	15429.000000
364.840000	9071.000000
364.845000	5877.000000
364.850000	4126.000000
364.855000	2859.000000
364.860000	2694.000000
364.865000	2557.000000
364.870000	1893.000000
364.875000	1559.000000
364.880000	1692.000000
364.885000	1160.000000
364.890000	1136.000000
364.895000	1034.000000
364.900000	1185.000000
364.905000	1182.000000
364.910000	769.000000
364.915000	1030.000000
364.920000	789.000000
364.925000	923.000000
364.930000	841.000000
364.935000	747.000000
364.940000	668.000000
364.945000	570.000000
364.950000	662.000000
364.955000	488.000000
364.960000	514.000000
364.965000	558.000000
364.970000	409.000000
364.975000	601.000000
364.980000	350.000000
364.985000	379.000000
364.990000	365.000000
364.995000	422.000000
365.000000	366.000000
365.005000	499.000000
365.010000	369.000000
365.015000	411.000000
365.020000	338.000000
365.025000	298.000000
365.030000	334.000000
365.035000	321.000000
365.040000	422.000000
365.045000	461.000000
365.050000	365.000000
365.055000	359.000000
365.060000	314.000000
365.065000	353.000000
365.070000	303.000000
365.075000	353.000000
365.080000	414.000000
365.085000	326.000000
365.090000	288.000000
365.095000	437.000000
365.100000	318.000000
365.105000	335.000000
365.110000	351.000000
365.115000	353.000000
365.120000	356.000000
365.125000	291.000000
365.130000	312.000000
365.135000	260.000000
365.140000	296.000000
365.145000	259.000000
365.150000	209.000000
365.155000	363.000000
365.160000	233.000000
365.165000	242.000000
365.170000	297.000000
365.175000	336.000000
365.180000	215.000000
365.185000	222.000000
365.190000	282.000000
365.195000	386.000000
365.200000	341.000000
365.205000	452.000000
365.210000	527.000000
365.215000	969.000000
365.220000	1581.000000
365.225000	1931.000000
365.230000	2595.000000
365.235000	3708.000000
365.240000	4396.000000
365.245000	5378.000000
365.250000	6192.000000
365.255000	7297.000000
365.260000	9837.000000
365.265000	15655.000000
365.270000	23174.000000
365.275000	43595.000000
365.280000	38031.000000
365.285000	15519.000000
365.290000	10126.000000
365.295000	5282.000000
365.300000	2924.000000
365.305000	2017.000000
365.310000	1095.000000
365.315000	777.000000
365.320000	624.000000
365.325000	567.000000
365.330000	637.000000
365.335000	457.000000
365.340000	327.000000
365.345000	377.000000
365.350000	401.000000
365.355000	392.000000
365.360000	444.000000
365.365000	414.000000
365.370000	395.000000
365.375000	481.000000
365.380000	481.000000
365.385000	381.000000
365.390000	292.000000
365.395000	393.000000
365.400000	358.000000
365.405000	299.000000
365.410000	351.000000
365.415000	354.000000
365.420000	245.000000
365.425000	191.000000
365.430000	388.000000
365.435000	276.000000
365.440000	335.000000
365.445000	147.000000
365.450000	225.000000
365.455000	302.000000
365.460000	296.000000
365.465000	270.000000
365.470000	203.000000
365.475000	203.000000
365.480000	290.000000
365.485000	165.000000
365.490000	103.000000
365.495000	80.000000
365.500000	95.000000
365.505000	134.000000
365.510000	106.000000
365.515000	109.000000
365.520000	158.000000
365.525000	169.000000
365.530000	159.000000
365.535000	71.000000
365.540000	211.000000
365.545000	68.000000
365.550000	111.000000
365.555000	167.000000
365.560000	98.000000
365.565000	113.000000
365.570000	94.000000
365.575000	130.000000
365.580000	91.000000
365.585000	141.000000
365.590000	48.000000
365.595000	98.000000
365.600000	85.000000
