Sample ID:		None
Start Time:		Thu Jun 25 2020 4:28:13 AM
Averaging Time:		1.000s

364.600000	29.000000
364.605000	48.000000
364.610000	30.000000
364.615000	39.000000
364.620000	42.000000
364.625000	54.000000
364.630000	75.000000
364.635000	13.000000
364.640000	58.000000
364.645000	78.000000
364.650000	124.000000
364.655000	127.000000
364.660000	242.000000
364.665000	213.000000
364.670000	208.000000
364.675000	204.000000
364.680000	227.000000
364.685000	273.000000
364.690000	289.000000
364.695000	256.000000
364.700000	195.000000
364.705000	314.000000
364.710000	238.000000
364.715000	206.000000
364.720000	248.000000
364.725000	287.000000
364.730000	283.000000
364.735000	274.000000
364.740000	350.000000
364.745000	260.000000
364.750000	287.000000
364.755000	362.000000
364.760000	315.000000
364.765000	298.000000
364.770000	300.000000
364.775000	337.000000
364.780000	431.000000
364.785000	474.000000
364.790000	462.000000
364.795000	482.000000
364.800000	644.000000
364.805000	683.000000
364.810000	688.000000
364.815000	850.000000
364.820000	1139.000000
364.825000	1395.000000
364.830000	1880.000000
364.835000	3524.000000
364.840000	5193.000000
364.845000	8502.000000
364.850000	12715.000000
364.855000	16667.000000
364.860000	21201.000000
364.865000	26291.000000
364.870000	30538.000000
364.875000	36271.000000
364.880000	51355.000000
364.885000	83291.000000
364.890000	183931.000000
364.895000	184546.000000
364.900000	76476.000000
364.905000	41002.000000
364.910000	26016.000000
364.915000	14117.000000
364.920000	9625.000000
364.925000	5817.000000
364.930000	3643.000000
364.935000	3523.000000
364.940000	2616.000000
364.945000	2054.000000
364.950000	1724.000000
364.955000	1390.000000
364.960000	1528.000000
364.965000	1338.000000
364.970000	1272.000000
364.975000	1164.000000
364.980000	1012.000000
364.985000	1097.000000
364.990000	1098.000000
364.995000	1031.000000
365.000000	778.000000
365.005000	792.000000
365.010000	654.000000
365.015000	665.000000
365.020000	667.000000
365.025000	757.000000
365.030000	733.000000
365.035000	617.000000
365.040000	539.000000
365.045000	591.000000
365.050000	502.000000
365.055000	404.000000
365.060000	423.000000
365.065000	472.000000
365.070000	416.000000
365.075000	302.000000
365.080000	345.000000
365.085000	307.000000
365.090000	402.000000
365.095000	258.000000
365.100000	428.000000
365.105000	365.000000
365.110000	299.000000
365.115000	303.000000
365.120000	386.000000
365.125000	394.000000
365.130000	392.000000
365.135000	494.000000
365.140000	373.000000
365.145000	349.000000
365.150000	337.000000
365.155000	292.000000
365.160000	262.000000
365.165000	332.000000
365.170000	316.000000
365.175000	300.000000
365.180000	268.000000
365.185000	253.000000
365.190000	308.000000
365.195000	278.000000
365.200000	277.000000
365.205000	431.000000
365.210000	272.000000
365.215000	261.000000
365.220000	250.000000
365.225000	261.000000
365.230000	353.000000
365.235000	227.000000
365.240000	324.000000
365.245000	331.000000
365.250000	258.000000
365.255000	267.000000
365.260000	185.000000
365.265000	347.000000
365.270000	257.000000
365.275000	336.000000
365.280000	427.000000
365.285000	497.000000
365.290000	482.000000
365.295000	631.000000
365.300000	1024.000000
365.305000	2047.000000
365.310000	2311.000000
365.315000	3268.000000
365.320000	3750.000000
365.325000	5317.000000
365.330000	5870.000000
365.335000	6646.000000
365.340000	9362.000000
365.345000	14545.000000
365.350000	21728.000000
365.355000	43102.000000
365.360000	32343.000000
365.365000	17309.000000
365.370000	10016.000000
365.375000	5392.000000
365.380000	2938.000000
365.385000	1577.000000
365.390000	1134.000000
365.395000	885.000000
365.400000	521.000000
365.405000	711.000000
365.410000	594.000000
365.415000	391.000000
365.420000	376.000000
365.425000	431.000000
365.430000	414.000000
365.435000	315.000000
365.440000	357.000000
365.445000	385.000000
365.450000	430.000000
365.455000	373.000000
365.460000	380.000000
365.465000	369.000000
365.470000	320.000000
365.475000	360.000000
365.480000	373.000000
365.485000	217.000000
365.490000	259.000000
365.495000	337.000000
365.500000	247.000000
365.505000	257.000000
365.510000	379.000000
365.515000	263.000000
365.520000	276.000000
365.525000	273.000000
365.530000	292.000000
365.535000	244.000000
365.540000	274.000000
365.545000	275.000000
365.550000	215.000000
365.555000	147.000000
365.560000	113.000000
365.565000	210.000000
365.570000	115.000000
365.575000	146.000000
365.580000	100.000000
365.585000	174.000000
365.590000	89.000000
365.595000	155.000000
365.600000	100.000000
