Sample ID:		None
Start Time:		Thu Jun 25 2020 3:54:54 AM
Averaging Time:		1.000s

364.600000	56.000000
364.605000	55.000000
364.610000	38.000000
364.615000	24.000000
364.620000	31.000000
364.625000	42.000000
364.630000	96.000000
364.635000	55.000000
364.640000	61.000000
364.645000	73.000000
364.650000	66.000000
364.655000	57.000000
364.660000	143.000000
364.665000	92.000000
364.670000	94.000000
364.675000	187.000000
364.680000	116.000000
364.685000	314.000000
364.690000	215.000000
364.695000	240.000000
364.700000	293.000000
364.705000	226.000000
364.710000	217.000000
364.715000	254.000000
364.720000	241.000000
364.725000	299.000000
364.730000	233.000000
364.735000	255.000000
364.740000	288.000000
364.745000	294.000000
364.750000	286.000000
364.755000	408.000000
364.760000	180.000000
364.765000	279.000000
364.770000	268.000000
364.775000	257.000000
364.780000	369.000000
364.785000	401.000000
364.790000	290.000000
364.795000	316.000000
364.800000	411.000000
364.805000	400.000000
364.810000	634.000000
364.815000	533.000000
364.820000	444.000000
364.825000	717.000000
364.830000	756.000000
364.835000	924.000000
364.840000	1518.000000
364.845000	2369.000000
364.850000	4023.000000
364.855000	5930.000000
364.860000	9900.000000
364.865000	15522.000000
364.870000	17556.000000
364.875000	21531.000000
364.880000	26404.000000
364.885000	30855.000000
364.890000	40447.000000
364.895000	54616.000000
364.900000	114370.000000
364.905000	213677.000000
364.910000	128217.000000
364.915000	63523.000000
364.920000	35729.000000
364.925000	22573.000000
364.930000	12839.000000
364.935000	8857.000000
364.940000	5263.000000
364.945000	3204.000000
364.950000	2710.000000
364.955000	2376.000000
364.960000	1909.000000
364.965000	1929.000000
364.970000	1889.000000
364.975000	1526.000000
364.980000	1220.000000
364.985000	1461.000000
364.990000	1337.000000
364.995000	1474.000000
365.000000	945.000000
365.005000	925.000000
365.010000	872.000000
365.015000	955.000000
365.020000	828.000000
365.025000	814.000000
365.030000	626.000000
365.035000	641.000000
365.040000	856.000000
365.045000	597.000000
365.050000	625.000000
365.055000	476.000000
365.060000	508.000000
365.065000	454.000000
365.070000	440.000000
365.075000	479.000000
365.080000	516.000000
365.085000	451.000000
365.090000	415.000000
365.095000	296.000000
365.100000	423.000000
365.105000	261.000000
365.110000	285.000000
365.115000	312.000000
365.120000	329.000000
365.125000	355.000000
365.130000	357.000000
365.135000	426.000000
365.140000	320.000000
365.145000	441.000000
365.150000	453.000000
365.155000	387.000000
365.160000	347.000000
365.165000	327.000000
365.170000	323.000000
365.175000	275.000000
365.180000	352.000000
365.185000	268.000000
365.190000	307.000000
365.195000	324.000000
365.200000	277.000000
365.205000	333.000000
365.210000	283.000000
365.215000	366.000000
365.220000	232.000000
365.225000	278.000000
365.230000	277.000000
365.235000	251.000000
365.240000	298.000000
365.245000	208.000000
365.250000	275.000000
365.255000	316.000000
365.260000	341.000000
365.265000	314.000000
365.270000	275.000000
365.275000	291.000000
365.280000	265.000000
365.285000	363.000000
365.290000	427.000000
365.295000	429.000000
365.300000	421.000000
365.305000	635.000000
365.310000	756.000000
365.315000	1276.000000
365.320000	1991.000000
365.325000	2751.000000
365.330000	3468.000000
365.335000	4443.000000
365.340000	5324.000000
365.345000	5906.000000
365.350000	7649.000000
365.355000	10064.000000
365.360000	18107.000000
365.365000	32456.000000
365.370000	45065.000000
365.375000	30336.000000
365.380000	14418.000000
365.385000	7443.000000
365.390000	4087.000000
365.395000	2701.000000
365.400000	1503.000000
365.405000	1141.000000
365.410000	553.000000
365.415000	506.000000
365.420000	568.000000
365.425000	461.000000
365.430000	568.000000
365.435000	372.000000
365.440000	356.000000
365.445000	422.000000
365.450000	458.000000
365.455000	335.000000
365.460000	388.000000
365.465000	423.000000
365.470000	330.000000
365.475000	409.000000
365.480000	367.000000
365.485000	280.000000
365.490000	317.000000
365.495000	260.000000
365.500000	333.000000
365.505000	301.000000
365.510000	359.000000
365.515000	276.000000
365.520000	261.000000
365.525000	343.000000
365.530000	284.000000
365.535000	195.000000
365.540000	250.000000
365.545000	328.000000
365.550000	211.000000
365.555000	231.000000
365.560000	307.000000
365.565000	297.000000
365.570000	183.000000
365.575000	182.000000
365.580000	210.000000
365.585000	132.000000
365.590000	113.000000
365.595000	114.000000
365.600000	121.000000
