Sample ID:		None
Start Time:		Thu Jun 25 2020 7:09:16 AM
Averaging Time:		1.000s

364.600000	344.000000
364.605000	247.000000
364.610000	226.000000
364.615000	264.000000
364.620000	362.000000
364.625000	230.000000
364.630000	419.000000
364.635000	454.000000
364.640000	345.000000
364.645000	324.000000
364.650000	429.000000
364.655000	301.000000
364.660000	502.000000
364.665000	541.000000
364.670000	489.000000
364.675000	662.000000
364.680000	559.000000
364.685000	656.000000
364.690000	974.000000
364.695000	1266.000000
364.700000	1509.000000
364.705000	2699.000000
364.710000	4286.000000
364.715000	6973.000000
364.720000	11029.000000
364.725000	15471.000000
364.730000	19482.000000
364.735000	24732.000000
364.740000	28873.000000
364.745000	33981.000000
364.750000	42922.000000
364.755000	69046.000000
364.760000	153398.000000
364.765000	208983.000000
364.770000	102978.000000
364.775000	49012.000000
364.780000	29580.000000
364.785000	17065.000000
364.790000	9197.000000
364.795000	6741.000000
364.800000	4517.000000
364.805000	3314.000000
364.810000	2847.000000
364.815000	2260.000000
364.820000	1995.000000
364.825000	1778.000000
364.830000	1544.000000
364.835000	1340.000000
364.840000	1282.000000
364.845000	1209.000000
364.850000	940.000000
364.855000	1207.000000
364.860000	1107.000000
364.865000	837.000000
364.870000	911.000000
364.875000	877.000000
364.880000	766.000000
364.885000	687.000000
364.890000	671.000000
364.895000	805.000000
364.900000	652.000000
364.905000	608.000000
364.910000	494.000000
364.915000	512.000000
364.920000	482.000000
364.925000	583.000000
364.930000	378.000000
364.935000	506.000000
364.940000	421.000000
364.945000	517.000000
364.950000	430.000000
364.955000	419.000000
364.960000	385.000000
364.965000	274.000000
364.970000	281.000000
364.975000	397.000000
364.980000	476.000000
364.985000	354.000000
364.990000	258.000000
364.995000	345.000000
365.000000	387.000000
365.005000	264.000000
365.010000	368.000000
365.015000	371.000000
365.020000	332.000000
365.025000	394.000000
365.030000	376.000000
365.035000	354.000000
365.040000	321.000000
365.045000	346.000000
365.050000	260.000000
365.055000	273.000000
365.060000	317.000000
365.065000	280.000000
365.070000	237.000000
365.075000	280.000000
365.080000	263.000000
365.085000	245.000000
365.090000	194.000000
365.095000	242.000000
365.100000	201.000000
365.105000	313.000000
365.110000	318.000000
365.115000	237.000000
365.120000	301.000000
365.125000	307.000000
365.130000	268.000000
365.135000	310.000000
365.140000	208.000000
365.145000	387.000000
365.150000	343.000000
365.155000	518.000000
365.160000	524.000000
365.165000	541.000000
365.170000	813.000000
365.175000	1304.000000
365.180000	1902.000000
365.185000	3087.000000
365.190000	3916.000000
365.195000	4920.000000
365.200000	5396.000000
365.205000	7152.000000
365.210000	7826.000000
365.215000	11018.000000
365.220000	19744.000000
365.225000	35920.000000
365.230000	45639.000000
365.235000	24298.000000
365.240000	10834.000000
365.245000	5992.000000
365.250000	3400.000000
365.255000	2123.000000
365.260000	1250.000000
365.265000	973.000000
365.270000	768.000000
365.275000	573.000000
365.280000	597.000000
365.285000	331.000000
365.290000	362.000000
365.295000	454.000000
365.300000	374.000000
365.305000	456.000000
365.310000	387.000000
365.315000	391.000000
365.320000	239.000000
365.325000	394.000000
365.330000	272.000000
365.335000	331.000000
365.340000	394.000000
365.345000	349.000000
365.350000	224.000000
365.355000	258.000000
365.360000	186.000000
365.365000	295.000000
365.370000	317.000000
365.375000	234.000000
365.380000	319.000000
365.385000	252.000000
365.390000	231.000000
365.395000	179.000000
365.400000	279.000000
365.405000	272.000000
365.410000	298.000000
365.415000	218.000000
365.420000	311.000000
365.425000	233.000000
365.430000	134.000000
365.435000	164.000000
365.440000	61.000000
365.445000	63.000000
365.450000	116.000000
365.455000	146.000000
365.460000	170.000000
365.465000	135.000000
365.470000	119.000000
365.475000	62.000000
365.480000	70.000000
365.485000	134.000000
365.490000	80.000000
365.495000	47.000000
365.500000	163.000000
365.505000	112.000000
365.510000	72.000000
365.515000	67.000000
365.520000	69.000000
365.525000	146.000000
365.530000	83.000000
365.535000	118.000000
365.540000	40.000000
365.545000	103.000000
365.550000	153.000000
365.555000	101.000000
365.560000	32.000000
365.565000	152.000000
365.570000	116.000000
365.575000	37.000000
365.580000	146.000000
365.585000	38.000000
365.590000	88.000000
365.595000	122.000000
365.600000	111.000000
