Sample ID:		None
Start Time:		Thu Jun 25 2020 12:07:11 AM
Averaging Time:		1.000s

364.600000	25.000000
364.605000	31.000000
364.610000	55.000000
364.615000	42.000000
364.620000	37.000000
364.625000	52.000000
364.630000	130.000000
364.635000	61.000000
364.640000	45.000000
364.645000	59.000000
364.650000	64.000000
364.655000	48.000000
364.660000	15.000000
364.665000	41.000000
364.670000	17.000000
364.675000	63.000000
364.680000	101.000000
364.685000	42.000000
364.690000	48.000000
364.695000	92.000000
364.700000	111.000000
364.705000	236.000000
364.710000	269.000000
364.715000	313.000000
364.720000	191.000000
364.725000	164.000000
364.730000	205.000000
364.735000	129.000000
364.740000	267.000000
364.745000	234.000000
364.750000	328.000000
364.755000	256.000000
364.760000	268.000000
364.765000	376.000000
364.770000	246.000000
364.775000	215.000000
364.780000	177.000000
364.785000	255.000000
364.790000	313.000000
364.795000	308.000000
364.800000	352.000000
364.805000	290.000000
364.810000	337.000000
364.815000	425.000000
364.820000	337.000000
364.825000	336.000000
364.830000	439.000000
364.835000	530.000000
364.840000	537.000000
364.845000	564.000000
364.850000	533.000000
364.855000	764.000000
364.860000	691.000000
364.865000	1132.000000
364.870000	1747.000000
364.875000	2606.000000
364.880000	4441.000000
364.885000	7169.000000
364.890000	11188.000000
364.895000	15050.000000
364.900000	19857.000000
364.905000	24316.000000
364.910000	29556.000000
364.915000	32933.000000
364.920000	42874.000000
364.925000	65655.000000
364.930000	153397.000000
364.935000	228098.000000
364.940000	135128.000000
364.945000	55456.000000
364.950000	30373.000000
364.955000	17648.000000
364.960000	12178.000000
364.965000	7921.000000
364.970000	4634.000000
364.975000	3623.000000
364.980000	3219.000000
364.985000	2200.000000
364.990000	1763.000000
364.995000	1829.000000
365.000000	1893.000000
365.005000	1451.000000
365.010000	1469.000000
365.015000	1340.000000
365.020000	1269.000000
365.025000	1214.000000
365.030000	1067.000000
365.035000	816.000000
365.040000	892.000000
365.045000	851.000000
365.050000	799.000000
365.055000	664.000000
365.060000	745.000000
365.065000	688.000000
365.070000	875.000000
365.075000	547.000000
365.080000	540.000000
365.085000	591.000000
365.090000	665.000000
365.095000	538.000000
365.100000	587.000000
365.105000	397.000000
365.110000	408.000000
365.115000	579.000000
365.120000	460.000000
365.125000	498.000000
365.130000	428.000000
365.135000	425.000000
365.140000	300.000000
365.145000	249.000000
365.150000	353.000000
365.155000	351.000000
365.160000	388.000000
365.165000	340.000000
365.170000	309.000000
365.175000	383.000000
365.180000	289.000000
365.185000	376.000000
365.190000	354.000000
365.195000	355.000000
365.200000	344.000000
365.205000	318.000000
365.210000	360.000000
365.215000	330.000000
365.220000	376.000000
365.225000	346.000000
365.230000	323.000000
365.235000	260.000000
365.240000	260.000000
365.245000	303.000000
365.250000	224.000000
365.255000	253.000000
365.260000	321.000000
365.265000	286.000000
365.270000	206.000000
365.275000	276.000000
365.280000	338.000000
365.285000	279.000000
365.290000	257.000000
365.295000	335.000000
365.300000	367.000000
365.305000	342.000000
365.310000	207.000000
365.315000	299.000000
365.320000	312.000000
365.325000	367.000000
365.330000	454.000000
365.335000	594.000000
365.340000	664.000000
365.345000	1277.000000
365.350000	1889.000000
365.355000	2615.000000
365.360000	3863.000000
365.365000	4817.000000
365.370000	5228.000000
365.375000	7248.000000
365.380000	7052.000000
365.385000	9399.000000
365.390000	17489.000000
365.395000	27013.000000
365.400000	47158.000000
365.405000	33284.000000
365.410000	15377.000000
365.415000	7887.000000
365.420000	5042.000000
365.425000	2866.000000
365.430000	1911.000000
365.435000	1177.000000
365.440000	785.000000
365.445000	578.000000
365.450000	624.000000
365.455000	492.000000
365.460000	396.000000
365.465000	468.000000
365.470000	404.000000
365.475000	406.000000
365.480000	327.000000
365.485000	455.000000
365.490000	355.000000
365.495000	393.000000
365.500000	403.000000
365.505000	379.000000
365.510000	287.000000
365.515000	373.000000
365.520000	447.000000
365.525000	310.000000
365.530000	341.000000
365.535000	269.000000
365.540000	335.000000
365.545000	224.000000
365.550000	277.000000
365.555000	311.000000
365.560000	261.000000
365.565000	211.000000
365.570000	250.000000
365.575000	349.000000
365.580000	309.000000
365.585000	278.000000
365.590000	237.000000
365.595000	225.000000
365.600000	208.000000
