Sample ID:		None
Start Time:		Thu Jun 25 2020 7:53:42 AM
Averaging Time:		1.000s

364.600000	226.000000
364.605000	358.000000
364.610000	316.000000
364.615000	253.000000
364.620000	320.000000
364.625000	451.000000
364.630000	419.000000
364.635000	479.000000
364.640000	512.000000
364.645000	448.000000
364.650000	621.000000
364.655000	624.000000
364.660000	609.000000
364.665000	950.000000
364.670000	1129.000000
364.675000	1779.000000
364.680000	2583.000000
364.685000	4878.000000
364.690000	7616.000000
364.695000	12644.000000
364.700000	16023.000000
364.705000	19857.000000
364.710000	25961.000000
364.715000	28498.000000
364.720000	33884.000000
364.725000	46358.000000
364.730000	74245.000000
364.735000	170584.000000
364.740000	215987.000000
364.745000	90336.000000
364.750000	45639.000000
364.755000	25437.000000
364.760000	16556.000000
364.765000	9993.000000
364.770000	6403.000000
364.775000	4066.000000
364.780000	3429.000000
364.785000	2424.000000
364.790000	2157.000000
364.795000	2013.000000
364.800000	1735.000000
364.805000	1575.000000
364.810000	1418.000000
364.815000	1291.000000
364.820000	1123.000000
364.825000	1007.000000
364.830000	1000.000000
364.835000	997.000000
364.840000	1014.000000
364.845000	740.000000
364.850000	923.000000
364.855000	740.000000
364.860000	776.000000
364.865000	493.000000
364.870000	645.000000
364.875000	457.000000
364.880000	484.000000
364.885000	631.000000
364.890000	525.000000
364.895000	476.000000
364.900000	378.000000
364.905000	473.000000
364.910000	460.000000
364.915000	500.000000
364.920000	350.000000
364.925000	428.000000
364.930000	446.000000
364.935000	355.000000
364.940000	320.000000
364.945000	315.000000
364.950000	223.000000
364.955000	368.000000
364.960000	270.000000
364.965000	538.000000
364.970000	368.000000
364.975000	299.000000
364.980000	385.000000
364.985000	336.000000
364.990000	274.000000
364.995000	414.000000
365.000000	260.000000
365.005000	296.000000
365.010000	342.000000
365.015000	365.000000
365.020000	276.000000
365.025000	280.000000
365.030000	241.000000
365.035000	322.000000
365.040000	217.000000
365.045000	234.000000
365.050000	358.000000
365.055000	343.000000
365.060000	242.000000
365.065000	254.000000
365.070000	280.000000
365.075000	225.000000
365.080000	259.000000
365.085000	214.000000
365.090000	308.000000
365.095000	274.000000
365.100000	368.000000
365.105000	448.000000
365.110000	277.000000
365.115000	342.000000
365.120000	463.000000
365.125000	398.000000
365.130000	600.000000
365.135000	523.000000
365.140000	851.000000
365.145000	1019.000000
365.150000	1729.000000
365.155000	2332.000000
365.160000	3330.000000
365.165000	4067.000000
365.170000	5204.000000
365.175000	6017.000000
365.180000	6976.000000
365.185000	9044.000000
365.190000	15895.000000
365.195000	25033.000000
365.200000	42917.000000
365.205000	39823.000000
365.210000	15880.000000
365.215000	9419.000000
365.220000	5017.000000
365.225000	2963.000000
365.230000	1955.000000
365.235000	1286.000000
365.240000	766.000000
365.245000	659.000000
365.250000	654.000000
365.255000	433.000000
365.260000	499.000000
365.265000	528.000000
365.270000	372.000000
365.275000	343.000000
365.280000	354.000000
365.285000	380.000000
365.290000	341.000000
365.295000	294.000000
365.300000	312.000000
365.305000	457.000000
365.310000	430.000000
365.315000	351.000000
365.320000	268.000000
365.325000	401.000000
365.330000	354.000000
365.335000	269.000000
365.340000	195.000000
365.345000	253.000000
365.350000	379.000000
365.355000	246.000000
365.360000	170.000000
365.365000	244.000000
365.370000	309.000000
365.375000	201.000000
365.380000	273.000000
365.385000	227.000000
365.390000	215.000000
365.395000	220.000000
365.400000	148.000000
365.405000	135.000000
365.410000	81.000000
365.415000	99.000000
365.420000	94.000000
365.425000	80.000000
365.430000	104.000000
365.435000	183.000000
365.440000	125.000000
365.445000	125.000000
365.450000	68.000000
365.455000	150.000000
365.460000	89.000000
365.465000	86.000000
365.470000	199.000000
365.475000	104.000000
365.480000	77.000000
365.485000	122.000000
365.490000	102.000000
365.495000	93.000000
365.500000	26.000000
365.505000	78.000000
365.510000	97.000000
365.515000	43.000000
365.520000	88.000000
365.525000	128.000000
365.530000	151.000000
365.535000	70.000000
365.540000	95.000000
365.545000	130.000000
365.550000	72.000000
365.555000	77.000000
365.560000	74.000000
365.565000	47.000000
365.570000	96.000000
365.575000	122.000000
365.580000	54.000000
365.585000	62.000000
365.590000	70.000000
365.595000	82.000000
365.600000	111.000000
