Sample ID:		None
Start Time:		Thu Jun 25 2020 2:48:15 AM
Averaging Time:		1.000s

364.600000	51.000000
364.605000	100.000000
364.610000	39.000000
364.615000	46.000000
364.620000	69.000000
364.625000	28.000000
364.630000	51.000000
364.635000	44.000000
364.640000	61.000000
364.645000	42.000000
364.650000	52.000000
364.655000	27.000000
364.660000	17.000000
364.665000	76.000000
364.670000	70.000000
364.675000	136.000000
364.680000	159.000000
364.685000	108.000000
364.690000	166.000000
364.695000	294.000000
364.700000	219.000000
364.705000	287.000000
364.710000	232.000000
364.715000	245.000000
364.720000	218.000000
364.725000	168.000000
364.730000	184.000000
364.735000	265.000000
364.740000	238.000000
364.745000	288.000000
364.750000	322.000000
364.755000	178.000000
364.760000	232.000000
364.765000	315.000000
364.770000	289.000000
364.775000	349.000000
364.780000	458.000000
364.785000	289.000000
364.790000	445.000000
364.795000	286.000000
364.800000	401.000000
364.805000	367.000000
364.810000	410.000000
364.815000	564.000000
364.820000	532.000000
364.825000	432.000000
364.830000	557.000000
364.835000	630.000000
364.840000	894.000000
364.845000	882.000000
364.850000	1158.000000
364.855000	1741.000000
364.860000	3262.000000
364.865000	4948.000000
364.870000	8323.000000
364.875000	12297.000000
364.880000	16201.000000
364.885000	20466.000000
364.890000	25748.000000
364.895000	28623.000000
364.900000	33732.000000
364.905000	44032.000000
364.910000	77784.000000
364.915000	186937.000000
364.920000	217595.000000
364.925000	89496.000000
364.930000	47540.000000
364.935000	28818.000000
364.940000	16392.000000
364.945000	10318.000000
364.950000	5815.000000
364.955000	4219.000000
364.960000	3098.000000
364.965000	2832.000000
364.970000	2052.000000
364.975000	1713.000000
364.980000	1484.000000
364.985000	1484.000000
364.990000	1209.000000
364.995000	1334.000000
365.000000	1179.000000
365.005000	1045.000000
365.010000	1176.000000
365.015000	1013.000000
365.020000	1128.000000
365.025000	1091.000000
365.030000	676.000000
365.035000	741.000000
365.040000	762.000000
365.045000	821.000000
365.050000	578.000000
365.055000	639.000000
365.060000	537.000000
365.065000	474.000000
365.070000	462.000000
365.075000	476.000000
365.080000	500.000000
365.085000	510.000000
365.090000	417.000000
365.095000	404.000000
365.100000	313.000000
365.105000	361.000000
365.110000	400.000000
365.115000	340.000000
365.120000	440.000000
365.125000	293.000000
365.130000	339.000000
365.135000	377.000000
365.140000	305.000000
365.145000	368.000000
365.150000	368.000000
365.155000	373.000000
365.160000	259.000000
365.165000	373.000000
365.170000	341.000000
365.175000	377.000000
365.180000	381.000000
365.185000	210.000000
365.190000	307.000000
365.195000	331.000000
365.200000	372.000000
365.205000	363.000000
365.210000	324.000000
365.215000	455.000000
365.220000	336.000000
365.225000	227.000000
365.230000	350.000000
365.235000	304.000000
365.240000	266.000000
365.245000	191.000000
365.250000	240.000000
365.255000	234.000000
365.260000	288.000000
365.265000	296.000000
365.270000	218.000000
365.275000	246.000000
365.280000	293.000000
365.285000	260.000000
365.290000	224.000000
365.295000	381.000000
365.300000	244.000000
365.305000	347.000000
365.310000	555.000000
365.315000	563.000000
365.320000	864.000000
365.325000	949.000000
365.330000	1725.000000
365.335000	2490.000000
365.340000	3305.000000
365.345000	3864.000000
365.350000	4849.000000
365.355000	5667.000000
365.360000	7286.000000
365.365000	8396.000000
365.370000	12440.000000
365.375000	22593.000000
365.380000	36782.000000
365.385000	41689.000000
365.390000	20583.000000
365.395000	10531.000000
365.400000	5850.000000
365.405000	3359.000000
365.410000	1643.000000
365.415000	1233.000000
365.420000	761.000000
365.425000	642.000000
365.430000	588.000000
365.435000	506.000000
365.440000	447.000000
365.445000	465.000000
365.450000	382.000000
365.455000	485.000000
365.460000	371.000000
365.465000	259.000000
365.470000	364.000000
365.475000	331.000000
365.480000	339.000000
365.485000	374.000000
365.490000	321.000000
365.495000	331.000000
365.500000	415.000000
365.505000	355.000000
365.510000	333.000000
365.515000	283.000000
365.520000	374.000000
365.525000	394.000000
365.530000	308.000000
365.535000	252.000000
365.540000	259.000000
365.545000	240.000000
365.550000	262.000000
365.555000	269.000000
365.560000	385.000000
365.565000	188.000000
365.570000	307.000000
365.575000	230.000000
365.580000	216.000000
365.585000	211.000000
365.590000	198.000000
365.595000	118.000000
365.600000	132.000000
