Sample ID:		None
Start Time:		Thu Jun 25 2020 1:30:29 AM
Averaging Time:		1.000s

364.600000	26.000000
364.605000	64.000000
364.610000	65.000000
364.615000	157.000000
364.620000	61.000000
364.625000	81.000000
364.630000	49.000000
364.635000	107.000000
364.640000	28.000000
364.645000	29.000000
364.650000	70.000000
364.655000	27.000000
364.660000	76.000000
364.665000	65.000000
364.670000	42.000000
364.675000	87.000000
364.680000	48.000000
364.685000	55.000000
364.690000	46.000000
364.695000	132.000000
364.700000	125.000000
364.705000	275.000000
364.710000	217.000000
364.715000	204.000000
364.720000	266.000000
364.725000	169.000000
364.730000	265.000000
364.735000	250.000000
364.740000	175.000000
364.745000	301.000000
364.750000	241.000000
364.755000	154.000000
364.760000	240.000000
364.765000	235.000000
364.770000	272.000000
364.775000	306.000000
364.780000	442.000000
364.785000	308.000000
364.790000	268.000000
364.795000	383.000000
364.800000	369.000000
364.805000	330.000000
364.810000	361.000000
364.815000	335.000000
364.820000	530.000000
364.825000	523.000000
364.830000	371.000000
364.835000	441.000000
364.840000	492.000000
364.845000	581.000000
364.850000	640.000000
364.855000	940.000000
364.860000	1079.000000
364.865000	1213.000000
364.870000	2109.000000
364.875000	3331.000000
364.880000	5402.000000
364.885000	9273.000000
364.890000	12410.000000
364.895000	16845.000000
364.900000	21781.000000
364.905000	26069.000000
364.910000	30132.000000
364.915000	35124.000000
364.920000	58277.000000
364.925000	82048.000000
364.930000	189260.000000
364.935000	175143.000000
364.940000	60633.000000
364.945000	42893.000000
364.950000	25479.000000
364.955000	14144.000000
364.960000	10012.000000
364.965000	6787.000000
364.970000	3910.000000
364.975000	3149.000000
364.980000	2596.000000
364.985000	2149.000000
364.990000	1833.000000
364.995000	1647.000000
365.000000	1567.000000
365.005000	1393.000000
365.010000	1336.000000
365.015000	1058.000000
365.020000	1201.000000
365.025000	1012.000000
365.030000	967.000000
365.035000	985.000000
365.040000	841.000000
365.045000	758.000000
365.050000	671.000000
365.055000	694.000000
365.060000	683.000000
365.065000	715.000000
365.070000	559.000000
365.075000	494.000000
365.080000	511.000000
365.085000	535.000000
365.090000	441.000000
365.095000	446.000000
365.100000	484.000000
365.105000	346.000000
365.110000	314.000000
365.115000	465.000000
365.120000	470.000000
365.125000	336.000000
365.130000	366.000000
365.135000	422.000000
365.140000	413.000000
365.145000	346.000000
365.150000	373.000000
365.155000	384.000000
365.160000	355.000000
365.165000	393.000000
365.170000	411.000000
365.175000	227.000000
365.180000	342.000000
365.185000	248.000000
365.190000	339.000000
365.195000	305.000000
365.200000	281.000000
365.205000	305.000000
365.210000	326.000000
365.215000	313.000000
365.220000	356.000000
365.225000	263.000000
365.230000	253.000000
365.235000	300.000000
365.240000	368.000000
365.245000	304.000000
365.250000	319.000000
365.255000	274.000000
365.260000	389.000000
365.265000	232.000000
365.270000	258.000000
365.275000	319.000000
365.280000	334.000000
365.285000	241.000000
365.290000	334.000000
365.295000	450.000000
365.300000	422.000000
365.305000	367.000000
365.310000	404.000000
365.315000	384.000000
365.320000	417.000000
365.325000	533.000000
365.330000	589.000000
365.335000	785.000000
365.340000	1465.000000
365.345000	2075.000000
365.350000	3193.000000
365.355000	4566.000000
365.360000	5012.000000
365.365000	5421.000000
365.370000	7231.000000
365.375000	8462.000000
365.380000	12152.000000
365.385000	17467.000000
365.390000	32009.000000
365.395000	45671.000000
365.400000	27023.000000
365.405000	14485.000000
365.410000	7060.000000
365.415000	4242.000000
365.420000	2299.000000
365.425000	1454.000000
365.430000	1196.000000
365.435000	877.000000
365.440000	613.000000
365.445000	515.000000
365.450000	406.000000
365.455000	369.000000
365.460000	402.000000
365.465000	256.000000
365.470000	454.000000
365.475000	266.000000
365.480000	389.000000
365.485000	415.000000
365.490000	319.000000
365.495000	434.000000
365.500000	475.000000
365.505000	367.000000
365.510000	346.000000
365.515000	310.000000
365.520000	376.000000
365.525000	346.000000
365.530000	240.000000
365.535000	314.000000
365.540000	250.000000
365.545000	341.000000
365.550000	233.000000
365.555000	252.000000
365.560000	259.000000
365.565000	279.000000
365.570000	283.000000
365.575000	291.000000
365.580000	332.000000
365.585000	225.000000
365.590000	327.000000
365.595000	157.000000
365.600000	210.000000
