Sample ID:		None
Start Time:		Thu Jun 25 2020 2:59:21 AM
Averaging Time:		1.000s

364.600000	60.000000
364.605000	27.000000
364.610000	98.000000
364.615000	16.000000
364.620000	57.000000
364.625000	42.000000
364.630000	36.000000
364.635000	36.000000
364.640000	32.000000
364.645000	45.000000
364.650000	55.000000
364.655000	97.000000
364.660000	76.000000
364.665000	59.000000
364.670000	151.000000
364.675000	94.000000
364.680000	126.000000
364.685000	223.000000
364.690000	176.000000
364.695000	242.000000
364.700000	290.000000
364.705000	234.000000
364.710000	174.000000
364.715000	210.000000
364.720000	176.000000
364.725000	246.000000
364.730000	231.000000
364.735000	254.000000
364.740000	294.000000
364.745000	223.000000
364.750000	277.000000
364.755000	163.000000
364.760000	311.000000
364.765000	286.000000
364.770000	371.000000
364.775000	353.000000
364.780000	183.000000
364.785000	448.000000
364.790000	269.000000
364.795000	309.000000
364.800000	283.000000
364.805000	336.000000
364.810000	453.000000
364.815000	548.000000
364.820000	426.000000
364.825000	568.000000
364.830000	555.000000
364.835000	631.000000
364.840000	921.000000
364.845000	1128.000000
364.850000	1222.000000
364.855000	2183.000000
364.860000	4335.000000
364.865000	5385.000000
364.870000	9343.000000
364.875000	13195.000000
364.880000	17577.000000
364.885000	22088.000000
364.890000	25656.000000
364.895000	30034.000000
364.900000	35983.000000
364.905000	51085.000000
364.910000	88979.000000
364.915000	184978.000000
364.920000	176884.000000
364.925000	70594.000000
364.930000	42247.000000
364.935000	24472.000000
364.940000	14528.000000
364.945000	8830.000000
364.950000	5881.000000
364.955000	3940.000000
364.960000	3345.000000
364.965000	2696.000000
364.970000	2022.000000
364.975000	1704.000000
364.980000	1621.000000
364.985000	1637.000000
364.990000	1413.000000
364.995000	1400.000000
365.000000	1394.000000
365.005000	1018.000000
365.010000	915.000000
365.015000	1023.000000
365.020000	846.000000
365.025000	933.000000
365.030000	731.000000
365.035000	665.000000
365.040000	714.000000
365.045000	659.000000
365.050000	470.000000
365.055000	712.000000
365.060000	538.000000
365.065000	468.000000
365.070000	563.000000
365.075000	562.000000
365.080000	614.000000
365.085000	566.000000
365.090000	441.000000
365.095000	441.000000
365.100000	350.000000
365.105000	452.000000
365.110000	314.000000
365.115000	233.000000
365.120000	363.000000
365.125000	397.000000
365.130000	315.000000
365.135000	351.000000
365.140000	324.000000
365.145000	368.000000
365.150000	365.000000
365.155000	418.000000
365.160000	386.000000
365.165000	311.000000
365.170000	248.000000
365.175000	343.000000
365.180000	407.000000
365.185000	354.000000
365.190000	338.000000
365.195000	360.000000
365.200000	346.000000
365.205000	405.000000
365.210000	320.000000
365.215000	321.000000
365.220000	297.000000
365.225000	260.000000
365.230000	300.000000
365.235000	354.000000
365.240000	216.000000
365.245000	232.000000
365.250000	320.000000
365.255000	287.000000
365.260000	288.000000
365.265000	335.000000
365.270000	268.000000
365.275000	186.000000
365.280000	227.000000
365.285000	300.000000
365.290000	257.000000
365.295000	310.000000
365.300000	281.000000
365.305000	591.000000
365.310000	354.000000
365.315000	392.000000
365.320000	792.000000
365.325000	1369.000000
365.330000	1859.000000
365.335000	2412.000000
365.340000	3425.000000
365.345000	4379.000000
365.350000	5542.000000
365.355000	5815.000000
365.360000	7213.000000
365.365000	9046.000000
365.370000	16484.000000
365.375000	25484.000000
365.380000	45341.000000
365.385000	30970.000000
365.390000	14289.000000
365.395000	8362.000000
365.400000	4002.000000
365.405000	2519.000000
365.410000	1612.000000
365.415000	1104.000000
365.420000	889.000000
365.425000	606.000000
365.430000	572.000000
365.435000	556.000000
365.440000	451.000000
365.445000	446.000000
365.450000	418.000000
365.455000	390.000000
365.460000	331.000000
365.465000	404.000000
365.470000	373.000000
365.475000	320.000000
365.480000	257.000000
365.485000	370.000000
365.490000	353.000000
365.495000	394.000000
365.500000	298.000000
365.505000	381.000000
365.510000	403.000000
365.515000	252.000000
365.520000	317.000000
365.525000	270.000000
365.530000	291.000000
365.535000	224.000000
365.540000	356.000000
365.545000	264.000000
365.550000	230.000000
365.555000	268.000000
365.560000	262.000000
365.565000	241.000000
365.570000	250.000000
365.575000	256.000000
365.580000	171.000000
365.585000	119.000000
365.590000	162.000000
365.595000	89.000000
365.600000	154.000000
