Sample ID:		None
Start Time:		Thu Jun 25 2020 1:58:15 AM
Averaging Time:		1.000s

364.600000	28.000000
364.605000	41.000000
364.610000	63.000000
364.615000	18.000000
364.620000	40.000000
364.625000	60.000000
364.630000	72.000000
364.635000	48.000000
364.640000	42.000000
364.645000	42.000000
364.650000	86.000000
364.655000	63.000000
364.660000	66.000000
364.665000	53.000000
364.670000	111.000000
364.675000	64.000000
364.680000	101.000000
364.685000	90.000000
364.690000	94.000000
364.695000	239.000000
364.700000	200.000000
364.705000	374.000000
364.710000	207.000000
364.715000	201.000000
364.720000	242.000000
364.725000	207.000000
364.730000	242.000000
364.735000	272.000000
364.740000	212.000000
364.745000	371.000000
364.750000	314.000000
364.755000	266.000000
364.760000	263.000000
364.765000	140.000000
364.770000	324.000000
364.775000	290.000000
364.780000	213.000000
364.785000	312.000000
364.790000	201.000000
364.795000	310.000000
364.800000	291.000000
364.805000	274.000000
364.810000	285.000000
364.815000	243.000000
364.820000	360.000000
364.825000	514.000000
364.830000	454.000000
364.835000	613.000000
364.840000	582.000000
364.845000	765.000000
364.850000	800.000000
364.855000	887.000000
364.860000	1091.000000
364.865000	1449.000000
364.870000	2747.000000
364.875000	4209.000000
364.880000	6231.000000
364.885000	10747.000000
364.890000	13536.000000
364.895000	18069.000000
364.900000	22739.000000
364.905000	26631.000000
364.910000	31890.000000
364.915000	37754.000000
364.920000	53846.000000
364.925000	110366.000000
364.930000	216072.000000
364.935000	119227.000000
364.940000	66979.000000
364.945000	39103.000000
364.950000	18499.000000
364.955000	12642.000000
364.960000	8689.000000
364.965000	5470.000000
364.970000	3655.000000
364.975000	3138.000000
364.980000	2564.000000
364.985000	1970.000000
364.990000	1628.000000
364.995000	1679.000000
365.000000	1587.000000
365.005000	1375.000000
365.010000	1019.000000
365.015000	1189.000000
365.020000	1043.000000
365.025000	857.000000
365.030000	1004.000000
365.035000	804.000000
365.040000	753.000000
365.045000	773.000000
365.050000	809.000000
365.055000	635.000000
365.060000	746.000000
365.065000	554.000000
365.070000	668.000000
365.075000	565.000000
365.080000	471.000000
365.085000	429.000000
365.090000	522.000000
365.095000	566.000000
365.100000	530.000000
365.105000	403.000000
365.110000	395.000000
365.115000	330.000000
365.120000	288.000000
365.125000	355.000000
365.130000	330.000000
365.135000	287.000000
365.140000	380.000000
365.145000	362.000000
365.150000	465.000000
365.155000	296.000000
365.160000	368.000000
365.165000	289.000000
365.170000	437.000000
365.175000	315.000000
365.180000	326.000000
365.185000	343.000000
365.190000	342.000000
365.195000	358.000000
365.200000	260.000000
365.205000	218.000000
365.210000	513.000000
365.215000	245.000000
365.220000	262.000000
365.225000	376.000000
365.230000	301.000000
365.235000	232.000000
365.240000	307.000000
365.245000	309.000000
365.250000	206.000000
365.255000	281.000000
365.260000	266.000000
365.265000	315.000000
365.270000	337.000000
365.275000	240.000000
365.280000	317.000000
365.285000	423.000000
365.290000	252.000000
365.295000	320.000000
365.300000	346.000000
365.305000	242.000000
365.310000	384.000000
365.315000	372.000000
365.320000	398.000000
365.325000	573.000000
365.330000	606.000000
365.335000	834.000000
365.340000	1349.000000
365.345000	1866.000000
365.350000	3051.000000
365.355000	3489.000000
365.360000	4398.000000
365.365000	5354.000000
365.370000	6635.000000
365.375000	7512.000000
365.380000	9561.000000
365.385000	18673.000000
365.390000	31396.000000
365.395000	46428.000000
365.400000	28883.000000
365.405000	14219.000000
365.410000	7427.000000
365.415000	4531.000000
365.420000	2908.000000
365.425000	1269.000000
365.430000	964.000000
365.435000	795.000000
365.440000	715.000000
365.445000	511.000000
365.450000	446.000000
365.455000	435.000000
365.460000	298.000000
365.465000	500.000000
365.470000	465.000000
365.475000	404.000000
365.480000	384.000000
365.485000	401.000000
365.490000	247.000000
365.495000	329.000000
365.500000	303.000000
365.505000	275.000000
365.510000	512.000000
365.515000	341.000000
365.520000	277.000000
365.525000	189.000000
365.530000	364.000000
365.535000	240.000000
365.540000	301.000000
365.545000	262.000000
365.550000	270.000000
365.555000	283.000000
365.560000	232.000000
365.565000	238.000000
365.570000	233.000000
365.575000	327.000000
365.580000	211.000000
365.585000	255.000000
365.590000	163.000000
365.595000	151.000000
365.600000	154.000000
