Sample ID:		None
Start Time:		Thu Jun 25 2020 4:55:58 AM
Averaging Time:		1.000s

364.600000	64.000000
364.605000	27.000000
364.610000	79.000000
364.615000	33.000000
364.620000	47.000000
364.625000	168.000000
364.630000	78.000000
364.635000	111.000000
364.640000	137.000000
364.645000	233.000000
364.650000	211.000000
364.655000	218.000000
364.660000	222.000000
364.665000	231.000000
364.670000	286.000000
364.675000	170.000000
364.680000	222.000000
364.685000	137.000000
364.690000	175.000000
364.695000	244.000000
364.700000	271.000000
364.705000	226.000000
364.710000	305.000000
364.715000	306.000000
364.720000	372.000000
364.725000	304.000000
364.730000	216.000000
364.735000	380.000000
364.740000	252.000000
364.745000	365.000000
364.750000	308.000000
364.755000	343.000000
364.760000	373.000000
364.765000	377.000000
364.770000	444.000000
364.775000	483.000000
364.780000	511.000000
364.785000	537.000000
364.790000	832.000000
364.795000	752.000000
364.800000	837.000000
364.805000	1266.000000
364.810000	1527.000000
364.815000	2714.000000
364.820000	4241.000000
364.825000	6500.000000
364.830000	10666.000000
364.835000	13662.000000
364.840000	18262.000000
364.845000	23328.000000
364.850000	26141.000000
364.855000	31247.000000
364.860000	41621.000000
364.865000	64515.000000
364.870000	103337.000000
364.875000	208307.000000
364.880000	153647.000000
364.885000	60994.000000
364.890000	36386.000000
364.895000	21692.000000
364.900000	10006.000000
364.905000	8419.000000
364.910000	5503.000000
364.915000	3297.000000
364.920000	2867.000000
364.925000	2399.000000
364.930000	1777.000000
364.935000	1780.000000
364.940000	1801.000000
364.945000	1436.000000
364.950000	1319.000000
364.955000	1359.000000
364.960000	1151.000000
364.965000	916.000000
364.970000	1050.000000
364.975000	788.000000
364.980000	1017.000000
364.985000	727.000000
364.990000	848.000000
364.995000	804.000000
365.000000	670.000000
365.005000	703.000000
365.010000	758.000000
365.015000	548.000000
365.020000	537.000000
365.025000	486.000000
365.030000	555.000000
365.035000	561.000000
365.040000	500.000000
365.045000	348.000000
365.050000	340.000000
365.055000	339.000000
365.060000	331.000000
365.065000	337.000000
365.070000	362.000000
365.075000	328.000000
365.080000	210.000000
365.085000	271.000000
365.090000	243.000000
365.095000	302.000000
365.100000	343.000000
365.105000	348.000000
365.110000	371.000000
365.115000	372.000000
365.120000	284.000000
365.125000	389.000000
365.130000	273.000000
365.135000	269.000000
365.140000	464.000000
365.145000	263.000000
365.150000	250.000000
365.155000	380.000000
365.160000	262.000000
365.165000	425.000000
365.170000	227.000000
365.175000	377.000000
365.180000	316.000000
365.185000	293.000000
365.190000	317.000000
365.195000	222.000000
365.200000	287.000000
365.205000	269.000000
365.210000	254.000000
365.215000	241.000000
365.220000	236.000000
365.225000	384.000000
365.230000	330.000000
365.235000	312.000000
365.240000	291.000000
365.245000	260.000000
365.250000	273.000000
365.255000	353.000000
365.260000	301.000000
365.265000	492.000000
365.270000	561.000000
365.275000	462.000000
365.280000	1057.000000
365.285000	1229.000000
365.290000	1708.000000
365.295000	2608.000000
365.300000	3813.000000
365.305000	4538.000000
365.310000	5541.000000
365.315000	6453.000000
365.320000	7439.000000
365.325000	9893.000000
365.330000	16114.000000
365.335000	29915.000000
365.340000	45144.000000
365.345000	25595.000000
365.350000	14155.000000
365.355000	7206.000000
365.360000	3634.000000
365.365000	2064.000000
365.370000	1394.000000
365.375000	973.000000
365.380000	641.000000
365.385000	687.000000
365.390000	488.000000
365.395000	458.000000
365.400000	541.000000
365.405000	358.000000
365.410000	500.000000
365.415000	325.000000
365.420000	426.000000
365.425000	343.000000
365.430000	242.000000
365.435000	342.000000
365.440000	255.000000
365.445000	356.000000
365.450000	371.000000
365.455000	334.000000
365.460000	239.000000
365.465000	292.000000
365.470000	319.000000
365.475000	362.000000
365.480000	238.000000
365.485000	285.000000
365.490000	353.000000
365.495000	290.000000
365.500000	274.000000
365.505000	270.000000
365.510000	257.000000
365.515000	283.000000
365.520000	276.000000
365.525000	222.000000
365.530000	298.000000
365.535000	137.000000
365.540000	136.000000
365.545000	191.000000
365.550000	110.000000
365.555000	161.000000
365.560000	120.000000
365.565000	99.000000
365.570000	74.000000
365.575000	86.000000
365.580000	86.000000
365.585000	110.000000
365.590000	83.000000
365.595000	200.000000
365.600000	122.000000
