Sample ID:		None
Start Time:		Thu Jun 25 2020 5:12:38 AM
Averaging Time:		1.000s

364.600000	44.000000
364.605000	46.000000
364.610000	57.000000
364.615000	57.000000
364.620000	79.000000
364.625000	158.000000
364.630000	198.000000
364.635000	166.000000
364.640000	153.000000
364.645000	248.000000
364.650000	198.000000
364.655000	196.000000
364.660000	163.000000
364.665000	159.000000
364.670000	349.000000
364.675000	254.000000
364.680000	253.000000
364.685000	237.000000
364.690000	360.000000
364.695000	168.000000
364.700000	382.000000
364.705000	221.000000
364.710000	367.000000
364.715000	268.000000
364.720000	293.000000
364.725000	305.000000
364.730000	263.000000
364.735000	353.000000
364.740000	308.000000
364.745000	362.000000
364.750000	381.000000
364.755000	451.000000
364.760000	487.000000
364.765000	491.000000
364.770000	657.000000
364.775000	495.000000
364.780000	514.000000
364.785000	675.000000
364.790000	844.000000
364.795000	1052.000000
364.800000	1712.000000
364.805000	2629.000000
364.810000	4883.000000
364.815000	7625.000000
364.820000	11374.000000
364.825000	15358.000000
364.830000	20479.000000
364.835000	23893.000000
364.840000	29759.000000
364.845000	35778.000000
364.850000	45498.000000
364.855000	69501.000000
364.860000	144995.000000
364.865000	204653.000000
364.870000	98820.000000
364.875000	51488.000000
364.880000	29566.000000
364.885000	15125.000000
364.890000	10477.000000
364.895000	6693.000000
364.900000	4443.000000
364.905000	2934.000000
364.910000	2750.000000
364.915000	2012.000000
364.920000	1791.000000
364.925000	1646.000000
364.930000	1582.000000
364.935000	1522.000000
364.940000	1247.000000
364.945000	1202.000000
364.950000	1195.000000
364.955000	943.000000
364.960000	1028.000000
364.965000	918.000000
364.970000	853.000000
364.975000	744.000000
364.980000	579.000000
364.985000	746.000000
364.990000	776.000000
364.995000	669.000000
365.000000	521.000000
365.005000	626.000000
365.010000	393.000000
365.015000	461.000000
365.020000	602.000000
365.025000	421.000000
365.030000	446.000000
365.035000	513.000000
365.040000	339.000000
365.045000	384.000000
365.050000	364.000000
365.055000	327.000000
365.060000	381.000000
365.065000	231.000000
365.070000	371.000000
365.075000	282.000000
365.080000	241.000000
365.085000	303.000000
365.090000	352.000000
365.095000	405.000000
365.100000	271.000000
365.105000	352.000000
365.110000	350.000000
365.115000	362.000000
365.120000	381.000000
365.125000	291.000000
365.130000	293.000000
365.135000	305.000000
365.140000	312.000000
365.145000	268.000000
365.150000	357.000000
365.155000	263.000000
365.160000	248.000000
365.165000	249.000000
365.170000	303.000000
365.175000	339.000000
365.180000	282.000000
365.185000	171.000000
365.190000	293.000000
365.195000	236.000000
365.200000	332.000000
365.205000	285.000000
365.210000	320.000000
365.215000	258.000000
365.220000	293.000000
365.225000	289.000000
365.230000	308.000000
365.235000	296.000000
365.240000	318.000000
365.245000	259.000000
365.250000	302.000000
365.255000	399.000000
365.260000	358.000000
365.265000	825.000000
365.270000	1253.000000
365.275000	1605.000000
365.280000	2080.000000
365.285000	2948.000000
365.290000	4007.000000
365.295000	4800.000000
365.300000	6214.000000
365.305000	6751.000000
365.310000	8965.000000
365.315000	12819.000000
365.320000	20241.000000
365.325000	42331.000000
365.330000	37294.000000
365.335000	19805.000000
365.340000	10754.000000
365.345000	5534.000000
365.350000	3234.000000
365.355000	2090.000000
365.360000	1317.000000
365.365000	765.000000
365.370000	521.000000
365.375000	570.000000
365.380000	534.000000
365.385000	298.000000
365.390000	468.000000
365.395000	309.000000
365.400000	483.000000
365.405000	398.000000
365.410000	326.000000
365.415000	277.000000
365.420000	411.000000
365.425000	398.000000
365.430000	496.000000
365.435000	351.000000
365.440000	361.000000
365.445000	324.000000
365.450000	374.000000
365.455000	325.000000
365.460000	334.000000
365.465000	257.000000
365.470000	395.000000
365.475000	279.000000
365.480000	274.000000
365.485000	212.000000
365.490000	379.000000
365.495000	195.000000
365.500000	212.000000
365.505000	214.000000
365.510000	321.000000
365.515000	268.000000
365.520000	247.000000
365.525000	229.000000
365.530000	147.000000
365.535000	179.000000
365.540000	173.000000
365.545000	54.000000
365.550000	126.000000
365.555000	76.000000
365.560000	106.000000
365.565000	128.000000
365.570000	149.000000
365.575000	114.000000
365.580000	127.000000
365.585000	133.000000
365.590000	40.000000
365.595000	103.000000
365.600000	138.000000
