Sample ID:		None
Start Time:		Thu Jun 25 2020 6:24:50 AM
Averaging Time:		1.000s

364.600000	271.000000
364.605000	238.000000
364.610000	208.000000
364.615000	180.000000
364.620000	262.000000
364.625000	241.000000
364.630000	361.000000
364.635000	270.000000
364.640000	247.000000
364.645000	264.000000
364.650000	296.000000
364.655000	340.000000
364.660000	319.000000
364.665000	381.000000
364.670000	374.000000
364.675000	512.000000
364.680000	355.000000
364.685000	354.000000
364.690000	473.000000
364.695000	409.000000
364.700000	598.000000
364.705000	449.000000
364.710000	452.000000
364.715000	526.000000
364.720000	647.000000
364.725000	865.000000
364.730000	990.000000
364.735000	1367.000000
364.740000	2102.000000
364.745000	3863.000000
364.750000	6254.000000
364.755000	10051.000000
364.760000	13942.000000
364.765000	17367.000000
364.770000	22973.000000
364.775000	26983.000000
364.780000	30519.000000
364.785000	37425.000000
364.790000	55957.000000
364.795000	113528.000000
364.800000	212585.000000
364.805000	140345.000000
364.810000	61534.000000
364.815000	36274.000000
364.820000	21637.000000
364.825000	11985.000000
364.830000	7661.000000
364.835000	5322.000000
364.840000	3841.000000
364.845000	2971.000000
364.850000	2349.000000
364.855000	1829.000000
364.860000	2109.000000
364.865000	1578.000000
364.870000	1499.000000
364.875000	1586.000000
364.880000	1270.000000
364.885000	1043.000000
364.890000	1155.000000
364.895000	1230.000000
364.900000	976.000000
364.905000	935.000000
364.910000	853.000000
364.915000	928.000000
364.920000	817.000000
364.925000	893.000000
364.930000	662.000000
364.935000	695.000000
364.940000	535.000000
364.945000	524.000000
364.950000	567.000000
364.955000	612.000000
364.960000	462.000000
364.965000	481.000000
364.970000	544.000000
364.975000	262.000000
364.980000	496.000000
364.985000	278.000000
364.990000	352.000000
364.995000	329.000000
365.000000	421.000000
365.005000	377.000000
365.010000	384.000000
365.015000	448.000000
365.020000	301.000000
365.025000	508.000000
365.030000	261.000000
365.035000	509.000000
365.040000	284.000000
365.045000	373.000000
365.050000	405.000000
365.055000	225.000000
365.060000	322.000000
365.065000	401.000000
365.070000	302.000000
365.075000	260.000000
365.080000	246.000000
365.085000	306.000000
365.090000	343.000000
365.095000	244.000000
365.100000	317.000000
365.105000	239.000000
365.110000	260.000000
365.115000	296.000000
365.120000	265.000000
365.125000	261.000000
365.130000	267.000000
365.135000	351.000000
365.140000	252.000000
365.145000	258.000000
365.150000	312.000000
365.155000	312.000000
365.160000	273.000000
365.165000	264.000000
365.170000	475.000000
365.175000	328.000000
365.180000	531.000000
365.185000	410.000000
365.190000	346.000000
365.195000	507.000000
365.200000	719.000000
365.205000	1014.000000
365.210000	1212.000000
365.215000	1854.000000
365.220000	2807.000000
365.225000	4249.000000
365.230000	4614.000000
365.235000	5282.000000
365.240000	6428.000000
365.245000	7629.000000
365.250000	9887.000000
365.255000	16937.000000
365.260000	29609.000000
365.265000	46364.000000
365.270000	29563.000000
365.275000	15154.000000
365.280000	7596.000000
365.285000	3928.000000
365.290000	2305.000000
365.295000	1572.000000
365.300000	1189.000000
365.305000	656.000000
365.310000	765.000000
365.315000	409.000000
365.320000	488.000000
365.325000	353.000000
365.330000	319.000000
365.335000	366.000000
365.340000	283.000000
365.345000	382.000000
365.350000	470.000000
365.355000	381.000000
365.360000	398.000000
365.365000	385.000000
365.370000	351.000000
365.375000	255.000000
365.380000	314.000000
365.385000	365.000000
365.390000	372.000000
365.395000	308.000000
365.400000	197.000000
365.405000	376.000000
365.410000	238.000000
365.415000	256.000000
365.420000	234.000000
365.425000	298.000000
365.430000	261.000000
365.435000	332.000000
365.440000	277.000000
365.445000	343.000000
365.450000	179.000000
365.455000	163.000000
365.460000	225.000000
365.465000	184.000000
365.470000	196.000000
365.475000	143.000000
365.480000	109.000000
365.485000	88.000000
365.490000	70.000000
365.495000	170.000000
365.500000	95.000000
365.505000	141.000000
365.510000	102.000000
365.515000	142.000000
365.520000	133.000000
365.525000	192.000000
365.530000	106.000000
365.535000	118.000000
365.540000	73.000000
365.545000	158.000000
365.550000	111.000000
365.555000	80.000000
365.560000	82.000000
365.565000	117.000000
365.570000	94.000000
365.575000	120.000000
365.580000	60.000000
365.585000	92.000000
365.590000	99.000000
365.595000	78.000000
365.600000	79.000000
