Sample ID:		None
Start Time:		Thu Jun 25 2020 9:33:42 AM
Averaging Time:		1.000s

364.600000	12912.000000
364.605000	16618.000000
364.610000	21771.000000
364.615000	26951.000000
364.620000	30082.000000
364.625000	38643.000000
364.630000	63670.000000
364.635000	112209.000000
364.640000	218613.000000
364.645000	145089.000000
364.650000	63908.000000
364.655000	32519.000000
364.660000	20784.000000
364.665000	13410.000000
364.670000	7314.000000
364.675000	5293.000000
364.680000	3246.000000
364.685000	2723.000000
364.690000	2228.000000
364.695000	2012.000000
364.700000	1856.000000
364.705000	1538.000000
364.710000	1318.000000
364.715000	1302.000000
364.720000	1303.000000
364.725000	1259.000000
364.730000	964.000000
364.735000	1002.000000
364.740000	912.000000
364.745000	953.000000
364.750000	627.000000
364.755000	643.000000
364.760000	725.000000
364.765000	1058.000000
364.770000	666.000000
364.775000	722.000000
364.780000	721.000000
364.785000	512.000000
364.790000	592.000000
364.795000	485.000000
364.800000	542.000000
364.805000	473.000000
364.810000	347.000000
364.815000	487.000000
364.820000	500.000000
364.825000	387.000000
364.830000	406.000000
364.835000	367.000000
364.840000	388.000000
364.845000	319.000000
364.850000	311.000000
364.855000	343.000000
364.860000	434.000000
364.865000	290.000000
364.870000	292.000000
364.875000	358.000000
364.880000	344.000000
364.885000	339.000000
364.890000	347.000000
364.895000	409.000000
364.900000	348.000000
364.905000	336.000000
364.910000	309.000000
364.915000	298.000000
364.920000	266.000000
364.925000	444.000000
364.930000	304.000000
364.935000	390.000000
364.940000	270.000000
364.945000	263.000000
364.950000	259.000000
364.955000	293.000000
364.960000	303.000000
364.965000	250.000000
364.970000	232.000000
364.975000	217.000000
364.980000	301.000000
364.985000	241.000000
364.990000	283.000000
364.995000	303.000000
365.000000	281.000000
365.005000	216.000000
365.010000	392.000000
365.015000	327.000000
365.020000	367.000000
365.025000	354.000000
365.030000	271.000000
365.035000	623.000000
365.040000	637.000000
365.045000	971.000000
365.050000	1829.000000
365.055000	2225.000000
365.060000	3030.000000
365.065000	3773.000000
365.070000	5076.000000
365.075000	5784.000000
365.080000	6551.000000
365.085000	7902.000000
365.090000	14415.000000
365.095000	20906.000000
365.100000	35108.000000
365.105000	44253.000000
365.110000	18125.000000
365.115000	10493.000000
365.120000	5940.000000
365.125000	3555.000000
365.130000	1738.000000
365.135000	1261.000000
365.140000	864.000000
365.145000	693.000000
365.150000	533.000000
365.155000	321.000000
365.160000	549.000000
365.165000	351.000000
365.170000	347.000000
365.175000	507.000000
365.180000	322.000000
365.185000	379.000000
365.190000	307.000000
365.195000	344.000000
365.200000	361.000000
365.205000	291.000000
365.210000	258.000000
365.215000	365.000000
365.220000	293.000000
365.225000	319.000000
365.230000	264.000000
365.235000	373.000000
365.240000	314.000000
365.245000	427.000000
365.250000	329.000000
365.255000	300.000000
365.260000	272.000000
365.265000	192.000000
365.270000	265.000000
365.275000	215.000000
365.280000	326.000000
365.285000	249.000000
365.290000	213.000000
365.295000	187.000000
365.300000	112.000000
365.305000	119.000000
365.310000	153.000000
365.315000	107.000000
365.320000	131.000000
365.325000	151.000000
365.330000	173.000000
365.335000	139.000000
365.340000	146.000000
365.345000	121.000000
365.350000	104.000000
365.355000	88.000000
365.360000	143.000000
365.365000	153.000000
365.370000	94.000000
365.375000	104.000000
365.380000	118.000000
365.385000	120.000000
365.390000	80.000000
365.395000	161.000000
365.400000	161.000000
365.405000	125.000000
365.410000	67.000000
365.415000	159.000000
365.420000	56.000000
365.425000	156.000000
365.430000	95.000000
365.435000	91.000000
365.440000	109.000000
365.445000	137.000000
365.450000	126.000000
365.455000	102.000000
365.460000	119.000000
365.465000	96.000000
365.470000	99.000000
365.475000	195.000000
365.480000	41.000000
365.485000	82.000000
365.490000	74.000000
365.495000	57.000000
365.500000	42.000000
365.505000	100.000000
365.510000	46.000000
365.515000	154.000000
365.520000	110.000000
365.525000	53.000000
365.530000	117.000000
365.535000	116.000000
365.540000	85.000000
365.545000	83.000000
365.550000	93.000000
365.555000	58.000000
365.560000	70.000000
365.565000	68.000000
365.570000	36.000000
365.575000	52.000000
365.580000	102.000000
365.585000	70.000000
365.590000	49.000000
365.595000	45.000000
365.600000	53.000000
