Sample ID:		None
Start Time:		Thu Jun 25 2020 6:52:36 AM
Averaging Time:		1.000s

364.600000	267.000000
364.605000	212.000000
364.610000	200.000000
364.615000	264.000000
364.620000	411.000000
364.625000	241.000000
364.630000	212.000000
364.635000	304.000000
364.640000	403.000000
364.645000	372.000000
364.650000	276.000000
364.655000	438.000000
364.660000	267.000000
364.665000	368.000000
364.670000	322.000000
364.675000	418.000000
364.680000	462.000000
364.685000	593.000000
364.690000	570.000000
364.695000	718.000000
364.700000	531.000000
364.705000	1022.000000
364.710000	1122.000000
364.715000	1387.000000
364.720000	2577.000000
364.725000	4735.000000
364.730000	7402.000000
364.735000	10213.000000
364.740000	15483.000000
364.745000	19473.000000
364.750000	23524.000000
364.755000	27894.000000
364.760000	32083.000000
364.765000	41226.000000
364.770000	63123.000000
364.775000	131468.000000
364.780000	222517.000000
364.785000	119511.000000
364.790000	53045.000000
364.795000	33582.000000
364.800000	20654.000000
364.805000	11792.000000
364.810000	7581.000000
364.815000	4433.000000
364.820000	3272.000000
364.825000	2625.000000
364.830000	2124.000000
364.835000	2173.000000
364.840000	1545.000000
364.845000	1452.000000
364.850000	1287.000000
364.855000	1485.000000
364.860000	1136.000000
364.865000	1193.000000
364.870000	1056.000000
364.875000	904.000000
364.880000	921.000000
364.885000	721.000000
364.890000	837.000000
364.895000	695.000000
364.900000	526.000000
364.905000	671.000000
364.910000	597.000000
364.915000	561.000000
364.920000	555.000000
364.925000	666.000000
364.930000	599.000000
364.935000	467.000000
364.940000	530.000000
364.945000	463.000000
364.950000	343.000000
364.955000	358.000000
364.960000	348.000000
364.965000	436.000000
364.970000	345.000000
364.975000	222.000000
364.980000	371.000000
364.985000	332.000000
364.990000	368.000000
364.995000	303.000000
365.000000	322.000000
365.005000	292.000000
365.010000	234.000000
365.015000	437.000000
365.020000	280.000000
365.025000	295.000000
365.030000	320.000000
365.035000	339.000000
365.040000	382.000000
365.045000	321.000000
365.050000	202.000000
365.055000	277.000000
365.060000	350.000000
365.065000	207.000000
365.070000	342.000000
365.075000	329.000000
365.080000	356.000000
365.085000	224.000000
365.090000	286.000000
365.095000	398.000000
365.100000	266.000000
365.105000	272.000000
365.110000	297.000000
365.115000	286.000000
365.120000	251.000000
365.125000	225.000000
365.130000	217.000000
365.135000	291.000000
365.140000	281.000000
365.145000	216.000000
365.150000	294.000000
365.155000	314.000000
365.160000	282.000000
365.165000	390.000000
365.170000	479.000000
365.175000	446.000000
365.180000	599.000000
365.185000	798.000000
365.190000	1270.000000
365.195000	1720.000000
365.200000	2137.000000
365.205000	3620.000000
365.210000	4275.000000
365.215000	5143.000000
365.220000	6109.000000
365.225000	6880.000000
365.230000	9669.000000
365.235000	16129.000000
365.240000	23488.000000
365.245000	44900.000000
365.250000	32993.000000
365.255000	13041.000000
365.260000	8015.000000
365.265000	4749.000000
365.270000	2261.000000
365.275000	1841.000000
365.280000	1318.000000
365.285000	669.000000
365.290000	547.000000
365.295000	588.000000
365.300000	510.000000
365.305000	495.000000
365.310000	473.000000
365.315000	274.000000
365.320000	284.000000
365.325000	336.000000
365.330000	310.000000
365.335000	434.000000
365.340000	326.000000
365.345000	282.000000
365.350000	329.000000
365.355000	295.000000
365.360000	326.000000
365.365000	321.000000
365.370000	317.000000
365.375000	311.000000
365.380000	218.000000
365.385000	372.000000
365.390000	242.000000
365.395000	270.000000
365.400000	255.000000
365.405000	250.000000
365.410000	133.000000
365.415000	276.000000
365.420000	212.000000
365.425000	200.000000
365.430000	271.000000
365.435000	286.000000
365.440000	262.000000
365.445000	165.000000
365.450000	196.000000
365.455000	131.000000
365.460000	156.000000
365.465000	153.000000
365.470000	172.000000
365.475000	145.000000
365.480000	123.000000
365.485000	168.000000
365.490000	66.000000
365.495000	142.000000
365.500000	98.000000
365.505000	79.000000
365.510000	50.000000
365.515000	162.000000
365.520000	173.000000
365.525000	139.000000
365.530000	97.000000
365.535000	179.000000
365.540000	108.000000
365.545000	84.000000
365.550000	108.000000
365.555000	73.000000
365.560000	102.000000
365.565000	57.000000
365.570000	79.000000
365.575000	128.000000
365.580000	119.000000
365.585000	99.000000
365.590000	46.000000
365.595000	80.000000
365.600000	70.000000
