Sample ID:		None
Start Time:		Thu Jun 25 2020 5:51:31 AM
Averaging Time:		1.000s

364.600000	148.000000
364.605000	313.000000
364.610000	255.000000
364.615000	206.000000
364.620000	181.000000
364.625000	431.000000
364.630000	211.000000
364.635000	320.000000
364.640000	218.000000
364.645000	201.000000
364.650000	202.000000
364.655000	285.000000
364.660000	348.000000
364.665000	208.000000
364.670000	201.000000
364.675000	276.000000
364.680000	230.000000
364.685000	266.000000
364.690000	306.000000
364.695000	403.000000
364.700000	383.000000
364.705000	416.000000
364.710000	315.000000
364.715000	425.000000
364.720000	420.000000
364.725000	474.000000
364.730000	543.000000
364.735000	607.000000
364.740000	552.000000
364.745000	684.000000
364.750000	796.000000
364.755000	1347.000000
364.760000	1677.000000
364.765000	2907.000000
364.770000	5012.000000
364.775000	6908.000000
364.780000	11066.000000
364.785000	14382.000000
364.790000	19519.000000
364.795000	23580.000000
364.800000	28462.000000
364.805000	33210.000000
364.810000	43133.000000
364.815000	72415.000000
364.820000	133070.000000
364.825000	221561.000000
364.830000	83512.000000
364.835000	52442.000000
364.840000	32911.000000
364.845000	16129.000000
364.850000	9883.000000
364.855000	7420.000000
364.860000	5215.000000
364.865000	3363.000000
364.870000	2764.000000
364.875000	2157.000000
364.880000	1963.000000
364.885000	1644.000000
364.890000	1433.000000
364.895000	1371.000000
364.900000	1553.000000
364.905000	1276.000000
364.910000	964.000000
364.915000	1070.000000
364.920000	1287.000000
364.925000	813.000000
364.930000	658.000000
364.935000	691.000000
364.940000	811.000000
364.945000	595.000000
364.950000	572.000000
364.955000	707.000000
364.960000	717.000000
364.965000	534.000000
364.970000	614.000000
364.975000	513.000000
364.980000	582.000000
364.985000	420.000000
364.990000	544.000000
364.995000	567.000000
365.000000	422.000000
365.005000	316.000000
365.010000	330.000000
365.015000	238.000000
365.020000	278.000000
365.025000	270.000000
365.030000	342.000000
365.035000	395.000000
365.040000	354.000000
365.045000	296.000000
365.050000	284.000000
365.055000	417.000000
365.060000	390.000000
365.065000	442.000000
365.070000	371.000000
365.075000	337.000000
365.080000	306.000000
365.085000	265.000000
365.090000	343.000000
365.095000	370.000000
365.100000	193.000000
365.105000	330.000000
365.110000	341.000000
365.115000	227.000000
365.120000	293.000000
365.125000	318.000000
365.130000	316.000000
365.135000	335.000000
365.140000	245.000000
365.145000	138.000000
365.150000	238.000000
365.155000	269.000000
365.160000	302.000000
365.165000	261.000000
365.170000	226.000000
365.175000	313.000000
365.180000	364.000000
365.185000	276.000000
365.190000	405.000000
365.195000	369.000000
365.200000	343.000000
365.205000	273.000000
365.210000	316.000000
365.215000	468.000000
365.220000	372.000000
365.225000	654.000000
365.230000	987.000000
365.235000	1235.000000
365.240000	2047.000000
365.245000	2763.000000
365.250000	3576.000000
365.255000	4331.000000
365.260000	5472.000000
365.265000	6787.000000
365.270000	7485.000000
365.275000	11277.000000
365.280000	17601.000000
365.285000	34317.000000
365.290000	46054.000000
365.295000	25627.000000
365.300000	12644.000000
365.305000	6171.000000
365.310000	3476.000000
365.315000	2364.000000
365.320000	1309.000000
365.325000	924.000000
365.330000	686.000000
365.335000	766.000000
365.340000	515.000000
365.345000	594.000000
365.350000	449.000000
365.355000	478.000000
365.360000	374.000000
365.365000	371.000000
365.370000	407.000000
365.375000	443.000000
365.380000	318.000000
365.385000	408.000000
365.390000	354.000000
365.395000	318.000000
365.400000	317.000000
365.405000	292.000000
365.410000	299.000000
365.415000	356.000000
365.420000	419.000000
365.425000	259.000000
365.430000	306.000000
365.435000	382.000000
365.440000	270.000000
365.445000	258.000000
365.450000	238.000000
365.455000	193.000000
365.460000	287.000000
365.465000	274.000000
365.470000	248.000000
365.475000	234.000000
365.480000	218.000000
365.485000	296.000000
365.490000	166.000000
365.495000	102.000000
365.500000	90.000000
365.505000	147.000000
365.510000	138.000000
365.515000	166.000000
365.520000	119.000000
365.525000	88.000000
365.530000	73.000000
365.535000	151.000000
365.540000	120.000000
365.545000	94.000000
365.550000	119.000000
365.555000	91.000000
365.560000	76.000000
365.565000	180.000000
365.570000	112.000000
365.575000	99.000000
365.580000	85.000000
365.585000	95.000000
365.590000	44.000000
365.595000	106.000000
365.600000	40.000000
