Sample ID:		None
Start Time:		Thu Jun 25 2020 5:34:51 AM
Averaging Time:		1.000s

364.600000	91.000000
364.605000	92.000000
364.610000	195.000000
364.615000	229.000000
364.620000	212.000000
364.625000	298.000000
364.630000	193.000000
364.635000	229.000000
364.640000	243.000000
364.645000	295.000000
364.650000	221.000000
364.655000	250.000000
364.660000	295.000000
364.665000	213.000000
364.670000	206.000000
364.675000	211.000000
364.680000	186.000000
364.685000	283.000000
364.690000	243.000000
364.695000	357.000000
364.700000	392.000000
364.705000	214.000000
364.710000	286.000000
364.715000	304.000000
364.720000	206.000000
364.725000	338.000000
364.730000	405.000000
364.735000	504.000000
364.740000	483.000000
364.745000	508.000000
364.750000	449.000000
364.755000	481.000000
364.760000	573.000000
364.765000	684.000000
364.770000	875.000000
364.775000	925.000000
364.780000	1767.000000
364.785000	2524.000000
364.790000	4158.000000
364.795000	6660.000000
364.800000	10709.000000
364.805000	15809.000000
364.810000	18809.000000
364.815000	23189.000000
364.820000	27539.000000
364.825000	34136.000000
364.830000	40858.000000
364.835000	60434.000000
364.840000	130229.000000
364.845000	220354.000000
364.850000	127597.000000
364.855000	54614.000000
364.860000	32186.000000
364.865000	18906.000000
364.870000	9171.000000
364.875000	7475.000000
364.880000	4844.000000
364.885000	2976.000000
364.890000	2996.000000
364.895000	2270.000000
364.900000	2026.000000
364.905000	1668.000000
364.910000	1599.000000
364.915000	1338.000000
364.920000	1421.000000
364.925000	1118.000000
364.930000	1145.000000
364.935000	934.000000
364.940000	1066.000000
364.945000	741.000000
364.950000	781.000000
364.955000	788.000000
364.960000	853.000000
364.965000	726.000000
364.970000	798.000000
364.975000	526.000000
364.980000	573.000000
364.985000	480.000000
364.990000	459.000000
364.995000	528.000000
365.000000	414.000000
365.005000	502.000000
365.010000	417.000000
365.015000	456.000000
365.020000	359.000000
365.025000	355.000000
365.030000	407.000000
365.035000	393.000000
365.040000	309.000000
365.045000	281.000000
365.050000	286.000000
365.055000	356.000000
365.060000	290.000000
365.065000	267.000000
365.070000	413.000000
365.075000	310.000000
365.080000	277.000000
365.085000	368.000000
365.090000	332.000000
365.095000	276.000000
365.100000	245.000000
365.105000	330.000000
365.110000	327.000000
365.115000	417.000000
365.120000	265.000000
365.125000	331.000000
365.130000	190.000000
365.135000	236.000000
365.140000	177.000000
365.145000	282.000000
365.150000	246.000000
365.155000	340.000000
365.160000	248.000000
365.165000	285.000000
365.170000	212.000000
365.175000	308.000000
365.180000	237.000000
365.185000	293.000000
365.190000	263.000000
365.195000	277.000000
365.200000	299.000000
365.205000	313.000000
365.210000	387.000000
365.215000	306.000000
365.220000	305.000000
365.225000	437.000000
365.230000	450.000000
365.235000	344.000000
365.240000	484.000000
365.245000	598.000000
365.250000	884.000000
365.255000	1282.000000
365.260000	2056.000000
365.265000	3022.000000
365.270000	4303.000000
365.275000	4717.000000
365.280000	5895.000000
365.285000	6817.000000
365.290000	8217.000000
365.295000	11597.000000
365.300000	19293.000000
365.305000	35482.000000
365.310000	44182.000000
365.315000	25391.000000
365.320000	12454.000000
365.325000	6219.000000
365.330000	3764.000000
365.335000	2168.000000
365.340000	1476.000000
365.345000	856.000000
365.350000	733.000000
365.355000	565.000000
365.360000	382.000000
365.365000	452.000000
365.370000	447.000000
365.375000	478.000000
365.380000	415.000000
365.385000	392.000000
365.390000	407.000000
365.395000	429.000000
365.400000	340.000000
365.405000	354.000000
365.410000	359.000000
365.415000	318.000000
365.420000	327.000000
365.425000	218.000000
365.430000	238.000000
365.435000	318.000000
365.440000	242.000000
365.445000	286.000000
365.450000	243.000000
365.455000	290.000000
365.460000	304.000000
365.465000	364.000000
365.470000	217.000000
365.475000	318.000000
365.480000	322.000000
365.485000	261.000000
365.490000	151.000000
365.495000	194.000000
365.500000	257.000000
365.505000	170.000000
365.510000	174.000000
365.515000	212.000000
365.520000	128.000000
365.525000	149.000000
365.530000	141.000000
365.535000	90.000000
365.540000	123.000000
365.545000	163.000000
365.550000	100.000000
365.555000	85.000000
365.560000	123.000000
365.565000	143.000000
365.570000	144.000000
365.575000	91.000000
365.580000	106.000000
365.585000	90.000000
365.590000	188.000000
365.595000	134.000000
365.600000	128.000000
