Sample ID:		None
Start Time:		Thu Jun 25 2020 4:17:07 AM
Averaging Time:		1.000s

364.600000	33.000000
364.605000	17.000000
364.610000	82.000000
364.615000	29.000000
364.620000	76.000000
364.625000	70.000000
364.630000	48.000000
364.635000	62.000000
364.640000	38.000000
364.645000	65.000000
364.650000	61.000000
364.655000	126.000000
364.660000	121.000000
364.665000	167.000000
364.670000	181.000000
364.675000	298.000000
364.680000	166.000000
364.685000	188.000000
364.690000	260.000000
364.695000	216.000000
364.700000	271.000000
364.705000	256.000000
364.710000	165.000000
364.715000	230.000000
364.720000	214.000000
364.725000	248.000000
364.730000	188.000000
364.735000	347.000000
364.740000	226.000000
364.745000	381.000000
364.750000	271.000000
364.755000	289.000000
364.760000	467.000000
364.765000	352.000000
364.770000	372.000000
364.775000	376.000000
364.780000	339.000000
364.785000	419.000000
364.790000	432.000000
364.795000	496.000000
364.800000	560.000000
364.805000	472.000000
364.810000	581.000000
364.815000	704.000000
364.820000	744.000000
364.825000	1022.000000
364.830000	1237.000000
364.835000	1603.000000
364.840000	2871.000000
364.845000	5138.000000
364.850000	7766.000000
364.855000	11042.000000
364.860000	16274.000000
364.865000	20233.000000
364.870000	25414.000000
364.875000	28396.000000
364.880000	33225.000000
364.885000	45059.000000
364.890000	74443.000000
364.895000	147335.000000
364.900000	216877.000000
364.905000	100321.000000
364.910000	44741.000000
364.915000	30234.000000
364.920000	17184.000000
364.925000	9978.000000
364.930000	7054.000000
364.935000	4201.000000
364.940000	3299.000000
364.945000	2791.000000
364.950000	2343.000000
364.955000	1798.000000
364.960000	1765.000000
364.965000	1244.000000
364.970000	1220.000000
364.975000	1490.000000
364.980000	1175.000000
364.985000	1320.000000
364.990000	1092.000000
364.995000	965.000000
365.000000	911.000000
365.005000	744.000000
365.010000	878.000000
365.015000	811.000000
365.020000	534.000000
365.025000	585.000000
365.030000	545.000000
365.035000	569.000000
365.040000	586.000000
365.045000	544.000000
365.050000	482.000000
365.055000	537.000000
365.060000	504.000000
365.065000	396.000000
365.070000	392.000000
365.075000	575.000000
365.080000	378.000000
365.085000	392.000000
365.090000	455.000000
365.095000	441.000000
365.100000	365.000000
365.105000	304.000000
365.110000	230.000000
365.115000	310.000000
365.120000	333.000000
365.125000	405.000000
365.130000	422.000000
365.135000	340.000000
365.140000	423.000000
365.145000	324.000000
365.150000	327.000000
365.155000	355.000000
365.160000	262.000000
365.165000	319.000000
365.170000	326.000000
365.175000	323.000000
365.180000	348.000000
365.185000	324.000000
365.190000	313.000000
365.195000	296.000000
365.200000	454.000000
365.205000	276.000000
365.210000	272.000000
365.215000	208.000000
365.220000	197.000000
365.225000	321.000000
365.230000	242.000000
365.235000	352.000000
365.240000	294.000000
365.245000	249.000000
365.250000	245.000000
365.255000	225.000000
365.260000	272.000000
365.265000	262.000000
365.270000	262.000000
365.275000	374.000000
365.280000	294.000000
365.285000	472.000000
365.290000	378.000000
365.295000	623.000000
365.300000	629.000000
365.305000	1177.000000
365.310000	1870.000000
365.315000	2454.000000
365.320000	3032.000000
365.325000	4285.000000
365.330000	5001.000000
365.335000	5661.000000
365.340000	6565.000000
365.345000	8143.000000
365.350000	12799.000000
365.355000	23370.000000
365.360000	37185.000000
365.365000	44602.000000
365.370000	20602.000000
365.375000	11405.000000
365.380000	5707.000000
365.385000	3476.000000
365.390000	2034.000000
365.395000	1099.000000
365.400000	835.000000
365.405000	825.000000
365.410000	661.000000
365.415000	530.000000
365.420000	399.000000
365.425000	412.000000
365.430000	493.000000
365.435000	359.000000
365.440000	319.000000
365.445000	372.000000
365.450000	412.000000
365.455000	323.000000
365.460000	325.000000
365.465000	443.000000
365.470000	377.000000
365.475000	347.000000
365.480000	361.000000
365.485000	340.000000
365.490000	319.000000
365.495000	362.000000
365.500000	328.000000
365.505000	307.000000
365.510000	323.000000
365.515000	241.000000
365.520000	260.000000
365.525000	231.000000
365.530000	308.000000
365.535000	246.000000
365.540000	215.000000
365.545000	225.000000
365.550000	298.000000
365.555000	270.000000
365.560000	220.000000
365.565000	185.000000
365.570000	120.000000
365.575000	107.000000
365.580000	121.000000
365.585000	109.000000
365.590000	161.000000
365.595000	135.000000
365.600000	152.000000
