Sample ID:		None
Start Time:		Thu Jun 25 2020 12:12:44 AM
Averaging Time:		1.000s

364.600000	38.000000
364.605000	146.000000
364.610000	91.000000
364.615000	43.000000
364.620000	63.000000
364.625000	71.000000
364.630000	32.000000
364.635000	25.000000
364.640000	58.000000
364.645000	60.000000
364.650000	38.000000
364.655000	28.000000
364.660000	53.000000
364.665000	26.000000
364.670000	43.000000
364.675000	32.000000
364.680000	69.000000
364.685000	70.000000
364.690000	97.000000
364.695000	104.000000
364.700000	108.000000
364.705000	152.000000
364.710000	180.000000
364.715000	256.000000
364.720000	168.000000
364.725000	168.000000
364.730000	280.000000
364.735000	210.000000
364.740000	159.000000
364.745000	316.000000
364.750000	262.000000
364.755000	257.000000
364.760000	286.000000
364.765000	259.000000
364.770000	314.000000
364.775000	411.000000
364.780000	360.000000
364.785000	225.000000
364.790000	338.000000
364.795000	233.000000
364.800000	313.000000
364.805000	502.000000
364.810000	277.000000
364.815000	411.000000
364.820000	395.000000
364.825000	416.000000
364.830000	390.000000
364.835000	503.000000
364.840000	514.000000
364.845000	442.000000
364.850000	744.000000
364.855000	562.000000
364.860000	973.000000
364.865000	1203.000000
364.870000	1681.000000
364.875000	2914.000000
364.880000	4605.000000
364.885000	7420.000000
364.890000	11360.000000
364.895000	15240.000000
364.900000	19625.000000
364.905000	23646.000000
364.910000	29378.000000
364.915000	33128.000000
364.920000	42504.000000
364.925000	63513.000000
364.930000	140219.000000
364.935000	225240.000000
364.940000	131900.000000
364.945000	53590.000000
364.950000	30808.000000
364.955000	19822.000000
364.960000	12802.000000
364.965000	8338.000000
364.970000	4868.000000
364.975000	3415.000000
364.980000	2944.000000
364.985000	2251.000000
364.990000	1993.000000
364.995000	1901.000000
365.000000	1505.000000
365.005000	1401.000000
365.010000	1334.000000
365.015000	1206.000000
365.020000	1095.000000
365.025000	1072.000000
365.030000	1183.000000
365.035000	741.000000
365.040000	1039.000000
365.045000	837.000000
365.050000	1021.000000
365.055000	787.000000
365.060000	855.000000
365.065000	644.000000
365.070000	584.000000
365.075000	552.000000
365.080000	684.000000
365.085000	475.000000
365.090000	494.000000
365.095000	576.000000
365.100000	559.000000
365.105000	388.000000
365.110000	402.000000
365.115000	505.000000
365.120000	372.000000
365.125000	386.000000
365.130000	286.000000
365.135000	384.000000
365.140000	383.000000
365.145000	287.000000
365.150000	280.000000
365.155000	355.000000
365.160000	233.000000
365.165000	307.000000
365.170000	351.000000
365.175000	327.000000
365.180000	329.000000
365.185000	235.000000
365.190000	364.000000
365.195000	345.000000
365.200000	317.000000
365.205000	420.000000
365.210000	344.000000
365.215000	365.000000
365.220000	325.000000
365.225000	270.000000
365.230000	321.000000
365.235000	348.000000
365.240000	296.000000
365.245000	322.000000
365.250000	266.000000
365.255000	260.000000
365.260000	326.000000
365.265000	325.000000
365.270000	325.000000
365.275000	255.000000
365.280000	260.000000
365.285000	371.000000
365.290000	399.000000
365.295000	335.000000
365.300000	321.000000
365.305000	321.000000
365.310000	430.000000
365.315000	295.000000
365.320000	374.000000
365.325000	459.000000
365.330000	480.000000
365.335000	569.000000
365.340000	988.000000
365.345000	1433.000000
365.350000	2170.000000
365.355000	3053.000000
365.360000	3658.000000
365.365000	4898.000000
365.370000	6561.000000
365.375000	7143.000000
365.380000	7738.000000
365.385000	10980.000000
365.390000	19046.000000
365.395000	32321.000000
365.400000	48963.000000
365.405000	25745.000000
365.410000	13485.000000
365.415000	7400.000000
365.420000	4086.000000
365.425000	2483.000000
365.430000	1294.000000
365.435000	868.000000
365.440000	812.000000
365.445000	549.000000
365.450000	554.000000
365.455000	457.000000
365.460000	584.000000
365.465000	494.000000
365.470000	381.000000
365.475000	314.000000
365.480000	451.000000
365.485000	385.000000
365.490000	318.000000
365.495000	344.000000
365.500000	316.000000
365.505000	522.000000
365.510000	338.000000
365.515000	333.000000
365.520000	391.000000
365.525000	290.000000
365.530000	391.000000
365.535000	233.000000
365.540000	309.000000
365.545000	344.000000
365.550000	167.000000
365.555000	259.000000
365.560000	238.000000
365.565000	389.000000
365.570000	267.000000
365.575000	372.000000
365.580000	320.000000
365.585000	382.000000
365.590000	336.000000
365.595000	219.000000
365.600000	172.000000
