Sample ID:		None
Start Time:		Thu Jun 25 2020 3:38:14 AM
Averaging Time:		1.000s

364.600000	34.000000
364.605000	31.000000
364.610000	82.000000
364.615000	85.000000
364.620000	57.000000
364.625000	38.000000
364.630000	87.000000
364.635000	15.000000
364.640000	20.000000
364.645000	47.000000
364.650000	69.000000
364.655000	65.000000
364.660000	113.000000
364.665000	98.000000
364.670000	122.000000
364.675000	130.000000
364.680000	137.000000
364.685000	176.000000
364.690000	175.000000
364.695000	247.000000
364.700000	173.000000
364.705000	255.000000
364.710000	209.000000
364.715000	281.000000
364.720000	272.000000
364.725000	217.000000
364.730000	237.000000
364.735000	250.000000
364.740000	266.000000
364.745000	396.000000
364.750000	245.000000
364.755000	288.000000
364.760000	319.000000
364.765000	319.000000
364.770000	317.000000
364.775000	300.000000
364.780000	385.000000
364.785000	375.000000
364.790000	303.000000
364.795000	331.000000
364.800000	377.000000
364.805000	460.000000
364.810000	484.000000
364.815000	494.000000
364.820000	458.000000
364.825000	658.000000
364.830000	802.000000
364.835000	927.000000
364.840000	1205.000000
364.845000	1802.000000
364.850000	2918.000000
364.855000	4996.000000
364.860000	8422.000000
364.865000	11910.000000
364.870000	15797.000000
364.875000	19987.000000
364.880000	25643.000000
364.885000	29670.000000
364.890000	32263.000000
364.895000	45327.000000
364.900000	73614.000000
364.905000	171727.000000
364.910000	213729.000000
364.915000	105306.000000
364.920000	46216.000000
364.925000	27494.000000
364.930000	15537.000000
364.935000	10891.000000
364.940000	6523.000000
364.945000	4345.000000
364.950000	3288.000000
364.955000	2552.000000
364.960000	2220.000000
364.965000	1875.000000
364.970000	1591.000000
364.975000	1274.000000
364.980000	1339.000000
364.985000	1539.000000
364.990000	1162.000000
364.995000	1142.000000
365.000000	1124.000000
365.005000	934.000000
365.010000	912.000000
365.015000	758.000000
365.020000	845.000000
365.025000	728.000000
365.030000	787.000000
365.035000	869.000000
365.040000	682.000000
365.045000	581.000000
365.050000	827.000000
365.055000	555.000000
365.060000	356.000000
365.065000	446.000000
365.070000	422.000000
365.075000	551.000000
365.080000	385.000000
365.085000	390.000000
365.090000	382.000000
365.095000	346.000000
365.100000	328.000000
365.105000	345.000000
365.110000	416.000000
365.115000	350.000000
365.120000	278.000000
365.125000	289.000000
365.130000	290.000000
365.135000	294.000000
365.140000	307.000000
365.145000	438.000000
365.150000	315.000000
365.155000	289.000000
365.160000	330.000000
365.165000	347.000000
365.170000	420.000000
365.175000	306.000000
365.180000	260.000000
365.185000	255.000000
365.190000	301.000000
365.195000	410.000000
365.200000	253.000000
365.205000	334.000000
365.210000	284.000000
365.215000	289.000000
365.220000	324.000000
365.225000	194.000000
365.230000	294.000000
365.235000	281.000000
365.240000	258.000000
365.245000	270.000000
365.250000	273.000000
365.255000	281.000000
365.260000	308.000000
365.265000	175.000000
365.270000	373.000000
365.275000	274.000000
365.280000	345.000000
365.285000	302.000000
365.290000	385.000000
365.295000	425.000000
365.300000	480.000000
365.305000	503.000000
365.310000	894.000000
365.315000	1100.000000
365.320000	1292.000000
365.325000	2470.000000
365.330000	3273.000000
365.335000	4193.000000
365.340000	5180.000000
365.345000	6153.000000
365.350000	7041.000000
365.355000	7826.000000
365.360000	15412.000000
365.365000	24280.000000
365.370000	40858.000000
365.375000	38057.000000
365.380000	15428.000000
365.385000	8816.000000
365.390000	5031.000000
365.395000	3224.000000
365.400000	1910.000000
365.405000	1172.000000
365.410000	749.000000
365.415000	622.000000
365.420000	413.000000
365.425000	435.000000
365.430000	382.000000
365.435000	530.000000
365.440000	306.000000
365.445000	298.000000
365.450000	354.000000
365.455000	287.000000
365.460000	305.000000
365.465000	337.000000
365.470000	373.000000
365.475000	366.000000
365.480000	370.000000
365.485000	356.000000
365.490000	288.000000
365.495000	285.000000
365.500000	357.000000
365.505000	261.000000
365.510000	221.000000
365.515000	184.000000
365.520000	281.000000
365.525000	274.000000
365.530000	291.000000
365.535000	337.000000
365.540000	207.000000
365.545000	262.000000
365.550000	182.000000
365.555000	377.000000
365.560000	226.000000
365.565000	185.000000
365.570000	156.000000
365.575000	108.000000
365.580000	79.000000
365.585000	121.000000
365.590000	126.000000
365.595000	142.000000
365.600000	136.000000
