Sample ID:		None
Start Time:		Thu Jun 25 2020 1:13:49 AM
Averaging Time:		1.000s

364.600000	43.000000
364.605000	34.000000
364.610000	16.000000
364.615000	40.000000
364.620000	44.000000
364.625000	22.000000
364.630000	59.000000
364.635000	45.000000
364.640000	51.000000
364.645000	47.000000
364.650000	52.000000
364.655000	51.000000
364.660000	55.000000
364.665000	70.000000
364.670000	24.000000
364.675000	111.000000
364.680000	86.000000
364.685000	71.000000
364.690000	92.000000
364.695000	77.000000
364.700000	171.000000
364.705000	212.000000
364.710000	168.000000
364.715000	244.000000
364.720000	99.000000
364.725000	325.000000
364.730000	226.000000
364.735000	265.000000
364.740000	240.000000
364.745000	239.000000
364.750000	264.000000
364.755000	258.000000
364.760000	214.000000
364.765000	273.000000
364.770000	195.000000
364.775000	200.000000
364.780000	343.000000
364.785000	298.000000
364.790000	216.000000
364.795000	317.000000
364.800000	261.000000
364.805000	369.000000
364.810000	261.000000
364.815000	243.000000
364.820000	528.000000
364.825000	301.000000
364.830000	429.000000
364.835000	500.000000
364.840000	517.000000
364.845000	542.000000
364.850000	834.000000
364.855000	836.000000
364.860000	1119.000000
364.865000	1547.000000
364.870000	2626.000000
364.875000	4230.000000
364.880000	6074.000000
364.885000	10261.000000
364.890000	13751.000000
364.895000	19046.000000
364.900000	23595.000000
364.905000	26909.000000
364.910000	31609.000000
364.915000	40163.000000
364.920000	58887.000000
364.925000	112243.000000
364.930000	214970.000000
364.935000	129260.000000
364.940000	59194.000000
364.945000	35574.000000
364.950000	22005.000000
364.955000	10946.000000
364.960000	8711.000000
364.965000	5424.000000
364.970000	3897.000000
364.975000	3014.000000
364.980000	2542.000000
364.985000	1762.000000
364.990000	1719.000000
364.995000	1826.000000
365.000000	1406.000000
365.005000	1355.000000
365.010000	1264.000000
365.015000	1137.000000
365.020000	1135.000000
365.025000	1049.000000
365.030000	724.000000
365.035000	883.000000
365.040000	842.000000
365.045000	763.000000
365.050000	831.000000
365.055000	715.000000
365.060000	727.000000
365.065000	691.000000
365.070000	596.000000
365.075000	540.000000
365.080000	616.000000
365.085000	538.000000
365.090000	464.000000
365.095000	563.000000
365.100000	510.000000
365.105000	377.000000
365.110000	481.000000
365.115000	445.000000
365.120000	463.000000
365.125000	387.000000
365.130000	194.000000
365.135000	335.000000
365.140000	427.000000
365.145000	388.000000
365.150000	330.000000
365.155000	321.000000
365.160000	300.000000
365.165000	263.000000
365.170000	213.000000
365.175000	496.000000
365.180000	294.000000
365.185000	243.000000
365.190000	304.000000
365.195000	373.000000
365.200000	302.000000
365.205000	288.000000
365.210000	432.000000
365.215000	287.000000
365.220000	335.000000
365.225000	333.000000
365.230000	359.000000
365.235000	310.000000
365.240000	273.000000
365.245000	319.000000
365.250000	187.000000
365.255000	254.000000
365.260000	199.000000
365.265000	311.000000
365.270000	306.000000
365.275000	280.000000
365.280000	182.000000
365.285000	357.000000
365.290000	341.000000
365.295000	268.000000
365.300000	293.000000
365.305000	155.000000
365.310000	350.000000
365.315000	416.000000
365.320000	371.000000
365.325000	440.000000
365.330000	769.000000
365.335000	939.000000
365.340000	1640.000000
365.345000	2019.000000
365.350000	3359.000000
365.355000	4314.000000
365.360000	4786.000000
365.365000	5448.000000
365.370000	6800.000000
365.375000	7866.000000
365.380000	12624.000000
365.385000	18672.000000
365.390000	35498.000000
365.395000	43615.000000
365.400000	24758.000000
365.405000	10701.000000
365.410000	5948.000000
365.415000	4010.000000
365.420000	2095.000000
365.425000	1444.000000
365.430000	966.000000
365.435000	680.000000
365.440000	595.000000
365.445000	521.000000
365.450000	672.000000
365.455000	524.000000
365.460000	378.000000
365.465000	355.000000
365.470000	337.000000
365.475000	406.000000
365.480000	257.000000
365.485000	322.000000
365.490000	345.000000
365.495000	349.000000
365.500000	388.000000
365.505000	335.000000
365.510000	346.000000
365.515000	347.000000
365.520000	348.000000
365.525000	226.000000
365.530000	321.000000
365.535000	265.000000
365.540000	273.000000
365.545000	231.000000
365.550000	268.000000
365.555000	311.000000
365.560000	273.000000
365.565000	242.000000
365.570000	205.000000
365.575000	351.000000
365.580000	214.000000
365.585000	243.000000
365.590000	187.000000
365.595000	155.000000
365.600000	146.000000
