Sample ID:		None
Start Time:		Thu Jun 25 2020 3:27:08 AM
Averaging Time:		1.000s

364.600000	35.000000
364.605000	65.000000
364.610000	54.000000
364.615000	38.000000
364.620000	47.000000
364.625000	37.000000
364.630000	53.000000
364.635000	52.000000
364.640000	49.000000
364.645000	51.000000
364.650000	89.000000
364.655000	72.000000
364.660000	89.000000
364.665000	92.000000
364.670000	124.000000
364.675000	173.000000
364.680000	185.000000
364.685000	235.000000
364.690000	245.000000
364.695000	221.000000
364.700000	257.000000
364.705000	250.000000
364.710000	197.000000
364.715000	228.000000
364.720000	192.000000
364.725000	257.000000
364.730000	230.000000
364.735000	229.000000
364.740000	254.000000
364.745000	245.000000
364.750000	331.000000
364.755000	205.000000
364.760000	304.000000
364.765000	393.000000
364.770000	268.000000
364.775000	249.000000
364.780000	412.000000
364.785000	433.000000
364.790000	346.000000
364.795000	329.000000
364.800000	341.000000
364.805000	397.000000
364.810000	446.000000
364.815000	455.000000
364.820000	580.000000
364.825000	764.000000
364.830000	609.000000
364.835000	691.000000
364.840000	835.000000
364.845000	1616.000000
364.850000	2193.000000
364.855000	4404.000000
364.860000	6224.000000
364.865000	9836.000000
364.870000	13969.000000
364.875000	19114.000000
364.880000	22215.000000
364.885000	26567.000000
364.890000	30344.000000
364.895000	38805.000000
364.900000	53951.000000
364.905000	106492.000000
364.910000	214517.000000
364.915000	155099.000000
364.920000	62912.000000
364.925000	36816.000000
364.930000	22467.000000
364.935000	10655.000000
364.940000	8520.000000
364.945000	5446.000000
364.950000	3393.000000
364.955000	2875.000000
364.960000	2303.000000
364.965000	2099.000000
364.970000	2013.000000
364.975000	1565.000000
364.980000	1512.000000
364.985000	1401.000000
364.990000	1388.000000
364.995000	1302.000000
365.000000	1035.000000
365.005000	1065.000000
365.010000	912.000000
365.015000	1055.000000
365.020000	811.000000
365.025000	858.000000
365.030000	912.000000
365.035000	794.000000
365.040000	710.000000
365.045000	661.000000
365.050000	561.000000
365.055000	678.000000
365.060000	497.000000
365.065000	477.000000
365.070000	366.000000
365.075000	383.000000
365.080000	609.000000
365.085000	374.000000
365.090000	493.000000
365.095000	342.000000
365.100000	308.000000
365.105000	276.000000
365.110000	227.000000
365.115000	385.000000
365.120000	290.000000
365.125000	366.000000
365.130000	315.000000
365.135000	354.000000
365.140000	375.000000
365.145000	411.000000
365.150000	349.000000
365.155000	276.000000
365.160000	284.000000
365.165000	449.000000
365.170000	401.000000
365.175000	357.000000
365.180000	399.000000
365.185000	346.000000
365.190000	345.000000
365.195000	271.000000
365.200000	258.000000
365.205000	256.000000
365.210000	357.000000
365.215000	184.000000
365.220000	308.000000
365.225000	203.000000
365.230000	239.000000
365.235000	183.000000
365.240000	215.000000
365.245000	248.000000
365.250000	328.000000
365.255000	229.000000
365.260000	371.000000
365.265000	302.000000
365.270000	295.000000
365.275000	320.000000
365.280000	247.000000
365.285000	328.000000
365.290000	338.000000
365.295000	320.000000
365.300000	365.000000
365.305000	363.000000
365.310000	516.000000
365.315000	909.000000
365.320000	1465.000000
365.325000	2004.000000
365.330000	2524.000000
365.335000	3736.000000
365.340000	4485.000000
365.345000	5213.000000
365.350000	6273.000000
365.355000	7358.000000
365.360000	9819.000000
365.365000	15755.000000
365.370000	26576.000000
365.375000	44772.000000
365.380000	28078.000000
365.385000	15714.000000
365.390000	7763.000000
365.395000	3701.000000
365.400000	2471.000000
365.405000	1920.000000
365.410000	1222.000000
365.415000	675.000000
365.420000	525.000000
365.425000	557.000000
365.430000	357.000000
365.435000	477.000000
365.440000	500.000000
365.445000	378.000000
365.450000	503.000000
365.455000	419.000000
365.460000	311.000000
365.465000	279.000000
365.470000	385.000000
365.475000	341.000000
365.480000	304.000000
365.485000	343.000000
365.490000	326.000000
365.495000	342.000000
365.500000	329.000000
365.505000	208.000000
365.510000	399.000000
365.515000	298.000000
365.520000	275.000000
365.525000	232.000000
365.530000	233.000000
365.535000	211.000000
365.540000	299.000000
365.545000	332.000000
365.550000	242.000000
365.555000	253.000000
365.560000	187.000000
365.565000	195.000000
365.570000	187.000000
365.575000	214.000000
365.580000	130.000000
365.585000	148.000000
365.590000	79.000000
365.595000	154.000000
365.600000	161.000000
