Sample ID:		None
Start Time:		Thu Jun 25 2020 5:29:18 AM
Averaging Time:		1.000s

364.600000	42.000000
364.605000	65.000000
364.610000	197.000000
364.615000	143.000000
364.620000	183.000000
364.625000	170.000000
364.630000	309.000000
364.635000	218.000000
364.640000	129.000000
364.645000	305.000000
364.650000	248.000000
364.655000	194.000000
364.660000	189.000000
364.665000	349.000000
364.670000	236.000000
364.675000	233.000000
364.680000	241.000000
364.685000	382.000000
364.690000	196.000000
364.695000	151.000000
364.700000	275.000000
364.705000	254.000000
364.710000	268.000000
364.715000	322.000000
364.720000	268.000000
364.725000	301.000000
364.730000	326.000000
364.735000	353.000000
364.740000	527.000000
364.745000	534.000000
364.750000	479.000000
364.755000	650.000000
364.760000	504.000000
364.765000	597.000000
364.770000	659.000000
364.775000	973.000000
364.780000	1282.000000
364.785000	1682.000000
364.790000	3089.000000
364.795000	5092.000000
364.800000	8743.000000
364.805000	12861.000000
364.810000	16388.000000
364.815000	19785.000000
364.820000	25003.000000
364.825000	30753.000000
364.830000	35527.000000
364.835000	47906.000000
364.840000	79795.000000
364.845000	177546.000000
364.850000	202210.000000
364.855000	86445.000000
364.860000	41448.000000
364.865000	25819.000000
364.870000	15644.000000
364.875000	9325.000000
364.880000	5341.000000
364.885000	4028.000000
364.890000	3345.000000
364.895000	2447.000000
364.900000	2224.000000
364.905000	1653.000000
364.910000	1581.000000
364.915000	1613.000000
364.920000	1330.000000
364.925000	1314.000000
364.930000	1262.000000
364.935000	1151.000000
364.940000	1025.000000
364.945000	1062.000000
364.950000	915.000000
364.955000	843.000000
364.960000	790.000000
364.965000	733.000000
364.970000	639.000000
364.975000	719.000000
364.980000	587.000000
364.985000	554.000000
364.990000	605.000000
364.995000	607.000000
365.000000	610.000000
365.005000	564.000000
365.010000	510.000000
365.015000	465.000000
365.020000	386.000000
365.025000	355.000000
365.030000	271.000000
365.035000	299.000000
365.040000	368.000000
365.045000	389.000000
365.050000	368.000000
365.055000	464.000000
365.060000	205.000000
365.065000	336.000000
365.070000	320.000000
365.075000	352.000000
365.080000	398.000000
365.085000	425.000000
365.090000	436.000000
365.095000	273.000000
365.100000	244.000000
365.105000	395.000000
365.110000	316.000000
365.115000	307.000000
365.120000	219.000000
365.125000	348.000000
365.130000	211.000000
365.135000	261.000000
365.140000	279.000000
365.145000	344.000000
365.150000	384.000000
365.155000	341.000000
365.160000	328.000000
365.165000	173.000000
365.170000	260.000000
365.175000	212.000000
365.180000	237.000000
365.185000	275.000000
365.190000	336.000000
365.195000	257.000000
365.200000	291.000000
365.205000	363.000000
365.210000	213.000000
365.215000	282.000000
365.220000	393.000000
365.225000	366.000000
365.230000	298.000000
365.235000	372.000000
365.240000	395.000000
365.245000	659.000000
365.250000	820.000000
365.255000	1099.000000
365.260000	2155.000000
365.265000	2641.000000
365.270000	3125.000000
365.275000	4571.000000
365.280000	5388.000000
365.285000	6428.000000
365.290000	6882.000000
365.295000	9467.000000
365.300000	15968.000000
365.305000	27135.000000
365.310000	46457.000000
365.315000	32141.000000
365.320000	10647.000000
365.325000	7986.000000
365.330000	4667.000000
365.335000	2565.000000
365.340000	1807.000000
365.345000	1065.000000
365.350000	770.000000
365.355000	640.000000
365.360000	478.000000
365.365000	474.000000
365.370000	403.000000
365.375000	452.000000
365.380000	328.000000
365.385000	494.000000
365.390000	343.000000
365.395000	397.000000
365.400000	357.000000
365.405000	344.000000
365.410000	349.000000
365.415000	381.000000
365.420000	292.000000
365.425000	319.000000
365.430000	286.000000
365.435000	259.000000
365.440000	279.000000
365.445000	248.000000
365.450000	301.000000
365.455000	238.000000
365.460000	254.000000
365.465000	439.000000
365.470000	273.000000
365.475000	260.000000
365.480000	281.000000
365.485000	247.000000
365.490000	183.000000
365.495000	234.000000
365.500000	222.000000
365.505000	224.000000
365.510000	99.000000
365.515000	131.000000
365.520000	137.000000
365.525000	143.000000
365.530000	107.000000
365.535000	167.000000
365.540000	134.000000
365.545000	107.000000
365.550000	127.000000
365.555000	185.000000
365.560000	168.000000
365.565000	97.000000
365.570000	123.000000
365.575000	78.000000
365.580000	122.000000
365.585000	72.000000
365.590000	59.000000
365.595000	68.000000
365.600000	99.000000
