Sample ID:		None
Start Time:		Thu Jun 25 2020 9:05:55 AM
Averaging Time:		1.000s

364.600000	5037.000000
364.605000	7044.000000
364.610000	12227.000000
364.615000	18965.000000
364.620000	21679.000000
364.625000	27074.000000
364.630000	32859.000000
364.635000	39499.000000
364.640000	54389.000000
364.645000	100007.000000
364.650000	220574.000000
364.655000	170820.000000
364.660000	70290.000000
364.665000	37745.000000
364.670000	24067.000000
364.675000	10703.000000
364.680000	8173.000000
364.685000	5664.000000
364.690000	3577.000000
364.695000	2974.000000
364.700000	2606.000000
364.705000	2346.000000
364.710000	1783.000000
364.715000	1600.000000
364.720000	1700.000000
364.725000	1217.000000
364.730000	1439.000000
364.735000	1072.000000
364.740000	1209.000000
364.745000	1080.000000
364.750000	1028.000000
364.755000	927.000000
364.760000	880.000000
364.765000	942.000000
364.770000	816.000000
364.775000	689.000000
364.780000	643.000000
364.785000	629.000000
364.790000	554.000000
364.795000	720.000000
364.800000	399.000000
364.805000	640.000000
364.810000	638.000000
364.815000	465.000000
364.820000	415.000000
364.825000	511.000000
364.830000	429.000000
364.835000	430.000000
364.840000	368.000000
364.845000	351.000000
364.850000	311.000000
364.855000	448.000000
364.860000	248.000000
364.865000	277.000000
364.870000	232.000000
364.875000	486.000000
364.880000	334.000000
364.885000	317.000000
364.890000	340.000000
364.895000	318.000000
364.900000	396.000000
364.905000	430.000000
364.910000	317.000000
364.915000	265.000000
364.920000	208.000000
364.925000	331.000000
364.930000	307.000000
364.935000	350.000000
364.940000	293.000000
364.945000	254.000000
364.950000	473.000000
364.955000	247.000000
364.960000	311.000000
364.965000	233.000000
364.970000	284.000000
364.975000	247.000000
364.980000	318.000000
364.985000	255.000000
364.990000	280.000000
364.995000	203.000000
365.000000	413.000000
365.005000	333.000000
365.010000	261.000000
365.015000	345.000000
365.020000	435.000000
365.025000	290.000000
365.030000	407.000000
365.035000	279.000000
365.040000	281.000000
365.045000	426.000000
365.050000	523.000000
365.055000	878.000000
365.060000	1243.000000
365.065000	1874.000000
365.070000	2703.000000
365.075000	3391.000000
365.080000	5060.000000
365.085000	5509.000000
365.090000	5900.000000
365.095000	8104.000000
365.100000	8905.000000
365.105000	15059.000000
365.110000	25291.000000
365.115000	48980.000000
365.120000	40795.000000
365.125000	16753.000000
365.130000	8158.000000
365.135000	4934.000000
365.140000	3072.000000
365.145000	1901.000000
365.150000	1380.000000
365.155000	880.000000
365.160000	656.000000
365.165000	464.000000
365.170000	492.000000
365.175000	375.000000
365.180000	513.000000
365.185000	324.000000
365.190000	416.000000
365.195000	448.000000
365.200000	477.000000
365.205000	335.000000
365.210000	429.000000
365.215000	253.000000
365.220000	373.000000
365.225000	317.000000
365.230000	342.000000
365.235000	276.000000
365.240000	229.000000
365.245000	324.000000
365.250000	344.000000
365.255000	275.000000
365.260000	285.000000
365.265000	280.000000
365.270000	155.000000
365.275000	302.000000
365.280000	339.000000
365.285000	309.000000
365.290000	271.000000
365.295000	208.000000
365.300000	293.000000
365.305000	297.000000
365.310000	227.000000
365.315000	161.000000
365.320000	165.000000
365.325000	118.000000
365.330000	195.000000
365.335000	111.000000
365.340000	121.000000
365.345000	186.000000
365.350000	113.000000
365.355000	156.000000
365.360000	105.000000
365.365000	107.000000
365.370000	115.000000
365.375000	103.000000
365.380000	83.000000
365.385000	96.000000
365.390000	142.000000
365.395000	97.000000
365.400000	131.000000
365.405000	147.000000
365.410000	72.000000
365.415000	222.000000
365.420000	76.000000
365.425000	68.000000
365.430000	68.000000
365.435000	75.000000
365.440000	92.000000
365.445000	108.000000
365.450000	68.000000
365.455000	87.000000
365.460000	124.000000
365.465000	107.000000
365.470000	109.000000
365.475000	111.000000
365.480000	95.000000
365.485000	97.000000
365.490000	73.000000
365.495000	49.000000
365.500000	113.000000
365.505000	124.000000
365.510000	94.000000
365.515000	93.000000
365.520000	99.000000
365.525000	130.000000
365.530000	128.000000
365.535000	112.000000
365.540000	78.000000
365.545000	62.000000
365.550000	41.000000
365.555000	65.000000
365.560000	45.000000
365.565000	75.000000
365.570000	45.000000
365.575000	82.000000
365.580000	35.000000
365.585000	47.000000
365.590000	80.000000
365.595000	126.000000
365.600000	44.000000
