Sample ID:		None
Start Time:		Thu Jun 25 2020 10:01:27 AM
Averaging Time:		1.000s

364.600000	33283.000000
364.605000	46801.000000
364.610000	86968.000000
364.615000	207999.000000
364.620000	149376.000000
364.625000	65788.000000
364.630000	36401.000000
364.635000	21581.000000
364.640000	12999.000000
364.645000	8723.000000
364.650000	4791.000000
364.655000	3992.000000
364.660000	3132.000000
364.665000	2318.000000
364.670000	2170.000000
364.675000	1776.000000
364.680000	1535.000000
364.685000	1467.000000
364.690000	1254.000000
364.695000	1465.000000
364.700000	1244.000000
364.705000	1184.000000
364.710000	1115.000000
364.715000	878.000000
364.720000	1118.000000
364.725000	878.000000
364.730000	844.000000
364.735000	815.000000
364.740000	790.000000
364.745000	644.000000
364.750000	551.000000
364.755000	666.000000
364.760000	571.000000
364.765000	578.000000
364.770000	542.000000
364.775000	557.000000
364.780000	598.000000
364.785000	429.000000
364.790000	427.000000
364.795000	428.000000
364.800000	471.000000
364.805000	389.000000
364.810000	444.000000
364.815000	422.000000
364.820000	502.000000
364.825000	269.000000
364.830000	366.000000
364.835000	410.000000
364.840000	522.000000
364.845000	359.000000
364.850000	477.000000
364.855000	466.000000
364.860000	389.000000
364.865000	341.000000
364.870000	360.000000
364.875000	339.000000
364.880000	366.000000
364.885000	302.000000
364.890000	320.000000
364.895000	358.000000
364.900000	319.000000
364.905000	367.000000
364.910000	376.000000
364.915000	342.000000
364.920000	315.000000
364.925000	295.000000
364.930000	425.000000
364.935000	261.000000
364.940000	315.000000
364.945000	206.000000
364.950000	317.000000
364.955000	347.000000
364.960000	411.000000
364.965000	360.000000
364.970000	365.000000
364.975000	368.000000
364.980000	419.000000
364.985000	417.000000
364.990000	359.000000
364.995000	361.000000
365.000000	439.000000
365.005000	431.000000
365.010000	417.000000
365.015000	720.000000
365.020000	1020.000000
365.025000	1258.000000
365.030000	2092.000000
365.035000	2806.000000
365.040000	3547.000000
365.045000	4976.000000
365.050000	5902.000000
365.055000	6612.000000
365.060000	7787.000000
365.065000	9853.000000
365.070000	18222.000000
365.075000	24184.000000
365.080000	42970.000000
365.085000	31226.000000
365.090000	17298.000000
365.095000	8901.000000
365.100000	4959.000000
365.105000	3068.000000
365.110000	2006.000000
365.115000	1395.000000
365.120000	805.000000
365.125000	743.000000
365.130000	518.000000
365.135000	513.000000
365.140000	449.000000
365.145000	517.000000
365.150000	400.000000
365.155000	360.000000
365.160000	456.000000
365.165000	582.000000
365.170000	484.000000
365.175000	399.000000
365.180000	334.000000
365.185000	291.000000
365.190000	333.000000
365.195000	358.000000
365.200000	438.000000
365.205000	361.000000
365.210000	402.000000
365.215000	274.000000
365.220000	283.000000
365.225000	352.000000
365.230000	289.000000
365.235000	352.000000
365.240000	363.000000
365.245000	250.000000
365.250000	287.000000
365.255000	417.000000
365.260000	345.000000
365.265000	271.000000
365.270000	377.000000
365.275000	278.000000
365.280000	292.000000
365.285000	139.000000
365.290000	132.000000
365.295000	188.000000
365.300000	140.000000
365.305000	168.000000
365.310000	255.000000
365.315000	143.000000
365.320000	186.000000
365.325000	121.000000
365.330000	125.000000
365.335000	161.000000
365.340000	130.000000
365.345000	119.000000
365.350000	123.000000
365.355000	102.000000
365.360000	137.000000
365.365000	108.000000
365.370000	97.000000
365.375000	177.000000
365.380000	141.000000
365.385000	156.000000
365.390000	106.000000
365.395000	85.000000
365.400000	197.000000
365.405000	121.000000
365.410000	141.000000
365.415000	126.000000
365.420000	136.000000
365.425000	134.000000
365.430000	107.000000
365.435000	157.000000
365.440000	108.000000
365.445000	111.000000
365.450000	134.000000
365.455000	90.000000
365.460000	136.000000
365.465000	94.000000
365.470000	107.000000
365.475000	113.000000
365.480000	173.000000
365.485000	98.000000
365.490000	116.000000
365.495000	111.000000
365.500000	76.000000
365.505000	88.000000
365.510000	103.000000
365.515000	103.000000
365.520000	111.000000
365.525000	123.000000
365.530000	101.000000
365.535000	86.000000
365.540000	78.000000
365.545000	96.000000
365.550000	112.000000
365.555000	144.000000
365.560000	79.000000
365.565000	165.000000
365.570000	109.000000
365.575000	239.000000
365.580000	54.000000
365.585000	154.000000
365.590000	141.000000
365.595000	108.000000
365.600000	63.000000
