Sample ID:		None
Start Time:		Thu Jun 25 2020 12:01:38 AM
Averaging Time:		1.000s

364.600000	39.000000
364.605000	101.000000
364.610000	31.000000
364.615000	42.000000
364.620000	28.000000
364.625000	134.000000
364.630000	55.000000
364.635000	32.000000
364.640000	34.000000
364.645000	59.000000
364.650000	70.000000
364.655000	81.000000
364.660000	114.000000
364.665000	32.000000
364.670000	57.000000
364.675000	56.000000
364.680000	52.000000
364.685000	65.000000
364.690000	94.000000
364.695000	117.000000
364.700000	260.000000
364.705000	263.000000
364.710000	310.000000
364.715000	130.000000
364.720000	242.000000
364.725000	211.000000
364.730000	165.000000
364.735000	157.000000
364.740000	297.000000
364.745000	292.000000
364.750000	254.000000
364.755000	178.000000
364.760000	317.000000
364.765000	388.000000
364.770000	402.000000
364.775000	175.000000
364.780000	346.000000
364.785000	265.000000
364.790000	367.000000
364.795000	390.000000
364.800000	333.000000
364.805000	333.000000
364.810000	386.000000
364.815000	351.000000
364.820000	404.000000
364.825000	508.000000
364.830000	524.000000
364.835000	456.000000
364.840000	492.000000
364.845000	546.000000
364.850000	598.000000
364.855000	953.000000
364.860000	1057.000000
364.865000	1510.000000
364.870000	2383.000000
364.875000	3991.000000
364.880000	5480.000000
364.885000	8873.000000
364.890000	13170.000000
364.895000	18034.000000
364.900000	20746.000000
364.905000	25261.000000
364.910000	32454.000000
364.915000	36159.000000
364.920000	47322.000000
364.925000	85418.000000
364.930000	178368.000000
364.935000	212522.000000
364.940000	90420.000000
364.945000	45808.000000
364.950000	27112.000000
364.955000	16437.000000
364.960000	10372.000000
364.965000	6457.000000
364.970000	4549.000000
364.975000	3145.000000
364.980000	2589.000000
364.985000	2016.000000
364.990000	2081.000000
364.995000	1661.000000
365.000000	1447.000000
365.005000	1354.000000
365.010000	1451.000000
365.015000	1468.000000
365.020000	1238.000000
365.025000	1191.000000
365.030000	1104.000000
365.035000	914.000000
365.040000	870.000000
365.045000	868.000000
365.050000	759.000000
365.055000	736.000000
365.060000	801.000000
365.065000	719.000000
365.070000	542.000000
365.075000	636.000000
365.080000	690.000000
365.085000	435.000000
365.090000	514.000000
365.095000	582.000000
365.100000	447.000000
365.105000	439.000000
365.110000	386.000000
365.115000	411.000000
365.120000	327.000000
365.125000	435.000000
365.130000	329.000000
365.135000	251.000000
365.140000	295.000000
365.145000	370.000000
365.150000	257.000000
365.155000	274.000000
365.160000	349.000000
365.165000	350.000000
365.170000	393.000000
365.175000	373.000000
365.180000	328.000000
365.185000	341.000000
365.190000	254.000000
365.195000	394.000000
365.200000	357.000000
365.205000	306.000000
365.210000	305.000000
365.215000	196.000000
365.220000	428.000000
365.225000	335.000000
365.230000	461.000000
365.235000	282.000000
365.240000	236.000000
365.245000	267.000000
365.250000	336.000000
365.255000	301.000000
365.260000	248.000000
365.265000	264.000000
365.270000	181.000000
365.275000	307.000000
365.280000	304.000000
365.285000	283.000000
365.290000	350.000000
365.295000	504.000000
365.300000	344.000000
365.305000	300.000000
365.310000	367.000000
365.315000	267.000000
365.320000	406.000000
365.325000	494.000000
365.330000	486.000000
365.335000	840.000000
365.340000	956.000000
365.345000	1335.000000
365.350000	1811.000000
365.355000	3251.000000
365.360000	4302.000000
365.365000	4739.000000
365.370000	6462.000000
365.375000	6847.000000
365.380000	8114.000000
365.385000	11193.000000
365.390000	19568.000000
365.395000	33422.000000
365.400000	47849.000000
365.405000	26861.000000
365.410000	12294.000000
365.415000	7635.000000
365.420000	4517.000000
365.425000	2343.000000
365.430000	1613.000000
365.435000	1059.000000
365.440000	775.000000
365.445000	708.000000
365.450000	560.000000
365.455000	543.000000
365.460000	418.000000
365.465000	409.000000
365.470000	459.000000
365.475000	470.000000
365.480000	421.000000
365.485000	269.000000
365.490000	302.000000
365.495000	304.000000
365.500000	420.000000
365.505000	313.000000
365.510000	340.000000
365.515000	393.000000
365.520000	369.000000
365.525000	281.000000
365.530000	236.000000
365.535000	272.000000
365.540000	310.000000
365.545000	254.000000
365.550000	390.000000
365.555000	196.000000
365.560000	241.000000
365.565000	202.000000
365.570000	365.000000
365.575000	263.000000
365.580000	253.000000
365.585000	209.000000
365.590000	218.000000
365.595000	233.000000
365.600000	181.000000
