Sample ID:		None
Start Time:		Thu Jun 25 2020 2:26:02 AM
Averaging Time:		1.000s

364.600000	33.000000
364.605000	28.000000
364.610000	18.000000
364.615000	56.000000
364.620000	54.000000
364.625000	43.000000
364.630000	24.000000
364.635000	82.000000
364.640000	120.000000
364.645000	45.000000
364.650000	59.000000
364.655000	59.000000
364.660000	47.000000
364.665000	52.000000
364.670000	58.000000
364.675000	67.000000
364.680000	126.000000
364.685000	93.000000
364.690000	97.000000
364.695000	115.000000
364.700000	216.000000
364.705000	117.000000
364.710000	271.000000
364.715000	232.000000
364.720000	276.000000
364.725000	246.000000
364.730000	183.000000
364.735000	204.000000
364.740000	240.000000
364.745000	234.000000
364.750000	191.000000
364.755000	303.000000
364.760000	240.000000
364.765000	261.000000
364.770000	278.000000
364.775000	308.000000
364.780000	296.000000
364.785000	274.000000
364.790000	370.000000
364.795000	333.000000
364.800000	446.000000
364.805000	335.000000
364.810000	407.000000
364.815000	558.000000
364.820000	568.000000
364.825000	436.000000
364.830000	481.000000
364.835000	586.000000
364.840000	579.000000
364.845000	645.000000
364.850000	782.000000
364.855000	937.000000
364.860000	1118.000000
364.865000	2137.000000
364.870000	3200.000000
364.875000	5704.000000
364.880000	8953.000000
364.885000	13026.000000
364.890000	16364.000000
364.895000	21573.000000
364.900000	25524.000000
364.905000	29591.000000
364.910000	34388.000000
364.915000	57554.000000
364.920000	79466.000000
364.925000	176619.000000
364.930000	184662.000000
364.935000	78917.000000
364.940000	43844.000000
364.945000	26726.000000
364.950000	15212.000000
364.955000	9643.000000
364.960000	6397.000000
364.965000	4151.000000
364.970000	3030.000000
364.975000	2611.000000
364.980000	2102.000000
364.985000	1898.000000
364.990000	1643.000000
364.995000	1403.000000
365.000000	1497.000000
365.005000	1332.000000
365.010000	1457.000000
365.015000	1237.000000
365.020000	950.000000
365.025000	932.000000
365.030000	746.000000
365.035000	857.000000
365.040000	824.000000
365.045000	767.000000
365.050000	764.000000
365.055000	606.000000
365.060000	629.000000
365.065000	589.000000
365.070000	634.000000
365.075000	473.000000
365.080000	600.000000
365.085000	530.000000
365.090000	322.000000
365.095000	391.000000
365.100000	450.000000
365.105000	383.000000
365.110000	304.000000
365.115000	346.000000
365.120000	378.000000
365.125000	332.000000
365.130000	427.000000
365.135000	353.000000
365.140000	387.000000
365.145000	315.000000
365.150000	271.000000
365.155000	272.000000
365.160000	356.000000
365.165000	243.000000
365.170000	381.000000
365.175000	316.000000
365.180000	327.000000
365.185000	373.000000
365.190000	343.000000
365.195000	364.000000
365.200000	251.000000
365.205000	253.000000
365.210000	297.000000
365.215000	296.000000
365.220000	293.000000
365.225000	269.000000
365.230000	286.000000
365.235000	196.000000
365.240000	278.000000
365.245000	234.000000
365.250000	292.000000
365.255000	186.000000
365.260000	305.000000
365.265000	282.000000
365.270000	283.000000
365.275000	279.000000
365.280000	301.000000
365.285000	195.000000
365.290000	292.000000
365.295000	333.000000
365.300000	294.000000
365.305000	236.000000
365.310000	327.000000
365.315000	502.000000
365.320000	474.000000
365.325000	518.000000
365.330000	932.000000
365.335000	1068.000000
365.340000	1613.000000
365.345000	2398.000000
365.350000	4004.000000
365.355000	4153.000000
365.360000	4778.000000
365.365000	5818.000000
365.370000	7392.000000
365.375000	10155.000000
365.380000	15762.000000
365.385000	24398.000000
365.390000	45378.000000
365.395000	32676.000000
365.400000	17333.000000
365.405000	8730.000000
365.410000	4986.000000
365.415000	2685.000000
365.420000	1882.000000
365.425000	1364.000000
365.430000	934.000000
365.435000	582.000000
365.440000	716.000000
365.445000	398.000000
365.450000	456.000000
365.455000	451.000000
365.460000	394.000000
365.465000	519.000000
365.470000	404.000000
365.475000	370.000000
365.480000	418.000000
365.485000	374.000000
365.490000	322.000000
365.495000	374.000000
365.500000	342.000000
365.505000	320.000000
365.510000	352.000000
365.515000	402.000000
365.520000	277.000000
365.525000	235.000000
365.530000	282.000000
365.535000	263.000000
365.540000	225.000000
365.545000	293.000000
365.550000	247.000000
365.555000	248.000000
365.560000	477.000000
365.565000	187.000000
365.570000	256.000000
365.575000	213.000000
365.580000	212.000000
365.585000	210.000000
365.590000	230.000000
365.595000	116.000000
365.600000	150.000000
