Sample ID:		None
Start Time:		Thu Jun 25 2020 5:07:05 AM
Averaging Time:		1.000s

364.600000	83.000000
364.605000	32.000000
364.610000	64.000000
364.615000	69.000000
364.620000	52.000000
364.625000	52.000000
364.630000	101.000000
364.635000	128.000000
364.640000	123.000000
364.645000	267.000000
364.650000	196.000000
364.655000	236.000000
364.660000	191.000000
364.665000	284.000000
364.670000	323.000000
364.675000	209.000000
364.680000	209.000000
364.685000	255.000000
364.690000	194.000000
364.695000	177.000000
364.700000	249.000000
364.705000	256.000000
364.710000	224.000000
364.715000	264.000000
364.720000	336.000000
364.725000	248.000000
364.730000	319.000000
364.735000	354.000000
364.740000	271.000000
364.745000	463.000000
364.750000	349.000000
364.755000	391.000000
364.760000	376.000000
364.765000	400.000000
364.770000	515.000000
364.775000	520.000000
364.780000	440.000000
364.785000	605.000000
364.790000	570.000000
364.795000	792.000000
364.800000	1067.000000
364.805000	1559.000000
364.810000	2798.000000
364.815000	4267.000000
364.820000	6816.000000
364.825000	11125.000000
364.830000	14900.000000
364.835000	18706.000000
364.840000	24024.000000
364.845000	28136.000000
364.850000	32992.000000
364.855000	48380.000000
364.860000	63174.000000
364.865000	124379.000000
364.870000	221417.000000
364.875000	100025.000000
364.880000	52708.000000
364.885000	31328.000000
364.890000	18652.000000
364.895000	10563.000000
364.900000	6735.000000
364.905000	4252.000000
364.910000	3418.000000
364.915000	2502.000000
364.920000	2329.000000
364.925000	1970.000000
364.930000	1993.000000
364.935000	1670.000000
364.940000	1227.000000
364.945000	1178.000000
364.950000	1212.000000
364.955000	1192.000000
364.960000	947.000000
364.965000	1120.000000
364.970000	946.000000
364.975000	939.000000
364.980000	728.000000
364.985000	758.000000
364.990000	652.000000
364.995000	716.000000
365.000000	538.000000
365.005000	476.000000
365.010000	618.000000
365.015000	636.000000
365.020000	595.000000
365.025000	484.000000
365.030000	530.000000
365.035000	417.000000
365.040000	561.000000
365.045000	417.000000
365.050000	383.000000
365.055000	468.000000
365.060000	371.000000
365.065000	316.000000
365.070000	250.000000
365.075000	337.000000
365.080000	387.000000
365.085000	331.000000
365.090000	292.000000
365.095000	384.000000
365.100000	527.000000
365.105000	377.000000
365.110000	249.000000
365.115000	394.000000
365.120000	368.000000
365.125000	340.000000
365.130000	425.000000
365.135000	238.000000
365.140000	292.000000
365.145000	299.000000
365.150000	282.000000
365.155000	290.000000
365.160000	277.000000
365.165000	329.000000
365.170000	312.000000
365.175000	169.000000
365.180000	224.000000
365.185000	260.000000
365.190000	226.000000
365.195000	311.000000
365.200000	267.000000
365.205000	313.000000
365.210000	249.000000
365.215000	255.000000
365.220000	302.000000
365.225000	298.000000
365.230000	324.000000
365.235000	273.000000
365.240000	227.000000
365.245000	276.000000
365.250000	390.000000
365.255000	383.000000
365.260000	389.000000
365.265000	524.000000
365.270000	708.000000
365.275000	1314.000000
365.280000	1512.000000
365.285000	2201.000000
365.290000	3241.000000
365.295000	4263.000000
365.300000	4755.000000
365.305000	6146.000000
365.310000	6672.000000
365.315000	9460.000000
365.320000	14238.000000
365.325000	22034.000000
365.330000	42275.000000
365.335000	40294.000000
365.340000	16693.000000
365.345000	9634.000000
365.350000	5253.000000
365.355000	2817.000000
365.360000	1887.000000
365.365000	1168.000000
365.370000	829.000000
365.375000	603.000000
365.380000	654.000000
365.385000	557.000000
365.390000	453.000000
365.395000	528.000000
365.400000	469.000000
365.405000	337.000000
365.410000	382.000000
365.415000	475.000000
365.420000	442.000000
365.425000	405.000000
365.430000	358.000000
365.435000	248.000000
365.440000	405.000000
365.445000	258.000000
365.450000	345.000000
365.455000	308.000000
365.460000	358.000000
365.465000	260.000000
365.470000	260.000000
365.475000	302.000000
365.480000	374.000000
365.485000	218.000000
365.490000	262.000000
365.495000	280.000000
365.500000	307.000000
365.505000	325.000000
365.510000	166.000000
365.515000	415.000000
365.520000	210.000000
365.525000	218.000000
365.530000	134.000000
365.535000	200.000000
365.540000	161.000000
365.545000	135.000000
365.550000	113.000000
365.555000	141.000000
365.560000	162.000000
365.565000	60.000000
365.570000	140.000000
365.575000	88.000000
365.580000	129.000000
365.585000	204.000000
365.590000	109.000000
365.595000	62.000000
365.600000	96.000000
