Sample ID:		None
Start Time:		Thu Jun 25 2020 7:31:29 AM
Averaging Time:		1.000s

364.600000	339.000000
364.605000	364.000000
364.610000	471.000000
364.615000	387.000000
364.620000	413.000000
364.625000	338.000000
364.630000	354.000000
364.635000	346.000000
364.640000	520.000000
364.645000	485.000000
364.650000	537.000000
364.655000	592.000000
364.660000	652.000000
364.665000	775.000000
364.670000	722.000000
364.675000	969.000000
364.680000	1331.000000
364.685000	2065.000000
364.690000	4341.000000
364.695000	6574.000000
364.700000	9415.000000
364.705000	13715.000000
364.710000	17118.000000
364.715000	21674.000000
364.720000	26552.000000
364.725000	31512.000000
364.730000	38981.000000
364.735000	58631.000000
364.740000	117897.000000
364.745000	217138.000000
364.750000	133550.000000
364.755000	44930.000000
364.760000	35079.000000
364.765000	23326.000000
364.770000	10511.000000
364.775000	7551.000000
364.780000	4801.000000
364.785000	3535.000000
364.790000	2897.000000
364.795000	2392.000000
364.800000	2047.000000
364.805000	1809.000000
364.810000	1786.000000
364.815000	1392.000000
364.820000	1580.000000
364.825000	1228.000000
364.830000	1243.000000
364.835000	1074.000000
364.840000	844.000000
364.845000	894.000000
364.850000	908.000000
364.855000	726.000000
364.860000	915.000000
364.865000	741.000000
364.870000	656.000000
364.875000	669.000000
364.880000	675.000000
364.885000	617.000000
364.890000	437.000000
364.895000	516.000000
364.900000	450.000000
364.905000	509.000000
364.910000	486.000000
364.915000	578.000000
364.920000	638.000000
364.925000	450.000000
364.930000	361.000000
364.935000	348.000000
364.940000	322.000000
364.945000	364.000000
364.950000	427.000000
364.955000	255.000000
364.960000	361.000000
364.965000	304.000000
364.970000	472.000000
364.975000	327.000000
364.980000	343.000000
364.985000	379.000000
364.990000	335.000000
364.995000	291.000000
365.000000	478.000000
365.005000	244.000000
365.010000	313.000000
365.015000	360.000000
365.020000	206.000000
365.025000	349.000000
365.030000	320.000000
365.035000	295.000000
365.040000	239.000000
365.045000	354.000000
365.050000	286.000000
365.055000	231.000000
365.060000	237.000000
365.065000	180.000000
365.070000	310.000000
365.075000	318.000000
365.080000	279.000000
365.085000	207.000000
365.090000	321.000000
365.095000	415.000000
365.100000	323.000000
365.105000	339.000000
365.110000	306.000000
365.115000	334.000000
365.120000	248.000000
365.125000	327.000000
365.130000	360.000000
365.135000	455.000000
365.140000	501.000000
365.145000	546.000000
365.150000	888.000000
365.155000	1424.000000
365.160000	1703.000000
365.165000	2696.000000
365.170000	3855.000000
365.175000	4163.000000
365.180000	5177.000000
365.185000	6568.000000
365.190000	7722.000000
365.195000	11543.000000
365.200000	16142.000000
365.205000	28689.000000
365.210000	46305.000000
365.215000	28490.000000
365.220000	11690.000000
365.225000	7132.000000
365.230000	3803.000000
365.235000	2283.000000
365.240000	1592.000000
365.245000	1006.000000
365.250000	854.000000
365.255000	529.000000
365.260000	515.000000
365.265000	462.000000
365.270000	463.000000
365.275000	402.000000
365.280000	494.000000
365.285000	299.000000
365.290000	286.000000
365.295000	359.000000
365.300000	332.000000
365.305000	326.000000
365.310000	462.000000
365.315000	238.000000
365.320000	408.000000
365.325000	375.000000
365.330000	319.000000
365.335000	467.000000
365.340000	330.000000
365.345000	407.000000
365.350000	275.000000
365.355000	227.000000
365.360000	236.000000
365.365000	188.000000
365.370000	215.000000
365.375000	234.000000
365.380000	227.000000
365.385000	320.000000
365.390000	266.000000
365.395000	265.000000
365.400000	243.000000
365.405000	214.000000
365.410000	164.000000
365.415000	195.000000
365.420000	150.000000
365.425000	205.000000
365.430000	130.000000
365.435000	103.000000
365.440000	66.000000
365.445000	132.000000
365.450000	166.000000
365.455000	87.000000
365.460000	98.000000
365.465000	174.000000
365.470000	152.000000
365.475000	92.000000
365.480000	59.000000
365.485000	104.000000
365.490000	65.000000
365.495000	82.000000
365.500000	114.000000
365.505000	110.000000
365.510000	54.000000
365.515000	129.000000
365.520000	94.000000
365.525000	195.000000
365.530000	62.000000
365.535000	71.000000
365.540000	114.000000
365.545000	129.000000
365.550000	94.000000
365.555000	74.000000
365.560000	87.000000
365.565000	51.000000
365.570000	89.000000
365.575000	84.000000
365.580000	48.000000
365.585000	76.000000
365.590000	102.000000
365.595000	106.000000
365.600000	100.000000
