Sample ID:		None
Start Time:		Thu Jun 25 2020 7:42:36 AM
Averaging Time:		1.000s

364.600000	242.000000
364.605000	381.000000
364.610000	355.000000
364.615000	351.000000
364.620000	294.000000
364.625000	375.000000
364.630000	501.000000
364.635000	415.000000
364.640000	408.000000
364.645000	500.000000
364.650000	587.000000
364.655000	592.000000
364.660000	549.000000
364.665000	807.000000
364.670000	936.000000
364.675000	1566.000000
364.680000	2115.000000
364.685000	4140.000000
364.690000	6195.000000
364.695000	9504.000000
364.700000	14927.000000
364.705000	17406.000000
364.710000	23045.000000
364.715000	26847.000000
364.720000	31939.000000
364.725000	40031.000000
364.730000	56953.000000
364.735000	128877.000000
364.740000	223452.000000
364.745000	150221.000000
364.750000	61799.000000
364.755000	33727.000000
364.760000	21141.000000
364.765000	12557.000000
364.770000	7582.000000
364.775000	4810.000000
364.780000	3649.000000
364.785000	2754.000000
364.790000	2473.000000
364.795000	2203.000000
364.800000	1959.000000
364.805000	1796.000000
364.810000	1587.000000
364.815000	1287.000000
364.820000	1090.000000
364.825000	1089.000000
364.830000	956.000000
364.835000	930.000000
364.840000	1048.000000
364.845000	786.000000
364.850000	975.000000
364.855000	776.000000
364.860000	767.000000
364.865000	600.000000
364.870000	874.000000
364.875000	594.000000
364.880000	612.000000
364.885000	643.000000
364.890000	552.000000
364.895000	603.000000
364.900000	568.000000
364.905000	472.000000
364.910000	457.000000
364.915000	495.000000
364.920000	383.000000
364.925000	391.000000
364.930000	324.000000
364.935000	322.000000
364.940000	291.000000
364.945000	286.000000
364.950000	391.000000
364.955000	372.000000
364.960000	281.000000
364.965000	403.000000
364.970000	330.000000
364.975000	358.000000
364.980000	359.000000
364.985000	298.000000
364.990000	413.000000
364.995000	317.000000
365.000000	374.000000
365.005000	393.000000
365.010000	328.000000
365.015000	382.000000
365.020000	362.000000
365.025000	289.000000
365.030000	303.000000
365.035000	323.000000
365.040000	309.000000
365.045000	288.000000
365.050000	312.000000
365.055000	403.000000
365.060000	275.000000
365.065000	219.000000
365.070000	184.000000
365.075000	307.000000
365.080000	273.000000
365.085000	193.000000
365.090000	299.000000
365.095000	290.000000
365.100000	289.000000
365.105000	240.000000
365.110000	421.000000
365.115000	405.000000
365.120000	240.000000
365.125000	373.000000
365.130000	478.000000
365.135000	434.000000
365.140000	635.000000
365.145000	683.000000
365.150000	1229.000000
365.155000	1482.000000
365.160000	2076.000000
365.165000	3310.000000
365.170000	3977.000000
365.175000	5392.000000
365.180000	5900.000000
365.185000	6733.000000
365.190000	8277.000000
365.195000	14299.000000
365.200000	24166.000000
365.205000	40617.000000
365.210000	42207.000000
365.215000	18964.000000
365.220000	10181.000000
365.225000	5693.000000
365.230000	2976.000000
365.235000	1990.000000
365.240000	1090.000000
365.245000	1008.000000
365.250000	671.000000
365.255000	520.000000
365.260000	471.000000
365.265000	403.000000
365.270000	427.000000
365.275000	417.000000
365.280000	401.000000
365.285000	434.000000
365.290000	430.000000
365.295000	295.000000
365.300000	254.000000
365.305000	368.000000
365.310000	321.000000
365.315000	333.000000
365.320000	263.000000
365.325000	332.000000
365.330000	322.000000
365.335000	441.000000
365.340000	336.000000
365.345000	271.000000
365.350000	274.000000
365.355000	282.000000
365.360000	251.000000
365.365000	299.000000
365.370000	155.000000
365.375000	238.000000
365.380000	296.000000
365.385000	270.000000
365.390000	326.000000
365.395000	319.000000
365.400000	261.000000
365.405000	150.000000
365.410000	107.000000
365.415000	236.000000
365.420000	158.000000
365.425000	134.000000
365.430000	103.000000
365.435000	113.000000
365.440000	107.000000
365.445000	140.000000
365.450000	116.000000
365.455000	71.000000
365.460000	129.000000
365.465000	185.000000
365.470000	108.000000
365.475000	108.000000
365.480000	134.000000
365.485000	141.000000
365.490000	126.000000
365.495000	118.000000
365.500000	152.000000
365.505000	114.000000
365.510000	145.000000
365.515000	114.000000
365.520000	117.000000
365.525000	101.000000
365.530000	107.000000
365.535000	108.000000
365.540000	104.000000
365.545000	64.000000
365.550000	46.000000
365.555000	75.000000
365.560000	91.000000
365.565000	87.000000
365.570000	74.000000
365.575000	130.000000
365.580000	124.000000
365.585000	112.000000
365.590000	123.000000
365.595000	69.000000
365.600000	76.000000
