Sample ID:		None
Start Time:		Thu Jun 25 2020 7:59:16 AM
Averaging Time:		1.000s

364.600000	371.000000
364.605000	243.000000
364.610000	357.000000
364.615000	261.000000
364.620000	335.000000
364.625000	378.000000
364.630000	404.000000
364.635000	513.000000
364.640000	465.000000
364.645000	597.000000
364.650000	543.000000
364.655000	646.000000
364.660000	757.000000
364.665000	892.000000
364.670000	969.000000
364.675000	1683.000000
364.680000	2848.000000
364.685000	4772.000000
364.690000	6670.000000
364.695000	11366.000000
364.700000	15833.000000
364.705000	19381.000000
364.710000	25188.000000
364.715000	28612.000000
364.720000	33362.000000
364.725000	45688.000000
364.730000	67191.000000
364.735000	135038.000000
364.740000	225295.000000
364.745000	104381.000000
364.750000	57254.000000
364.755000	32411.000000
364.760000	18340.000000
364.765000	10074.000000
364.770000	7077.000000
364.775000	4355.000000
364.780000	3432.000000
364.785000	2570.000000
364.790000	2334.000000
364.795000	1885.000000
364.800000	1702.000000
364.805000	1431.000000
364.810000	1254.000000
364.815000	1266.000000
364.820000	988.000000
364.825000	1257.000000
364.830000	956.000000
364.835000	801.000000
364.840000	1003.000000
364.845000	1024.000000
364.850000	1036.000000
364.855000	815.000000
364.860000	794.000000
364.865000	712.000000
364.870000	663.000000
364.875000	577.000000
364.880000	568.000000
364.885000	566.000000
364.890000	481.000000
364.895000	461.000000
364.900000	511.000000
364.905000	457.000000
364.910000	356.000000
364.915000	400.000000
364.920000	422.000000
364.925000	375.000000
364.930000	337.000000
364.935000	283.000000
364.940000	401.000000
364.945000	350.000000
364.950000	228.000000
364.955000	379.000000
364.960000	417.000000
364.965000	379.000000
364.970000	360.000000
364.975000	351.000000
364.980000	360.000000
364.985000	290.000000
364.990000	409.000000
364.995000	313.000000
365.000000	374.000000
365.005000	296.000000
365.010000	233.000000
365.015000	358.000000
365.020000	255.000000
365.025000	295.000000
365.030000	236.000000
365.035000	220.000000
365.040000	270.000000
365.045000	224.000000
365.050000	313.000000
365.055000	338.000000
365.060000	224.000000
365.065000	215.000000
365.070000	228.000000
365.075000	284.000000
365.080000	285.000000
365.085000	230.000000
365.090000	287.000000
365.095000	292.000000
365.100000	242.000000
365.105000	308.000000
365.110000	240.000000
365.115000	327.000000
365.120000	347.000000
365.125000	354.000000
365.130000	484.000000
365.135000	531.000000
365.140000	821.000000
365.145000	1246.000000
365.150000	1499.000000
365.155000	2473.000000
365.160000	3390.000000
365.165000	4681.000000
365.170000	5309.000000
365.175000	5850.000000
365.180000	7154.000000
365.185000	10572.000000
365.190000	15684.000000
365.195000	24405.000000
365.200000	45611.000000
365.205000	34787.000000
365.210000	13956.000000
365.215000	8876.000000
365.220000	4615.000000
365.225000	2173.000000
365.230000	1449.000000
365.235000	1251.000000
365.240000	669.000000
365.245000	516.000000
365.250000	546.000000
365.255000	430.000000
365.260000	429.000000
365.265000	359.000000
365.270000	442.000000
365.275000	522.000000
365.280000	348.000000
365.285000	348.000000
365.290000	447.000000
365.295000	387.000000
365.300000	298.000000
365.305000	290.000000
365.310000	344.000000
365.315000	334.000000
365.320000	386.000000
365.325000	410.000000
365.330000	265.000000
365.335000	333.000000
365.340000	207.000000
365.345000	289.000000
365.350000	284.000000
365.355000	277.000000
365.360000	327.000000
365.365000	299.000000
365.370000	189.000000
365.375000	320.000000
365.380000	226.000000
365.385000	349.000000
365.390000	231.000000
365.395000	167.000000
365.400000	213.000000
365.405000	153.000000
365.410000	108.000000
365.415000	170.000000
365.420000	110.000000
365.425000	89.000000
365.430000	150.000000
365.435000	118.000000
365.440000	90.000000
365.445000	82.000000
365.450000	128.000000
365.455000	246.000000
365.460000	107.000000
365.465000	121.000000
365.470000	123.000000
365.475000	41.000000
365.480000	75.000000
365.485000	63.000000
365.490000	56.000000
365.495000	110.000000
365.500000	174.000000
365.505000	68.000000
365.510000	123.000000
365.515000	96.000000
365.520000	111.000000
365.525000	56.000000
365.530000	188.000000
365.535000	126.000000
365.540000	72.000000
365.545000	207.000000
365.550000	95.000000
365.555000	94.000000
365.560000	45.000000
365.565000	106.000000
365.570000	125.000000
365.575000	69.000000
365.580000	70.000000
365.585000	99.000000
365.590000	72.000000
365.595000	90.000000
365.600000	83.000000
