Sample ID:		None
Start Time:		Thu Jun 25 2020 7:03:42 AM
Averaging Time:		1.000s

364.600000	257.000000
364.605000	242.000000
364.610000	177.000000
364.615000	242.000000
364.620000	317.000000
364.625000	312.000000
364.630000	292.000000
364.635000	360.000000
364.640000	307.000000
364.645000	306.000000
364.650000	394.000000
364.655000	457.000000
364.660000	445.000000
364.665000	375.000000
364.670000	488.000000
364.675000	542.000000
364.680000	429.000000
364.685000	683.000000
364.690000	724.000000
364.695000	778.000000
364.700000	1079.000000
364.705000	1627.000000
364.710000	2839.000000
364.715000	4653.000000
364.720000	7113.000000
364.725000	11837.000000
364.730000	16141.000000
364.735000	19555.000000
364.740000	23229.000000
364.745000	27763.000000
364.750000	32720.000000
364.755000	42027.000000
364.760000	68215.000000
364.765000	150874.000000
364.770000	220500.000000
364.775000	119640.000000
364.780000	50783.000000
364.785000	31118.000000
364.790000	14517.000000
364.795000	11438.000000
364.800000	7171.000000
364.805000	4939.000000
364.810000	3007.000000
364.815000	2813.000000
364.820000	2330.000000
364.825000	2220.000000
364.830000	1677.000000
364.835000	1512.000000
364.840000	1462.000000
364.845000	1286.000000
364.850000	1201.000000
364.855000	1294.000000
364.860000	1034.000000
364.865000	1082.000000
364.870000	893.000000
364.875000	902.000000
364.880000	807.000000
364.885000	696.000000
364.890000	795.000000
364.895000	720.000000
364.900000	592.000000
364.905000	687.000000
364.910000	659.000000
364.915000	553.000000
364.920000	627.000000
364.925000	552.000000
364.930000	388.000000
364.935000	451.000000
364.940000	443.000000
364.945000	423.000000
364.950000	297.000000
364.955000	456.000000
364.960000	404.000000
364.965000	358.000000
364.970000	279.000000
364.975000	343.000000
364.980000	282.000000
364.985000	295.000000
364.990000	371.000000
364.995000	310.000000
365.000000	465.000000
365.005000	376.000000
365.010000	514.000000
365.015000	310.000000
365.020000	308.000000
365.025000	300.000000
365.030000	374.000000
365.035000	274.000000
365.040000	352.000000
365.045000	239.000000
365.050000	306.000000
365.055000	307.000000
365.060000	336.000000
365.065000	313.000000
365.070000	376.000000
365.075000	272.000000
365.080000	285.000000
365.085000	302.000000
365.090000	271.000000
365.095000	132.000000
365.100000	273.000000
365.105000	250.000000
365.110000	229.000000
365.115000	194.000000
365.120000	278.000000
365.125000	388.000000
365.130000	325.000000
365.135000	225.000000
365.140000	252.000000
365.145000	318.000000
365.150000	385.000000
365.155000	379.000000
365.160000	459.000000
365.165000	512.000000
365.170000	667.000000
365.175000	967.000000
365.180000	1305.000000
365.185000	1956.000000
365.190000	2773.000000
365.195000	3477.000000
365.200000	4219.000000
365.205000	5338.000000
365.210000	6355.000000
365.215000	7144.000000
365.220000	9548.000000
365.225000	21023.000000
365.230000	31451.000000
365.235000	46947.000000
365.240000	25118.000000
365.245000	11981.000000
365.250000	6978.000000
365.255000	3505.000000
365.260000	2572.000000
365.265000	1377.000000
365.270000	993.000000
365.275000	741.000000
365.280000	541.000000
365.285000	504.000000
365.290000	520.000000
365.295000	412.000000
365.300000	417.000000
365.305000	340.000000
365.310000	395.000000
365.315000	308.000000
365.320000	324.000000
365.325000	394.000000
365.330000	225.000000
365.335000	343.000000
365.340000	362.000000
365.345000	314.000000
365.350000	374.000000
365.355000	475.000000
365.360000	265.000000
365.365000	347.000000
365.370000	350.000000
365.375000	272.000000
365.380000	314.000000
365.385000	235.000000
365.390000	233.000000
365.395000	281.000000
365.400000	244.000000
365.405000	218.000000
365.410000	256.000000
365.415000	235.000000
365.420000	193.000000
365.425000	154.000000
365.430000	199.000000
365.435000	162.000000
365.440000	152.000000
365.445000	118.000000
365.450000	68.000000
365.455000	153.000000
365.460000	117.000000
365.465000	147.000000
365.470000	123.000000
365.475000	109.000000
365.480000	148.000000
365.485000	161.000000
365.490000	118.000000
365.495000	117.000000
365.500000	146.000000
365.505000	97.000000
365.510000	117.000000
365.515000	115.000000
365.520000	106.000000
365.525000	122.000000
365.530000	74.000000
365.535000	80.000000
365.540000	170.000000
365.545000	148.000000
365.550000	40.000000
365.555000	102.000000
365.560000	117.000000
365.565000	134.000000
365.570000	147.000000
365.575000	84.000000
365.580000	52.000000
365.585000	138.000000
365.590000	152.000000
365.595000	115.000000
365.600000	122.000000
