Sample ID:		None
Start Time:		Thu Jun 25 2020 4:00:27 AM
Averaging Time:		1.000s

364.600000	69.000000
364.605000	30.000000
364.610000	26.000000
364.615000	67.000000
364.620000	40.000000
364.625000	27.000000
364.630000	22.000000
364.635000	108.000000
364.640000	63.000000
364.645000	78.000000
364.650000	46.000000
364.655000	58.000000
364.660000	89.000000
364.665000	82.000000
364.670000	128.000000
364.675000	135.000000
364.680000	100.000000
364.685000	345.000000
364.690000	339.000000
364.695000	260.000000
364.700000	305.000000
364.705000	143.000000
364.710000	175.000000
364.715000	323.000000
364.720000	267.000000
364.725000	238.000000
364.730000	202.000000
364.735000	211.000000
364.740000	338.000000
364.745000	275.000000
364.750000	278.000000
364.755000	297.000000
364.760000	294.000000
364.765000	379.000000
364.770000	325.000000
364.775000	297.000000
364.780000	262.000000
364.785000	322.000000
364.790000	380.000000
364.795000	442.000000
364.800000	529.000000
364.805000	595.000000
364.810000	477.000000
364.815000	378.000000
364.820000	712.000000
364.825000	607.000000
364.830000	920.000000
364.835000	1110.000000
364.840000	1669.000000
364.845000	3277.000000
364.850000	5075.000000
364.855000	7465.000000
364.860000	13089.000000
364.865000	16019.000000
364.870000	18619.000000
364.875000	24809.000000
364.880000	29248.000000
364.885000	34958.000000
364.890000	43647.000000
364.895000	71221.000000
364.900000	157173.000000
364.905000	221285.000000
364.910000	109232.000000
364.915000	49078.000000
364.920000	29702.000000
364.925000	14654.000000
364.930000	11330.000000
364.935000	7582.000000
364.940000	4557.000000
364.945000	3091.000000
364.950000	2620.000000
364.955000	2264.000000
364.960000	1945.000000
364.965000	1668.000000
364.970000	1544.000000
364.975000	1355.000000
364.980000	1251.000000
364.985000	1193.000000
364.990000	1125.000000
364.995000	1210.000000
365.000000	1084.000000
365.005000	976.000000
365.010000	918.000000
365.015000	817.000000
365.020000	756.000000
365.025000	698.000000
365.030000	592.000000
365.035000	628.000000
365.040000	680.000000
365.045000	589.000000
365.050000	531.000000
365.055000	396.000000
365.060000	430.000000
365.065000	522.000000
365.070000	529.000000
365.075000	428.000000
365.080000	419.000000
365.085000	478.000000
365.090000	366.000000
365.095000	330.000000
365.100000	388.000000
365.105000	361.000000
365.110000	334.000000
365.115000	316.000000
365.120000	433.000000
365.125000	371.000000
365.130000	317.000000
365.135000	380.000000
365.140000	289.000000
365.145000	421.000000
365.150000	268.000000
365.155000	383.000000
365.160000	324.000000
365.165000	343.000000
365.170000	345.000000
365.175000	311.000000
365.180000	310.000000
365.185000	297.000000
365.190000	261.000000
365.195000	271.000000
365.200000	225.000000
365.205000	395.000000
365.210000	299.000000
365.215000	191.000000
365.220000	264.000000
365.225000	341.000000
365.230000	281.000000
365.235000	344.000000
365.240000	249.000000
365.245000	298.000000
365.250000	396.000000
365.255000	296.000000
365.260000	198.000000
365.265000	440.000000
365.270000	367.000000
365.275000	307.000000
365.280000	215.000000
365.285000	325.000000
365.290000	333.000000
365.295000	402.000000
365.300000	480.000000
365.305000	614.000000
365.310000	790.000000
365.315000	1476.000000
365.320000	2111.000000
365.325000	3055.000000
365.330000	3790.000000
365.335000	4611.000000
365.340000	5575.000000
365.345000	6593.000000
365.350000	7817.000000
365.355000	10167.000000
365.360000	20974.000000
365.365000	34953.000000
365.370000	46176.000000
365.375000	25614.000000
365.380000	11848.000000
365.385000	6495.000000
365.390000	3216.000000
365.395000	2230.000000
365.400000	1243.000000
365.405000	1021.000000
365.410000	677.000000
365.415000	624.000000
365.420000	553.000000
365.425000	468.000000
365.430000	419.000000
365.435000	431.000000
365.440000	346.000000
365.445000	334.000000
365.450000	318.000000
365.455000	320.000000
365.460000	481.000000
365.465000	331.000000
365.470000	256.000000
365.475000	383.000000
365.480000	326.000000
365.485000	271.000000
365.490000	317.000000
365.495000	294.000000
365.500000	277.000000
365.505000	228.000000
365.510000	297.000000
365.515000	314.000000
365.520000	231.000000
365.525000	284.000000
365.530000	208.000000
365.535000	201.000000
365.540000	295.000000
365.545000	287.000000
365.550000	269.000000
365.555000	270.000000
365.560000	189.000000
365.565000	181.000000
365.570000	203.000000
365.575000	172.000000
365.580000	139.000000
365.585000	131.000000
365.590000	115.000000
365.595000	111.000000
365.600000	138.000000
