Sample ID:		None
Start Time:		Thu Jun 25 2020 9:22:35 AM
Averaging Time:		1.000s

364.600000	5074.000000
364.605000	13064.000000
364.610000	14872.000000
364.615000	19032.000000
364.620000	25234.000000
364.625000	30877.000000
364.630000	34832.000000
364.635000	46760.000000
364.640000	75429.000000
364.645000	198876.000000
364.650000	223724.000000
364.655000	91680.000000
364.660000	46014.000000
364.665000	28794.000000
364.670000	16993.000000
364.675000	10416.000000
364.680000	6733.000000
364.685000	3919.000000
364.690000	2833.000000
364.695000	2682.000000
364.700000	2013.000000
364.705000	2198.000000
364.710000	1900.000000
364.715000	1467.000000
364.720000	1420.000000
364.725000	1317.000000
364.730000	1299.000000
364.735000	1260.000000
364.740000	1053.000000
364.745000	943.000000
364.750000	852.000000
364.755000	1258.000000
364.760000	885.000000
364.765000	830.000000
364.770000	796.000000
364.775000	709.000000
364.780000	583.000000
364.785000	537.000000
364.790000	578.000000
364.795000	594.000000
364.800000	472.000000
364.805000	474.000000
364.810000	531.000000
364.815000	524.000000
364.820000	424.000000
364.825000	433.000000
364.830000	402.000000
364.835000	427.000000
364.840000	282.000000
364.845000	318.000000
364.850000	337.000000
364.855000	325.000000
364.860000	410.000000
364.865000	339.000000
364.870000	324.000000
364.875000	339.000000
364.880000	352.000000
364.885000	371.000000
364.890000	400.000000
364.895000	370.000000
364.900000	428.000000
364.905000	300.000000
364.910000	396.000000
364.915000	240.000000
364.920000	381.000000
364.925000	265.000000
364.930000	332.000000
364.935000	246.000000
364.940000	260.000000
364.945000	342.000000
364.950000	240.000000
364.955000	329.000000
364.960000	162.000000
364.965000	386.000000
364.970000	271.000000
364.975000	325.000000
364.980000	330.000000
364.985000	346.000000
364.990000	272.000000
364.995000	240.000000
365.000000	297.000000
365.005000	281.000000
365.010000	303.000000
365.015000	331.000000
365.020000	292.000000
365.025000	381.000000
365.030000	359.000000
365.035000	390.000000
365.040000	452.000000
365.045000	660.000000
365.050000	654.000000
365.055000	1365.000000
365.060000	1942.000000
365.065000	2741.000000
365.070000	3777.000000
365.075000	4591.000000
365.080000	5673.000000
365.085000	7191.000000
365.090000	7681.000000
365.095000	9909.000000
365.100000	18185.000000
365.105000	34039.000000
365.110000	48307.000000
365.115000	33713.000000
365.120000	16020.000000
365.125000	7852.000000
365.130000	4293.000000
365.135000	2780.000000
365.140000	1823.000000
365.145000	1193.000000
365.150000	986.000000
365.155000	684.000000
365.160000	517.000000
365.165000	432.000000
365.170000	445.000000
365.175000	323.000000
365.180000	412.000000
365.185000	476.000000
365.190000	327.000000
365.195000	262.000000
365.200000	348.000000
365.205000	331.000000
365.210000	356.000000
365.215000	394.000000
365.220000	362.000000
365.225000	344.000000
365.230000	380.000000
365.235000	379.000000
365.240000	320.000000
365.245000	362.000000
365.250000	220.000000
365.255000	217.000000
365.260000	368.000000
365.265000	403.000000
365.270000	292.000000
365.275000	228.000000
365.280000	292.000000
365.285000	291.000000
365.290000	265.000000
365.295000	256.000000
365.300000	337.000000
365.305000	170.000000
365.310000	134.000000
365.315000	151.000000
365.320000	116.000000
365.325000	126.000000
365.330000	186.000000
365.335000	124.000000
365.340000	84.000000
365.345000	112.000000
365.350000	158.000000
365.355000	111.000000
365.360000	173.000000
365.365000	224.000000
365.370000	136.000000
365.375000	100.000000
365.380000	134.000000
365.385000	93.000000
365.390000	142.000000
365.395000	88.000000
365.400000	100.000000
365.405000	72.000000
365.410000	42.000000
365.415000	147.000000
365.420000	85.000000
365.425000	78.000000
365.430000	86.000000
365.435000	84.000000
365.440000	85.000000
365.445000	51.000000
365.450000	63.000000
365.455000	74.000000
365.460000	53.000000
365.465000	118.000000
365.470000	73.000000
365.475000	118.000000
365.480000	98.000000
365.485000	81.000000
365.490000	116.000000
365.495000	71.000000
365.500000	52.000000
365.505000	56.000000
365.510000	80.000000
365.515000	109.000000
365.520000	74.000000
365.525000	70.000000
365.530000	86.000000
365.535000	35.000000
365.540000	119.000000
365.545000	128.000000
365.550000	84.000000
365.555000	66.000000
365.560000	91.000000
365.565000	117.000000
365.570000	62.000000
365.575000	64.000000
365.580000	37.000000
365.585000	53.000000
365.590000	72.000000
365.595000	150.000000
365.600000	68.000000
