Sample ID:		None
Start Time:		Thu Jun 25 2020 7:25:56 AM
Averaging Time:		1.000s

364.600000	267.000000
364.605000	337.000000
364.610000	253.000000
364.615000	286.000000
364.620000	377.000000
364.625000	346.000000
364.630000	379.000000
364.635000	385.000000
364.640000	469.000000
364.645000	495.000000
364.650000	440.000000
364.655000	502.000000
364.660000	652.000000
364.665000	743.000000
364.670000	649.000000
364.675000	988.000000
364.680000	1384.000000
364.685000	1963.000000
364.690000	2978.000000
364.695000	5354.000000
364.700000	8243.000000
364.705000	14143.000000
364.710000	16780.000000
364.715000	21601.000000
364.720000	26079.000000
364.725000	31242.000000
364.730000	36181.000000
364.735000	48222.000000
364.740000	110828.000000
364.745000	207485.000000
364.750000	200283.000000
364.755000	82771.000000
364.760000	41237.000000
364.765000	25527.000000
364.770000	14401.000000
364.775000	9507.000000
364.780000	5923.000000
364.785000	3546.000000
364.790000	3243.000000
364.795000	2332.000000
364.800000	2082.000000
364.805000	1643.000000
364.810000	1783.000000
364.815000	1593.000000
364.820000	1290.000000
364.825000	1229.000000
364.830000	1237.000000
364.835000	1003.000000
364.840000	1006.000000
364.845000	906.000000
364.850000	896.000000
364.855000	858.000000
364.860000	857.000000
364.865000	661.000000
364.870000	789.000000
364.875000	621.000000
364.880000	677.000000
364.885000	501.000000
364.890000	618.000000
364.895000	419.000000
364.900000	477.000000
364.905000	411.000000
364.910000	563.000000
364.915000	420.000000
364.920000	333.000000
364.925000	349.000000
364.930000	311.000000
364.935000	335.000000
364.940000	373.000000
364.945000	330.000000
364.950000	348.000000
364.955000	338.000000
364.960000	273.000000
364.965000	421.000000
364.970000	330.000000
364.975000	433.000000
364.980000	213.000000
364.985000	338.000000
364.990000	392.000000
364.995000	368.000000
365.000000	311.000000
365.005000	287.000000
365.010000	279.000000
365.015000	262.000000
365.020000	322.000000
365.025000	296.000000
365.030000	420.000000
365.035000	369.000000
365.040000	255.000000
365.045000	305.000000
365.050000	245.000000
365.055000	206.000000
365.060000	250.000000
365.065000	243.000000
365.070000	252.000000
365.075000	224.000000
365.080000	297.000000
365.085000	306.000000
365.090000	275.000000
365.095000	194.000000
365.100000	211.000000
365.105000	210.000000
365.110000	364.000000
365.115000	330.000000
365.120000	281.000000
365.125000	303.000000
365.130000	368.000000
365.135000	395.000000
365.140000	423.000000
365.145000	557.000000
365.150000	755.000000
365.155000	1162.000000
365.160000	1969.000000
365.165000	2218.000000
365.170000	3033.000000
365.175000	4475.000000
365.180000	4799.000000
365.185000	6234.000000
365.190000	7487.000000
365.195000	9184.000000
365.200000	14301.000000
365.205000	27147.000000
365.210000	45080.000000
365.215000	37246.000000
365.220000	17275.000000
365.225000	8284.000000
365.230000	4608.000000
365.235000	2511.000000
365.240000	1869.000000
365.245000	822.000000
365.250000	864.000000
365.255000	774.000000
365.260000	538.000000
365.265000	358.000000
365.270000	483.000000
365.275000	470.000000
365.280000	405.000000
365.285000	344.000000
365.290000	412.000000
365.295000	327.000000
365.300000	308.000000
365.305000	363.000000
365.310000	307.000000
365.315000	307.000000
365.320000	391.000000
365.325000	298.000000
365.330000	365.000000
365.335000	342.000000
365.340000	353.000000
365.345000	330.000000
365.350000	233.000000
365.355000	347.000000
365.360000	239.000000
365.365000	258.000000
365.370000	240.000000
365.375000	385.000000
365.380000	299.000000
365.385000	204.000000
365.390000	347.000000
365.395000	304.000000
365.400000	261.000000
365.405000	229.000000
365.410000	132.000000
365.415000	119.000000
365.420000	171.000000
365.425000	216.000000
365.430000	149.000000
365.435000	150.000000
365.440000	98.000000
365.445000	113.000000
365.450000	133.000000
365.455000	159.000000
365.460000	97.000000
365.465000	150.000000
365.470000	118.000000
365.475000	101.000000
365.480000	121.000000
365.485000	83.000000
365.490000	142.000000
365.495000	175.000000
365.500000	88.000000
365.505000	34.000000
365.510000	121.000000
365.515000	105.000000
365.520000	69.000000
365.525000	73.000000
365.530000	130.000000
365.535000	146.000000
365.540000	119.000000
365.545000	81.000000
365.550000	170.000000
365.555000	84.000000
365.560000	134.000000
365.565000	160.000000
365.570000	119.000000
365.575000	47.000000
365.580000	82.000000
365.585000	74.000000
365.590000	110.000000
365.595000	129.000000
365.600000	76.000000
