Sample ID:		None
Start Time:		Thu Jun 25 2020 5:57:04 AM
Averaging Time:		1.000s

364.600000	279.000000
364.605000	235.000000
364.610000	225.000000
364.615000	209.000000
364.620000	155.000000
364.625000	352.000000
364.630000	168.000000
364.635000	254.000000
364.640000	266.000000
364.645000	227.000000
364.650000	204.000000
364.655000	329.000000
364.660000	309.000000
364.665000	344.000000
364.670000	415.000000
364.675000	215.000000
364.680000	283.000000
364.685000	293.000000
364.690000	349.000000
364.695000	300.000000
364.700000	435.000000
364.705000	319.000000
364.710000	354.000000
364.715000	577.000000
364.720000	417.000000
364.725000	575.000000
364.730000	564.000000
364.735000	676.000000
364.740000	838.000000
364.745000	926.000000
364.750000	1148.000000
364.755000	1902.000000
364.760000	3380.000000
364.765000	5720.000000
364.770000	8306.000000
364.775000	12735.000000
364.780000	16743.000000
364.785000	21323.000000
364.790000	26648.000000
364.795000	29254.000000
364.800000	36189.000000
364.805000	50191.000000
364.810000	95012.000000
364.815000	188862.000000
364.820000	148101.000000
364.825000	73297.000000
364.830000	41620.000000
364.835000	24586.000000
364.840000	14354.000000
364.845000	8401.000000
364.850000	5717.000000
364.855000	3830.000000
364.860000	3161.000000
364.865000	2351.000000
364.870000	2111.000000
364.875000	1660.000000
364.880000	1697.000000
364.885000	1518.000000
364.890000	1315.000000
364.895000	1260.000000
364.900000	1090.000000
364.905000	1040.000000
364.910000	1183.000000
364.915000	1011.000000
364.920000	843.000000
364.925000	963.000000
364.930000	859.000000
364.935000	749.000000
364.940000	834.000000
364.945000	751.000000
364.950000	740.000000
364.955000	689.000000
364.960000	491.000000
364.965000	401.000000
364.970000	615.000000
364.975000	487.000000
364.980000	446.000000
364.985000	373.000000
364.990000	463.000000
364.995000	311.000000
365.000000	489.000000
365.005000	426.000000
365.010000	325.000000
365.015000	382.000000
365.020000	360.000000
365.025000	416.000000
365.030000	359.000000
365.035000	307.000000
365.040000	341.000000
365.045000	403.000000
365.050000	349.000000
365.055000	237.000000
365.060000	446.000000
365.065000	363.000000
365.070000	350.000000
365.075000	363.000000
365.080000	265.000000
365.085000	301.000000
365.090000	382.000000
365.095000	352.000000
365.100000	364.000000
365.105000	273.000000
365.110000	250.000000
365.115000	302.000000
365.120000	273.000000
365.125000	231.000000
365.130000	280.000000
365.135000	225.000000
365.140000	238.000000
365.145000	271.000000
365.150000	253.000000
365.155000	363.000000
365.160000	375.000000
365.165000	309.000000
365.170000	280.000000
365.175000	323.000000
365.180000	265.000000
365.185000	291.000000
365.190000	182.000000
365.195000	344.000000
365.200000	394.000000
365.205000	313.000000
365.210000	398.000000
365.215000	591.000000
365.220000	910.000000
365.225000	1451.000000
365.230000	1647.000000
365.235000	2123.000000
365.240000	3463.000000
365.245000	4165.000000
365.250000	5179.000000
365.255000	5715.000000
365.260000	6589.000000
365.265000	9385.000000
365.270000	17051.000000
365.275000	25099.000000
365.280000	44438.000000
365.285000	35168.000000
365.290000	16478.000000
365.295000	8153.000000
365.300000	4830.000000
365.305000	2261.000000
365.310000	1960.000000
365.315000	1185.000000
365.320000	940.000000
365.325000	643.000000
365.330000	626.000000
365.335000	451.000000
365.340000	415.000000
365.345000	414.000000
365.350000	489.000000
365.355000	360.000000
365.360000	399.000000
365.365000	377.000000
365.370000	425.000000
365.375000	316.000000
365.380000	379.000000
365.385000	305.000000
365.390000	342.000000
365.395000	298.000000
365.400000	325.000000
365.405000	327.000000
365.410000	291.000000
365.415000	219.000000
365.420000	233.000000
365.425000	218.000000
365.430000	256.000000
365.435000	253.000000
365.440000	293.000000
365.445000	252.000000
365.450000	307.000000
365.455000	219.000000
365.460000	323.000000
365.465000	324.000000
365.470000	220.000000
365.475000	204.000000
365.480000	126.000000
365.485000	226.000000
365.490000	146.000000
365.495000	150.000000
365.500000	114.000000
365.505000	88.000000
365.510000	100.000000
365.515000	103.000000
365.520000	87.000000
365.525000	112.000000
365.530000	122.000000
365.535000	102.000000
365.540000	139.000000
365.545000	124.000000
365.550000	113.000000
365.555000	90.000000
365.560000	133.000000
365.565000	68.000000
365.570000	122.000000
365.575000	120.000000
365.580000	111.000000
365.585000	134.000000
365.590000	84.000000
365.595000	93.000000
365.600000	126.000000
