Sample ID:		None
Start Time:		Thu Jun 25 2020 2:42:42 AM
Averaging Time:		1.000s

364.600000	41.000000
364.605000	22.000000
364.610000	92.000000
364.615000	60.000000
364.620000	43.000000
364.625000	54.000000
364.630000	32.000000
364.635000	26.000000
364.640000	67.000000
364.645000	66.000000
364.650000	17.000000
364.655000	43.000000
364.660000	33.000000
364.665000	54.000000
364.670000	67.000000
364.675000	128.000000
364.680000	33.000000
364.685000	130.000000
364.690000	166.000000
364.695000	188.000000
364.700000	205.000000
364.705000	183.000000
364.710000	222.000000
364.715000	247.000000
364.720000	278.000000
364.725000	269.000000
364.730000	233.000000
364.735000	270.000000
364.740000	193.000000
364.745000	240.000000
364.750000	229.000000
364.755000	286.000000
364.760000	267.000000
364.765000	274.000000
364.770000	292.000000
364.775000	248.000000
364.780000	429.000000
364.785000	326.000000
364.790000	255.000000
364.795000	328.000000
364.800000	287.000000
364.805000	380.000000
364.810000	305.000000
364.815000	397.000000
364.820000	427.000000
364.825000	606.000000
364.830000	518.000000
364.835000	687.000000
364.840000	720.000000
364.845000	830.000000
364.850000	999.000000
364.855000	1656.000000
364.860000	2208.000000
364.865000	4092.000000
364.870000	6294.000000
364.875000	10566.000000
364.880000	16094.000000
364.885000	18640.000000
364.890000	22898.000000
364.895000	27116.000000
364.900000	31643.000000
364.905000	39634.000000
364.910000	57140.000000
364.915000	112063.000000
364.920000	211754.000000
364.925000	116712.000000
364.930000	63822.000000
364.935000	37320.000000
364.940000	22602.000000
364.945000	12309.000000
364.950000	8609.000000
364.955000	5393.000000
364.960000	3149.000000
364.965000	2674.000000
364.970000	2425.000000
364.975000	2330.000000
364.980000	1915.000000
364.985000	1688.000000
364.990000	1340.000000
364.995000	1547.000000
365.000000	1142.000000
365.005000	1075.000000
365.010000	1041.000000
365.015000	898.000000
365.020000	919.000000
365.025000	1006.000000
365.030000	727.000000
365.035000	681.000000
365.040000	609.000000
365.045000	690.000000
365.050000	618.000000
365.055000	714.000000
365.060000	465.000000
365.065000	475.000000
365.070000	588.000000
365.075000	555.000000
365.080000	486.000000
365.085000	442.000000
365.090000	551.000000
365.095000	511.000000
365.100000	389.000000
365.105000	398.000000
365.110000	375.000000
365.115000	250.000000
365.120000	373.000000
365.125000	310.000000
365.130000	260.000000
365.135000	431.000000
365.140000	329.000000
365.145000	395.000000
365.150000	337.000000
365.155000	376.000000
365.160000	307.000000
365.165000	348.000000
365.170000	295.000000
365.175000	243.000000
365.180000	278.000000
365.185000	299.000000
365.190000	274.000000
365.195000	263.000000
365.200000	340.000000
365.205000	256.000000
365.210000	281.000000
365.215000	222.000000
365.220000	355.000000
365.225000	344.000000
365.230000	280.000000
365.235000	289.000000
365.240000	244.000000
365.245000	145.000000
365.250000	255.000000
365.255000	249.000000
365.260000	370.000000
365.265000	337.000000
365.270000	249.000000
365.275000	245.000000
365.280000	325.000000
365.285000	310.000000
365.290000	362.000000
365.295000	360.000000
365.300000	317.000000
365.305000	298.000000
365.310000	425.000000
365.315000	471.000000
365.320000	595.000000
365.325000	797.000000
365.330000	1195.000000
365.335000	1864.000000
365.340000	2675.000000
365.345000	4040.000000
365.350000	4484.000000
365.355000	5529.000000
365.360000	6185.000000
365.365000	7357.000000
365.370000	10496.000000
365.375000	16639.000000
365.380000	28866.000000
365.385000	46049.000000
365.390000	29695.000000
365.395000	14979.000000
365.400000	7516.000000
365.405000	4604.000000
365.410000	2791.000000
365.415000	1517.000000
365.420000	977.000000
365.425000	612.000000
365.430000	702.000000
365.435000	506.000000
365.440000	566.000000
365.445000	558.000000
365.450000	359.000000
365.455000	421.000000
365.460000	279.000000
365.465000	430.000000
365.470000	412.000000
365.475000	328.000000
365.480000	303.000000
365.485000	324.000000
365.490000	331.000000
365.495000	269.000000
365.500000	276.000000
365.505000	299.000000
365.510000	390.000000
365.515000	296.000000
365.520000	345.000000
365.525000	361.000000
365.530000	269.000000
365.535000	289.000000
365.540000	262.000000
365.545000	295.000000
365.550000	201.000000
365.555000	255.000000
365.560000	247.000000
365.565000	165.000000
365.570000	223.000000
365.575000	160.000000
365.580000	153.000000
365.585000	208.000000
365.590000	112.000000
365.595000	158.000000
365.600000	129.000000
