Sample ID:		None
Start Time:		Thu Jun 25 2020 5:23:45 AM
Averaging Time:		1.000s

364.600000	70.000000
364.605000	62.000000
364.610000	119.000000
364.615000	106.000000
364.620000	191.000000
364.625000	171.000000
364.630000	227.000000
364.635000	203.000000
364.640000	256.000000
364.645000	212.000000
364.650000	209.000000
364.655000	212.000000
364.660000	229.000000
364.665000	159.000000
364.670000	234.000000
364.675000	267.000000
364.680000	237.000000
364.685000	209.000000
364.690000	279.000000
364.695000	230.000000
364.700000	321.000000
364.705000	275.000000
364.710000	277.000000
364.715000	285.000000
364.720000	284.000000
364.725000	326.000000
364.730000	421.000000
364.735000	238.000000
364.740000	339.000000
364.745000	361.000000
364.750000	426.000000
364.755000	533.000000
364.760000	473.000000
364.765000	667.000000
364.770000	557.000000
364.775000	731.000000
364.780000	877.000000
364.785000	1173.000000
364.790000	1757.000000
364.795000	3873.000000
364.800000	5497.000000
364.805000	8147.000000
364.810000	12848.000000
364.815000	17045.000000
364.820000	21323.000000
364.825000	26661.000000
364.830000	29493.000000
364.835000	37609.000000
364.840000	51429.000000
364.845000	90788.000000
364.850000	192857.000000
364.855000	159376.000000
364.860000	68518.000000
364.865000	39459.000000
364.870000	24618.000000
364.875000	14534.000000
364.880000	7484.000000
364.885000	5222.000000
364.890000	3883.000000
364.895000	2874.000000
364.900000	2310.000000
364.905000	2265.000000
364.910000	1842.000000
364.915000	1468.000000
364.920000	1405.000000
364.925000	1472.000000
364.930000	1324.000000
364.935000	1257.000000
364.940000	1078.000000
364.945000	1018.000000
364.950000	913.000000
364.955000	871.000000
364.960000	883.000000
364.965000	713.000000
364.970000	695.000000
364.975000	682.000000
364.980000	640.000000
364.985000	720.000000
364.990000	606.000000
364.995000	586.000000
365.000000	517.000000
365.005000	461.000000
365.010000	390.000000
365.015000	559.000000
365.020000	438.000000
365.025000	520.000000
365.030000	403.000000
365.035000	301.000000
365.040000	301.000000
365.045000	317.000000
365.050000	232.000000
365.055000	244.000000
365.060000	409.000000
365.065000	299.000000
365.070000	363.000000
365.075000	317.000000
365.080000	395.000000
365.085000	353.000000
365.090000	311.000000
365.095000	364.000000
365.100000	466.000000
365.105000	215.000000
365.110000	399.000000
365.115000	368.000000
365.120000	307.000000
365.125000	269.000000
365.130000	275.000000
365.135000	315.000000
365.140000	334.000000
365.145000	231.000000
365.150000	208.000000
365.155000	302.000000
365.160000	264.000000
365.165000	342.000000
365.170000	133.000000
365.175000	295.000000
365.180000	239.000000
365.185000	416.000000
365.190000	174.000000
365.195000	412.000000
365.200000	265.000000
365.205000	284.000000
365.210000	355.000000
365.215000	357.000000
365.220000	303.000000
365.225000	341.000000
365.230000	286.000000
365.235000	369.000000
365.240000	383.000000
365.245000	425.000000
365.250000	596.000000
365.255000	696.000000
365.260000	1139.000000
365.265000	1685.000000
365.270000	2403.000000
365.275000	3434.000000
365.280000	4137.000000
365.285000	5537.000000
365.290000	6071.000000
365.295000	7583.000000
365.300000	10612.000000
365.305000	15516.000000
365.310000	24481.000000
365.315000	45422.000000
365.320000	31095.000000
365.325000	15922.000000
365.330000	8048.000000
365.335000	4227.000000
365.340000	2057.000000
365.345000	1525.000000
365.350000	949.000000
365.355000	593.000000
365.360000	451.000000
365.365000	615.000000
365.370000	406.000000
365.375000	489.000000
365.380000	390.000000
365.385000	508.000000
365.390000	283.000000
365.395000	382.000000
365.400000	387.000000
365.405000	345.000000
365.410000	322.000000
365.415000	348.000000
365.420000	298.000000
365.425000	291.000000
365.430000	379.000000
365.435000	407.000000
365.440000	327.000000
365.445000	366.000000
365.450000	467.000000
365.455000	264.000000
365.460000	307.000000
365.465000	256.000000
365.470000	309.000000
365.475000	262.000000
365.480000	399.000000
365.485000	256.000000
365.490000	349.000000
365.495000	229.000000
365.500000	291.000000
365.505000	252.000000
365.510000	261.000000
365.515000	110.000000
365.520000	157.000000
365.525000	65.000000
365.530000	120.000000
365.535000	126.000000
365.540000	73.000000
365.545000	97.000000
365.550000	212.000000
365.555000	119.000000
365.560000	151.000000
365.565000	101.000000
365.570000	101.000000
365.575000	146.000000
365.580000	160.000000
365.585000	68.000000
365.590000	151.000000
365.595000	156.000000
365.600000	149.000000
