Sample ID:		None
Start Time:		Thu Jun 25 2020 4:39:20 AM
Averaging Time:		1.000s

364.600000	43.000000
364.605000	74.000000
364.610000	50.000000
364.615000	30.000000
364.620000	64.000000
364.625000	43.000000
364.630000	61.000000
364.635000	73.000000
364.640000	96.000000
364.645000	156.000000
364.650000	102.000000
364.655000	133.000000
364.660000	245.000000
364.665000	260.000000
364.670000	227.000000
364.675000	252.000000
364.680000	207.000000
364.685000	123.000000
364.690000	270.000000
364.695000	184.000000
364.700000	202.000000
364.705000	228.000000
364.710000	200.000000
364.715000	281.000000
364.720000	267.000000
364.725000	377.000000
364.730000	304.000000
364.735000	268.000000
364.740000	348.000000
364.745000	349.000000
364.750000	359.000000
364.755000	289.000000
364.760000	381.000000
364.765000	287.000000
364.770000	331.000000
364.775000	377.000000
364.780000	515.000000
364.785000	344.000000
364.790000	427.000000
364.795000	522.000000
364.800000	758.000000
364.805000	769.000000
364.810000	682.000000
364.815000	799.000000
364.820000	1307.000000
364.825000	1756.000000
364.830000	3158.000000
364.835000	5484.000000
364.840000	8278.000000
364.845000	12305.000000
364.850000	16947.000000
364.855000	20717.000000
364.860000	25375.000000
364.865000	29034.000000
364.870000	35675.000000
364.875000	61408.000000
364.880000	79393.000000
364.885000	171575.000000
364.890000	197175.000000
364.895000	75804.000000
364.900000	43323.000000
364.905000	26866.000000
364.910000	12257.000000
364.915000	9578.000000
364.920000	6372.000000
364.925000	3939.000000
364.930000	3087.000000
364.935000	2681.000000
364.940000	1852.000000
364.945000	2053.000000
364.950000	1547.000000
364.955000	1531.000000
364.960000	1238.000000
364.965000	1066.000000
364.970000	1428.000000
364.975000	1163.000000
364.980000	1034.000000
364.985000	820.000000
364.990000	923.000000
364.995000	836.000000
365.000000	810.000000
365.005000	867.000000
365.010000	630.000000
365.015000	604.000000
365.020000	794.000000
365.025000	645.000000
365.030000	356.000000
365.035000	550.000000
365.040000	459.000000
365.045000	599.000000
365.050000	459.000000
365.055000	321.000000
365.060000	528.000000
365.065000	465.000000
365.070000	346.000000
365.075000	410.000000
365.080000	293.000000
365.085000	322.000000
365.090000	408.000000
365.095000	352.000000
365.100000	348.000000
365.105000	326.000000
365.110000	337.000000
365.115000	388.000000
365.120000	268.000000
365.125000	269.000000
365.130000	359.000000
365.135000	296.000000
365.140000	398.000000
365.145000	312.000000
365.150000	384.000000
365.155000	318.000000
365.160000	275.000000
365.165000	364.000000
365.170000	265.000000
365.175000	335.000000
365.180000	268.000000
365.185000	454.000000
365.190000	231.000000
365.195000	242.000000
365.200000	392.000000
365.205000	287.000000
365.210000	268.000000
365.215000	284.000000
365.220000	270.000000
365.225000	351.000000
365.230000	340.000000
365.235000	250.000000
365.240000	314.000000
365.245000	255.000000
365.250000	263.000000
365.255000	361.000000
365.260000	361.000000
365.265000	349.000000
365.270000	365.000000
365.275000	419.000000
365.280000	496.000000
365.285000	510.000000
365.290000	880.000000
365.295000	1094.000000
365.300000	1511.000000
365.305000	2393.000000
365.310000	3604.000000
365.315000	4301.000000
365.320000	4665.000000
365.325000	6570.000000
365.330000	7377.000000
365.335000	9443.000000
365.340000	14559.000000
365.345000	22236.000000
365.350000	40799.000000
365.355000	31858.000000
365.360000	18474.000000
365.365000	9838.000000
365.370000	5309.000000
365.375000	2647.000000
365.380000	1864.000000
365.385000	1019.000000
365.390000	662.000000
365.395000	638.000000
365.400000	630.000000
365.405000	482.000000
365.410000	532.000000
365.415000	433.000000
365.420000	440.000000
365.425000	357.000000
365.430000	387.000000
365.435000	433.000000
365.440000	490.000000
365.445000	342.000000
365.450000	314.000000
365.455000	240.000000
365.460000	324.000000
365.465000	204.000000
365.470000	385.000000
365.475000	295.000000
365.480000	276.000000
365.485000	290.000000
365.490000	271.000000
365.495000	316.000000
365.500000	252.000000
365.505000	306.000000
365.510000	207.000000
365.515000	226.000000
365.520000	248.000000
365.525000	269.000000
365.530000	300.000000
365.535000	327.000000
365.540000	231.000000
365.545000	152.000000
365.550000	133.000000
365.555000	113.000000
365.560000	111.000000
365.565000	167.000000
365.570000	135.000000
365.575000	59.000000
365.580000	88.000000
365.585000	101.000000
365.590000	139.000000
365.595000	127.000000
365.600000	103.000000
