Sample ID:		None
Start Time:		Thu Jun 25 2020 1:52:42 AM
Averaging Time:		1.000s

364.600000	68.000000
364.605000	32.000000
364.610000	45.000000
364.615000	29.000000
364.620000	80.000000
364.625000	27.000000
364.630000	63.000000
364.635000	40.000000
364.640000	15.000000
364.645000	61.000000
364.650000	78.000000
364.655000	34.000000
364.660000	85.000000
364.665000	72.000000
364.670000	60.000000
364.675000	71.000000
364.680000	158.000000
364.685000	77.000000
364.690000	96.000000
364.695000	155.000000
364.700000	124.000000
364.705000	312.000000
364.710000	215.000000
364.715000	240.000000
364.720000	201.000000
364.725000	248.000000
364.730000	188.000000
364.735000	253.000000
364.740000	255.000000
364.745000	154.000000
364.750000	270.000000
364.755000	290.000000
364.760000	314.000000
364.765000	227.000000
364.770000	318.000000
364.775000	267.000000
364.780000	368.000000
364.785000	272.000000
364.790000	235.000000
364.795000	329.000000
364.800000	400.000000
364.805000	454.000000
364.810000	393.000000
364.815000	307.000000
364.820000	441.000000
364.825000	506.000000
364.830000	427.000000
364.835000	475.000000
364.840000	614.000000
364.845000	556.000000
364.850000	728.000000
364.855000	904.000000
364.860000	1101.000000
364.865000	1578.000000
364.870000	3060.000000
364.875000	4093.000000
364.880000	6999.000000
364.885000	10529.000000
364.890000	14675.000000
364.895000	18319.000000
364.900000	22348.000000
364.905000	26608.000000
364.910000	31260.000000
364.915000	40737.000000
364.920000	56296.000000
364.925000	116303.000000
364.930000	217803.000000
364.935000	123705.000000
364.940000	61899.000000
364.945000	35846.000000
364.950000	20445.000000
364.955000	11697.000000
364.960000	8190.000000
364.965000	4893.000000
364.970000	3852.000000
364.975000	2935.000000
364.980000	2515.000000
364.985000	2236.000000
364.990000	1708.000000
364.995000	1489.000000
365.000000	1238.000000
365.005000	1319.000000
365.010000	1446.000000
365.015000	1217.000000
365.020000	1122.000000
365.025000	988.000000
365.030000	799.000000
365.035000	688.000000
365.040000	732.000000
365.045000	847.000000
365.050000	665.000000
365.055000	678.000000
365.060000	747.000000
365.065000	591.000000
365.070000	532.000000
365.075000	576.000000
365.080000	528.000000
365.085000	433.000000
365.090000	425.000000
365.095000	502.000000
365.100000	339.000000
365.105000	429.000000
365.110000	299.000000
365.115000	488.000000
365.120000	332.000000
365.125000	353.000000
365.130000	412.000000
365.135000	314.000000
365.140000	305.000000
365.145000	330.000000
365.150000	386.000000
365.155000	337.000000
365.160000	376.000000
365.165000	354.000000
365.170000	390.000000
365.175000	313.000000
365.180000	374.000000
365.185000	289.000000
365.190000	361.000000
365.195000	378.000000
365.200000	411.000000
365.205000	364.000000
365.210000	274.000000
365.215000	417.000000
365.220000	304.000000
365.225000	330.000000
365.230000	338.000000
365.235000	460.000000
365.240000	244.000000
365.245000	280.000000
365.250000	265.000000
365.255000	370.000000
365.260000	283.000000
365.265000	363.000000
365.270000	296.000000
365.275000	311.000000
365.280000	335.000000
365.285000	356.000000
365.290000	282.000000
365.295000	295.000000
365.300000	298.000000
365.305000	300.000000
365.310000	301.000000
365.315000	288.000000
365.320000	491.000000
365.325000	674.000000
365.330000	632.000000
365.335000	924.000000
365.340000	1386.000000
365.345000	2052.000000
365.350000	3232.000000
365.355000	4144.000000
365.360000	4792.000000
365.365000	5166.000000
365.370000	6605.000000
365.375000	7705.000000
365.380000	10988.000000
365.385000	18910.000000
365.390000	34453.000000
365.395000	45777.000000
365.400000	26832.000000
365.405000	12946.000000
365.410000	6723.000000
365.415000	3966.000000
365.420000	2088.000000
365.425000	1410.000000
365.430000	1042.000000
365.435000	576.000000
365.440000	598.000000
365.445000	530.000000
365.450000	412.000000
365.455000	479.000000
365.460000	487.000000
365.465000	377.000000
365.470000	451.000000
365.475000	333.000000
365.480000	467.000000
365.485000	438.000000
365.490000	381.000000
365.495000	294.000000
365.500000	307.000000
365.505000	363.000000
365.510000	370.000000
365.515000	434.000000
365.520000	365.000000
365.525000	269.000000
365.530000	379.000000
365.535000	235.000000
365.540000	279.000000
365.545000	282.000000
365.550000	232.000000
365.555000	197.000000
365.560000	206.000000
365.565000	249.000000
365.570000	262.000000
365.575000	233.000000
365.580000	289.000000
365.585000	195.000000
365.590000	227.000000
365.595000	141.000000
365.600000	120.000000
