Sample ID:		None
Start Time:		Thu Jun 25 2020 7:14:49 AM
Averaging Time:		1.000s

364.600000	231.000000
364.605000	237.000000
364.610000	356.000000
364.615000	300.000000
364.620000	358.000000
364.625000	325.000000
364.630000	323.000000
364.635000	375.000000
364.640000	279.000000
364.645000	387.000000
364.650000	374.000000
364.655000	386.000000
364.660000	430.000000
364.665000	502.000000
364.670000	617.000000
364.675000	629.000000
364.680000	567.000000
364.685000	856.000000
364.690000	1014.000000
364.695000	1425.000000
364.700000	2200.000000
364.705000	3743.000000
364.710000	7228.000000
364.715000	9122.000000
364.720000	13651.000000
364.725000	18104.000000
364.730000	23766.000000
364.735000	27167.000000
364.740000	32232.000000
364.745000	37901.000000
364.750000	65968.000000
364.755000	120537.000000
364.760000	219218.000000
364.765000	130199.000000
364.770000	51344.000000
364.775000	34708.000000
364.780000	21252.000000
364.785000	12620.000000
364.790000	7927.000000
364.795000	5864.000000
364.800000	3456.000000
364.805000	2589.000000
364.810000	2143.000000
364.815000	2106.000000
364.820000	1925.000000
364.825000	1682.000000
364.830000	1424.000000
364.835000	1242.000000
364.840000	1265.000000
364.845000	1099.000000
364.850000	1158.000000
364.855000	1269.000000
364.860000	817.000000
364.865000	868.000000
364.870000	661.000000
364.875000	924.000000
364.880000	807.000000
364.885000	702.000000
364.890000	666.000000
364.895000	631.000000
364.900000	542.000000
364.905000	564.000000
364.910000	542.000000
364.915000	566.000000
364.920000	514.000000
364.925000	491.000000
364.930000	524.000000
364.935000	469.000000
364.940000	408.000000
364.945000	368.000000
364.950000	399.000000
364.955000	397.000000
364.960000	317.000000
364.965000	378.000000
364.970000	289.000000
364.975000	403.000000
364.980000	377.000000
364.985000	258.000000
364.990000	422.000000
364.995000	346.000000
365.000000	341.000000
365.005000	251.000000
365.010000	299.000000
365.015000	296.000000
365.020000	279.000000
365.025000	347.000000
365.030000	288.000000
365.035000	280.000000
365.040000	304.000000
365.045000	279.000000
365.050000	277.000000
365.055000	336.000000
365.060000	238.000000
365.065000	285.000000
365.070000	239.000000
365.075000	345.000000
365.080000	290.000000
365.085000	266.000000
365.090000	306.000000
365.095000	279.000000
365.100000	337.000000
365.105000	305.000000
365.110000	302.000000
365.115000	279.000000
365.120000	376.000000
365.125000	255.000000
365.130000	307.000000
365.135000	341.000000
365.140000	333.000000
365.145000	371.000000
365.150000	494.000000
365.155000	516.000000
365.160000	527.000000
365.165000	1085.000000
365.170000	1587.000000
365.175000	1874.000000
365.180000	2577.000000
365.185000	4026.000000
365.190000	4462.000000
365.195000	5534.000000
365.200000	6170.000000
365.205000	7938.000000
365.210000	10903.000000
365.215000	16921.000000
365.220000	31272.000000
365.225000	47318.000000
365.230000	25261.000000
365.235000	12958.000000
365.240000	6889.000000
365.245000	3536.000000
365.250000	2123.000000
365.255000	1616.000000
365.260000	968.000000
365.265000	571.000000
365.270000	648.000000
365.275000	478.000000
365.280000	562.000000
365.285000	349.000000
365.290000	320.000000
365.295000	360.000000
365.300000	383.000000
365.305000	370.000000
365.310000	443.000000
365.315000	327.000000
365.320000	346.000000
365.325000	294.000000
365.330000	287.000000
365.335000	377.000000
365.340000	319.000000
365.345000	366.000000
365.350000	315.000000
365.355000	288.000000
365.360000	333.000000
365.365000	183.000000
365.370000	325.000000
365.375000	338.000000
365.380000	282.000000
365.385000	285.000000
365.390000	292.000000
365.395000	392.000000
365.400000	167.000000
365.405000	276.000000
365.410000	241.000000
365.415000	295.000000
365.420000	184.000000
365.425000	206.000000
365.430000	130.000000
365.435000	89.000000
365.440000	73.000000
365.445000	124.000000
365.450000	167.000000
365.455000	109.000000
365.460000	119.000000
365.465000	130.000000
365.470000	84.000000
365.475000	111.000000
365.480000	75.000000
365.485000	166.000000
365.490000	75.000000
365.495000	108.000000
365.500000	110.000000
365.505000	106.000000
365.510000	139.000000
365.515000	103.000000
365.520000	109.000000
365.525000	57.000000
365.530000	65.000000
365.535000	35.000000
365.540000	57.000000
365.545000	72.000000
365.550000	119.000000
365.555000	74.000000
365.560000	65.000000
365.565000	73.000000
365.570000	112.000000
365.575000	174.000000
365.580000	55.000000
365.585000	83.000000
365.590000	96.000000
365.595000	80.000000
365.600000	46.000000
