Sample ID:		None
Start Time:		Thu Jun 25 2020 9:39:15 AM
Averaging Time:		1.000s

364.600000	14126.000000
364.605000	19706.000000
364.610000	25488.000000
364.615000	28928.000000
364.620000	36069.000000
364.625000	50242.000000
364.630000	94692.000000
364.635000	197486.000000
364.640000	185678.000000
364.645000	76574.000000
364.650000	41520.000000
364.655000	19387.000000
364.660000	13885.000000
364.665000	8787.000000
364.670000	5319.000000
364.675000	3829.000000
364.680000	2774.000000
364.685000	2371.000000
364.690000	2097.000000
364.695000	1851.000000
364.700000	1613.000000
364.705000	1472.000000
364.710000	1416.000000
364.715000	1249.000000
364.720000	1096.000000
364.725000	1165.000000
364.730000	1088.000000
364.735000	923.000000
364.740000	811.000000
364.745000	956.000000
364.750000	708.000000
364.755000	599.000000
364.760000	720.000000
364.765000	644.000000
364.770000	614.000000
364.775000	532.000000
364.780000	502.000000
364.785000	539.000000
364.790000	468.000000
364.795000	538.000000
364.800000	474.000000
364.805000	448.000000
364.810000	547.000000
364.815000	443.000000
364.820000	352.000000
364.825000	383.000000
364.830000	432.000000
364.835000	286.000000
364.840000	298.000000
364.845000	414.000000
364.850000	501.000000
364.855000	244.000000
364.860000	374.000000
364.865000	320.000000
364.870000	311.000000
364.875000	419.000000
364.880000	394.000000
364.885000	383.000000
364.890000	302.000000
364.895000	256.000000
364.900000	299.000000
364.905000	305.000000
364.910000	281.000000
364.915000	329.000000
364.920000	302.000000
364.925000	321.000000
364.930000	310.000000
364.935000	272.000000
364.940000	398.000000
364.945000	323.000000
364.950000	197.000000
364.955000	315.000000
364.960000	284.000000
364.965000	192.000000
364.970000	339.000000
364.975000	323.000000
364.980000	293.000000
364.985000	302.000000
364.990000	321.000000
364.995000	298.000000
365.000000	397.000000
365.005000	322.000000
365.010000	339.000000
365.015000	342.000000
365.020000	291.000000
365.025000	377.000000
365.030000	366.000000
365.035000	636.000000
365.040000	873.000000
365.045000	1205.000000
365.050000	1671.000000
365.055000	2716.000000
365.060000	3771.000000
365.065000	4131.000000
365.070000	5189.000000
365.075000	6768.000000
365.080000	6942.000000
365.085000	8595.000000
365.090000	17960.000000
365.095000	26258.000000
365.100000	46687.000000
365.105000	35550.000000
365.110000	16947.000000
365.115000	7969.000000
365.120000	4031.000000
365.125000	3212.000000
365.130000	2108.000000
365.135000	910.000000
365.140000	675.000000
365.145000	544.000000
365.150000	526.000000
365.155000	465.000000
365.160000	585.000000
365.165000	346.000000
365.170000	417.000000
365.175000	402.000000
365.180000	303.000000
365.185000	340.000000
365.190000	328.000000
365.195000	477.000000
365.200000	312.000000
365.205000	376.000000
365.210000	334.000000
365.215000	310.000000
365.220000	345.000000
365.225000	370.000000
365.230000	268.000000
365.235000	320.000000
365.240000	329.000000
365.245000	267.000000
365.250000	229.000000
365.255000	246.000000
365.260000	211.000000
365.265000	349.000000
365.270000	267.000000
365.275000	282.000000
365.280000	222.000000
365.285000	274.000000
365.290000	240.000000
365.295000	274.000000
365.300000	198.000000
365.305000	77.000000
365.310000	139.000000
365.315000	157.000000
365.320000	116.000000
365.325000	168.000000
365.330000	175.000000
365.335000	115.000000
365.340000	137.000000
365.345000	90.000000
365.350000	132.000000
365.355000	157.000000
365.360000	97.000000
365.365000	81.000000
365.370000	123.000000
365.375000	208.000000
365.380000	144.000000
365.385000	163.000000
365.390000	120.000000
365.395000	153.000000
365.400000	170.000000
365.405000	158.000000
365.410000	99.000000
365.415000	163.000000
365.420000	132.000000
365.425000	117.000000
365.430000	148.000000
365.435000	113.000000
365.440000	148.000000
365.445000	149.000000
365.450000	106.000000
365.455000	82.000000
365.460000	86.000000
365.465000	101.000000
365.470000	102.000000
365.475000	160.000000
365.480000	50.000000
365.485000	161.000000
365.490000	43.000000
365.495000	122.000000
365.500000	122.000000
365.505000	79.000000
365.510000	61.000000
365.515000	102.000000
365.520000	111.000000
365.525000	158.000000
365.530000	124.000000
365.535000	35.000000
365.540000	104.000000
365.545000	114.000000
365.550000	84.000000
365.555000	113.000000
365.560000	81.000000
365.565000	86.000000
365.570000	101.000000
365.575000	95.000000
365.580000	59.000000
365.585000	93.000000
365.590000	137.000000
365.595000	132.000000
365.600000	101.000000
