Sample ID:		None
Start Time:		Thu Jun 25 2020 2:26:27 PM
Averaging Time:		1.000s

364.600000	43.000000
364.605000	138.000000
364.610000	34.000000
364.615000	95.000000
364.620000	84.000000
364.625000	131.000000
364.630000	53.000000
364.635000	76.000000
364.640000	80.000000
364.645000	64.000000
364.650000	114.000000
364.655000	73.000000
364.660000	35.000000
364.665000	83.000000
364.670000	69.000000
364.675000	68.000000
364.680000	55.000000
364.685000	110.000000
364.690000	80.000000
364.695000	105.000000
364.700000	103.000000
364.705000	117.000000
364.710000	220.000000
364.715000	106.000000
364.720000	257.000000
364.725000	252.000000
364.730000	256.000000
364.735000	282.000000
364.740000	253.000000
364.745000	297.000000
364.750000	228.000000
364.755000	310.000000
364.760000	250.000000
364.765000	339.000000
364.770000	375.000000
364.775000	297.000000
364.780000	234.000000
364.785000	306.000000
364.790000	295.000000
364.795000	338.000000
364.800000	298.000000
364.805000	300.000000
364.810000	321.000000
364.815000	321.000000
364.820000	451.000000
364.825000	284.000000
364.830000	464.000000
364.835000	456.000000
364.840000	383.000000
364.845000	502.000000
364.850000	547.000000
364.855000	554.000000
364.860000	534.000000
364.865000	618.000000
364.870000	834.000000
364.875000	728.000000
364.880000	1131.000000
364.885000	1490.000000
364.890000	2561.000000
364.895000	4335.000000
364.900000	6218.000000
364.905000	9717.000000
364.910000	15195.000000
364.915000	17574.000000
364.920000	21409.000000
364.925000	25601.000000
364.930000	29029.000000
364.935000	36386.000000
364.940000	51671.000000
364.945000	82088.000000
364.950000	174847.000000
364.955000	161760.000000
364.960000	71736.000000
364.965000	42253.000000
364.970000	24018.000000
364.975000	13455.000000
364.980000	9429.000000
364.985000	6338.000000
364.990000	3389.000000
364.995000	2692.000000
365.000000	2612.000000
365.005000	2259.000000
365.010000	1691.000000
365.015000	1571.000000
365.020000	1405.000000
365.025000	1409.000000
365.030000	1277.000000
365.035000	1095.000000
365.040000	1165.000000
365.045000	1129.000000
365.050000	879.000000
365.055000	871.000000
365.060000	818.000000
365.065000	874.000000
365.070000	738.000000
365.075000	634.000000
365.080000	597.000000
365.085000	623.000000
365.090000	632.000000
365.095000	541.000000
365.100000	482.000000
365.105000	488.000000
365.110000	458.000000
365.115000	526.000000
365.120000	412.000000
365.125000	338.000000
365.130000	383.000000
365.135000	390.000000
365.140000	367.000000
365.145000	356.000000
365.150000	331.000000
365.155000	313.000000
365.160000	349.000000
365.165000	346.000000
365.170000	247.000000
365.175000	295.000000
365.180000	316.000000
365.185000	280.000000
365.190000	389.000000
365.195000	366.000000
365.200000	300.000000
365.205000	265.000000
365.210000	330.000000
365.215000	287.000000
365.220000	282.000000
365.225000	355.000000
365.230000	285.000000
365.235000	300.000000
365.240000	299.000000
365.245000	299.000000
365.250000	250.000000
365.255000	270.000000
365.260000	292.000000
365.265000	304.000000
365.270000	334.000000
365.275000	247.000000
365.280000	309.000000
365.285000	347.000000
365.290000	263.000000
365.295000	272.000000
365.300000	318.000000
365.305000	273.000000
365.310000	360.000000
365.315000	283.000000
365.320000	313.000000
365.325000	290.000000
365.330000	340.000000
365.335000	330.000000
365.340000	409.000000
365.345000	504.000000
365.350000	480.000000
365.355000	867.000000
365.360000	1272.000000
365.365000	1651.000000
365.370000	2312.000000
365.375000	3579.000000
365.380000	4196.000000
365.385000	4803.000000
365.390000	5382.000000
365.395000	6921.000000
365.400000	8215.000000
365.405000	13321.000000
365.410000	21479.000000
365.415000	38611.000000
365.420000	30651.000000
365.425000	15872.000000
365.430000	7078.000000
365.435000	3889.000000
365.440000	2856.000000
365.445000	1985.000000
365.450000	1043.000000
365.455000	686.000000
365.460000	553.000000
365.465000	666.000000
365.470000	488.000000
365.475000	428.000000
365.480000	361.000000
365.485000	414.000000
365.490000	376.000000
365.495000	500.000000
365.500000	476.000000
365.505000	381.000000
365.510000	458.000000
365.515000	507.000000
365.520000	406.000000
365.525000	297.000000
365.530000	278.000000
365.535000	342.000000
365.540000	417.000000
365.545000	372.000000
365.550000	297.000000
365.555000	316.000000
365.560000	302.000000
365.565000	345.000000
365.570000	218.000000
365.575000	212.000000
365.580000	248.000000
365.585000	186.000000
365.590000	286.000000
365.595000	353.000000
365.600000	212.000000
