Sample ID:		None
Start Time:		Thu Jun 25 2020 9:17:01 AM
Averaging Time:		1.000s

364.600000	5301.000000
364.605000	9341.000000
364.610000	14900.000000
364.615000	19362.000000
364.620000	24874.000000
364.625000	28460.000000
364.630000	34691.000000
364.635000	42735.000000
364.640000	85460.000000
364.645000	131885.000000
364.650000	233313.000000
364.655000	136104.000000
364.660000	53287.000000
364.665000	33057.000000
364.670000	20574.000000
364.675000	12101.000000
364.680000	7442.000000
364.685000	5006.000000
364.690000	3987.000000
364.695000	3081.000000
364.700000	2277.000000
364.705000	2078.000000
364.710000	2004.000000
364.715000	1601.000000
364.720000	1243.000000
364.725000	1540.000000
364.730000	1439.000000
364.735000	1256.000000
364.740000	1083.000000
364.745000	1100.000000
364.750000	1005.000000
364.755000	925.000000
364.760000	1047.000000
364.765000	858.000000
364.770000	828.000000
364.775000	720.000000
364.780000	804.000000
364.785000	689.000000
364.790000	607.000000
364.795000	674.000000
364.800000	513.000000
364.805000	497.000000
364.810000	537.000000
364.815000	525.000000
364.820000	507.000000
364.825000	480.000000
364.830000	529.000000
364.835000	349.000000
364.840000	338.000000
364.845000	324.000000
364.850000	267.000000
364.855000	367.000000
364.860000	257.000000
364.865000	330.000000
364.870000	351.000000
364.875000	317.000000
364.880000	484.000000
364.885000	407.000000
364.890000	450.000000
364.895000	433.000000
364.900000	330.000000
364.905000	494.000000
364.910000	328.000000
364.915000	421.000000
364.920000	399.000000
364.925000	306.000000
364.930000	364.000000
364.935000	236.000000
364.940000	200.000000
364.945000	313.000000
364.950000	269.000000
364.955000	377.000000
364.960000	249.000000
364.965000	397.000000
364.970000	228.000000
364.975000	260.000000
364.980000	304.000000
364.985000	281.000000
364.990000	226.000000
364.995000	334.000000
365.000000	270.000000
365.005000	288.000000
365.010000	341.000000
365.015000	361.000000
365.020000	322.000000
365.025000	325.000000
365.030000	364.000000
365.035000	464.000000
365.040000	412.000000
365.045000	642.000000
365.050000	666.000000
365.055000	1178.000000
365.060000	1380.000000
365.065000	1985.000000
365.070000	3159.000000
365.075000	4048.000000
365.080000	4973.000000
365.085000	5677.000000
365.090000	6572.000000
365.095000	7812.000000
365.100000	12285.000000
365.105000	19404.000000
365.110000	34584.000000
365.115000	48232.000000
365.120000	24937.000000
365.125000	13248.000000
365.130000	7545.000000
365.135000	4265.000000
365.140000	1893.000000
365.145000	1571.000000
365.150000	1147.000000
365.155000	722.000000
365.160000	473.000000
365.165000	511.000000
365.170000	445.000000
365.175000	573.000000
365.180000	483.000000
365.185000	421.000000
365.190000	534.000000
365.195000	423.000000
365.200000	222.000000
365.205000	355.000000
365.210000	366.000000
365.215000	318.000000
365.220000	273.000000
365.225000	263.000000
365.230000	310.000000
365.235000	441.000000
365.240000	285.000000
365.245000	260.000000
365.250000	332.000000
365.255000	358.000000
365.260000	314.000000
365.265000	320.000000
365.270000	244.000000
365.275000	212.000000
365.280000	239.000000
365.285000	324.000000
365.290000	193.000000
365.295000	297.000000
365.300000	210.000000
365.305000	203.000000
365.310000	188.000000
365.315000	178.000000
365.320000	148.000000
365.325000	179.000000
365.330000	147.000000
365.335000	109.000000
365.340000	171.000000
365.345000	121.000000
365.350000	69.000000
365.355000	179.000000
365.360000	157.000000
365.365000	130.000000
365.370000	70.000000
365.375000	89.000000
365.380000	86.000000
365.385000	72.000000
365.390000	105.000000
365.395000	122.000000
365.400000	113.000000
365.405000	60.000000
365.410000	57.000000
365.415000	77.000000
365.420000	96.000000
365.425000	93.000000
365.430000	79.000000
365.435000	118.000000
365.440000	133.000000
365.445000	128.000000
365.450000	82.000000
365.455000	113.000000
365.460000	69.000000
365.465000	92.000000
365.470000	104.000000
365.475000	91.000000
365.480000	106.000000
365.485000	78.000000
365.490000	101.000000
365.495000	91.000000
365.500000	94.000000
365.505000	109.000000
365.510000	121.000000
365.515000	112.000000
365.520000	112.000000
365.525000	65.000000
365.530000	40.000000
365.535000	101.000000
365.540000	121.000000
365.545000	91.000000
365.550000	88.000000
365.555000	47.000000
365.560000	103.000000
365.565000	78.000000
365.570000	81.000000
365.575000	86.000000
365.580000	127.000000
365.585000	72.000000
365.590000	91.000000
365.595000	101.000000
365.600000	125.000000
