Sample ID:		None
Start Time:		Thu Jun 25 2020 1:19:23 AM
Averaging Time:		1.000s

364.600000	12.000000
364.605000	41.000000
364.610000	110.000000
364.615000	43.000000
364.620000	39.000000
364.625000	18.000000
364.630000	41.000000
364.635000	81.000000
364.640000	41.000000
364.645000	59.000000
364.650000	48.000000
364.655000	50.000000
364.660000	73.000000
364.665000	68.000000
364.670000	34.000000
364.675000	34.000000
364.680000	61.000000
364.685000	123.000000
364.690000	141.000000
364.695000	93.000000
364.700000	148.000000
364.705000	188.000000
364.710000	290.000000
364.715000	147.000000
364.720000	233.000000
364.725000	272.000000
364.730000	261.000000
364.735000	219.000000
364.740000	264.000000
364.745000	261.000000
364.750000	284.000000
364.755000	230.000000
364.760000	305.000000
364.765000	243.000000
364.770000	419.000000
364.775000	275.000000
364.780000	328.000000
364.785000	302.000000
364.790000	275.000000
364.795000	219.000000
364.800000	380.000000
364.805000	333.000000
364.810000	381.000000
364.815000	305.000000
364.820000	458.000000
364.825000	648.000000
364.830000	383.000000
364.835000	639.000000
364.840000	654.000000
364.845000	562.000000
364.850000	629.000000
364.855000	801.000000
364.860000	963.000000
364.865000	1308.000000
364.870000	2168.000000
364.875000	4056.000000
364.880000	5853.000000
364.885000	8761.000000
364.890000	13419.000000
364.895000	17349.000000
364.900000	22201.000000
364.905000	26323.000000
364.910000	31175.000000
364.915000	38646.000000
364.920000	51728.000000
364.925000	90424.000000
364.930000	191105.000000
364.935000	162079.000000
364.940000	56774.000000
364.945000	39974.000000
364.950000	25036.000000
364.955000	12394.000000
364.960000	9518.000000
364.965000	5922.000000
364.970000	3518.000000
364.975000	3580.000000
364.980000	2484.000000
364.985000	2267.000000
364.990000	1798.000000
364.995000	1552.000000
365.000000	1660.000000
365.005000	1543.000000
365.010000	1138.000000
365.015000	1159.000000
365.020000	1108.000000
365.025000	900.000000
365.030000	1041.000000
365.035000	1092.000000
365.040000	954.000000
365.045000	898.000000
365.050000	914.000000
365.055000	619.000000
365.060000	832.000000
365.065000	617.000000
365.070000	602.000000
365.075000	505.000000
365.080000	517.000000
365.085000	352.000000
365.090000	363.000000
365.095000	431.000000
365.100000	398.000000
365.105000	414.000000
365.110000	339.000000
365.115000	275.000000
365.120000	371.000000
365.125000	314.000000
365.130000	422.000000
365.135000	355.000000
365.140000	322.000000
365.145000	390.000000
365.150000	242.000000
365.155000	297.000000
365.160000	325.000000
365.165000	464.000000
365.170000	306.000000
365.175000	324.000000
365.180000	360.000000
365.185000	396.000000
365.190000	328.000000
365.195000	328.000000
365.200000	265.000000
365.205000	372.000000
365.210000	243.000000
365.215000	274.000000
365.220000	309.000000
365.225000	181.000000
365.230000	374.000000
365.235000	240.000000
365.240000	318.000000
365.245000	371.000000
365.250000	241.000000
365.255000	152.000000
365.260000	249.000000
365.265000	216.000000
365.270000	331.000000
365.275000	302.000000
365.280000	303.000000
365.285000	388.000000
365.290000	297.000000
365.295000	289.000000
365.300000	438.000000
365.305000	414.000000
365.310000	407.000000
365.315000	399.000000
365.320000	351.000000
365.325000	546.000000
365.330000	699.000000
365.335000	1174.000000
365.340000	1516.000000
365.345000	2180.000000
365.350000	2933.000000
365.355000	3993.000000
365.360000	4626.000000
365.365000	5836.000000
365.370000	6715.000000
365.375000	8542.000000
365.380000	12375.000000
365.385000	18646.000000
365.390000	37312.000000
365.395000	44382.000000
365.400000	20654.000000
365.405000	12239.000000
365.410000	6880.000000
365.415000	3821.000000
365.420000	1746.000000
365.425000	1718.000000
365.430000	851.000000
365.435000	637.000000
365.440000	584.000000
365.445000	527.000000
365.450000	476.000000
365.455000	367.000000
365.460000	421.000000
365.465000	386.000000
365.470000	382.000000
365.475000	264.000000
365.480000	328.000000
365.485000	267.000000
365.490000	255.000000
365.495000	401.000000
365.500000	327.000000
365.505000	309.000000
365.510000	276.000000
365.515000	423.000000
365.520000	269.000000
365.525000	316.000000
365.530000	227.000000
365.535000	295.000000
365.540000	258.000000
365.545000	181.000000
365.550000	244.000000
365.555000	270.000000
365.560000	247.000000
365.565000	219.000000
365.570000	282.000000
365.575000	301.000000
365.580000	270.000000
365.585000	226.000000
365.590000	286.000000
365.595000	162.000000
365.600000	241.000000
