Sample ID:		None
Start Time:		Thu Jun 25 2020 6:02:37 AM
Averaging Time:		1.000s

364.600000	294.000000
364.605000	217.000000
364.610000	140.000000
364.615000	186.000000
364.620000	156.000000
364.625000	332.000000
364.630000	235.000000
364.635000	237.000000
364.640000	272.000000
364.645000	285.000000
364.650000	256.000000
364.655000	282.000000
364.660000	301.000000
364.665000	306.000000
364.670000	286.000000
364.675000	343.000000
364.680000	299.000000
364.685000	359.000000
364.690000	299.000000
364.695000	312.000000
364.700000	418.000000
364.705000	468.000000
364.710000	473.000000
364.715000	472.000000
364.720000	495.000000
364.725000	580.000000
364.730000	609.000000
364.735000	661.000000
364.740000	920.000000
364.745000	1206.000000
364.750000	1465.000000
364.755000	2765.000000
364.760000	5098.000000
364.765000	7376.000000
364.770000	11974.000000
364.775000	16481.000000
364.780000	19248.000000
364.785000	23242.000000
364.790000	28190.000000
364.795000	33557.000000
364.800000	43278.000000
364.805000	65156.000000
364.810000	151331.000000
364.815000	222120.000000
364.820000	110960.000000
364.825000	50398.000000
364.830000	30318.000000
364.835000	18882.000000
364.840000	9286.000000
364.845000	6778.000000
364.850000	4479.000000
364.855000	3392.000000
364.860000	2751.000000
364.865000	2527.000000
364.870000	2062.000000
364.875000	1632.000000
364.880000	1494.000000
364.885000	1576.000000
364.890000	1286.000000
364.895000	1235.000000
364.900000	1131.000000
364.905000	1289.000000
364.910000	928.000000
364.915000	933.000000
364.920000	890.000000
364.925000	1061.000000
364.930000	742.000000
364.935000	928.000000
364.940000	555.000000
364.945000	627.000000
364.950000	738.000000
364.955000	475.000000
364.960000	530.000000
364.965000	596.000000
364.970000	519.000000
364.975000	446.000000
364.980000	586.000000
364.985000	436.000000
364.990000	493.000000
364.995000	261.000000
365.000000	315.000000
365.005000	364.000000
365.010000	275.000000
365.015000	363.000000
365.020000	277.000000
365.025000	326.000000
365.030000	541.000000
365.035000	304.000000
365.040000	270.000000
365.045000	331.000000
365.050000	333.000000
365.055000	388.000000
365.060000	477.000000
365.065000	279.000000
365.070000	316.000000
365.075000	276.000000
365.080000	256.000000
365.085000	305.000000
365.090000	308.000000
365.095000	315.000000
365.100000	249.000000
365.105000	388.000000
365.110000	365.000000
365.115000	349.000000
365.120000	268.000000
365.125000	299.000000
365.130000	224.000000
365.135000	237.000000
365.140000	320.000000
365.145000	204.000000
365.150000	245.000000
365.155000	276.000000
365.160000	191.000000
365.165000	272.000000
365.170000	301.000000
365.175000	262.000000
365.180000	276.000000
365.185000	265.000000
365.190000	413.000000
365.195000	395.000000
365.200000	288.000000
365.205000	655.000000
365.210000	627.000000
365.215000	711.000000
365.220000	1208.000000
365.225000	1374.000000
365.230000	2373.000000
365.235000	3735.000000
365.240000	3809.000000
365.245000	4463.000000
365.250000	6027.000000
365.255000	7058.000000
365.260000	7655.000000
365.265000	11943.000000
365.270000	18310.000000
365.275000	35533.000000
365.280000	45828.000000
365.285000	24060.000000
365.290000	11949.000000
365.295000	6041.000000
365.300000	3337.000000
365.305000	2005.000000
365.310000	1423.000000
365.315000	856.000000
365.320000	637.000000
365.325000	660.000000
365.330000	673.000000
365.335000	377.000000
365.340000	449.000000
365.345000	486.000000
365.350000	401.000000
365.355000	447.000000
365.360000	374.000000
365.365000	326.000000
365.370000	297.000000
365.375000	419.000000
365.380000	394.000000
365.385000	224.000000
365.390000	284.000000
365.395000	250.000000
365.400000	341.000000
365.405000	330.000000
365.410000	297.000000
365.415000	304.000000
365.420000	252.000000
365.425000	215.000000
365.430000	284.000000
365.435000	231.000000
365.440000	295.000000
365.445000	297.000000
365.450000	195.000000
365.455000	189.000000
365.460000	279.000000
365.465000	281.000000
365.470000	245.000000
365.475000	215.000000
365.480000	203.000000
365.485000	177.000000
365.490000	134.000000
365.495000	85.000000
365.500000	152.000000
365.505000	162.000000
365.510000	77.000000
365.515000	126.000000
365.520000	87.000000
365.525000	153.000000
365.530000	110.000000
365.535000	104.000000
365.540000	152.000000
365.545000	113.000000
365.550000	102.000000
365.555000	112.000000
365.560000	68.000000
365.565000	88.000000
365.570000	103.000000
365.575000	128.000000
365.580000	56.000000
365.585000	137.000000
365.590000	138.000000
365.595000	133.000000
365.600000	107.000000
