Sample ID:		None
Start Time:		Thu Jun 25 2020 2:53:48 AM
Averaging Time:		1.000s

364.600000	37.000000
364.605000	19.000000
364.610000	24.000000
364.615000	35.000000
364.620000	44.000000
364.625000	61.000000
364.630000	17.000000
364.635000	17.000000
364.640000	51.000000
364.645000	47.000000
364.650000	73.000000
364.655000	59.000000
364.660000	54.000000
364.665000	101.000000
364.670000	55.000000
364.675000	94.000000
364.680000	113.000000
364.685000	92.000000
364.690000	243.000000
364.695000	174.000000
364.700000	192.000000
364.705000	249.000000
364.710000	267.000000
364.715000	183.000000
364.720000	221.000000
364.725000	213.000000
364.730000	213.000000
364.735000	190.000000
364.740000	322.000000
364.745000	288.000000
364.750000	181.000000
364.755000	369.000000
364.760000	202.000000
364.765000	253.000000
364.770000	231.000000
364.775000	270.000000
364.780000	206.000000
364.785000	298.000000
364.790000	253.000000
364.795000	303.000000
364.800000	437.000000
364.805000	379.000000
364.810000	541.000000
364.815000	436.000000
364.820000	504.000000
364.825000	602.000000
364.830000	609.000000
364.835000	565.000000
364.840000	691.000000
364.845000	1029.000000
364.850000	1369.000000
364.855000	2101.000000
364.860000	3312.000000
364.865000	5960.000000
364.870000	8925.000000
364.875000	13253.000000
364.880000	17330.000000
364.885000	21399.000000
364.890000	25508.000000
364.895000	29124.000000
364.900000	37231.000000
364.905000	55977.000000
364.910000	84891.000000
364.915000	183577.000000
364.920000	189456.000000
364.925000	56398.000000
364.930000	41610.000000
364.935000	26068.000000
364.940000	12338.000000
364.945000	9131.000000
364.950000	5864.000000
364.955000	4151.000000
364.960000	3256.000000
364.965000	2511.000000
364.970000	1917.000000
364.975000	1898.000000
364.980000	1589.000000
364.985000	1388.000000
364.990000	1406.000000
364.995000	1350.000000
365.000000	1022.000000
365.005000	1047.000000
365.010000	1027.000000
365.015000	925.000000
365.020000	1067.000000
365.025000	969.000000
365.030000	698.000000
365.035000	585.000000
365.040000	767.000000
365.045000	674.000000
365.050000	625.000000
365.055000	705.000000
365.060000	629.000000
365.065000	617.000000
365.070000	551.000000
365.075000	331.000000
365.080000	535.000000
365.085000	389.000000
365.090000	416.000000
365.095000	284.000000
365.100000	476.000000
365.105000	334.000000
365.110000	485.000000
365.115000	245.000000
365.120000	383.000000
365.125000	354.000000
365.130000	323.000000
365.135000	340.000000
365.140000	330.000000
365.145000	345.000000
365.150000	318.000000
365.155000	384.000000
365.160000	311.000000
365.165000	333.000000
365.170000	403.000000
365.175000	337.000000
365.180000	292.000000
365.185000	232.000000
365.190000	290.000000
365.195000	329.000000
365.200000	264.000000
365.205000	247.000000
365.210000	339.000000
365.215000	250.000000
365.220000	261.000000
365.225000	285.000000
365.230000	267.000000
365.235000	258.000000
365.240000	299.000000
365.245000	342.000000
365.250000	175.000000
365.255000	332.000000
365.260000	194.000000
365.265000	266.000000
365.270000	311.000000
365.275000	280.000000
365.280000	287.000000
365.285000	346.000000
365.290000	274.000000
365.295000	300.000000
365.300000	286.000000
365.305000	439.000000
365.310000	452.000000
365.315000	587.000000
365.320000	611.000000
365.325000	1448.000000
365.330000	1890.000000
365.335000	2449.000000
365.340000	3465.000000
365.345000	4459.000000
365.350000	5086.000000
365.355000	6053.000000
365.360000	7575.000000
365.365000	9686.000000
365.370000	14809.000000
365.375000	25876.000000
365.380000	44016.000000
365.385000	34074.000000
365.390000	15323.000000
365.395000	9431.000000
365.400000	4635.000000
365.405000	2936.000000
365.410000	1561.000000
365.415000	1016.000000
365.420000	826.000000
365.425000	668.000000
365.430000	491.000000
365.435000	576.000000
365.440000	400.000000
365.445000	499.000000
365.450000	412.000000
365.455000	402.000000
365.460000	221.000000
365.465000	388.000000
365.470000	483.000000
365.475000	235.000000
365.480000	469.000000
365.485000	388.000000
365.490000	350.000000
365.495000	361.000000
365.500000	400.000000
365.505000	196.000000
365.510000	301.000000
365.515000	437.000000
365.520000	282.000000
365.525000	287.000000
365.530000	220.000000
365.535000	227.000000
365.540000	276.000000
365.545000	316.000000
365.550000	245.000000
365.555000	238.000000
365.560000	291.000000
365.565000	340.000000
365.570000	263.000000
365.575000	248.000000
365.580000	211.000000
365.585000	96.000000
365.590000	68.000000
365.595000	142.000000
365.600000	113.000000
