Sample ID:		None
Start Time:		Thu Jun 25 2020 3:49:20 AM
Averaging Time:		1.000s

364.600000	23.000000
364.605000	20.000000
364.610000	23.000000
364.615000	82.000000
364.620000	38.000000
364.625000	44.000000
364.630000	57.000000
364.635000	43.000000
364.640000	56.000000
364.645000	56.000000
364.650000	88.000000
364.655000	58.000000
364.660000	92.000000
364.665000	135.000000
364.670000	95.000000
364.675000	136.000000
364.680000	261.000000
364.685000	260.000000
364.690000	235.000000
364.695000	168.000000
364.700000	215.000000
364.705000	170.000000
364.710000	227.000000
364.715000	318.000000
364.720000	261.000000
364.725000	226.000000
364.730000	190.000000
364.735000	334.000000
364.740000	268.000000
364.745000	201.000000
364.750000	228.000000
364.755000	324.000000
364.760000	287.000000
364.765000	282.000000
364.770000	411.000000
364.775000	349.000000
364.780000	308.000000
364.785000	355.000000
364.790000	281.000000
364.795000	387.000000
364.800000	386.000000
364.805000	345.000000
364.810000	441.000000
364.815000	765.000000
364.820000	692.000000
364.825000	734.000000
364.830000	839.000000
364.835000	1201.000000
364.840000	1373.000000
364.845000	2123.000000
364.850000	3636.000000
364.855000	5698.000000
364.860000	8616.000000
364.865000	13437.000000
364.870000	17460.000000
364.875000	21938.000000
364.880000	25826.000000
364.885000	30229.000000
364.890000	38909.000000
364.895000	52217.000000
364.900000	85262.000000
364.905000	182171.000000
364.910000	192369.000000
364.915000	54814.000000
364.920000	41507.000000
364.925000	24543.000000
364.930000	14626.000000
364.935000	9398.000000
364.940000	6167.000000
364.945000	3592.000000
364.950000	2988.000000
364.955000	2266.000000
364.960000	2130.000000
364.965000	1935.000000
364.970000	1517.000000
364.975000	1618.000000
364.980000	1185.000000
364.985000	1282.000000
364.990000	921.000000
364.995000	914.000000
365.000000	1045.000000
365.005000	1028.000000
365.010000	915.000000
365.015000	831.000000
365.020000	876.000000
365.025000	774.000000
365.030000	716.000000
365.035000	642.000000
365.040000	659.000000
365.045000	631.000000
365.050000	545.000000
365.055000	516.000000
365.060000	400.000000
365.065000	537.000000
365.070000	404.000000
365.075000	471.000000
365.080000	360.000000
365.085000	397.000000
365.090000	591.000000
365.095000	372.000000
365.100000	275.000000
365.105000	296.000000
365.110000	452.000000
365.115000	340.000000
365.120000	319.000000
365.125000	267.000000
365.130000	366.000000
365.135000	345.000000
365.140000	335.000000
365.145000	374.000000
365.150000	316.000000
365.155000	306.000000
365.160000	337.000000
365.165000	366.000000
365.170000	268.000000
365.175000	324.000000
365.180000	426.000000
365.185000	399.000000
365.190000	301.000000
365.195000	236.000000
365.200000	366.000000
365.205000	359.000000
365.210000	244.000000
365.215000	328.000000
365.220000	250.000000
365.225000	235.000000
365.230000	246.000000
365.235000	282.000000
365.240000	264.000000
365.245000	341.000000
365.250000	267.000000
365.255000	280.000000
365.260000	303.000000
365.265000	312.000000
365.270000	402.000000
365.275000	421.000000
365.280000	389.000000
365.285000	311.000000
365.290000	273.000000
365.295000	423.000000
365.300000	477.000000
365.305000	445.000000
365.310000	956.000000
365.315000	1422.000000
365.320000	1922.000000
365.325000	2490.000000
365.330000	3365.000000
365.335000	4201.000000
365.340000	5101.000000
365.345000	6598.000000
365.350000	7241.000000
365.355000	9345.000000
365.360000	14399.000000
365.365000	22248.000000
365.370000	42611.000000
365.375000	38099.000000
365.380000	17150.000000
365.385000	8244.000000
365.390000	3946.000000
365.395000	2881.000000
365.400000	1851.000000
365.405000	1211.000000
365.410000	859.000000
365.415000	552.000000
365.420000	567.000000
365.425000	423.000000
365.430000	438.000000
365.435000	518.000000
365.440000	370.000000
365.445000	436.000000
365.450000	412.000000
365.455000	370.000000
365.460000	377.000000
365.465000	317.000000
365.470000	330.000000
365.475000	338.000000
365.480000	290.000000
365.485000	312.000000
365.490000	317.000000
365.495000	284.000000
365.500000	381.000000
365.505000	251.000000
365.510000	297.000000
365.515000	231.000000
365.520000	303.000000
365.525000	249.000000
365.530000	224.000000
365.535000	297.000000
365.540000	208.000000
365.545000	261.000000
365.550000	264.000000
365.555000	162.000000
365.560000	246.000000
365.565000	177.000000
365.570000	153.000000
365.575000	220.000000
365.580000	117.000000
365.585000	120.000000
365.590000	109.000000
365.595000	93.000000
365.600000	167.000000
