Sample ID:		None
Start Time:		Thu Jun 25 2020 4:11:34 AM
Averaging Time:		1.000s

364.600000	51.000000
364.605000	118.000000
364.610000	72.000000
364.615000	44.000000
364.620000	48.000000
364.625000	59.000000
364.630000	40.000000
364.635000	61.000000
364.640000	49.000000
364.645000	53.000000
364.650000	44.000000
364.655000	63.000000
364.660000	117.000000
364.665000	151.000000
364.670000	204.000000
364.675000	199.000000
364.680000	257.000000
364.685000	145.000000
364.690000	244.000000
364.695000	242.000000
364.700000	192.000000
364.705000	238.000000
364.710000	229.000000
364.715000	269.000000
364.720000	226.000000
364.725000	199.000000
364.730000	203.000000
364.735000	239.000000
364.740000	284.000000
364.745000	293.000000
364.750000	359.000000
364.755000	246.000000
364.760000	316.000000
364.765000	225.000000
364.770000	388.000000
364.775000	288.000000
364.780000	243.000000
364.785000	470.000000
364.790000	383.000000
364.795000	559.000000
364.800000	373.000000
364.805000	338.000000
364.810000	552.000000
364.815000	460.000000
364.820000	842.000000
364.825000	996.000000
364.830000	1091.000000
364.835000	1468.000000
364.840000	2072.000000
364.845000	3813.000000
364.850000	5833.000000
364.855000	9035.000000
364.860000	14064.000000
364.865000	18635.000000
364.870000	21818.000000
364.875000	26359.000000
364.880000	30274.000000
364.885000	37234.000000
364.890000	55437.000000
364.895000	90030.000000
364.900000	188497.000000
364.905000	108839.000000
364.910000	69029.000000
364.915000	39478.000000
364.920000	21189.000000
364.925000	11587.000000
364.930000	9274.000000
364.935000	5741.000000
364.940000	3956.000000
364.945000	2900.000000
364.950000	2386.000000
364.955000	2194.000000
364.960000	1915.000000
364.965000	1823.000000
364.970000	1387.000000
364.975000	1469.000000
364.980000	1250.000000
364.985000	1150.000000
364.990000	1130.000000
364.995000	1086.000000
365.000000	860.000000
365.005000	860.000000
365.010000	881.000000
365.015000	733.000000
365.020000	723.000000
365.025000	749.000000
365.030000	640.000000
365.035000	670.000000
365.040000	712.000000
365.045000	584.000000
365.050000	452.000000
365.055000	471.000000
365.060000	364.000000
365.065000	386.000000
365.070000	420.000000
365.075000	407.000000
365.080000	465.000000
365.085000	403.000000
365.090000	377.000000
365.095000	298.000000
365.100000	364.000000
365.105000	390.000000
365.110000	318.000000
365.115000	340.000000
365.120000	287.000000
365.125000	322.000000
365.130000	318.000000
365.135000	322.000000
365.140000	389.000000
365.145000	267.000000
365.150000	242.000000
365.155000	305.000000
365.160000	361.000000
365.165000	411.000000
365.170000	345.000000
365.175000	319.000000
365.180000	344.000000
365.185000	337.000000
365.190000	319.000000
365.195000	332.000000
365.200000	256.000000
365.205000	304.000000
365.210000	355.000000
365.215000	253.000000
365.220000	312.000000
365.225000	223.000000
365.230000	346.000000
365.235000	226.000000
365.240000	196.000000
365.245000	226.000000
365.250000	419.000000
365.255000	311.000000
365.260000	331.000000
365.265000	205.000000
365.270000	306.000000
365.275000	263.000000
365.280000	258.000000
365.285000	321.000000
365.290000	471.000000
365.295000	388.000000
365.300000	477.000000
365.305000	832.000000
365.310000	1319.000000
365.315000	1567.000000
365.320000	2810.000000
365.325000	3134.000000
365.330000	3725.000000
365.335000	4840.000000
365.340000	5847.000000
365.345000	7394.000000
365.350000	9709.000000
365.355000	14734.000000
365.360000	22699.000000
365.365000	43094.000000
365.370000	31358.000000
365.375000	18009.000000
365.380000	9348.000000
365.385000	4880.000000
365.390000	2168.000000
365.395000	1589.000000
365.400000	1159.000000
365.405000	778.000000
365.410000	597.000000
365.415000	542.000000
365.420000	484.000000
365.425000	495.000000
365.430000	413.000000
365.435000	298.000000
365.440000	278.000000
365.445000	348.000000
365.450000	340.000000
365.455000	267.000000
365.460000	408.000000
365.465000	342.000000
365.470000	311.000000
365.475000	350.000000
365.480000	350.000000
365.485000	228.000000
365.490000	289.000000
365.495000	192.000000
365.500000	380.000000
365.505000	229.000000
365.510000	356.000000
365.515000	310.000000
365.520000	287.000000
365.525000	394.000000
365.530000	221.000000
365.535000	229.000000
365.540000	299.000000
365.545000	195.000000
365.550000	207.000000
365.555000	265.000000
365.560000	199.000000
365.565000	177.000000
365.570000	129.000000
365.575000	105.000000
365.580000	194.000000
365.585000	139.000000
365.590000	167.000000
365.595000	144.000000
365.600000	95.000000
