Sample ID:		None
Start Time:		Thu Jun 25 2020 2:14:55 AM
Averaging Time:		1.000s

364.600000	23.000000
364.605000	66.000000
364.610000	30.000000
364.615000	31.000000
364.620000	56.000000
364.625000	103.000000
364.630000	52.000000
364.635000	31.000000
364.640000	83.000000
364.645000	48.000000
364.650000	43.000000
364.655000	35.000000
364.660000	32.000000
364.665000	73.000000
364.670000	32.000000
364.675000	58.000000
364.680000	83.000000
364.685000	135.000000
364.690000	109.000000
364.695000	119.000000
364.700000	169.000000
364.705000	223.000000
364.710000	195.000000
364.715000	206.000000
364.720000	317.000000
364.725000	164.000000
364.730000	260.000000
364.735000	237.000000
364.740000	192.000000
364.745000	174.000000
364.750000	281.000000
364.755000	199.000000
364.760000	262.000000
364.765000	323.000000
364.770000	270.000000
364.775000	347.000000
364.780000	238.000000
364.785000	360.000000
364.790000	264.000000
364.795000	303.000000
364.800000	213.000000
364.805000	349.000000
364.810000	437.000000
364.815000	269.000000
364.820000	360.000000
364.825000	490.000000
364.830000	549.000000
364.835000	494.000000
364.840000	422.000000
364.845000	494.000000
364.850000	716.000000
364.855000	871.000000
364.860000	1037.000000
364.865000	1474.000000
364.870000	2212.000000
364.875000	3598.000000
364.880000	5673.000000
364.885000	10348.000000
364.890000	12858.000000
364.895000	16364.000000
364.900000	22593.000000
364.905000	26780.000000
364.910000	29926.000000
364.915000	36726.000000
364.920000	52871.000000
364.925000	94255.000000
364.930000	205009.000000
364.935000	163627.000000
364.940000	69919.000000
364.945000	33621.000000
364.950000	22993.000000
364.955000	14292.000000
364.960000	8914.000000
364.965000	5196.000000
364.970000	3704.000000
364.975000	3166.000000
364.980000	2538.000000
364.985000	2031.000000
364.990000	1857.000000
364.995000	1775.000000
365.000000	1368.000000
365.005000	1366.000000
365.010000	1408.000000
365.015000	1197.000000
365.020000	998.000000
365.025000	1018.000000
365.030000	892.000000
365.035000	932.000000
365.040000	943.000000
365.045000	780.000000
365.050000	696.000000
365.055000	901.000000
365.060000	673.000000
365.065000	609.000000
365.070000	673.000000
365.075000	575.000000
365.080000	641.000000
365.085000	591.000000
365.090000	517.000000
365.095000	477.000000
365.100000	431.000000
365.105000	451.000000
365.110000	388.000000
365.115000	370.000000
365.120000	376.000000
365.125000	281.000000
365.130000	388.000000
365.135000	411.000000
365.140000	338.000000
365.145000	376.000000
365.150000	452.000000
365.155000	411.000000
365.160000	309.000000
365.165000	357.000000
365.170000	359.000000
365.175000	401.000000
365.180000	424.000000
365.185000	293.000000
365.190000	310.000000
365.195000	365.000000
365.200000	190.000000
365.205000	345.000000
365.210000	273.000000
365.215000	268.000000
365.220000	363.000000
365.225000	331.000000
365.230000	287.000000
365.235000	323.000000
365.240000	332.000000
365.245000	248.000000
365.250000	303.000000
365.255000	259.000000
365.260000	307.000000
365.265000	263.000000
365.270000	236.000000
365.275000	249.000000
365.280000	250.000000
365.285000	323.000000
365.290000	282.000000
365.295000	328.000000
365.300000	257.000000
365.305000	254.000000
365.310000	394.000000
365.315000	406.000000
365.320000	407.000000
365.325000	496.000000
365.330000	804.000000
365.335000	789.000000
365.340000	1351.000000
365.345000	1895.000000
365.350000	2584.000000
365.355000	3821.000000
365.360000	4388.000000
365.365000	5518.000000
365.370000	6459.000000
365.375000	7077.000000
365.380000	9499.000000
365.385000	17278.000000
365.390000	23963.000000
365.395000	45002.000000
365.400000	24565.000000
365.405000	15255.000000
365.410000	8987.000000
365.415000	4371.000000
365.420000	2747.000000
365.425000	1698.000000
365.430000	1096.000000
365.435000	764.000000
365.440000	644.000000
365.445000	592.000000
365.450000	423.000000
365.455000	454.000000
365.460000	416.000000
365.465000	433.000000
365.470000	244.000000
365.475000	326.000000
365.480000	452.000000
365.485000	323.000000
365.490000	352.000000
365.495000	310.000000
365.500000	395.000000
365.505000	363.000000
365.510000	450.000000
365.515000	314.000000
365.520000	290.000000
365.525000	271.000000
365.530000	336.000000
365.535000	294.000000
365.540000	297.000000
365.545000	147.000000
365.550000	163.000000
365.555000	283.000000
365.560000	255.000000
365.565000	218.000000
365.570000	318.000000
365.575000	265.000000
365.580000	196.000000
365.585000	274.000000
365.590000	189.000000
365.595000	241.000000
365.600000	95.000000
