Sample ID:		None
Start Time:		Thu Jun 25 2020 3:04:55 AM
Averaging Time:		1.000s

364.600000	49.000000
364.605000	34.000000
364.610000	14.000000
364.615000	97.000000
364.620000	51.000000
364.625000	12.000000
364.630000	76.000000
364.635000	41.000000
364.640000	37.000000
364.645000	36.000000
364.650000	56.000000
364.655000	51.000000
364.660000	39.000000
364.665000	54.000000
364.670000	87.000000
364.675000	80.000000
364.680000	148.000000
364.685000	201.000000
364.690000	248.000000
364.695000	270.000000
364.700000	267.000000
364.705000	150.000000
364.710000	259.000000
364.715000	221.000000
364.720000	230.000000
364.725000	197.000000
364.730000	303.000000
364.735000	287.000000
364.740000	268.000000
364.745000	255.000000
364.750000	227.000000
364.755000	303.000000
364.760000	267.000000
364.765000	220.000000
364.770000	244.000000
364.775000	279.000000
364.780000	337.000000
364.785000	295.000000
364.790000	251.000000
364.795000	332.000000
364.800000	393.000000
364.805000	342.000000
364.810000	492.000000
364.815000	496.000000
364.820000	532.000000
364.825000	638.000000
364.830000	660.000000
364.835000	830.000000
364.840000	833.000000
364.845000	1181.000000
364.850000	1345.000000
364.855000	2324.000000
364.860000	4704.000000
364.865000	7701.000000
364.870000	11352.000000
364.875000	15231.000000
364.880000	19641.000000
364.885000	24261.000000
364.890000	27638.000000
364.895000	34036.000000
364.900000	42216.000000
364.905000	70674.000000
364.910000	137382.000000
364.915000	219112.000000
364.920000	120915.000000
364.925000	47114.000000
364.930000	32209.000000
364.935000	19121.000000
364.940000	8558.000000
364.945000	7133.000000
364.950000	4919.000000
364.955000	3486.000000
364.960000	2671.000000
364.965000	1942.000000
364.970000	2120.000000
364.975000	1623.000000
364.980000	1418.000000
364.985000	1528.000000
364.990000	1152.000000
364.995000	1228.000000
365.000000	1076.000000
365.005000	1012.000000
365.010000	956.000000
365.015000	842.000000
365.020000	938.000000
365.025000	772.000000
365.030000	649.000000
365.035000	609.000000
365.040000	543.000000
365.045000	597.000000
365.050000	730.000000
365.055000	462.000000
365.060000	558.000000
365.065000	466.000000
365.070000	460.000000
365.075000	613.000000
365.080000	605.000000
365.085000	519.000000
365.090000	473.000000
365.095000	327.000000
365.100000	306.000000
365.105000	354.000000
365.110000	323.000000
365.115000	243.000000
365.120000	265.000000
365.125000	323.000000
365.130000	363.000000
365.135000	246.000000
365.140000	373.000000
365.145000	403.000000
365.150000	340.000000
365.155000	397.000000
365.160000	407.000000
365.165000	406.000000
365.170000	358.000000
365.175000	335.000000
365.180000	225.000000
365.185000	312.000000
365.190000	288.000000
365.195000	317.000000
365.200000	288.000000
365.205000	329.000000
365.210000	325.000000
365.215000	212.000000
365.220000	356.000000
365.225000	154.000000
365.230000	235.000000
365.235000	241.000000
365.240000	299.000000
365.245000	203.000000
365.250000	221.000000
365.255000	247.000000
365.260000	290.000000
365.265000	386.000000
365.270000	396.000000
365.275000	292.000000
365.280000	427.000000
365.285000	303.000000
365.290000	406.000000
365.295000	395.000000
365.300000	417.000000
365.305000	486.000000
365.310000	452.000000
365.315000	666.000000
365.320000	1239.000000
365.325000	1879.000000
365.330000	2074.000000
365.335000	2936.000000
365.340000	4093.000000
365.345000	4779.000000
365.350000	5384.000000
365.355000	6317.000000
365.360000	7913.000000
365.365000	11879.000000
365.370000	17891.000000
365.375000	33805.000000
365.380000	44889.000000
365.385000	24898.000000
365.390000	12896.000000
365.395000	5817.000000
365.400000	3854.000000
365.405000	1981.000000
365.410000	1536.000000
365.415000	934.000000
365.420000	640.000000
365.425000	695.000000
365.430000	528.000000
365.435000	338.000000
365.440000	356.000000
365.445000	425.000000
365.450000	480.000000
365.455000	435.000000
365.460000	285.000000
365.465000	428.000000
365.470000	378.000000
365.475000	372.000000
365.480000	349.000000
365.485000	341.000000
365.490000	310.000000
365.495000	297.000000
365.500000	305.000000
365.505000	313.000000
365.510000	295.000000
365.515000	241.000000
365.520000	240.000000
365.525000	275.000000
365.530000	284.000000
365.535000	219.000000
365.540000	312.000000
365.545000	205.000000
365.550000	302.000000
365.555000	361.000000
365.560000	278.000000
365.565000	213.000000
365.570000	188.000000
365.575000	208.000000
365.580000	161.000000
365.585000	81.000000
365.590000	172.000000
365.595000	121.000000
365.600000	179.000000
