Sample ID:		None
Start Time:		Thu Jun 25 2020 8:15:55 AM
Averaging Time:		1.000s

364.600000	327.000000
364.605000	308.000000
364.610000	414.000000
364.615000	251.000000
364.620000	506.000000
364.625000	462.000000
364.630000	535.000000
364.635000	654.000000
364.640000	597.000000
364.645000	698.000000
364.650000	878.000000
364.655000	1182.000000
364.660000	1633.000000
364.665000	2692.000000
364.670000	4423.000000
364.675000	7039.000000
364.680000	12006.000000
364.685000	16668.000000
364.690000	19465.000000
364.695000	23714.000000
364.700000	28653.000000
364.705000	34356.000000
364.710000	41125.000000
364.715000	63887.000000
364.720000	159460.000000
364.725000	220557.000000
364.730000	102610.000000
364.735000	51942.000000
364.740000	31660.000000
364.745000	18019.000000
364.750000	9870.000000
364.755000	7204.000000
364.760000	4694.000000
364.765000	2913.000000
364.770000	2747.000000
364.775000	2313.000000
364.780000	1832.000000
364.785000	1836.000000
364.790000	1730.000000
364.795000	1282.000000
364.800000	1308.000000
364.805000	1257.000000
364.810000	1119.000000
364.815000	1077.000000
364.820000	864.000000
364.825000	998.000000
364.830000	824.000000
364.835000	755.000000
364.840000	748.000000
364.845000	751.000000
364.850000	724.000000
364.855000	707.000000
364.860000	505.000000
364.865000	602.000000
364.870000	425.000000
364.875000	497.000000
364.880000	486.000000
364.885000	624.000000
364.890000	445.000000
364.895000	528.000000
364.900000	500.000000
364.905000	504.000000
364.910000	385.000000
364.915000	394.000000
364.920000	413.000000
364.925000	316.000000
364.930000	356.000000
364.935000	482.000000
364.940000	427.000000
364.945000	291.000000
364.950000	424.000000
364.955000	417.000000
364.960000	270.000000
364.965000	354.000000
364.970000	380.000000
364.975000	453.000000
364.980000	331.000000
364.985000	377.000000
364.990000	305.000000
364.995000	382.000000
365.000000	307.000000
365.005000	330.000000
365.010000	318.000000
365.015000	323.000000
365.020000	283.000000
365.025000	271.000000
365.030000	326.000000
365.035000	275.000000
365.040000	230.000000
365.045000	219.000000
365.050000	187.000000
365.055000	229.000000
365.060000	286.000000
365.065000	263.000000
365.070000	231.000000
365.075000	407.000000
365.080000	329.000000
365.085000	413.000000
365.090000	284.000000
365.095000	286.000000
365.100000	356.000000
365.105000	346.000000
365.110000	468.000000
365.115000	489.000000
365.120000	385.000000
365.125000	566.000000
365.130000	1194.000000
365.135000	1375.000000
365.140000	2201.000000
365.145000	3357.000000
365.150000	4046.000000
365.155000	4739.000000
365.160000	5787.000000
365.165000	6941.000000
365.170000	8585.000000
365.175000	12642.000000
365.180000	20976.000000
365.185000	43732.000000
365.190000	40769.000000
365.195000	20798.000000
365.200000	10767.000000
365.205000	5257.000000
365.210000	2764.000000
365.215000	1991.000000
365.220000	1329.000000
365.225000	754.000000
365.230000	686.000000
365.235000	578.000000
365.240000	502.000000
365.245000	530.000000
365.250000	606.000000
365.255000	470.000000
365.260000	351.000000
365.265000	413.000000
365.270000	440.000000
365.275000	393.000000
365.280000	381.000000
365.285000	409.000000
365.290000	342.000000
365.295000	415.000000
365.300000	376.000000
365.305000	338.000000
365.310000	415.000000
365.315000	390.000000
365.320000	304.000000
365.325000	323.000000
365.330000	269.000000
365.335000	270.000000
365.340000	241.000000
365.345000	242.000000
365.350000	280.000000
365.355000	188.000000
365.360000	287.000000
365.365000	333.000000
365.370000	225.000000
365.375000	194.000000
365.380000	280.000000
365.385000	94.000000
365.390000	202.000000
365.395000	202.000000
365.400000	103.000000
365.405000	82.000000
365.410000	113.000000
365.415000	124.000000
365.420000	108.000000
365.425000	138.000000
365.430000	102.000000
365.435000	67.000000
365.440000	108.000000
365.445000	123.000000
365.450000	113.000000
365.455000	70.000000
365.460000	119.000000
365.465000	105.000000
365.470000	104.000000
365.475000	132.000000
365.480000	200.000000
365.485000	148.000000
365.490000	94.000000
365.495000	51.000000
365.500000	145.000000
365.505000	64.000000
365.510000	85.000000
365.515000	105.000000
365.520000	77.000000
365.525000	80.000000
365.530000	44.000000
365.535000	91.000000
365.540000	85.000000
365.545000	141.000000
365.550000	58.000000
365.555000	48.000000
365.560000	51.000000
365.565000	79.000000
365.570000	31.000000
365.575000	84.000000
365.580000	27.000000
365.585000	105.000000
365.590000	66.000000
365.595000	76.000000
365.600000	125.000000
