Sample ID:		None
Start Time:		Thu Jun 25 2020 3:10:28 AM
Averaging Time:		1.000s

364.600000	36.000000
364.605000	33.000000
364.610000	43.000000
364.615000	91.000000
364.620000	59.000000
364.625000	37.000000
364.630000	26.000000
364.635000	54.000000
364.640000	33.000000
364.645000	70.000000
364.650000	154.000000
364.655000	71.000000
364.660000	185.000000
364.665000	73.000000
364.670000	26.000000
364.675000	95.000000
364.680000	113.000000
364.685000	160.000000
364.690000	245.000000
364.695000	253.000000
364.700000	219.000000
364.705000	167.000000
364.710000	170.000000
364.715000	194.000000
364.720000	226.000000
364.725000	262.000000
364.730000	159.000000
364.735000	299.000000
364.740000	338.000000
364.745000	279.000000
364.750000	255.000000
364.755000	269.000000
364.760000	340.000000
364.765000	373.000000
364.770000	319.000000
364.775000	202.000000
364.780000	488.000000
364.785000	505.000000
364.790000	301.000000
364.795000	254.000000
364.800000	363.000000
364.805000	476.000000
364.810000	448.000000
364.815000	457.000000
364.820000	445.000000
364.825000	530.000000
364.830000	651.000000
364.835000	533.000000
364.840000	1022.000000
364.845000	1097.000000
364.850000	1684.000000
364.855000	3983.000000
364.860000	4861.000000
364.865000	7524.000000
364.870000	12574.000000
364.875000	16299.000000
364.880000	19378.000000
364.885000	23994.000000
364.890000	28914.000000
364.895000	33936.000000
364.900000	42084.000000
364.905000	65234.000000
364.910000	147754.000000
364.915000	209484.000000
364.920000	118790.000000
364.925000	50243.000000
364.930000	31574.000000
364.935000	16323.000000
364.940000	10831.000000
364.945000	7087.000000
364.950000	4318.000000
364.955000	3299.000000
364.960000	2887.000000
364.965000	2335.000000
364.970000	2004.000000
364.975000	1694.000000
364.980000	1766.000000
364.985000	1567.000000
364.990000	1252.000000
364.995000	1018.000000
365.000000	1074.000000
365.005000	1104.000000
365.010000	987.000000
365.015000	1018.000000
365.020000	849.000000
365.025000	747.000000
365.030000	693.000000
365.035000	729.000000
365.040000	698.000000
365.045000	548.000000
365.050000	532.000000
365.055000	524.000000
365.060000	575.000000
365.065000	490.000000
365.070000	511.000000
365.075000	560.000000
365.080000	380.000000
365.085000	435.000000
365.090000	397.000000
365.095000	454.000000
365.100000	330.000000
365.105000	392.000000
365.110000	281.000000
365.115000	305.000000
365.120000	368.000000
365.125000	275.000000
365.130000	325.000000
365.135000	309.000000
365.140000	324.000000
365.145000	283.000000
365.150000	445.000000
365.155000	357.000000
365.160000	324.000000
365.165000	349.000000
365.170000	314.000000
365.175000	378.000000
365.180000	338.000000
365.185000	324.000000
365.190000	339.000000
365.195000	310.000000
365.200000	349.000000
365.205000	354.000000
365.210000	375.000000
365.215000	336.000000
365.220000	288.000000
365.225000	237.000000
365.230000	262.000000
365.235000	314.000000
365.240000	290.000000
365.245000	279.000000
365.250000	250.000000
365.255000	266.000000
365.260000	276.000000
365.265000	374.000000
365.270000	380.000000
365.275000	283.000000
365.280000	257.000000
365.285000	357.000000
365.290000	230.000000
365.295000	371.000000
365.300000	370.000000
365.305000	330.000000
365.310000	552.000000
365.315000	626.000000
365.320000	1145.000000
365.325000	1546.000000
365.330000	2090.000000
365.335000	3225.000000
365.340000	4228.000000
365.345000	4944.000000
365.350000	5833.000000
365.355000	7802.000000
365.360000	8091.000000
365.365000	12277.000000
365.370000	25856.000000
365.375000	39761.000000
365.380000	41839.000000
365.385000	20223.000000
365.390000	9387.000000
365.395000	5712.000000
365.400000	3444.000000
365.405000	2029.000000
365.410000	1200.000000
365.415000	900.000000
365.420000	657.000000
365.425000	508.000000
365.430000	504.000000
365.435000	548.000000
365.440000	505.000000
365.445000	387.000000
365.450000	374.000000
365.455000	422.000000
365.460000	310.000000
365.465000	253.000000
365.470000	372.000000
365.475000	347.000000
365.480000	433.000000
365.485000	356.000000
365.490000	369.000000
365.495000	411.000000
365.500000	242.000000
365.505000	299.000000
365.510000	285.000000
365.515000	240.000000
365.520000	321.000000
365.525000	182.000000
365.530000	323.000000
365.535000	193.000000
365.540000	268.000000
365.545000	271.000000
365.550000	338.000000
365.555000	271.000000
365.560000	211.000000
365.565000	221.000000
365.570000	251.000000
365.575000	110.000000
365.580000	223.000000
365.585000	148.000000
365.590000	117.000000
365.595000	104.000000
365.600000	91.000000
