Sample ID:		None
Start Time:		Thu Jun 25 2020 3:21:35 AM
Averaging Time:		1.000s

364.600000	33.000000
364.605000	31.000000
364.610000	46.000000
364.615000	57.000000
364.620000	35.000000
364.625000	39.000000
364.630000	35.000000
364.635000	64.000000
364.640000	32.000000
364.645000	72.000000
364.650000	71.000000
364.655000	67.000000
364.660000	73.000000
364.665000	131.000000
364.670000	89.000000
364.675000	104.000000
364.680000	176.000000
364.685000	256.000000
364.690000	277.000000
364.695000	248.000000
364.700000	257.000000
364.705000	182.000000
364.710000	320.000000
364.715000	181.000000
364.720000	337.000000
364.725000	186.000000
364.730000	210.000000
364.735000	378.000000
364.740000	234.000000
364.745000	140.000000
364.750000	178.000000
364.755000	198.000000
364.760000	224.000000
364.765000	288.000000
364.770000	173.000000
364.775000	245.000000
364.780000	241.000000
364.785000	442.000000
364.790000	484.000000
364.795000	324.000000
364.800000	421.000000
364.805000	435.000000
364.810000	466.000000
364.815000	448.000000
364.820000	513.000000
364.825000	647.000000
364.830000	584.000000
364.835000	859.000000
364.840000	949.000000
364.845000	1337.000000
364.850000	2038.000000
364.855000	4084.000000
364.860000	6425.000000
364.865000	9261.000000
364.870000	13187.000000
364.875000	17906.000000
364.880000	22256.000000
364.885000	25262.000000
364.890000	29864.000000
364.895000	37251.000000
364.900000	63130.000000
364.905000	93802.000000
364.910000	192031.000000
364.915000	133151.000000
364.920000	58304.000000
364.925000	41890.000000
364.930000	24376.000000
364.935000	14319.000000
364.940000	8482.000000
364.945000	5710.000000
364.950000	3669.000000
364.955000	3161.000000
364.960000	2666.000000
364.965000	2339.000000
364.970000	1762.000000
364.975000	1728.000000
364.980000	1311.000000
364.985000	1214.000000
364.990000	1140.000000
364.995000	974.000000
365.000000	1037.000000
365.005000	985.000000
365.010000	913.000000
365.015000	1036.000000
365.020000	895.000000
365.025000	876.000000
365.030000	834.000000
365.035000	696.000000
365.040000	885.000000
365.045000	618.000000
365.050000	669.000000
365.055000	465.000000
365.060000	524.000000
365.065000	468.000000
365.070000	526.000000
365.075000	523.000000
365.080000	451.000000
365.085000	500.000000
365.090000	411.000000
365.095000	335.000000
365.100000	352.000000
365.105000	285.000000
365.110000	360.000000
365.115000	220.000000
365.120000	437.000000
365.125000	263.000000
365.130000	322.000000
365.135000	271.000000
365.140000	403.000000
365.145000	492.000000
365.150000	399.000000
365.155000	232.000000
365.160000	401.000000
365.165000	327.000000
365.170000	345.000000
365.175000	269.000000
365.180000	291.000000
365.185000	295.000000
365.190000	250.000000
365.195000	335.000000
365.200000	264.000000
365.205000	218.000000
365.210000	360.000000
365.215000	263.000000
365.220000	234.000000
365.225000	305.000000
365.230000	188.000000
365.235000	266.000000
365.240000	240.000000
365.245000	244.000000
365.250000	266.000000
365.255000	252.000000
365.260000	252.000000
365.265000	280.000000
365.270000	307.000000
365.275000	329.000000
365.280000	368.000000
365.285000	335.000000
365.290000	292.000000
365.295000	284.000000
365.300000	366.000000
365.305000	494.000000
365.310000	526.000000
365.315000	1013.000000
365.320000	1437.000000
365.325000	1797.000000
365.330000	2394.000000
365.335000	3647.000000
365.340000	4556.000000
365.345000	5217.000000
365.350000	5934.000000
365.355000	7096.000000
365.360000	9365.000000
365.365000	16061.000000
365.370000	26742.000000
365.375000	44769.000000
365.380000	28950.000000
365.385000	15315.000000
365.390000	8097.000000
365.395000	4099.000000
365.400000	2421.000000
365.405000	1762.000000
365.410000	1222.000000
365.415000	579.000000
365.420000	643.000000
365.425000	551.000000
365.430000	512.000000
365.435000	486.000000
365.440000	523.000000
365.445000	413.000000
365.450000	422.000000
365.455000	362.000000
365.460000	294.000000
365.465000	343.000000
365.470000	289.000000
365.475000	297.000000
365.480000	541.000000
365.485000	331.000000
365.490000	360.000000
365.495000	279.000000
365.500000	292.000000
365.505000	325.000000
365.510000	366.000000
365.515000	235.000000
365.520000	304.000000
365.525000	236.000000
365.530000	322.000000
365.535000	281.000000
365.540000	243.000000
365.545000	167.000000
365.550000	207.000000
365.555000	369.000000
365.560000	242.000000
365.565000	226.000000
365.570000	235.000000
365.575000	151.000000
365.580000	114.000000
365.585000	74.000000
365.590000	86.000000
365.595000	131.000000
365.600000	75.000000
