Sample ID:		None
Start Time:		Thu Jun 25 2020 12:51:37 AM
Averaging Time:		1.000s

364.600000	41.000000
364.605000	45.000000
364.610000	18.000000
364.615000	97.000000
364.620000	39.000000
364.625000	35.000000
364.630000	46.000000
364.635000	30.000000
364.640000	28.000000
364.645000	44.000000
364.650000	83.000000
364.655000	58.000000
364.660000	108.000000
364.665000	85.000000
364.670000	35.000000
364.675000	38.000000
364.680000	98.000000
364.685000	69.000000
364.690000	141.000000
364.695000	164.000000
364.700000	187.000000
364.705000	187.000000
364.710000	294.000000
364.715000	176.000000
364.720000	249.000000
364.725000	216.000000
364.730000	182.000000
364.735000	250.000000
364.740000	253.000000
364.745000	197.000000
364.750000	221.000000
364.755000	185.000000
364.760000	194.000000
364.765000	271.000000
364.770000	209.000000
364.775000	257.000000
364.780000	200.000000
364.785000	306.000000
364.790000	247.000000
364.795000	417.000000
364.800000	366.000000
364.805000	382.000000
364.810000	379.000000
364.815000	435.000000
364.820000	345.000000
364.825000	427.000000
364.830000	524.000000
364.835000	420.000000
364.840000	504.000000
364.845000	552.000000
364.850000	740.000000
364.855000	776.000000
364.860000	1145.000000
364.865000	1666.000000
364.870000	2023.000000
364.875000	3938.000000
364.880000	6306.000000
364.885000	10084.000000
364.890000	13519.000000
364.895000	18242.000000
364.900000	22702.000000
364.905000	26788.000000
364.910000	31552.000000
364.915000	40428.000000
364.920000	60872.000000
364.925000	112904.000000
364.930000	199776.000000
364.935000	180362.000000
364.940000	59728.000000
364.945000	39642.000000
364.950000	25455.000000
364.955000	12512.000000
364.960000	8527.000000
364.965000	5927.000000
364.970000	4058.000000
364.975000	3210.000000
364.980000	2633.000000
364.985000	2116.000000
364.990000	1942.000000
364.995000	1725.000000
365.000000	1616.000000
365.005000	1406.000000
365.010000	1500.000000
365.015000	1274.000000
365.020000	1028.000000
365.025000	1002.000000
365.030000	940.000000
365.035000	884.000000
365.040000	899.000000
365.045000	836.000000
365.050000	759.000000
365.055000	779.000000
365.060000	681.000000
365.065000	597.000000
365.070000	651.000000
365.075000	592.000000
365.080000	442.000000
365.085000	544.000000
365.090000	597.000000
365.095000	476.000000
365.100000	382.000000
365.105000	374.000000
365.110000	469.000000
365.115000	365.000000
365.120000	300.000000
365.125000	322.000000
365.130000	316.000000
365.135000	418.000000
365.140000	409.000000
365.145000	374.000000
365.150000	294.000000
365.155000	309.000000
365.160000	346.000000
365.165000	440.000000
365.170000	311.000000
365.175000	336.000000
365.180000	412.000000
365.185000	329.000000
365.190000	326.000000
365.195000	425.000000
365.200000	371.000000
365.205000	229.000000
365.210000	403.000000
365.215000	323.000000
365.220000	318.000000
365.225000	213.000000
365.230000	363.000000
365.235000	367.000000
365.240000	426.000000
365.245000	309.000000
365.250000	365.000000
365.255000	356.000000
365.260000	275.000000
365.265000	208.000000
365.270000	279.000000
365.275000	297.000000
365.280000	312.000000
365.285000	268.000000
365.290000	398.000000
365.295000	335.000000
365.300000	254.000000
365.305000	426.000000
365.310000	390.000000
365.315000	361.000000
365.320000	381.000000
365.325000	538.000000
365.330000	609.000000
365.335000	715.000000
365.340000	1230.000000
365.345000	2162.000000
365.350000	3082.000000
365.355000	3922.000000
365.360000	4806.000000
365.365000	5479.000000
365.370000	6858.000000
365.375000	7769.000000
365.380000	9932.000000
365.385000	16955.000000
365.390000	27624.000000
365.395000	45477.000000
365.400000	33144.000000
365.405000	15855.000000
365.410000	8217.000000
365.415000	4621.000000
365.420000	2365.000000
365.425000	1850.000000
365.430000	1136.000000
365.435000	950.000000
365.440000	740.000000
365.445000	592.000000
365.450000	503.000000
365.455000	428.000000
365.460000	407.000000
365.465000	539.000000
365.470000	399.000000
365.475000	331.000000
365.480000	539.000000
365.485000	283.000000
365.490000	388.000000
365.495000	225.000000
365.500000	356.000000
365.505000	430.000000
365.510000	370.000000
365.515000	418.000000
365.520000	389.000000
365.525000	322.000000
365.530000	378.000000
365.535000	280.000000
365.540000	340.000000
365.545000	238.000000
365.550000	268.000000
365.555000	283.000000
365.560000	263.000000
365.565000	230.000000
365.570000	240.000000
365.575000	382.000000
365.580000	304.000000
365.585000	294.000000
365.590000	243.000000
365.595000	175.000000
365.600000	91.000000
