Sample ID:		None
Start Time:		Thu Jun 25 2020 5:40:25 AM
Averaging Time:		1.000s

364.600000	186.000000
364.605000	117.000000
364.610000	204.000000
364.615000	250.000000
364.620000	175.000000
364.625000	214.000000
364.630000	255.000000
364.635000	269.000000
364.640000	213.000000
364.645000	209.000000
364.650000	188.000000
364.655000	259.000000
364.660000	241.000000
364.665000	271.000000
364.670000	316.000000
364.675000	193.000000
364.680000	194.000000
364.685000	156.000000
364.690000	338.000000
364.695000	297.000000
364.700000	242.000000
364.705000	403.000000
364.710000	311.000000
364.715000	389.000000
364.720000	306.000000
364.725000	432.000000
364.730000	377.000000
364.735000	399.000000
364.740000	470.000000
364.745000	621.000000
364.750000	669.000000
364.755000	580.000000
364.760000	583.000000
364.765000	1004.000000
364.770000	1513.000000
364.775000	1866.000000
364.780000	3559.000000
364.785000	5792.000000
364.790000	9242.000000
364.795000	12985.000000
364.800000	16767.000000
364.805000	21086.000000
364.810000	26754.000000
364.815000	30629.000000
364.820000	35293.000000
364.825000	52962.000000
364.830000	118882.000000
364.835000	192302.000000
364.840000	183232.000000
364.845000	65941.000000
364.850000	35789.000000
364.855000	24425.000000
364.860000	13787.000000
364.865000	8604.000000
364.870000	5229.000000
364.875000	3758.000000
364.880000	2660.000000
364.885000	2534.000000
364.890000	2116.000000
364.895000	1960.000000
364.900000	1659.000000
364.905000	1327.000000
364.910000	1220.000000
364.915000	1485.000000
364.920000	1237.000000
364.925000	1104.000000
364.930000	1049.000000
364.935000	815.000000
364.940000	784.000000
364.945000	718.000000
364.950000	752.000000
364.955000	775.000000
364.960000	689.000000
364.965000	756.000000
364.970000	607.000000
364.975000	575.000000
364.980000	841.000000
364.985000	614.000000
364.990000	487.000000
364.995000	389.000000
365.000000	436.000000
365.005000	539.000000
365.010000	495.000000
365.015000	514.000000
365.020000	411.000000
365.025000	289.000000
365.030000	310.000000
365.035000	285.000000
365.040000	341.000000
365.045000	317.000000
365.050000	335.000000
365.055000	312.000000
365.060000	405.000000
365.065000	385.000000
365.070000	405.000000
365.075000	374.000000
365.080000	335.000000
365.085000	379.000000
365.090000	231.000000
365.095000	501.000000
365.100000	380.000000
365.105000	362.000000
365.110000	329.000000
365.115000	309.000000
365.120000	223.000000
365.125000	299.000000
365.130000	249.000000
365.135000	398.000000
365.140000	263.000000
365.145000	241.000000
365.150000	286.000000
365.155000	269.000000
365.160000	364.000000
365.165000	327.000000
365.170000	228.000000
365.175000	294.000000
365.180000	226.000000
365.185000	404.000000
365.190000	265.000000
365.195000	216.000000
365.200000	314.000000
365.205000	336.000000
365.210000	305.000000
365.215000	292.000000
365.220000	352.000000
365.225000	407.000000
365.230000	603.000000
365.235000	538.000000
365.240000	905.000000
365.245000	1531.000000
365.250000	1985.000000
365.255000	2584.000000
365.260000	3667.000000
365.265000	4760.000000
365.270000	5066.000000
365.275000	6425.000000
365.280000	7582.000000
365.285000	10347.000000
365.290000	17881.000000
365.295000	31867.000000
365.300000	46936.000000
365.305000	23619.000000
365.310000	12300.000000
365.315000	7095.000000
365.320000	4216.000000
365.325000	2447.000000
365.330000	1353.000000
365.335000	810.000000
365.340000	770.000000
365.345000	808.000000
365.350000	492.000000
365.355000	378.000000
365.360000	453.000000
365.365000	427.000000
365.370000	449.000000
365.375000	382.000000
365.380000	434.000000
365.385000	451.000000
365.390000	349.000000
365.395000	350.000000
365.400000	345.000000
365.405000	406.000000
365.410000	367.000000
365.415000	315.000000
365.420000	337.000000
365.425000	278.000000
365.430000	275.000000
365.435000	385.000000
365.440000	351.000000
365.445000	181.000000
365.450000	289.000000
365.455000	262.000000
365.460000	234.000000
365.465000	245.000000
365.470000	280.000000
365.475000	340.000000
365.480000	216.000000
365.485000	207.000000
365.490000	186.000000
365.495000	181.000000
365.500000	283.000000
365.505000	101.000000
365.510000	82.000000
365.515000	67.000000
365.520000	127.000000
365.525000	124.000000
365.530000	174.000000
365.535000	142.000000
365.540000	110.000000
365.545000	94.000000
365.550000	105.000000
365.555000	105.000000
365.560000	99.000000
365.565000	96.000000
365.570000	98.000000
365.575000	136.000000
365.580000	87.000000
365.585000	105.000000
365.590000	59.000000
365.595000	80.000000
365.600000	135.000000
