Sample ID:		None
Start Time:		Thu Jun 25 2020 12:46:03 AM
Averaging Time:		1.000s

364.600000	49.000000
364.605000	66.000000
364.610000	74.000000
364.615000	36.000000
364.620000	32.000000
364.625000	37.000000
364.630000	37.000000
364.635000	45.000000
364.640000	65.000000
364.645000	33.000000
364.650000	56.000000
364.655000	56.000000
364.660000	46.000000
364.665000	59.000000
364.670000	79.000000
364.675000	41.000000
364.680000	65.000000
364.685000	81.000000
364.690000	156.000000
364.695000	78.000000
364.700000	180.000000
364.705000	294.000000
364.710000	232.000000
364.715000	224.000000
364.720000	285.000000
364.725000	230.000000
364.730000	79.000000
364.735000	282.000000
364.740000	181.000000
364.745000	198.000000
364.750000	175.000000
364.755000	348.000000
364.760000	228.000000
364.765000	302.000000
364.770000	236.000000
364.775000	281.000000
364.780000	400.000000
364.785000	338.000000
364.790000	325.000000
364.795000	246.000000
364.800000	306.000000
364.805000	289.000000
364.810000	351.000000
364.815000	421.000000
364.820000	368.000000
364.825000	408.000000
364.830000	675.000000
364.835000	410.000000
364.840000	552.000000
364.845000	749.000000
364.850000	723.000000
364.855000	742.000000
364.860000	1068.000000
364.865000	1556.000000
364.870000	2280.000000
364.875000	4011.000000
364.880000	6627.000000
364.885000	10597.000000
364.890000	13758.000000
364.895000	18589.000000
364.900000	22880.000000
364.905000	26727.000000
364.910000	31232.000000
364.915000	38856.000000
364.920000	65560.000000
364.925000	111743.000000
364.930000	213510.000000
364.935000	158940.000000
364.940000	52645.000000
364.945000	34908.000000
364.950000	23467.000000
364.955000	14264.000000
364.960000	8429.000000
364.965000	5541.000000
364.970000	3848.000000
364.975000	2942.000000
364.980000	2442.000000
364.985000	2115.000000
364.990000	1817.000000
364.995000	1951.000000
365.000000	1463.000000
365.005000	1389.000000
365.010000	1500.000000
365.015000	1087.000000
365.020000	1083.000000
365.025000	1142.000000
365.030000	988.000000
365.035000	1003.000000
365.040000	571.000000
365.045000	657.000000
365.050000	763.000000
365.055000	683.000000
365.060000	666.000000
365.065000	726.000000
365.070000	799.000000
365.075000	581.000000
365.080000	485.000000
365.085000	502.000000
365.090000	413.000000
365.095000	539.000000
365.100000	454.000000
365.105000	423.000000
365.110000	413.000000
365.115000	451.000000
365.120000	355.000000
365.125000	264.000000
365.130000	350.000000
365.135000	321.000000
365.140000	483.000000
365.145000	322.000000
365.150000	360.000000
365.155000	407.000000
365.160000	281.000000
365.165000	228.000000
365.170000	393.000000
365.175000	323.000000
365.180000	350.000000
365.185000	399.000000
365.190000	378.000000
365.195000	330.000000
365.200000	273.000000
365.205000	315.000000
365.210000	224.000000
365.215000	290.000000
365.220000	301.000000
365.225000	282.000000
365.230000	216.000000
365.235000	315.000000
365.240000	299.000000
365.245000	300.000000
365.250000	166.000000
365.255000	252.000000
365.260000	411.000000
365.265000	358.000000
365.270000	270.000000
365.275000	331.000000
365.280000	407.000000
365.285000	406.000000
365.290000	176.000000
365.295000	278.000000
365.300000	285.000000
365.305000	326.000000
365.310000	225.000000
365.315000	315.000000
365.320000	418.000000
365.325000	326.000000
365.330000	683.000000
365.335000	822.000000
365.340000	1377.000000
365.345000	2495.000000
365.350000	2995.000000
365.355000	3940.000000
365.360000	4887.000000
365.365000	5877.000000
365.370000	6867.000000
365.375000	8432.000000
365.380000	10921.000000
365.385000	19059.000000
365.390000	38981.000000
365.395000	47892.000000
365.400000	26549.000000
365.405000	12421.000000
365.410000	7747.000000
365.415000	4896.000000
365.420000	2370.000000
365.425000	1341.000000
365.430000	1108.000000
365.435000	723.000000
365.440000	607.000000
365.445000	532.000000
365.450000	501.000000
365.455000	406.000000
365.460000	389.000000
365.465000	346.000000
365.470000	325.000000
365.475000	384.000000
365.480000	332.000000
365.485000	389.000000
365.490000	302.000000
365.495000	286.000000
365.500000	313.000000
365.505000	308.000000
365.510000	323.000000
365.515000	287.000000
365.520000	413.000000
365.525000	308.000000
365.530000	410.000000
365.535000	271.000000
365.540000	351.000000
365.545000	322.000000
365.550000	289.000000
365.555000	305.000000
365.560000	169.000000
365.565000	294.000000
365.570000	261.000000
365.575000	291.000000
365.580000	185.000000
365.585000	270.000000
365.590000	210.000000
365.595000	288.000000
365.600000	146.000000
