Sample ID:		None
Start Time:		Thu Jun 25 2020 9:00:21 AM
Averaging Time:		1.000s

364.600000	2823.000000
364.605000	5026.000000
364.610000	8014.000000
364.615000	13325.000000
364.620000	17408.000000
364.625000	23033.000000
364.630000	27000.000000
364.635000	32846.000000
364.640000	39785.000000
364.645000	52503.000000
364.650000	100287.000000
364.655000	214810.000000
364.660000	191985.000000
364.665000	76459.000000
364.670000	39167.000000
364.675000	24568.000000
364.680000	15013.000000
364.685000	9507.000000
364.690000	5865.000000
364.695000	3815.000000
364.700000	3123.000000
364.705000	2408.000000
364.710000	2236.000000
364.715000	2019.000000
364.720000	1818.000000
364.725000	1423.000000
364.730000	1362.000000
364.735000	1307.000000
364.740000	1368.000000
364.745000	1331.000000
364.750000	910.000000
364.755000	961.000000
364.760000	1092.000000
364.765000	917.000000
364.770000	856.000000
364.775000	788.000000
364.780000	698.000000
364.785000	750.000000
364.790000	741.000000
364.795000	709.000000
364.800000	700.000000
364.805000	528.000000
364.810000	641.000000
364.815000	485.000000
364.820000	418.000000
364.825000	477.000000
364.830000	421.000000
364.835000	642.000000
364.840000	523.000000
364.845000	453.000000
364.850000	412.000000
364.855000	324.000000
364.860000	354.000000
364.865000	377.000000
364.870000	364.000000
364.875000	299.000000
364.880000	300.000000
364.885000	343.000000
364.890000	411.000000
364.895000	400.000000
364.900000	297.000000
364.905000	358.000000
364.910000	413.000000
364.915000	311.000000
364.920000	280.000000
364.925000	310.000000
364.930000	269.000000
364.935000	366.000000
364.940000	350.000000
364.945000	324.000000
364.950000	292.000000
364.955000	365.000000
364.960000	282.000000
364.965000	192.000000
364.970000	285.000000
364.975000	266.000000
364.980000	338.000000
364.985000	338.000000
364.990000	349.000000
364.995000	301.000000
365.000000	313.000000
365.005000	267.000000
365.010000	301.000000
365.015000	333.000000
365.020000	303.000000
365.025000	284.000000
365.030000	322.000000
365.035000	453.000000
365.040000	239.000000
365.045000	303.000000
365.050000	439.000000
365.055000	618.000000
365.060000	844.000000
365.065000	1005.000000
365.070000	1838.000000
365.075000	2601.000000
365.080000	3902.000000
365.085000	4553.000000
365.090000	5566.000000
365.095000	6476.000000
365.100000	7538.000000
365.105000	8967.000000
365.110000	14897.000000
365.115000	38097.000000
365.120000	45275.000000
365.125000	42687.000000
365.130000	20438.000000
365.135000	8539.000000
365.140000	5246.000000
365.145000	3140.000000
365.150000	2200.000000
365.155000	1053.000000
365.160000	864.000000
365.165000	791.000000
365.170000	531.000000
365.175000	507.000000
365.180000	556.000000
365.185000	528.000000
365.190000	531.000000
365.195000	429.000000
365.200000	374.000000
365.205000	355.000000
365.210000	503.000000
365.215000	340.000000
365.220000	306.000000
365.225000	411.000000
365.230000	355.000000
365.235000	369.000000
365.240000	348.000000
365.245000	259.000000
365.250000	290.000000
365.255000	299.000000
365.260000	409.000000
365.265000	439.000000
365.270000	210.000000
365.275000	273.000000
365.280000	384.000000
365.285000	236.000000
365.290000	216.000000
365.295000	289.000000
365.300000	216.000000
365.305000	322.000000
365.310000	279.000000
365.315000	275.000000
365.320000	260.000000
365.325000	157.000000
365.330000	183.000000
365.335000	79.000000
365.340000	141.000000
365.345000	117.000000
365.350000	57.000000
365.355000	149.000000
365.360000	176.000000
365.365000	136.000000
365.370000	192.000000
365.375000	162.000000
365.380000	140.000000
365.385000	182.000000
365.390000	79.000000
365.395000	88.000000
365.400000	109.000000
365.405000	95.000000
365.410000	149.000000
365.415000	71.000000
365.420000	138.000000
365.425000	77.000000
365.430000	126.000000
365.435000	173.000000
365.440000	114.000000
365.445000	87.000000
365.450000	110.000000
365.455000	94.000000
365.460000	65.000000
365.465000	116.000000
365.470000	118.000000
365.475000	41.000000
365.480000	106.000000
365.485000	88.000000
365.490000	70.000000
365.495000	82.000000
365.500000	110.000000
365.505000	120.000000
365.510000	133.000000
365.515000	96.000000
365.520000	87.000000
365.525000	51.000000
365.530000	70.000000
365.535000	130.000000
365.540000	75.000000
365.545000	69.000000
365.550000	81.000000
365.555000	121.000000
365.560000	87.000000
365.565000	131.000000
365.570000	63.000000
365.575000	108.000000
365.580000	80.000000
365.585000	138.000000
365.590000	66.000000
365.595000	91.000000
365.600000	32.000000
