Sample ID:		None
Start Time:		Thu Jun 25 2020 4:06:00 AM
Averaging Time:		1.000s

364.600000	80.000000
364.605000	51.000000
364.610000	31.000000
364.615000	77.000000
364.620000	36.000000
364.625000	23.000000
364.630000	42.000000
364.635000	60.000000
364.640000	17.000000
364.645000	74.000000
364.650000	87.000000
364.655000	73.000000
364.660000	127.000000
364.665000	173.000000
364.670000	191.000000
364.675000	140.000000
364.680000	183.000000
364.685000	238.000000
364.690000	262.000000
364.695000	217.000000
364.700000	316.000000
364.705000	227.000000
364.710000	185.000000
364.715000	140.000000
364.720000	190.000000
364.725000	264.000000
364.730000	300.000000
364.735000	234.000000
364.740000	322.000000
364.745000	309.000000
364.750000	271.000000
364.755000	334.000000
364.760000	390.000000
364.765000	291.000000
364.770000	347.000000
364.775000	323.000000
364.780000	322.000000
364.785000	309.000000
364.790000	389.000000
364.795000	445.000000
364.800000	562.000000
364.805000	645.000000
364.810000	495.000000
364.815000	766.000000
364.820000	780.000000
364.825000	746.000000
364.830000	1101.000000
364.835000	1565.000000
364.840000	2161.000000
364.845000	4272.000000
364.850000	6829.000000
364.855000	10634.000000
364.860000	14449.000000
364.865000	18155.000000
364.870000	22284.000000
364.875000	26806.000000
364.880000	31904.000000
364.885000	37702.000000
364.890000	58474.000000
364.895000	181540.000000
364.900000	219522.000000
364.905000	144565.000000
364.910000	59593.000000
364.915000	33921.000000
364.920000	20990.000000
364.925000	12629.000000
364.930000	7888.000000
364.935000	4412.000000
364.940000	3333.000000
364.945000	2974.000000
364.950000	2198.000000
364.955000	2262.000000
364.960000	1679.000000
364.965000	1475.000000
364.970000	1514.000000
364.975000	1246.000000
364.980000	1211.000000
364.985000	1248.000000
364.990000	1295.000000
364.995000	935.000000
365.000000	953.000000
365.005000	1002.000000
365.010000	755.000000
365.015000	753.000000
365.020000	953.000000
365.025000	554.000000
365.030000	677.000000
365.035000	572.000000
365.040000	576.000000
365.045000	604.000000
365.050000	501.000000
365.055000	508.000000
365.060000	444.000000
365.065000	395.000000
365.070000	553.000000
365.075000	359.000000
365.080000	383.000000
365.085000	342.000000
365.090000	408.000000
365.095000	340.000000
365.100000	303.000000
365.105000	410.000000
365.110000	540.000000
365.115000	415.000000
365.120000	291.000000
365.125000	258.000000
365.130000	305.000000
365.135000	453.000000
365.140000	393.000000
365.145000	445.000000
365.150000	354.000000
365.155000	285.000000
365.160000	363.000000
365.165000	307.000000
365.170000	344.000000
365.175000	317.000000
365.180000	277.000000
365.185000	279.000000
365.190000	294.000000
365.195000	267.000000
365.200000	263.000000
365.205000	299.000000
365.210000	248.000000
365.215000	272.000000
365.220000	372.000000
365.225000	225.000000
365.230000	274.000000
365.235000	274.000000
365.240000	264.000000
365.245000	255.000000
365.250000	377.000000
365.255000	274.000000
365.260000	461.000000
365.265000	252.000000
365.270000	296.000000
365.275000	176.000000
365.280000	362.000000
365.285000	379.000000
365.290000	503.000000
365.295000	489.000000
365.300000	657.000000
365.305000	863.000000
365.310000	1402.000000
365.315000	2339.000000
365.320000	3047.000000
365.325000	3566.000000
365.330000	4895.000000
365.335000	5498.000000
365.340000	6570.000000
365.345000	7395.000000
365.350000	10211.000000
365.355000	17092.000000
365.360000	38924.000000
365.365000	45739.000000
365.370000	25377.000000
365.375000	11753.000000
365.380000	7225.000000
365.385000	4060.000000
365.390000	2177.000000
365.395000	1330.000000
365.400000	1143.000000
365.405000	839.000000
365.410000	739.000000
365.415000	583.000000
365.420000	529.000000
365.425000	460.000000
365.430000	483.000000
365.435000	326.000000
365.440000	393.000000
365.445000	300.000000
365.450000	369.000000
365.455000	348.000000
365.460000	360.000000
365.465000	350.000000
365.470000	290.000000
365.475000	332.000000
365.480000	365.000000
365.485000	429.000000
365.490000	401.000000
365.495000	218.000000
365.500000	412.000000
365.505000	245.000000
365.510000	344.000000
365.515000	222.000000
365.520000	205.000000
365.525000	221.000000
365.530000	277.000000
365.535000	281.000000
365.540000	214.000000
365.545000	239.000000
365.550000	340.000000
365.555000	274.000000
365.560000	125.000000
365.565000	153.000000
365.570000	161.000000
365.575000	212.000000
365.580000	105.000000
365.585000	72.000000
365.590000	130.000000
365.595000	108.000000
365.600000	189.000000
