Sample ID:		None
Start Time:		Thu Jun 25 2020 1:47:08 AM
Averaging Time:		1.000s

364.600000	60.000000
364.605000	58.000000
364.610000	57.000000
364.615000	22.000000
364.620000	68.000000
364.625000	58.000000
364.630000	38.000000
364.635000	32.000000
364.640000	8.000000
364.645000	25.000000
364.650000	38.000000
364.655000	30.000000
364.660000	63.000000
364.665000	40.000000
364.670000	73.000000
364.675000	76.000000
364.680000	46.000000
364.685000	72.000000
364.690000	136.000000
364.695000	83.000000
364.700000	212.000000
364.705000	144.000000
364.710000	218.000000
364.715000	218.000000
364.720000	243.000000
364.725000	245.000000
364.730000	236.000000
364.735000	195.000000
364.740000	189.000000
364.745000	244.000000
364.750000	212.000000
364.755000	384.000000
364.760000	291.000000
364.765000	277.000000
364.770000	258.000000
364.775000	273.000000
364.780000	194.000000
364.785000	212.000000
364.790000	317.000000
364.795000	446.000000
364.800000	272.000000
364.805000	243.000000
364.810000	343.000000
364.815000	302.000000
364.820000	321.000000
364.825000	350.000000
364.830000	653.000000
364.835000	471.000000
364.840000	517.000000
364.845000	603.000000
364.850000	699.000000
364.855000	784.000000
364.860000	912.000000
364.865000	1598.000000
364.870000	2033.000000
364.875000	3852.000000
364.880000	5768.000000
364.885000	9187.000000
364.890000	13715.000000
364.895000	17819.000000
364.900000	21380.000000
364.905000	25986.000000
364.910000	30534.000000
364.915000	35502.000000
364.920000	51957.000000
364.925000	89216.000000
364.930000	185352.000000
364.935000	175966.000000
364.940000	80995.000000
364.945000	45359.000000
364.950000	24496.000000
364.955000	15553.000000
364.960000	9879.000000
364.965000	6993.000000
364.970000	3854.000000
364.975000	3080.000000
364.980000	2319.000000
364.985000	2018.000000
364.990000	1964.000000
364.995000	1640.000000
365.000000	1419.000000
365.005000	1534.000000
365.010000	1456.000000
365.015000	1040.000000
365.020000	962.000000
365.025000	1062.000000
365.030000	1077.000000
365.035000	1096.000000
365.040000	803.000000
365.045000	955.000000
365.050000	964.000000
365.055000	655.000000
365.060000	812.000000
365.065000	600.000000
365.070000	442.000000
365.075000	622.000000
365.080000	581.000000
365.085000	469.000000
365.090000	487.000000
365.095000	572.000000
365.100000	405.000000
365.105000	479.000000
365.110000	401.000000
365.115000	347.000000
365.120000	380.000000
365.125000	312.000000
365.130000	382.000000
365.135000	297.000000
365.140000	404.000000
365.145000	332.000000
365.150000	264.000000
365.155000	330.000000
365.160000	315.000000
365.165000	294.000000
365.170000	341.000000
365.175000	363.000000
365.180000	341.000000
365.185000	380.000000
365.190000	483.000000
365.195000	330.000000
365.200000	364.000000
365.205000	343.000000
365.210000	269.000000
365.215000	335.000000
365.220000	157.000000
365.225000	215.000000
365.230000	370.000000
365.235000	271.000000
365.240000	267.000000
365.245000	363.000000
365.250000	303.000000
365.255000	401.000000
365.260000	249.000000
365.265000	331.000000
365.270000	244.000000
365.275000	236.000000
365.280000	305.000000
365.285000	383.000000
365.290000	305.000000
365.295000	302.000000
365.300000	261.000000
365.305000	230.000000
365.310000	403.000000
365.315000	287.000000
365.320000	420.000000
365.325000	410.000000
365.330000	548.000000
365.335000	1187.000000
365.340000	1269.000000
365.345000	2092.000000
365.350000	2883.000000
365.355000	4050.000000
365.360000	4983.000000
365.365000	5452.000000
365.370000	6869.000000
365.375000	7483.000000
365.380000	10700.000000
365.385000	18108.000000
365.390000	30600.000000
365.395000	46210.000000
365.400000	28124.000000
365.405000	13896.000000
365.410000	7807.000000
365.415000	3871.000000
365.420000	2358.000000
365.425000	1640.000000
365.430000	976.000000
365.435000	525.000000
365.440000	541.000000
365.445000	424.000000
365.450000	375.000000
365.455000	403.000000
365.460000	399.000000
365.465000	416.000000
365.470000	451.000000
365.475000	356.000000
365.480000	361.000000
365.485000	324.000000
365.490000	367.000000
365.495000	402.000000
365.500000	309.000000
365.505000	546.000000
365.510000	359.000000
365.515000	322.000000
365.520000	276.000000
365.525000	369.000000
365.530000	243.000000
365.535000	214.000000
365.540000	348.000000
365.545000	256.000000
365.550000	416.000000
365.555000	289.000000
365.560000	207.000000
365.565000	250.000000
365.570000	174.000000
365.575000	172.000000
365.580000	310.000000
365.585000	254.000000
365.590000	170.000000
365.595000	174.000000
365.600000	140.000000
