Sample ID:		None
Start Time:		Thu Jun 25 2020 12:18:17 AM
Averaging Time:		1.000s

364.600000	67.000000
364.605000	49.000000
364.610000	53.000000
364.615000	39.000000
364.620000	58.000000
364.625000	51.000000
364.630000	55.000000
364.635000	24.000000
364.640000	93.000000
364.645000	23.000000
364.650000	35.000000
364.655000	64.000000
364.660000	49.000000
364.665000	16.000000
364.670000	67.000000
364.675000	66.000000
364.680000	66.000000
364.685000	90.000000
364.690000	88.000000
364.695000	63.000000
364.700000	99.000000
364.705000	209.000000
364.710000	187.000000
364.715000	303.000000
364.720000	233.000000
364.725000	188.000000
364.730000	282.000000
364.735000	174.000000
364.740000	200.000000
364.745000	273.000000
364.750000	254.000000
364.755000	259.000000
364.760000	298.000000
364.765000	303.000000
364.770000	330.000000
364.775000	203.000000
364.780000	250.000000
364.785000	274.000000
364.790000	414.000000
364.795000	295.000000
364.800000	364.000000
364.805000	284.000000
364.810000	309.000000
364.815000	343.000000
364.820000	347.000000
364.825000	331.000000
364.830000	522.000000
364.835000	502.000000
364.840000	374.000000
364.845000	601.000000
364.850000	624.000000
364.855000	909.000000
364.860000	1108.000000
364.865000	1393.000000
364.870000	2158.000000
364.875000	3492.000000
364.880000	4848.000000
364.885000	8105.000000
364.890000	12421.000000
364.895000	16257.000000
364.900000	20438.000000
364.905000	26269.000000
364.910000	30879.000000
364.915000	33898.000000
364.920000	44941.000000
364.925000	74558.000000
364.930000	161693.000000
364.935000	221275.000000
364.940000	110139.000000
364.945000	51893.000000
364.950000	29779.000000
364.955000	19336.000000
364.960000	11226.000000
364.965000	7341.000000
364.970000	4445.000000
364.975000	3161.000000
364.980000	2839.000000
364.985000	2262.000000
364.990000	1779.000000
364.995000	1732.000000
365.000000	1840.000000
365.005000	1429.000000
365.010000	1413.000000
365.015000	1254.000000
365.020000	1046.000000
365.025000	1099.000000
365.030000	1239.000000
365.035000	884.000000
365.040000	1222.000000
365.045000	842.000000
365.050000	822.000000
365.055000	901.000000
365.060000	893.000000
365.065000	858.000000
365.070000	649.000000
365.075000	576.000000
365.080000	440.000000
365.085000	584.000000
365.090000	638.000000
365.095000	399.000000
365.100000	445.000000
365.105000	398.000000
365.110000	368.000000
365.115000	488.000000
365.120000	416.000000
365.125000	420.000000
365.130000	412.000000
365.135000	403.000000
365.140000	356.000000
365.145000	243.000000
365.150000	320.000000
365.155000	282.000000
365.160000	326.000000
365.165000	364.000000
365.170000	338.000000
365.175000	329.000000
365.180000	411.000000
365.185000	327.000000
365.190000	309.000000
365.195000	252.000000
365.200000	288.000000
365.205000	369.000000
365.210000	302.000000
365.215000	399.000000
365.220000	315.000000
365.225000	320.000000
365.230000	270.000000
365.235000	328.000000
365.240000	316.000000
365.245000	274.000000
365.250000	336.000000
365.255000	182.000000
365.260000	327.000000
365.265000	266.000000
365.270000	207.000000
365.275000	241.000000
365.280000	363.000000
365.285000	280.000000
365.290000	370.000000
365.295000	310.000000
365.300000	217.000000
365.305000	458.000000
365.310000	498.000000
365.315000	315.000000
365.320000	313.000000
365.325000	441.000000
365.330000	665.000000
365.335000	738.000000
365.340000	1221.000000
365.345000	1853.000000
365.350000	2752.000000
365.355000	3585.000000
365.360000	4449.000000
365.365000	5434.000000
365.370000	7098.000000
365.375000	6928.000000
365.380000	8682.000000
365.385000	14157.000000
365.390000	27705.000000
365.395000	42487.000000
365.400000	41552.000000
365.405000	15996.000000
365.410000	9658.000000
365.415000	5437.000000
365.420000	3410.000000
365.425000	1920.000000
365.430000	1429.000000
365.435000	865.000000
365.440000	887.000000
365.445000	590.000000
365.450000	471.000000
365.455000	526.000000
365.460000	467.000000
365.465000	369.000000
365.470000	363.000000
365.475000	420.000000
365.480000	396.000000
365.485000	361.000000
365.490000	360.000000
365.495000	396.000000
365.500000	313.000000
365.505000	380.000000
365.510000	403.000000
365.515000	373.000000
365.520000	280.000000
365.525000	426.000000
365.530000	388.000000
365.535000	258.000000
365.540000	277.000000
365.545000	307.000000
365.550000	331.000000
365.555000	316.000000
365.560000	314.000000
365.565000	219.000000
365.570000	347.000000
365.575000	314.000000
365.580000	266.000000
365.585000	243.000000
365.590000	232.000000
365.595000	207.000000
365.600000	167.000000
