Sample ID:		None
Start Time:		Thu Jun 25 2020 3:43:47 AM
Averaging Time:		1.000s

364.600000	11.000000
364.605000	80.000000
364.610000	29.000000
364.615000	57.000000
364.620000	48.000000
364.625000	77.000000
364.630000	51.000000
364.635000	26.000000
364.640000	63.000000
364.645000	90.000000
364.650000	65.000000
364.655000	122.000000
364.660000	83.000000
364.665000	127.000000
364.670000	119.000000
364.675000	158.000000
364.680000	190.000000
364.685000	221.000000
364.690000	164.000000
364.695000	195.000000
364.700000	301.000000
364.705000	207.000000
364.710000	243.000000
364.715000	243.000000
364.720000	198.000000
364.725000	297.000000
364.730000	289.000000
364.735000	192.000000
364.740000	221.000000
364.745000	308.000000
364.750000	349.000000
364.755000	214.000000
364.760000	213.000000
364.765000	325.000000
364.770000	298.000000
364.775000	303.000000
364.780000	386.000000
364.785000	356.000000
364.790000	351.000000
364.795000	341.000000
364.800000	431.000000
364.805000	411.000000
364.810000	466.000000
364.815000	335.000000
364.820000	474.000000
364.825000	749.000000
364.830000	769.000000
364.835000	830.000000
364.840000	1274.000000
364.845000	1938.000000
364.850000	3386.000000
364.855000	5202.000000
364.860000	8311.000000
364.865000	11941.000000
364.870000	16016.000000
364.875000	19603.000000
364.880000	26036.000000
364.885000	29006.000000
364.890000	34679.000000
364.895000	48586.000000
364.900000	86001.000000
364.905000	161404.000000
364.910000	208879.000000
364.915000	93420.000000
364.920000	41582.000000
364.925000	27150.000000
364.930000	17170.000000
364.935000	9118.000000
364.940000	5487.000000
364.945000	4183.000000
364.950000	2715.000000
364.955000	2685.000000
364.960000	2075.000000
364.965000	1606.000000
364.970000	1635.000000
364.975000	1547.000000
364.980000	1470.000000
364.985000	1361.000000
364.990000	1275.000000
364.995000	1159.000000
365.000000	1002.000000
365.005000	931.000000
365.010000	1021.000000
365.015000	936.000000
365.020000	714.000000
365.025000	912.000000
365.030000	790.000000
365.035000	612.000000
365.040000	607.000000
365.045000	512.000000
365.050000	516.000000
365.055000	539.000000
365.060000	445.000000
365.065000	656.000000
365.070000	536.000000
365.075000	491.000000
365.080000	477.000000
365.085000	358.000000
365.090000	345.000000
365.095000	301.000000
365.100000	343.000000
365.105000	357.000000
365.110000	307.000000
365.115000	319.000000
365.120000	344.000000
365.125000	432.000000
365.130000	375.000000
365.135000	385.000000
365.140000	382.000000
365.145000	347.000000
365.150000	357.000000
365.155000	378.000000
365.160000	362.000000
365.165000	423.000000
365.170000	239.000000
365.175000	361.000000
365.180000	406.000000
365.185000	268.000000
365.190000	300.000000
365.195000	251.000000
365.200000	332.000000
365.205000	371.000000
365.210000	287.000000
365.215000	322.000000
365.220000	304.000000
365.225000	202.000000
365.230000	181.000000
365.235000	255.000000
365.240000	310.000000
365.245000	302.000000
365.250000	148.000000
365.255000	286.000000
365.260000	304.000000
365.265000	229.000000
365.270000	244.000000
365.275000	221.000000
365.280000	343.000000
365.285000	342.000000
365.290000	362.000000
365.295000	328.000000
365.300000	469.000000
365.305000	651.000000
365.310000	767.000000
365.315000	1211.000000
365.320000	1795.000000
365.325000	2577.000000
365.330000	3726.000000
365.335000	4262.000000
365.340000	5334.000000
365.345000	6092.000000
365.350000	6998.000000
365.355000	8158.000000
365.360000	13372.000000
365.365000	21439.000000
365.370000	40184.000000
365.375000	40587.000000
365.380000	16524.000000
365.385000	9851.000000
365.390000	5881.000000
365.395000	2902.000000
365.400000	2042.000000
365.405000	1169.000000
365.410000	839.000000
365.415000	823.000000
365.420000	526.000000
365.425000	383.000000
365.430000	404.000000
365.435000	481.000000
365.440000	411.000000
365.445000	343.000000
365.450000	365.000000
365.455000	293.000000
365.460000	331.000000
365.465000	464.000000
365.470000	417.000000
365.475000	316.000000
365.480000	327.000000
365.485000	321.000000
365.490000	370.000000
365.495000	321.000000
365.500000	342.000000
365.505000	379.000000
365.510000	253.000000
365.515000	233.000000
365.520000	301.000000
365.525000	281.000000
365.530000	292.000000
365.535000	340.000000
365.540000	194.000000
365.545000	208.000000
365.550000	195.000000
365.555000	323.000000
365.560000	265.000000
365.565000	265.000000
365.570000	148.000000
365.575000	157.000000
365.580000	148.000000
365.585000	172.000000
365.590000	104.000000
365.595000	176.000000
365.600000	168.000000
