Sample ID:		None
Start Time:		Thu Jun 25 2020 8:49:15 AM
Averaging Time:		1.000s

364.600000	1145.000000
364.605000	1578.000000
364.610000	4016.000000
364.615000	5880.000000
364.620000	9938.000000
364.625000	13705.000000
364.630000	18210.000000
364.635000	22921.000000
364.640000	27513.000000
364.645000	33262.000000
364.650000	41532.000000
364.655000	56399.000000
364.660000	118478.000000
364.665000	225891.000000
364.670000	134616.000000
364.675000	58466.000000
364.680000	34473.000000
364.685000	20808.000000
364.690000	12637.000000
364.695000	7870.000000
364.700000	5617.000000
364.705000	3597.000000
364.710000	2617.000000
364.715000	2441.000000
364.720000	2091.000000
364.725000	1891.000000
364.730000	1505.000000
364.735000	1520.000000
364.740000	1285.000000
364.745000	1370.000000
364.750000	1253.000000
364.755000	1094.000000
364.760000	1198.000000
364.765000	1152.000000
364.770000	989.000000
364.775000	864.000000
364.780000	917.000000
364.785000	857.000000
364.790000	739.000000
364.795000	677.000000
364.800000	725.000000
364.805000	708.000000
364.810000	578.000000
364.815000	426.000000
364.820000	535.000000
364.825000	482.000000
364.830000	480.000000
364.835000	410.000000
364.840000	456.000000
364.845000	456.000000
364.850000	380.000000
364.855000	447.000000
364.860000	379.000000
364.865000	353.000000
364.870000	452.000000
364.875000	335.000000
364.880000	276.000000
364.885000	351.000000
364.890000	387.000000
364.895000	429.000000
364.900000	432.000000
364.905000	343.000000
364.910000	442.000000
364.915000	358.000000
364.920000	505.000000
364.925000	355.000000
364.930000	263.000000
364.935000	440.000000
364.940000	340.000000
364.945000	358.000000
364.950000	375.000000
364.955000	405.000000
364.960000	301.000000
364.965000	313.000000
364.970000	248.000000
364.975000	290.000000
364.980000	298.000000
364.985000	264.000000
364.990000	249.000000
364.995000	253.000000
365.000000	224.000000
365.005000	297.000000
365.010000	289.000000
365.015000	221.000000
365.020000	218.000000
365.025000	523.000000
365.030000	330.000000
365.035000	299.000000
365.040000	297.000000
365.045000	346.000000
365.050000	448.000000
365.055000	408.000000
365.060000	475.000000
365.065000	616.000000
365.070000	825.000000
365.075000	1476.000000
365.080000	2048.000000
365.085000	3263.000000
365.090000	3961.000000
365.095000	4691.000000
365.100000	5431.000000
365.105000	6311.000000
365.110000	8243.000000
365.115000	9457.000000
365.120000	15162.000000
365.125000	34697.000000
365.130000	49366.000000
365.135000	36480.000000
365.140000	17077.000000
365.145000	7403.000000
365.150000	4573.000000
365.155000	3068.000000
365.160000	1782.000000
365.165000	1225.000000
365.170000	703.000000
365.175000	542.000000
365.180000	507.000000
365.185000	456.000000
365.190000	488.000000
365.195000	399.000000
365.200000	360.000000
365.205000	324.000000
365.210000	452.000000
365.215000	425.000000
365.220000	299.000000
365.225000	336.000000
365.230000	413.000000
365.235000	224.000000
365.240000	311.000000
365.245000	289.000000
365.250000	310.000000
365.255000	217.000000
365.260000	285.000000
365.265000	345.000000
365.270000	420.000000
365.275000	307.000000
365.280000	297.000000
365.285000	393.000000
365.290000	353.000000
365.295000	373.000000
365.300000	328.000000
365.305000	178.000000
365.310000	301.000000
365.315000	188.000000
365.320000	285.000000
365.325000	173.000000
365.330000	157.000000
365.335000	188.000000
365.340000	113.000000
365.345000	146.000000
365.350000	184.000000
365.355000	149.000000
365.360000	101.000000
365.365000	114.000000
365.370000	115.000000
365.375000	161.000000
365.380000	112.000000
365.385000	117.000000
365.390000	70.000000
365.395000	114.000000
365.400000	73.000000
365.405000	140.000000
365.410000	96.000000
365.415000	69.000000
365.420000	93.000000
365.425000	103.000000
365.430000	74.000000
365.435000	95.000000
365.440000	84.000000
365.445000	93.000000
365.450000	94.000000
365.455000	155.000000
365.460000	112.000000
365.465000	83.000000
365.470000	146.000000
365.475000	74.000000
365.480000	171.000000
365.485000	86.000000
365.490000	65.000000
365.495000	63.000000
365.500000	90.000000
365.505000	74.000000
365.510000	99.000000
365.515000	54.000000
365.520000	71.000000
365.525000	97.000000
365.530000	94.000000
365.535000	91.000000
365.540000	37.000000
365.545000	147.000000
365.550000	116.000000
365.555000	118.000000
365.560000	78.000000
365.565000	79.000000
365.570000	79.000000
365.575000	58.000000
365.580000	58.000000
365.585000	83.000000
365.590000	112.000000
365.595000	85.000000
365.600000	50.000000
