Sample ID:		None
Start Time:		Thu Jun 25 2020 9:55:54 AM
Averaging Time:		1.000s

364.600000	32041.000000
364.605000	50304.000000
364.610000	83317.000000
364.615000	200651.000000
364.620000	143334.000000
364.625000	64173.000000
364.630000	40702.000000
364.635000	22683.000000
364.640000	12413.000000
364.645000	9175.000000
364.650000	5568.000000
364.655000	4095.000000
364.660000	3260.000000
364.665000	2580.000000
364.670000	2205.000000
364.675000	2122.000000
364.680000	1731.000000
364.685000	1598.000000
364.690000	1514.000000
364.695000	1237.000000
364.700000	1261.000000
364.705000	1002.000000
364.710000	1140.000000
364.715000	1196.000000
364.720000	983.000000
364.725000	933.000000
364.730000	703.000000
364.735000	812.000000
364.740000	673.000000
364.745000	807.000000
364.750000	537.000000
364.755000	736.000000
364.760000	718.000000
364.765000	523.000000
364.770000	432.000000
364.775000	473.000000
364.780000	461.000000
364.785000	456.000000
364.790000	345.000000
364.795000	465.000000
364.800000	394.000000
364.805000	456.000000
364.810000	463.000000
364.815000	324.000000
364.820000	306.000000
364.825000	452.000000
364.830000	320.000000
364.835000	305.000000
364.840000	408.000000
364.845000	314.000000
364.850000	430.000000
364.855000	340.000000
364.860000	424.000000
364.865000	370.000000
364.870000	298.000000
364.875000	444.000000
364.880000	344.000000
364.885000	409.000000
364.890000	359.000000
364.895000	333.000000
364.900000	325.000000
364.905000	409.000000
364.910000	443.000000
364.915000	256.000000
364.920000	318.000000
364.925000	399.000000
364.930000	327.000000
364.935000	332.000000
364.940000	279.000000
364.945000	241.000000
364.950000	252.000000
364.955000	251.000000
364.960000	246.000000
364.965000	451.000000
364.970000	332.000000
364.975000	278.000000
364.980000	218.000000
364.985000	358.000000
364.990000	386.000000
364.995000	358.000000
365.000000	449.000000
365.005000	290.000000
365.010000	471.000000
365.015000	606.000000
365.020000	773.000000
365.025000	1010.000000
365.030000	1798.000000
365.035000	2381.000000
365.040000	3767.000000
365.045000	3878.000000
365.050000	5309.000000
365.055000	6118.000000
365.060000	8078.000000
365.065000	9107.000000
365.070000	14490.000000
365.075000	23273.000000
365.080000	45590.000000
365.085000	39631.000000
365.090000	19105.000000
365.095000	9625.000000
365.100000	4485.000000
365.105000	2903.000000
365.110000	1849.000000
365.115000	1212.000000
365.120000	851.000000
365.125000	686.000000
365.130000	547.000000
365.135000	638.000000
365.140000	457.000000
365.145000	496.000000
365.150000	571.000000
365.155000	352.000000
365.160000	402.000000
365.165000	401.000000
365.170000	374.000000
365.175000	433.000000
365.180000	437.000000
365.185000	444.000000
365.190000	388.000000
365.195000	300.000000
365.200000	242.000000
365.205000	363.000000
365.210000	450.000000
365.215000	263.000000
365.220000	404.000000
365.225000	357.000000
365.230000	251.000000
365.235000	261.000000
365.240000	313.000000
365.245000	274.000000
365.250000	365.000000
365.255000	261.000000
365.260000	368.000000
365.265000	362.000000
365.270000	237.000000
365.275000	174.000000
365.280000	198.000000
365.285000	183.000000
365.290000	247.000000
365.295000	170.000000
365.300000	155.000000
365.305000	186.000000
365.310000	198.000000
365.315000	149.000000
365.320000	179.000000
365.325000	96.000000
365.330000	147.000000
365.335000	133.000000
365.340000	86.000000
365.345000	160.000000
365.350000	132.000000
365.355000	61.000000
365.360000	194.000000
365.365000	139.000000
365.370000	147.000000
365.375000	107.000000
365.380000	76.000000
365.385000	130.000000
365.390000	222.000000
365.395000	148.000000
365.400000	132.000000
365.405000	101.000000
365.410000	127.000000
365.415000	103.000000
365.420000	83.000000
365.425000	148.000000
365.430000	134.000000
365.435000	139.000000
365.440000	76.000000
365.445000	150.000000
365.450000	147.000000
365.455000	94.000000
365.460000	86.000000
365.465000	140.000000
365.470000	161.000000
365.475000	106.000000
365.480000	164.000000
365.485000	129.000000
365.490000	181.000000
365.495000	128.000000
365.500000	135.000000
365.505000	130.000000
365.510000	89.000000
365.515000	139.000000
365.520000	144.000000
365.525000	89.000000
365.530000	111.000000
365.535000	147.000000
365.540000	117.000000
365.545000	78.000000
365.550000	186.000000
365.555000	184.000000
365.560000	98.000000
365.565000	89.000000
365.570000	96.000000
365.575000	102.000000
365.580000	126.000000
365.585000	176.000000
365.590000	110.000000
365.595000	133.000000
365.600000	96.000000
