Sample ID:		None
Start Time:		Thu Jun 25 2020 4:44:52 AM
Averaging Time:		1.000s

364.600000	99.000000
364.605000	37.000000
364.610000	51.000000
364.615000	53.000000
364.620000	87.000000
364.625000	49.000000
364.630000	94.000000
364.635000	58.000000
364.640000	103.000000
364.645000	81.000000
364.650000	110.000000
364.655000	362.000000
364.660000	170.000000
364.665000	156.000000
364.670000	213.000000
364.675000	194.000000
364.680000	323.000000
364.685000	212.000000
364.690000	261.000000
364.695000	279.000000
364.700000	232.000000
364.705000	304.000000
364.710000	197.000000
364.715000	341.000000
364.720000	182.000000
364.725000	272.000000
364.730000	218.000000
364.735000	293.000000
364.740000	296.000000
364.745000	244.000000
364.750000	350.000000
364.755000	353.000000
364.760000	337.000000
364.765000	428.000000
364.770000	319.000000
364.775000	523.000000
364.780000	438.000000
364.785000	363.000000
364.790000	518.000000
364.795000	634.000000
364.800000	707.000000
364.805000	739.000000
364.810000	910.000000
364.815000	1370.000000
364.820000	1860.000000
364.825000	3024.000000
364.830000	5619.000000
364.835000	8977.000000
364.840000	12564.000000
364.845000	16370.000000
364.850000	21014.000000
364.855000	25217.000000
364.860000	30218.000000
364.865000	36556.000000
364.870000	48593.000000
364.875000	83343.000000
364.880000	185024.000000
364.885000	197806.000000
364.890000	74089.000000
364.895000	42634.000000
364.900000	26398.000000
364.905000	15365.000000
364.910000	9235.000000
364.915000	5480.000000
364.920000	4009.000000
364.925000	2960.000000
364.930000	2616.000000
364.935000	2156.000000
364.940000	1842.000000
364.945000	1735.000000
364.950000	1400.000000
364.955000	1426.000000
364.960000	1254.000000
364.965000	1192.000000
364.970000	1126.000000
364.975000	985.000000
364.980000	1020.000000
364.985000	1025.000000
364.990000	866.000000
364.995000	581.000000
365.000000	725.000000
365.005000	733.000000
365.010000	824.000000
365.015000	539.000000
365.020000	540.000000
365.025000	717.000000
365.030000	535.000000
365.035000	605.000000
365.040000	607.000000
365.045000	604.000000
365.050000	476.000000
365.055000	449.000000
365.060000	381.000000
365.065000	483.000000
365.070000	472.000000
365.075000	405.000000
365.080000	370.000000
365.085000	388.000000
365.090000	295.000000
365.095000	351.000000
365.100000	324.000000
365.105000	326.000000
365.110000	378.000000
365.115000	315.000000
365.120000	394.000000
365.125000	358.000000
365.130000	330.000000
365.135000	265.000000
365.140000	289.000000
365.145000	290.000000
365.150000	343.000000
365.155000	288.000000
365.160000	208.000000
365.165000	258.000000
365.170000	230.000000
365.175000	210.000000
365.180000	353.000000
365.185000	239.000000
365.190000	267.000000
365.195000	321.000000
365.200000	339.000000
365.205000	264.000000
365.210000	234.000000
365.215000	270.000000
365.220000	334.000000
365.225000	332.000000
365.230000	238.000000
365.235000	274.000000
365.240000	369.000000
365.245000	364.000000
365.250000	259.000000
365.255000	345.000000
365.260000	299.000000
365.265000	282.000000
365.270000	376.000000
365.275000	392.000000
365.280000	570.000000
365.285000	898.000000
365.290000	1272.000000
365.295000	1851.000000
365.300000	2468.000000
365.305000	3685.000000
365.310000	4255.000000
365.315000	4919.000000
365.320000	6236.000000
365.325000	6954.000000
365.330000	9176.000000
365.335000	17926.000000
365.340000	28482.000000
365.345000	44729.000000
365.350000	34166.000000
365.355000	16346.000000
365.360000	8865.000000
365.365000	4964.000000
365.370000	3030.000000
365.375000	1784.000000
365.380000	1163.000000
365.385000	728.000000
365.390000	674.000000
365.395000	520.000000
365.400000	542.000000
365.405000	401.000000
365.410000	343.000000
365.415000	414.000000
365.420000	347.000000
365.425000	533.000000
365.430000	293.000000
365.435000	286.000000
365.440000	418.000000
365.445000	363.000000
365.450000	324.000000
365.455000	337.000000
365.460000	368.000000
365.465000	383.000000
365.470000	422.000000
365.475000	322.000000
365.480000	258.000000
365.485000	239.000000
365.490000	261.000000
365.495000	248.000000
365.500000	224.000000
365.505000	224.000000
365.510000	217.000000
365.515000	256.000000
365.520000	229.000000
365.525000	251.000000
365.530000	201.000000
365.535000	233.000000
365.540000	194.000000
365.545000	135.000000
365.550000	105.000000
365.555000	136.000000
365.560000	165.000000
365.565000	149.000000
365.570000	207.000000
365.575000	205.000000
365.580000	76.000000
365.585000	75.000000
365.590000	147.000000
365.595000	97.000000
365.600000	81.000000
