Sample ID:		None
Start Time:		Thu Jun 25 2020 8:10:22 AM
Averaging Time:		1.000s

364.600000	273.000000
364.605000	222.000000
364.610000	340.000000
364.615000	390.000000
364.620000	343.000000
364.625000	372.000000
364.630000	435.000000
364.635000	639.000000
364.640000	606.000000
364.645000	838.000000
364.650000	703.000000
364.655000	826.000000
364.660000	1283.000000
364.665000	1693.000000
364.670000	2880.000000
364.675000	5015.000000
364.680000	7793.000000
364.685000	12557.000000
364.690000	16076.000000
364.695000	20031.000000
364.700000	26693.000000
364.705000	29226.000000
364.710000	35105.000000
364.715000	48384.000000
364.720000	76100.000000
364.725000	187450.000000
364.730000	213596.000000
364.735000	86576.000000
364.740000	43867.000000
364.745000	27747.000000
364.750000	16636.000000
364.755000	10391.000000
364.760000	6638.000000
364.765000	3873.000000
364.770000	3545.000000
364.775000	2807.000000
364.780000	2017.000000
364.785000	1834.000000
364.790000	1725.000000
364.795000	1588.000000
364.800000	1393.000000
364.805000	1233.000000
364.810000	1285.000000
364.815000	1040.000000
364.820000	1113.000000
364.825000	1038.000000
364.830000	907.000000
364.835000	786.000000
364.840000	903.000000
364.845000	1009.000000
364.850000	826.000000
364.855000	665.000000
364.860000	592.000000
364.865000	582.000000
364.870000	544.000000
364.875000	536.000000
364.880000	441.000000
364.885000	494.000000
364.890000	558.000000
364.895000	545.000000
364.900000	479.000000
364.905000	345.000000
364.910000	393.000000
364.915000	465.000000
364.920000	392.000000
364.925000	345.000000
364.930000	294.000000
364.935000	373.000000
364.940000	211.000000
364.945000	336.000000
364.950000	295.000000
364.955000	258.000000
364.960000	286.000000
364.965000	268.000000
364.970000	242.000000
364.975000	378.000000
364.980000	444.000000
364.985000	328.000000
364.990000	405.000000
364.995000	431.000000
365.000000	390.000000
365.005000	293.000000
365.010000	286.000000
365.015000	308.000000
365.020000	334.000000
365.025000	319.000000
365.030000	317.000000
365.035000	304.000000
365.040000	383.000000
365.045000	287.000000
365.050000	287.000000
365.055000	347.000000
365.060000	260.000000
365.065000	332.000000
365.070000	230.000000
365.075000	415.000000
365.080000	245.000000
365.085000	311.000000
365.090000	249.000000
365.095000	293.000000
365.100000	301.000000
365.105000	327.000000
365.110000	311.000000
365.115000	476.000000
365.120000	485.000000
365.125000	534.000000
365.130000	746.000000
365.135000	1129.000000
365.140000	1458.000000
365.145000	2561.000000
365.150000	3140.000000
365.155000	3937.000000
365.160000	5177.000000
365.165000	6125.000000
365.170000	7409.000000
365.175000	8384.000000
365.180000	14629.000000
365.185000	32612.000000
365.190000	42636.000000
365.195000	40141.000000
365.200000	18124.000000
365.205000	9579.000000
365.210000	5212.000000
365.215000	2800.000000
365.220000	1557.000000
365.225000	1289.000000
365.230000	1034.000000
365.235000	705.000000
365.240000	602.000000
365.245000	397.000000
365.250000	533.000000
365.255000	413.000000
365.260000	369.000000
365.265000	380.000000
365.270000	367.000000
365.275000	423.000000
365.280000	412.000000
365.285000	340.000000
365.290000	270.000000
365.295000	358.000000
365.300000	318.000000
365.305000	387.000000
365.310000	301.000000
365.315000	336.000000
365.320000	218.000000
365.325000	260.000000
365.330000	325.000000
365.335000	317.000000
365.340000	351.000000
365.345000	295.000000
365.350000	274.000000
365.355000	298.000000
365.360000	266.000000
365.365000	298.000000
365.370000	197.000000
365.375000	289.000000
365.380000	224.000000
365.385000	142.000000
365.390000	217.000000
365.395000	171.000000
365.400000	158.000000
365.405000	159.000000
365.410000	140.000000
365.415000	169.000000
365.420000	116.000000
365.425000	114.000000
365.430000	117.000000
365.435000	187.000000
365.440000	167.000000
365.445000	92.000000
365.450000	115.000000
365.455000	69.000000
365.460000	107.000000
365.465000	79.000000
365.470000	76.000000
365.475000	91.000000
365.480000	81.000000
365.485000	127.000000
365.490000	174.000000
365.495000	73.000000
365.500000	111.000000
365.505000	63.000000
365.510000	76.000000
365.515000	104.000000
365.520000	78.000000
365.525000	54.000000
365.530000	62.000000
365.535000	138.000000
365.540000	81.000000
365.545000	94.000000
365.550000	68.000000
365.555000	106.000000
365.560000	44.000000
365.565000	103.000000
365.570000	96.000000
365.575000	60.000000
365.580000	159.000000
365.585000	64.000000
365.590000	92.000000
365.595000	135.000000
365.600000	29.000000
