Sample ID:		None
Start Time:		Thu Jun 25 2020 4:50:25 AM
Averaging Time:		1.000s

364.600000	26.000000
364.605000	67.000000
364.610000	28.000000
364.615000	42.000000
364.620000	43.000000
364.625000	84.000000
364.630000	112.000000
364.635000	46.000000
364.640000	101.000000
364.645000	175.000000
364.650000	140.000000
364.655000	282.000000
364.660000	229.000000
364.665000	216.000000
364.670000	163.000000
364.675000	280.000000
364.680000	207.000000
364.685000	173.000000
364.690000	272.000000
364.695000	236.000000
364.700000	207.000000
364.705000	219.000000
364.710000	234.000000
364.715000	282.000000
364.720000	241.000000
364.725000	269.000000
364.730000	271.000000
364.735000	286.000000
364.740000	378.000000
364.745000	365.000000
364.750000	281.000000
364.755000	274.000000
364.760000	336.000000
364.765000	332.000000
364.770000	276.000000
364.775000	403.000000
364.780000	515.000000
364.785000	416.000000
364.790000	482.000000
364.795000	473.000000
364.800000	745.000000
364.805000	853.000000
364.810000	1130.000000
364.815000	1482.000000
364.820000	2671.000000
364.825000	3938.000000
364.830000	6285.000000
364.835000	10382.000000
364.840000	14761.000000
364.845000	18062.000000
364.850000	22747.000000
364.855000	27185.000000
364.860000	31915.000000
364.865000	40647.000000
364.870000	56787.000000
364.875000	117567.000000
364.880000	223648.000000
364.885000	116105.000000
364.890000	59293.000000
364.895000	34855.000000
364.900000	21047.000000
364.905000	11294.000000
364.910000	7746.000000
364.915000	4720.000000
364.920000	3463.000000
364.925000	2645.000000
364.930000	2440.000000
364.935000	1888.000000
364.940000	2047.000000
364.945000	1643.000000
364.950000	1527.000000
364.955000	1274.000000
364.960000	1207.000000
364.965000	1372.000000
364.970000	993.000000
364.975000	1031.000000
364.980000	717.000000
364.985000	887.000000
364.990000	746.000000
364.995000	975.000000
365.000000	623.000000
365.005000	691.000000
365.010000	657.000000
365.015000	620.000000
365.020000	438.000000
365.025000	604.000000
365.030000	579.000000
365.035000	499.000000
365.040000	465.000000
365.045000	379.000000
365.050000	416.000000
365.055000	341.000000
365.060000	432.000000
365.065000	401.000000
365.070000	289.000000
365.075000	312.000000
365.080000	469.000000
365.085000	368.000000
365.090000	302.000000
365.095000	225.000000
365.100000	240.000000
365.105000	509.000000
365.110000	457.000000
365.115000	350.000000
365.120000	362.000000
365.125000	402.000000
365.130000	399.000000
365.135000	300.000000
365.140000	357.000000
365.145000	341.000000
365.150000	329.000000
365.155000	259.000000
365.160000	296.000000
365.165000	278.000000
365.170000	302.000000
365.175000	350.000000
365.180000	285.000000
365.185000	217.000000
365.190000	238.000000
365.195000	254.000000
365.200000	229.000000
365.205000	298.000000
365.210000	290.000000
365.215000	220.000000
365.220000	210.000000
365.225000	308.000000
365.230000	296.000000
365.235000	242.000000
365.240000	314.000000
365.245000	350.000000
365.250000	323.000000
365.255000	269.000000
365.260000	314.000000
365.265000	348.000000
365.270000	505.000000
365.275000	566.000000
365.280000	599.000000
365.285000	1042.000000
365.290000	1274.000000
365.295000	2036.000000
365.300000	3075.000000
365.305000	3935.000000
365.310000	4469.000000
365.315000	5416.000000
365.320000	6635.000000
365.325000	7451.000000
365.330000	11237.000000
365.335000	18401.000000
365.340000	35517.000000
365.345000	45430.000000
365.350000	25851.000000
365.355000	12614.000000
365.360000	6458.000000
365.365000	4297.000000
365.370000	2344.000000
365.375000	1533.000000
365.380000	861.000000
365.385000	581.000000
365.390000	685.000000
365.395000	568.000000
365.400000	469.000000
365.405000	457.000000
365.410000	365.000000
365.415000	403.000000
365.420000	322.000000
365.425000	492.000000
365.430000	417.000000
365.435000	215.000000
365.440000	301.000000
365.445000	411.000000
365.450000	315.000000
365.455000	387.000000
365.460000	279.000000
365.465000	302.000000
365.470000	235.000000
365.475000	397.000000
365.480000	349.000000
365.485000	251.000000
365.490000	284.000000
365.495000	293.000000
365.500000	216.000000
365.505000	205.000000
365.510000	263.000000
365.515000	209.000000
365.520000	262.000000
365.525000	267.000000
365.530000	336.000000
365.535000	281.000000
365.540000	128.000000
365.545000	203.000000
365.550000	107.000000
365.555000	112.000000
365.560000	109.000000
365.565000	126.000000
365.570000	115.000000
365.575000	128.000000
365.580000	114.000000
365.585000	134.000000
365.590000	93.000000
365.595000	167.000000
365.600000	76.000000
