Sample ID:		None
Start Time:		Thu Jun 25 2020 8:32:35 AM
Averaging Time:		1.000s

364.600000	380.000000
364.605000	550.000000
364.610000	441.000000
364.615000	510.000000
364.620000	590.000000
364.625000	758.000000
364.630000	897.000000
364.635000	1136.000000
364.640000	1414.000000
364.645000	2694.000000
364.650000	4377.000000
364.655000	7106.000000
364.660000	11198.000000
364.665000	15059.000000
364.670000	20970.000000
364.675000	23096.000000
364.680000	28448.000000
364.685000	33319.000000
364.690000	45675.000000
364.695000	69252.000000
364.700000	146992.000000
364.705000	225353.000000
364.710000	113683.000000
364.715000	50640.000000
364.720000	32029.000000
364.725000	19723.000000
364.730000	8872.000000
364.735000	7224.000000
364.740000	4452.000000
364.745000	3449.000000
364.750000	3147.000000
364.755000	1940.000000
364.760000	1914.000000
364.765000	1583.000000
364.770000	1658.000000
364.775000	1417.000000
364.780000	1307.000000
364.785000	1217.000000
364.790000	1112.000000
364.795000	1307.000000
364.800000	1056.000000
364.805000	937.000000
364.810000	874.000000
364.815000	1015.000000
364.820000	852.000000
364.825000	827.000000
364.830000	624.000000
364.835000	519.000000
364.840000	639.000000
364.845000	595.000000
364.850000	572.000000
364.855000	572.000000
364.860000	669.000000
364.865000	519.000000
364.870000	546.000000
364.875000	468.000000
364.880000	430.000000
364.885000	341.000000
364.890000	448.000000
364.895000	350.000000
364.900000	429.000000
364.905000	277.000000
364.910000	311.000000
364.915000	433.000000
364.920000	287.000000
364.925000	287.000000
364.930000	341.000000
364.935000	306.000000
364.940000	325.000000
364.945000	304.000000
364.950000	329.000000
364.955000	352.000000
364.960000	251.000000
364.965000	240.000000
364.970000	241.000000
364.975000	242.000000
364.980000	308.000000
364.985000	307.000000
364.990000	306.000000
364.995000	426.000000
365.000000	151.000000
365.005000	348.000000
365.010000	313.000000
365.015000	294.000000
365.020000	249.000000
365.025000	250.000000
365.030000	331.000000
365.035000	294.000000
365.040000	322.000000
365.045000	278.000000
365.050000	290.000000
365.055000	279.000000
365.060000	294.000000
365.065000	354.000000
365.070000	306.000000
365.075000	314.000000
365.080000	305.000000
365.085000	377.000000
365.090000	279.000000
365.095000	312.000000
365.100000	490.000000
365.105000	585.000000
365.110000	796.000000
365.115000	1552.000000
365.120000	2032.000000
365.125000	2674.000000
365.130000	3649.000000
365.135000	4621.000000
365.140000	5359.000000
365.145000	6391.000000
365.150000	7382.000000
365.155000	9635.000000
365.160000	16964.000000
365.165000	30256.000000
365.170000	44740.000000
365.175000	30307.000000
365.180000	14465.000000
365.185000	7600.000000
365.190000	4206.000000
365.195000	2579.000000
365.200000	1939.000000
365.205000	992.000000
365.210000	843.000000
365.215000	549.000000
365.220000	541.000000
365.225000	484.000000
365.230000	353.000000
365.235000	420.000000
365.240000	385.000000
365.245000	371.000000
365.250000	317.000000
365.255000	479.000000
365.260000	316.000000
365.265000	332.000000
365.270000	417.000000
365.275000	243.000000
365.280000	261.000000
365.285000	268.000000
365.290000	308.000000
365.295000	356.000000
365.300000	333.000000
365.305000	310.000000
365.310000	337.000000
365.315000	355.000000
365.320000	408.000000
365.325000	267.000000
365.330000	211.000000
365.335000	328.000000
365.340000	174.000000
365.345000	312.000000
365.350000	276.000000
365.355000	241.000000
365.360000	274.000000
365.365000	261.000000
365.370000	124.000000
365.375000	218.000000
365.380000	114.000000
365.385000	155.000000
365.390000	145.000000
365.395000	153.000000
365.400000	125.000000
365.405000	89.000000
365.410000	69.000000
365.415000	70.000000
365.420000	95.000000
365.425000	110.000000
365.430000	54.000000
365.435000	120.000000
365.440000	80.000000
365.445000	73.000000
365.450000	77.000000
365.455000	98.000000
365.460000	123.000000
365.465000	88.000000
365.470000	49.000000
365.475000	68.000000
365.480000	96.000000
365.485000	86.000000
365.490000	83.000000
365.495000	124.000000
365.500000	101.000000
365.505000	96.000000
365.510000	124.000000
365.515000	78.000000
365.520000	82.000000
365.525000	68.000000
365.530000	85.000000
365.535000	81.000000
365.540000	99.000000
365.545000	167.000000
365.550000	48.000000
365.555000	165.000000
365.560000	55.000000
365.565000	131.000000
365.570000	54.000000
365.575000	75.000000
365.580000	126.000000
365.585000	38.000000
365.590000	109.000000
365.595000	98.000000
365.600000	116.000000
