Sample ID:		None
Start Time:		Thu Jun 18 2020 11:14:33 PM
Averaging Time:		1.000s

364.800000	863.000000
364.805000	807.000000
364.810000	791.000000
364.815000	774.000000
364.820000	1055.000000
364.825000	772.000000
364.830000	719.000000
364.835000	872.000000
364.840000	747.000000
364.845000	630.000000
364.850000	655.000000
364.855000	597.000000
364.860000	765.000000
364.865000	575.000000
364.870000	759.000000
364.875000	791.000000
364.880000	819.000000
364.885000	649.000000
364.890000	512.000000
364.895000	621.000000
364.900000	582.000000
364.905000	685.000000
364.910000	612.000000
364.915000	603.000000
364.920000	588.000000
364.925000	608.000000
364.930000	750.000000
364.935000	516.000000
364.940000	605.000000
364.945000	544.000000
364.950000	606.000000
364.955000	703.000000
364.960000	629.000000
364.965000	755.000000
364.970000	854.000000
364.975000	776.000000
364.980000	764.000000
364.985000	783.000000
364.990000	640.000000
364.995000	731.000000
365.000000	642.000000
365.005000	882.000000
365.010000	947.000000
365.015000	1279.000000
365.020000	1835.000000
365.025000	2639.000000
365.030000	4377.000000
365.035000	6163.000000
365.040000	7482.000000
365.045000	9832.000000
365.050000	11327.000000
365.055000	13456.000000
365.060000	17529.000000
365.065000	26536.000000
365.070000	41480.000000
365.075000	68831.000000
365.080000	115053.000000
365.085000	69105.000000
365.090000	33616.000000
365.095000	17319.000000
365.100000	10553.000000
365.105000	6242.000000
365.110000	3396.000000
365.115000	2424.000000
365.120000	1767.000000
365.125000	1318.000000
365.130000	1327.000000
365.135000	1081.000000
365.140000	1079.000000
365.145000	988.000000
365.150000	871.000000
365.155000	1032.000000
365.160000	1028.000000
365.165000	885.000000
365.170000	1059.000000
365.175000	955.000000
365.180000	869.000000
365.185000	972.000000
365.190000	737.000000
365.195000	959.000000
365.200000	765.000000
