Sample ID:		None
Start Time:		Thu Jun 18 2020 8:43:51 PM
Averaging Time:		1.000s

364.800000	1143.000000
364.805000	1291.000000
364.810000	1625.000000
364.815000	1914.000000
364.820000	3253.000000
364.825000	4490.000000
364.830000	7658.000000
364.835000	13350.000000
364.840000	19985.000000
364.845000	27076.000000
364.850000	36106.000000
364.855000	46300.000000
364.860000	54753.000000
364.865000	64094.000000
364.870000	84357.000000
364.875000	111668.000000
364.880000	321434.000000
364.885000	514517.000000
364.890000	448837.000000
364.895000	174646.000000
364.900000	96472.000000
364.905000	63574.000000
364.910000	34986.000000
364.915000	21857.000000
364.920000	13265.000000
364.925000	10562.000000
364.930000	6944.000000
364.935000	5824.000000
364.940000	5316.000000
364.945000	4235.000000
364.950000	4080.000000
364.955000	3595.000000
364.960000	3156.000000
364.965000	3031.000000
364.970000	2812.000000
364.975000	2522.000000
364.980000	2258.000000
364.985000	2072.000000
364.990000	2250.000000
364.995000	1929.000000
365.000000	2012.000000
365.005000	1694.000000
365.010000	1806.000000
365.015000	1454.000000
365.020000	1331.000000
365.025000	1202.000000
365.030000	1227.000000
365.035000	1299.000000
365.040000	1262.000000
365.045000	1197.000000
365.050000	1104.000000
365.055000	936.000000
365.060000	934.000000
365.065000	1032.000000
365.070000	870.000000
365.075000	754.000000
365.080000	1028.000000
365.085000	660.000000
365.090000	703.000000
365.095000	848.000000
365.100000	684.000000
365.105000	736.000000
365.110000	736.000000
365.115000	830.000000
365.120000	706.000000
365.125000	794.000000
365.130000	693.000000
365.135000	908.000000
365.140000	861.000000
365.145000	710.000000
365.150000	533.000000
365.155000	738.000000
365.160000	654.000000
365.165000	629.000000
365.170000	620.000000
365.175000	788.000000
365.180000	678.000000
365.185000	747.000000
365.190000	682.000000
365.195000	688.000000
365.200000	767.000000
