Sample ID:		None
Start Time:		Thu Jun 18 2020 4:05:53 PM
Averaging Time:		1.000s

364.800000	386.000000
364.805000	504.000000
364.810000	520.000000
364.815000	516.000000
364.820000	443.000000
364.825000	656.000000
364.830000	504.000000
364.835000	479.000000
364.840000	515.000000
364.845000	427.000000
364.850000	678.000000
364.855000	632.000000
364.860000	682.000000
364.865000	564.000000
364.870000	623.000000
364.875000	804.000000
364.880000	720.000000
364.885000	632.000000
364.890000	665.000000
364.895000	647.000000
364.900000	741.000000
364.905000	929.000000
364.910000	918.000000
364.915000	1204.000000
364.920000	861.000000
364.925000	1199.000000
364.930000	1136.000000
364.935000	1677.000000
364.940000	2164.000000
364.945000	2729.000000
364.950000	3274.000000
364.955000	5570.000000
364.960000	8665.000000
364.965000	13607.000000
364.970000	21215.000000
364.975000	30806.000000
364.980000	39001.000000
364.985000	49659.000000
364.990000	60559.000000
364.995000	70016.000000
365.000000	92867.000000
365.005000	123001.000000
365.010000	301848.000000
365.015000	580911.000000
365.020000	448460.000000
365.025000	180947.000000
365.030000	95467.000000
365.035000	53911.000000
365.040000	33903.000000
365.045000	22229.000000
365.050000	12833.000000
365.055000	9140.000000
365.060000	6595.000000
365.065000	5968.000000
365.070000	5001.000000
365.075000	4381.000000
365.080000	3671.000000
365.085000	3938.000000
365.090000	3724.000000
365.095000	3136.000000
365.100000	3187.000000
365.105000	2649.000000
365.110000	2332.000000
365.115000	2385.000000
365.120000	2128.000000
365.125000	2286.000000
365.130000	2231.000000
365.135000	1625.000000
365.140000	1762.000000
365.145000	1674.000000
365.150000	1626.000000
365.155000	1485.000000
365.160000	1437.000000
365.165000	1151.000000
365.170000	1377.000000
365.175000	1226.000000
365.180000	1093.000000
365.185000	1092.000000
365.190000	1066.000000
365.195000	1007.000000
365.200000	1054.000000
