Sample ID:		None
Start Time:		Thu Jun 18 2020 2:00:27 PM
Averaging Time:		1.000s

364.800000	549.000000
364.805000	851.000000
364.810000	704.000000
364.815000	685.000000
364.820000	695.000000
364.825000	538.000000
364.830000	813.000000
364.835000	919.000000
364.840000	762.000000
364.845000	709.000000
364.850000	1044.000000
364.855000	883.000000
364.860000	935.000000
364.865000	1025.000000
364.870000	1032.000000
364.875000	1529.000000
364.880000	1250.000000
364.885000	1602.000000
364.890000	2008.000000
364.895000	2350.000000
364.900000	2601.000000
364.905000	5075.000000
364.910000	5962.000000
364.915000	9391.000000
364.920000	16156.000000
364.925000	25613.000000
364.930000	34428.000000
364.935000	45631.000000
364.940000	56920.000000
364.945000	70667.000000
364.950000	91009.000000
364.955000	107842.000000
364.960000	164373.000000
364.965000	326491.000000
364.970000	665312.000000
364.975000	496422.000000
364.980000	181940.000000
364.985000	111368.000000
364.990000	68441.000000
364.995000	43637.000000
365.000000	24312.000000
365.005000	15820.000000
365.010000	10487.000000
365.015000	8837.000000
365.020000	7202.000000
365.025000	5699.000000
365.030000	4879.000000
365.035000	4956.000000
365.040000	4918.000000
365.045000	4123.000000
365.050000	4057.000000
365.055000	3286.000000
365.060000	3720.000000
365.065000	3057.000000
365.070000	3186.000000
365.075000	3070.000000
365.080000	2488.000000
365.085000	2430.000000
365.090000	1994.000000
365.095000	2150.000000
365.100000	1783.000000
365.105000	1959.000000
365.110000	2060.000000
365.115000	1383.000000
365.120000	1361.000000
365.125000	1400.000000
365.130000	1340.000000
365.135000	1507.000000
365.140000	1681.000000
365.145000	1257.000000
365.150000	1299.000000
365.155000	1195.000000
365.160000	1021.000000
365.165000	922.000000
365.170000	1081.000000
365.175000	922.000000
365.180000	904.000000
365.185000	1030.000000
365.190000	852.000000
365.195000	994.000000
365.200000	1076.000000
