Sample ID:		None
Start Time:		Thu Jun 18 2020 4:22:37 PM
Averaging Time:		1.000s

364.800000	381.000000
364.805000	417.000000
364.810000	410.000000
364.815000	447.000000
364.820000	412.000000
364.825000	638.000000
364.830000	448.000000
364.835000	464.000000
364.840000	528.000000
364.845000	520.000000
364.850000	487.000000
364.855000	509.000000
364.860000	577.000000
364.865000	721.000000
364.870000	570.000000
364.875000	686.000000
364.880000	635.000000
364.885000	674.000000
364.890000	784.000000
364.895000	773.000000
364.900000	861.000000
364.905000	901.000000
364.910000	880.000000
364.915000	1112.000000
364.920000	1060.000000
364.925000	1282.000000
364.930000	1503.000000
364.935000	1617.000000
364.940000	1894.000000
364.945000	2938.000000
364.950000	3937.000000
364.955000	6456.000000
364.960000	9465.000000
364.965000	16483.000000
364.970000	24437.000000
364.975000	33380.000000
364.980000	42232.000000
364.985000	53794.000000
364.990000	61724.000000
364.995000	82339.000000
365.000000	97711.000000
365.005000	140269.000000
365.010000	326834.000000
365.015000	607557.000000
365.020000	379897.000000
365.025000	153424.000000
365.030000	82657.000000
365.035000	47688.000000
365.040000	32036.000000
365.045000	19391.000000
365.050000	12309.000000
365.055000	8531.000000
365.060000	5952.000000
365.065000	5523.000000
365.070000	4967.000000
365.075000	4923.000000
365.080000	4186.000000
365.085000	3697.000000
365.090000	3065.000000
365.095000	3006.000000
365.100000	3387.000000
365.105000	2923.000000
365.110000	2589.000000
365.115000	2190.000000
365.120000	2340.000000
365.125000	2008.000000
365.130000	2088.000000
365.135000	1690.000000
365.140000	1541.000000
365.145000	1753.000000
365.150000	1413.000000
365.155000	1536.000000
365.160000	1405.000000
365.165000	1321.000000
365.170000	1324.000000
365.175000	1327.000000
365.180000	1266.000000
365.185000	1036.000000
365.190000	1033.000000
365.195000	1002.000000
365.200000	988.000000
