Sample ID:		None
Start Time:		Thu Jun 18 2020 7:36:52 PM
Averaging Time:		1.000s

364.800000	595.000000
364.805000	642.000000
364.810000	739.000000
364.815000	739.000000
364.820000	807.000000
364.825000	659.000000
364.830000	768.000000
364.835000	815.000000
364.840000	1001.000000
364.845000	943.000000
364.850000	803.000000
364.855000	1085.000000
364.860000	1137.000000
364.865000	1210.000000
364.870000	1350.000000
364.875000	1877.000000
364.880000	2710.000000
364.885000	3604.000000
364.890000	5188.000000
364.895000	10939.000000
364.900000	14972.000000
364.905000	21080.000000
364.910000	30487.000000
364.915000	39011.000000
364.920000	46713.000000
364.925000	56364.000000
364.930000	69830.000000
364.935000	92138.000000
364.940000	116514.000000
364.945000	240688.000000
364.950000	552414.000000
364.955000	378835.000000
364.960000	177169.000000
364.965000	96271.000000
364.970000	53662.000000
364.975000	27653.000000
364.980000	19152.000000
364.985000	12655.000000
364.990000	8841.000000
364.995000	7183.000000
365.000000	5860.000000
365.005000	4943.000000
365.010000	4442.000000
365.015000	4171.000000
365.020000	3744.000000
365.025000	2862.000000
365.030000	2729.000000
365.035000	2952.000000
365.040000	2349.000000
365.045000	2381.000000
365.050000	2429.000000
365.055000	2034.000000
365.060000	2151.000000
365.065000	1811.000000
365.070000	1608.000000
365.075000	1711.000000
365.080000	1552.000000
365.085000	1520.000000
365.090000	1270.000000
365.095000	1174.000000
365.100000	1270.000000
365.105000	1166.000000
365.110000	1103.000000
365.115000	1121.000000
365.120000	846.000000
365.125000	877.000000
365.130000	921.000000
365.135000	1031.000000
365.140000	851.000000
365.145000	883.000000
365.150000	731.000000
365.155000	639.000000
365.160000	744.000000
365.165000	941.000000
365.170000	741.000000
365.175000	816.000000
365.180000	656.000000
365.185000	619.000000
365.190000	864.000000
365.195000	664.000000
365.200000	865.000000
