Sample ID:		None
Start Time:		Thu Jun 18 2020 4:56:07 PM
Averaging Time:		1.000s

364.800000	467.000000
364.805000	435.000000
364.810000	447.000000
364.815000	408.000000
364.820000	502.000000
364.825000	482.000000
364.830000	466.000000
364.835000	469.000000
364.840000	504.000000
364.845000	652.000000
364.850000	720.000000
364.855000	530.000000
364.860000	605.000000
364.865000	725.000000
364.870000	651.000000
364.875000	678.000000
364.880000	856.000000
364.885000	755.000000
364.890000	757.000000
364.895000	643.000000
364.900000	995.000000
364.905000	927.000000
364.910000	1308.000000
364.915000	1045.000000
364.920000	1060.000000
364.925000	1295.000000
364.930000	1731.000000
364.935000	1849.000000
364.940000	3003.000000
364.945000	3859.000000
364.950000	6755.000000
364.955000	10263.000000
364.960000	17533.000000
364.965000	26200.000000
364.970000	32231.000000
364.975000	42409.000000
364.980000	53380.000000
364.985000	63066.000000
364.990000	78503.000000
364.995000	99427.000000
365.000000	155786.000000
365.005000	394749.000000
365.010000	506515.000000
365.015000	308453.000000
365.020000	136735.000000
365.025000	74429.000000
365.030000	43167.000000
365.035000	30386.000000
365.040000	16656.000000
365.045000	9183.000000
365.050000	8189.000000
365.055000	6760.000000
365.060000	5608.000000
365.065000	4998.000000
365.070000	3933.000000
365.075000	3597.000000
365.080000	3148.000000
365.085000	3114.000000
365.090000	3013.000000
365.095000	2687.000000
365.100000	2536.000000
365.105000	2361.000000
365.110000	2129.000000
365.115000	2160.000000
365.120000	2042.000000
365.125000	1752.000000
365.130000	1730.000000
365.135000	1881.000000
365.140000	1637.000000
365.145000	1516.000000
365.150000	1542.000000
365.155000	1451.000000
365.160000	1416.000000
365.165000	1405.000000
365.170000	1194.000000
365.175000	1166.000000
365.180000	1108.000000
365.185000	907.000000
365.190000	1005.000000
365.195000	872.000000
365.200000	848.000000
