Sample ID:		None
Start Time:		Thu Jun 18 2020 11:27:57 PM
Averaging Time:		1.000s

364.800000	683.000000
364.805000	766.000000
364.810000	639.000000
364.815000	663.000000
364.820000	802.000000
364.825000	685.000000
364.830000	883.000000
364.835000	856.000000
364.840000	655.000000
364.845000	710.000000
364.850000	838.000000
364.855000	601.000000
364.860000	788.000000
364.865000	635.000000
364.870000	774.000000
364.875000	693.000000
364.880000	779.000000
364.885000	700.000000
364.890000	758.000000
364.895000	575.000000
364.900000	967.000000
364.905000	737.000000
364.910000	581.000000
364.915000	710.000000
364.920000	568.000000
364.925000	581.000000
364.930000	610.000000
364.935000	627.000000
364.940000	922.000000
364.945000	667.000000
364.950000	597.000000
364.955000	674.000000
364.960000	782.000000
364.965000	582.000000
364.970000	718.000000
364.975000	707.000000
364.980000	692.000000
364.985000	784.000000
364.990000	784.000000
364.995000	775.000000
365.000000	1081.000000
365.005000	1457.000000
365.010000	1758.000000
365.015000	2620.000000
365.020000	3889.000000
365.025000	5642.000000
365.030000	7443.000000
365.035000	9663.000000
365.040000	12149.000000
365.045000	13099.000000
365.050000	15444.000000
365.055000	22183.000000
365.060000	39007.000000
365.065000	65617.000000
365.070000	117965.000000
365.075000	79354.000000
365.080000	41305.000000
365.085000	20602.000000
365.090000	11400.000000
365.095000	7741.000000
365.100000	4439.000000
365.105000	2924.000000
365.110000	2223.000000
365.115000	1470.000000
365.120000	1269.000000
365.125000	1240.000000
365.130000	1136.000000
365.135000	1046.000000
365.140000	928.000000
365.145000	989.000000
365.150000	924.000000
365.155000	903.000000
365.160000	838.000000
365.165000	756.000000
365.170000	812.000000
365.175000	886.000000
365.180000	855.000000
365.185000	664.000000
365.190000	602.000000
365.195000	640.000000
365.200000	741.000000
