Sample ID:		None
Start Time:		Thu Jun 18 2020 3:39:06 PM
Averaging Time:		1.000s

364.800000	335.000000
364.805000	564.000000
364.810000	494.000000
364.815000	519.000000
364.820000	391.000000
364.825000	513.000000
364.830000	644.000000
364.835000	381.000000
364.840000	473.000000
364.845000	703.000000
364.850000	594.000000
364.855000	657.000000
364.860000	518.000000
364.865000	598.000000
364.870000	522.000000
364.875000	682.000000
364.880000	629.000000
364.885000	770.000000
364.890000	791.000000
364.895000	898.000000
364.900000	851.000000
364.905000	592.000000
364.910000	805.000000
364.915000	1070.000000
364.920000	1095.000000
364.925000	1170.000000
364.930000	1280.000000
364.935000	1553.000000
364.940000	1990.000000
364.945000	2296.000000
364.950000	2990.000000
364.955000	4114.000000
364.960000	6800.000000
364.965000	11159.000000
364.970000	18473.000000
364.975000	28847.000000
364.980000	35515.000000
364.985000	45630.000000
364.990000	54681.000000
364.995000	66880.000000
365.000000	80432.000000
365.005000	104304.000000
365.010000	164964.000000
365.015000	474566.000000
365.020000	597728.000000
365.025000	266627.000000
365.030000	114648.000000
365.035000	72633.000000
365.040000	42172.000000
365.045000	25790.000000
365.050000	15720.000000
365.055000	10343.000000
365.060000	7761.000000
365.065000	7360.000000
365.070000	5555.000000
365.075000	4651.000000
365.080000	4382.000000
365.085000	3756.000000
365.090000	3903.000000
365.095000	3222.000000
365.100000	3477.000000
365.105000	2915.000000
365.110000	2828.000000
365.115000	2532.000000
365.120000	2483.000000
365.125000	2160.000000
365.130000	2139.000000
365.135000	2101.000000
365.140000	1984.000000
365.145000	1575.000000
365.150000	1430.000000
365.155000	1443.000000
365.160000	1501.000000
365.165000	1320.000000
365.170000	1432.000000
365.175000	1292.000000
365.180000	1219.000000
365.185000	1294.000000
365.190000	1060.000000
365.195000	802.000000
365.200000	1085.000000
