Sample ID:		None
Start Time:		Thu Jun 18 2020 7:33:31 PM
Averaging Time:		1.000s

364.800000	591.000000
364.805000	662.000000
364.810000	677.000000
364.815000	603.000000
364.820000	666.000000
364.825000	716.000000
364.830000	742.000000
364.835000	826.000000
364.840000	928.000000
364.845000	976.000000
364.850000	894.000000
364.855000	1070.000000
364.860000	1130.000000
364.865000	1255.000000
364.870000	1434.000000
364.875000	1755.000000
364.880000	2306.000000
364.885000	3173.000000
364.890000	4159.000000
364.895000	6835.000000
364.900000	10650.000000
364.905000	17119.000000
364.910000	27335.000000
364.915000	33477.000000
364.920000	42557.000000
364.925000	53536.000000
364.930000	65887.000000
364.935000	76090.000000
364.940000	99670.000000
364.945000	241956.000000
364.950000	462307.000000
364.955000	554731.000000
364.960000	233086.000000
364.965000	100558.000000
364.970000	68770.000000
364.975000	43066.000000
364.980000	23082.000000
364.985000	14826.000000
364.990000	10070.000000
364.995000	8257.000000
365.000000	6128.000000
365.005000	5533.000000
365.010000	4660.000000
365.015000	4060.000000
365.020000	3758.000000
365.025000	3253.000000
365.030000	2747.000000
365.035000	2790.000000
365.040000	2530.000000
365.045000	2409.000000
365.050000	2144.000000
365.055000	2246.000000
365.060000	1838.000000
365.065000	2002.000000
365.070000	1846.000000
365.075000	1816.000000
365.080000	1797.000000
365.085000	1450.000000
365.090000	1299.000000
365.095000	1224.000000
365.100000	1188.000000
365.105000	1168.000000
365.110000	1221.000000
365.115000	1010.000000
365.120000	926.000000
365.125000	930.000000
365.130000	919.000000
365.135000	969.000000
365.140000	853.000000
365.145000	771.000000
365.150000	702.000000
365.155000	673.000000
365.160000	723.000000
365.165000	636.000000
365.170000	871.000000
365.175000	850.000000
365.180000	649.000000
365.185000	828.000000
365.190000	824.000000
365.195000	834.000000
365.200000	839.000000
