Sample ID:		None
Start Time:		Thu Jun 18 2020 10:17:37 PM
Averaging Time:		1.000s

364.800000	2656.000000
364.805000	2392.000000
364.810000	2064.000000
364.815000	2278.000000
364.820000	2092.000000
364.825000	1997.000000
364.830000	1904.000000
364.835000	1672.000000
364.840000	1641.000000
364.845000	1428.000000
364.850000	1441.000000
364.855000	1138.000000
364.860000	1252.000000
364.865000	1187.000000
364.870000	1293.000000
364.875000	1210.000000
364.880000	935.000000
364.885000	853.000000
364.890000	785.000000
364.895000	809.000000
364.900000	701.000000
364.905000	916.000000
364.910000	828.000000
364.915000	662.000000
364.920000	887.000000
364.925000	752.000000
364.930000	764.000000
364.935000	815.000000
364.940000	909.000000
364.945000	522.000000
364.950000	706.000000
364.955000	796.000000
364.960000	744.000000
364.965000	698.000000
364.970000	690.000000
364.975000	802.000000
364.980000	750.000000
364.985000	588.000000
364.990000	709.000000
364.995000	643.000000
365.000000	826.000000
365.005000	639.000000
365.010000	635.000000
365.015000	680.000000
365.020000	481.000000
365.025000	820.000000
365.030000	752.000000
365.035000	587.000000
365.040000	619.000000
365.045000	701.000000
365.050000	649.000000
365.055000	685.000000
365.060000	802.000000
365.065000	691.000000
365.070000	725.000000
365.075000	786.000000
365.080000	670.000000
365.085000	782.000000
365.090000	689.000000
365.095000	707.000000
365.100000	904.000000
365.105000	822.000000
365.110000	1339.000000
365.115000	1748.000000
365.120000	2583.000000
365.125000	3574.000000
365.130000	5315.000000
365.135000	7846.000000
365.140000	9490.000000
365.145000	10584.000000
365.150000	13171.000000
365.155000	15903.000000
365.160000	22291.000000
365.165000	31260.000000
365.170000	55083.000000
365.175000	111281.000000
365.180000	97898.000000
365.185000	53426.000000
365.190000	24177.000000
365.195000	13476.000000
365.200000	7936.000000
