Sample ID:		None
Start Time:		Thu Jun 18 2020 8:20:24 PM
Averaging Time:		1.000s

364.800000	650.000000
364.805000	641.000000
364.810000	767.000000
364.815000	790.000000
364.820000	967.000000
364.825000	1043.000000
364.830000	1283.000000
364.835000	1455.000000
364.840000	1722.000000
364.845000	2169.000000
364.850000	3095.000000
364.855000	3959.000000
364.860000	6303.000000
364.865000	11246.000000
364.870000	17496.000000
364.875000	23498.000000
364.880000	32567.000000
364.885000	41983.000000
364.890000	53119.000000
364.895000	60055.000000
364.900000	75008.000000
364.905000	105406.000000
364.910000	233852.000000
364.915000	423758.000000
364.920000	517701.000000
364.925000	250849.000000
364.930000	96806.000000
364.935000	68550.000000
364.940000	41626.000000
364.945000	18855.000000
364.950000	14379.000000
364.955000	10862.000000
364.960000	7899.000000
364.965000	5530.000000
364.970000	5338.000000
364.975000	4214.000000
364.980000	4194.000000
364.985000	3626.000000
364.990000	3031.000000
364.995000	3351.000000
365.000000	2630.000000
365.005000	2740.000000
365.010000	2484.000000
365.015000	2483.000000
365.020000	2024.000000
365.025000	1701.000000
365.030000	1779.000000
365.035000	1522.000000
365.040000	1528.000000
365.045000	1705.000000
365.050000	1187.000000
365.055000	1268.000000
365.060000	1353.000000
365.065000	1161.000000
365.070000	1167.000000
365.075000	1175.000000
365.080000	1100.000000
365.085000	972.000000
365.090000	966.000000
365.095000	989.000000
365.100000	770.000000
365.105000	839.000000
365.110000	677.000000
365.115000	834.000000
365.120000	748.000000
365.125000	872.000000
365.130000	780.000000
365.135000	665.000000
365.140000	820.000000
365.145000	749.000000
365.150000	651.000000
365.155000	622.000000
365.160000	834.000000
365.165000	763.000000
365.170000	618.000000
365.175000	704.000000
365.180000	770.000000
365.185000	563.000000
365.190000	803.000000
365.195000	745.000000
365.200000	632.000000
