Sample ID:		None
Start Time:		Thu Jun 18 2020 8:50:33 PM
Averaging Time:		1.000s

364.800000	1727.000000
364.805000	2592.000000
364.810000	3663.000000
364.815000	6519.000000
364.820000	11399.000000
364.825000	17483.000000
364.830000	27277.000000
364.835000	35169.000000
364.840000	43327.000000
364.845000	53197.000000
364.850000	65907.000000
364.855000	78060.000000
364.860000	98961.000000
364.865000	188960.000000
364.870000	467834.000000
364.875000	530686.000000
364.880000	255414.000000
364.885000	110886.000000
364.890000	55749.000000
364.895000	40518.000000
364.900000	24144.000000
364.905000	14247.000000
364.910000	9806.000000
364.915000	7297.000000
364.920000	5660.000000
364.925000	5000.000000
364.930000	3734.000000
364.935000	4200.000000
364.940000	3813.000000
364.945000	3191.000000
364.950000	2977.000000
364.955000	2848.000000
364.960000	2727.000000
364.965000	2557.000000
364.970000	2272.000000
364.975000	2198.000000
364.980000	2190.000000
364.985000	1711.000000
364.990000	1634.000000
364.995000	1708.000000
365.000000	1703.000000
365.005000	1461.000000
365.010000	1422.000000
365.015000	1223.000000
365.020000	1172.000000
365.025000	1346.000000
365.030000	1306.000000
365.035000	1062.000000
365.040000	1107.000000
365.045000	962.000000
365.050000	1088.000000
365.055000	959.000000
365.060000	1010.000000
365.065000	844.000000
365.070000	786.000000
365.075000	799.000000
365.080000	675.000000
365.085000	894.000000
365.090000	640.000000
365.095000	964.000000
365.100000	707.000000
365.105000	692.000000
365.110000	718.000000
365.115000	784.000000
365.120000	706.000000
365.125000	814.000000
365.130000	743.000000
365.135000	820.000000
365.140000	678.000000
365.145000	951.000000
365.150000	654.000000
365.155000	695.000000
365.160000	527.000000
365.165000	621.000000
365.170000	662.000000
365.175000	623.000000
365.180000	782.000000
365.185000	548.000000
365.190000	839.000000
365.195000	707.000000
365.200000	467.000000
