Sample ID:		None
Start Time:		Thu Jun 18 2020 12:03:44 PM
Averaging Time:		1.000s

364.800000	2699.000000
364.805000	3794.000000
364.810000	6473.000000
364.815000	11192.000000
364.820000	19297.000000
364.825000	28609.000000
364.830000	39373.000000
364.835000	51480.000000
364.840000	66760.000000
364.845000	77747.000000
364.850000	94833.000000
364.855000	127889.000000
364.860000	292834.000000
364.865000	514650.000000
364.870000	708683.000000
364.875000	322735.000000
364.880000	145995.000000
364.885000	90975.000000
364.890000	52239.000000
364.895000	30766.000000
364.900000	20241.000000
364.905000	14975.000000
364.910000	10153.000000
364.915000	9088.000000
364.920000	6809.000000
364.925000	6714.000000
364.930000	5201.000000
364.935000	4612.000000
364.940000	4266.000000
364.945000	3998.000000
364.950000	3904.000000
364.955000	3756.000000
364.960000	3016.000000
364.965000	3322.000000
364.970000	2914.000000
364.975000	2599.000000
364.980000	2669.000000
364.985000	2424.000000
364.990000	2238.000000
364.995000	2318.000000
365.000000	2038.000000
365.005000	1962.000000
365.010000	1886.000000
365.015000	1622.000000
365.020000	1563.000000
365.025000	1559.000000
365.030000	1443.000000
365.035000	1362.000000
365.040000	1157.000000
365.045000	1083.000000
365.050000	1192.000000
365.055000	1313.000000
365.060000	1077.000000
365.065000	1159.000000
365.070000	836.000000
365.075000	1090.000000
365.080000	1074.000000
365.085000	1015.000000
365.090000	890.000000
365.095000	1170.000000
365.100000	1085.000000
365.105000	1032.000000
365.110000	1016.000000
365.115000	1140.000000
365.120000	1071.000000
365.125000	891.000000
365.130000	1106.000000
365.135000	860.000000
365.140000	893.000000
365.145000	948.000000
365.150000	724.000000
365.155000	807.000000
365.160000	903.000000
365.165000	870.000000
365.170000	873.000000
365.175000	908.000000
365.180000	1087.000000
365.185000	909.000000
365.190000	709.000000
365.195000	930.000000
365.200000	846.000000
