Sample ID:		None
Start Time:		Thu Jun 18 2020 9:10:39 PM
Averaging Time:		1.000s

364.800000	21993.000000
364.805000	33181.000000
364.810000	45017.000000
364.815000	55770.000000
364.820000	65326.000000
364.825000	83284.000000
364.830000	128190.000000
364.835000	211145.000000
364.840000	560299.000000
364.845000	443518.000000
364.850000	123073.000000
364.855000	91816.000000
364.860000	54552.000000
364.865000	34093.000000
364.870000	20125.000000
364.875000	13666.000000
364.880000	8746.000000
364.885000	6020.000000
364.890000	5872.000000
364.895000	4860.000000
364.900000	4189.000000
364.905000	3640.000000
364.910000	3206.000000
364.915000	3142.000000
364.920000	3104.000000
364.925000	2853.000000
364.930000	2572.000000
364.935000	2361.000000
364.940000	2538.000000
364.945000	1969.000000
364.950000	1922.000000
364.955000	2135.000000
364.960000	1592.000000
364.965000	1763.000000
364.970000	1517.000000
364.975000	1522.000000
364.980000	1480.000000
364.985000	1265.000000
364.990000	1427.000000
364.995000	1112.000000
365.000000	1189.000000
365.005000	1214.000000
365.010000	1000.000000
365.015000	931.000000
365.020000	892.000000
365.025000	833.000000
365.030000	949.000000
365.035000	787.000000
365.040000	751.000000
365.045000	814.000000
365.050000	900.000000
365.055000	650.000000
365.060000	823.000000
365.065000	717.000000
365.070000	797.000000
365.075000	970.000000
365.080000	883.000000
365.085000	681.000000
365.090000	934.000000
365.095000	706.000000
365.100000	771.000000
365.105000	838.000000
365.110000	638.000000
365.115000	699.000000
365.120000	659.000000
365.125000	831.000000
365.130000	637.000000
365.135000	634.000000
365.140000	558.000000
365.145000	632.000000
365.150000	596.000000
365.155000	621.000000
365.160000	555.000000
365.165000	688.000000
365.170000	873.000000
365.175000	620.000000
365.180000	551.000000
365.185000	648.000000
365.190000	750.000000
365.195000	716.000000
365.200000	804.000000
