Sample ID:		None
Start Time:		Thu Jun 18 2020 2:37:18 PM
Averaging Time:		1.000s

364.800000	702.000000
364.805000	684.000000
364.810000	798.000000
364.815000	705.000000
364.820000	632.000000
364.825000	599.000000
364.830000	587.000000
364.835000	782.000000
364.840000	816.000000
364.845000	780.000000
364.850000	900.000000
364.855000	985.000000
364.860000	1229.000000
364.865000	1102.000000
364.870000	1255.000000
364.875000	1275.000000
364.880000	1476.000000
364.885000	1670.000000
364.890000	1878.000000
364.895000	2331.000000
364.900000	2927.000000
364.905000	4337.000000
364.910000	6448.000000
364.915000	10446.000000
364.920000	17226.000000
364.925000	28969.000000
364.930000	37401.000000
364.935000	47495.000000
364.940000	61298.000000
364.945000	71089.000000
364.950000	93237.000000
364.955000	111944.000000
364.960000	167139.000000
364.965000	486058.000000
364.970000	693477.000000
364.975000	450816.000000
364.980000	171088.000000
364.985000	99533.000000
364.990000	59610.000000
364.995000	38928.000000
365.000000	23260.000000
365.005000	14593.000000
365.010000	10875.000000
365.015000	9037.000000
365.020000	6972.000000
365.025000	5877.000000
365.030000	5443.000000
365.035000	4913.000000
365.040000	4753.000000
365.045000	4457.000000
365.050000	3700.000000
365.055000	3679.000000
365.060000	3173.000000
365.065000	2943.000000
365.070000	2543.000000
365.075000	2372.000000
365.080000	2247.000000
365.085000	2481.000000
365.090000	2301.000000
365.095000	2205.000000
365.100000	1670.000000
365.105000	1971.000000
365.110000	1849.000000
365.115000	1786.000000
365.120000	1418.000000
365.125000	1563.000000
365.130000	1416.000000
365.135000	1484.000000
365.140000	1249.000000
365.145000	1355.000000
365.150000	1212.000000
365.155000	1121.000000
365.160000	1257.000000
365.165000	1062.000000
365.170000	1069.000000
365.175000	965.000000
365.180000	870.000000
365.185000	1047.000000
365.190000	973.000000
365.195000	1002.000000
365.200000	993.000000
