Sample ID:		None
Start Time:		Thu Jun 18 2020 7:16:46 PM
Averaging Time:		1.000s

364.800000	532.000000
364.805000	561.000000
364.810000	549.000000
364.815000	570.000000
364.820000	580.000000
364.825000	687.000000
364.830000	724.000000
364.835000	557.000000
364.840000	526.000000
364.845000	689.000000
364.850000	849.000000
364.855000	740.000000
364.860000	1021.000000
364.865000	1053.000000
364.870000	993.000000
364.875000	1154.000000
364.880000	1555.000000
364.885000	1745.000000
364.890000	2284.000000
364.895000	3455.000000
364.900000	5208.000000
364.905000	8814.000000
364.910000	13577.000000
364.915000	21121.000000
364.920000	28678.000000
364.925000	39274.000000
364.930000	46406.000000
364.935000	55617.000000
364.940000	65646.000000
364.945000	88968.000000
364.950000	120838.000000
364.955000	226293.000000
364.960000	544694.000000
364.965000	326873.000000
364.970000	159651.000000
364.975000	91029.000000
364.980000	51911.000000
364.985000	30272.000000
364.990000	19837.000000
364.995000	12284.000000
365.000000	8870.000000
365.005000	6823.000000
365.010000	5547.000000
365.015000	4764.000000
365.020000	3918.000000
365.025000	3967.000000
365.030000	3315.000000
365.035000	3388.000000
365.040000	3017.000000
365.045000	2543.000000
365.050000	2663.000000
365.055000	2322.000000
365.060000	2008.000000
365.065000	2360.000000
365.070000	1938.000000
365.075000	1672.000000
365.080000	1755.000000
365.085000	1563.000000
365.090000	1606.000000
365.095000	1511.000000
365.100000	1392.000000
365.105000	1239.000000
365.110000	1227.000000
365.115000	1353.000000
365.120000	1018.000000
365.125000	1271.000000
365.130000	1104.000000
365.135000	769.000000
365.140000	880.000000
365.145000	916.000000
365.150000	921.000000
365.155000	732.000000
365.160000	764.000000
365.165000	781.000000
365.170000	636.000000
365.175000	528.000000
365.180000	660.000000
365.185000	804.000000
365.190000	766.000000
365.195000	679.000000
365.200000	635.000000
