Sample ID:		None
Start Time:		Thu Jun 18 2020 10:04:14 PM
Averaging Time:		1.000s

364.800000	3024.000000
364.805000	2864.000000
364.810000	2518.000000
364.815000	2431.000000
364.820000	2219.000000
364.825000	2031.000000
364.830000	1954.000000
364.835000	1768.000000
364.840000	1783.000000
364.845000	1931.000000
364.850000	1634.000000
364.855000	1262.000000
364.860000	1382.000000
364.865000	1419.000000
364.870000	1198.000000
364.875000	1154.000000
364.880000	1116.000000
364.885000	1234.000000
364.890000	1033.000000
364.895000	1168.000000
364.900000	996.000000
364.905000	869.000000
364.910000	790.000000
364.915000	621.000000
364.920000	600.000000
364.925000	743.000000
364.930000	760.000000
364.935000	703.000000
364.940000	713.000000
364.945000	842.000000
364.950000	693.000000
364.955000	735.000000
364.960000	869.000000
364.965000	691.000000
364.970000	581.000000
364.975000	715.000000
364.980000	695.000000
364.985000	735.000000
364.990000	728.000000
364.995000	630.000000
365.000000	447.000000
365.005000	814.000000
365.010000	617.000000
365.015000	689.000000
365.020000	633.000000
365.025000	576.000000
365.030000	634.000000
365.035000	796.000000
365.040000	622.000000
365.045000	684.000000
365.050000	672.000000
365.055000	546.000000
365.060000	686.000000
365.065000	662.000000
365.070000	742.000000
365.075000	845.000000
365.080000	668.000000
365.085000	569.000000
365.090000	680.000000
365.095000	708.000000
365.100000	549.000000
365.105000	709.000000
365.110000	843.000000
365.115000	962.000000
365.120000	957.000000
365.125000	1324.000000
365.130000	1411.000000
365.135000	2118.000000
365.140000	3661.000000
365.145000	4775.000000
365.150000	7341.000000
365.155000	8982.000000
365.160000	10492.000000
365.165000	12697.000000
365.170000	16491.000000
365.175000	19433.000000
365.180000	29753.000000
365.185000	54953.000000
365.190000	108204.000000
365.195000	105099.000000
365.200000	58589.000000
