Sample ID:		None
Start Time:		Thu Jun 18 2020 1:06:49 PM
Averaging Time:		1.000s

364.800000	494.000000
364.805000	543.000000
364.810000	413.000000
364.815000	528.000000
364.820000	686.000000
364.825000	714.000000
364.830000	616.000000
364.835000	744.000000
364.840000	686.000000
364.845000	998.000000
364.850000	1032.000000
364.855000	785.000000
364.860000	841.000000
364.865000	846.000000
364.870000	1044.000000
364.875000	840.000000
364.880000	1060.000000
364.885000	950.000000
364.890000	1116.000000
364.895000	1259.000000
364.900000	1384.000000
364.905000	1453.000000
364.910000	1625.000000
364.915000	1967.000000
364.920000	2301.000000
364.925000	3632.000000
364.930000	5037.000000
364.935000	7579.000000
364.940000	13615.000000
364.945000	20819.000000
364.950000	31802.000000
364.955000	42083.000000
364.960000	54760.000000
364.965000	65551.000000
364.970000	78664.000000
364.975000	97511.000000
364.980000	130697.000000
364.985000	300518.000000
364.990000	587318.000000
364.995000	670309.000000
365.000000	252477.000000
365.005000	136548.000000
365.010000	82674.000000
365.015000	50040.000000
365.020000	30629.000000
365.025000	18745.000000
365.030000	13418.000000
365.035000	10095.000000
365.040000	8370.000000
365.045000	7132.000000
365.050000	5623.000000
365.055000	5320.000000
365.060000	5031.000000
365.065000	4197.000000
365.070000	4379.000000
365.075000	3766.000000
365.080000	3453.000000
365.085000	2826.000000
365.090000	2884.000000
365.095000	2727.000000
365.100000	2873.000000
365.105000	2601.000000
365.110000	2148.000000
365.115000	2146.000000
365.120000	2277.000000
365.125000	2057.000000
365.130000	1809.000000
365.135000	1533.000000
365.140000	1567.000000
365.145000	1673.000000
365.150000	1572.000000
365.155000	1633.000000
365.160000	1317.000000
365.165000	1234.000000
365.170000	1273.000000
365.175000	1155.000000
365.180000	1243.000000
365.185000	895.000000
365.190000	1167.000000
365.195000	1017.000000
365.200000	936.000000
