Sample ID:		None
Start Time:		Thu Jun 18 2020 11:16:51 AM
Averaging Time:		1.000s

364.800000	804.000000
364.805000	778.000000
364.810000	918.000000
364.815000	830.000000
364.820000	1017.000000
364.825000	1057.000000
364.830000	1192.000000
364.835000	1299.000000
364.840000	1209.000000
364.845000	1744.000000
364.850000	1957.000000
364.855000	2245.000000
364.860000	3070.000000
364.865000	4224.000000
364.870000	6560.000000
364.875000	12973.000000
364.880000	15537.000000
364.885000	27555.000000
364.890000	37153.000000
364.895000	52874.000000
364.900000	64082.000000
364.905000	74986.000000
364.910000	91984.000000
364.915000	129207.000000
364.920000	193115.000000
364.925000	486984.000000
364.930000	727270.000000
364.935000	209387.000000
364.940000	153742.000000
364.945000	95254.000000
364.950000	53050.000000
364.955000	26997.000000
364.960000	20152.000000
364.965000	14583.000000
364.970000	9627.000000
364.975000	7983.000000
364.980000	7319.000000
364.985000	5927.000000
364.990000	5144.000000
364.995000	4892.000000
365.000000	4516.000000
365.005000	4347.000000
365.010000	4125.000000
365.015000	3654.000000
365.020000	3620.000000
365.025000	2906.000000
365.030000	3069.000000
365.035000	2490.000000
365.040000	2509.000000
365.045000	2670.000000
365.050000	2376.000000
365.055000	2365.000000
365.060000	1971.000000
365.065000	2000.000000
365.070000	1885.000000
365.075000	1519.000000
365.080000	1650.000000
365.085000	1501.000000
365.090000	1303.000000
365.095000	1362.000000
365.100000	1423.000000
365.105000	1206.000000
365.110000	1076.000000
365.115000	1290.000000
365.120000	1079.000000
365.125000	783.000000
365.130000	984.000000
365.135000	939.000000
365.140000	1016.000000
365.145000	1224.000000
365.150000	1073.000000
365.155000	1000.000000
365.160000	912.000000
365.165000	887.000000
365.170000	1057.000000
365.175000	961.000000
365.180000	751.000000
365.185000	937.000000
365.190000	1052.000000
365.195000	988.000000
365.200000	1040.000000
