Sample ID:		None
Start Time:		Thu Jun 18 2020 8:47:12 PM
Averaging Time:		1.000s

364.800000	1211.000000
364.805000	1576.000000
364.810000	2284.000000
364.815000	3369.000000
364.820000	4515.000000
364.825000	8173.000000
364.830000	14711.000000
364.835000	20443.000000
364.840000	27923.000000
364.845000	38980.000000
364.850000	49211.000000
364.855000	56024.000000
364.860000	67092.000000
364.865000	84441.000000
364.870000	118125.000000
364.875000	331245.000000
364.880000	552502.000000
364.885000	412630.000000
364.890000	149683.000000
364.895000	88285.000000
364.900000	60879.000000
364.905000	34152.000000
364.910000	20928.000000
364.915000	11782.000000
364.920000	9572.000000
364.925000	7410.000000
364.930000	5364.000000
364.935000	4869.000000
364.940000	4689.000000
364.945000	3657.000000
364.950000	3271.000000
364.955000	3211.000000
364.960000	2812.000000
364.965000	2789.000000
364.970000	2304.000000
364.975000	2533.000000
364.980000	2099.000000
364.985000	1899.000000
364.990000	2020.000000
364.995000	1999.000000
365.000000	1664.000000
365.005000	1670.000000
365.010000	1308.000000
365.015000	1578.000000
365.020000	1503.000000
365.025000	1332.000000
365.030000	1148.000000
365.035000	1247.000000
365.040000	1010.000000
365.045000	1114.000000
365.050000	1075.000000
365.055000	976.000000
365.060000	753.000000
365.065000	909.000000
365.070000	980.000000
365.075000	769.000000
365.080000	725.000000
365.085000	797.000000
365.090000	739.000000
365.095000	764.000000
365.100000	713.000000
365.105000	863.000000
365.110000	893.000000
365.115000	833.000000
365.120000	649.000000
365.125000	890.000000
365.130000	758.000000
365.135000	639.000000
365.140000	622.000000
365.145000	815.000000
365.150000	670.000000
365.155000	685.000000
365.160000	690.000000
365.165000	614.000000
365.170000	538.000000
365.175000	658.000000
365.180000	519.000000
365.185000	636.000000
365.190000	679.000000
365.195000	781.000000
365.200000	646.000000
