Sample ID:		None
Start Time:		Thu Jun 18 2020 1:53:44 PM
Averaging Time:		1.000s

364.800000	814.000000
364.805000	667.000000
364.810000	614.000000
364.815000	598.000000
364.820000	826.000000
364.825000	573.000000
364.830000	693.000000
364.835000	848.000000
364.840000	796.000000
364.845000	727.000000
364.850000	981.000000
364.855000	727.000000
364.860000	992.000000
364.865000	1060.000000
364.870000	1230.000000
364.875000	1264.000000
364.880000	1512.000000
364.885000	1666.000000
364.890000	2002.000000
364.895000	1872.000000
364.900000	2656.000000
364.905000	3456.000000
364.910000	4832.000000
364.915000	9067.000000
364.920000	14466.000000
364.925000	23288.000000
364.930000	33038.000000
364.935000	43612.000000
364.940000	55910.000000
364.945000	67568.000000
364.950000	84356.000000
364.955000	97881.000000
364.960000	138827.000000
364.965000	342795.000000
364.970000	629530.000000
364.975000	618679.000000
364.980000	231760.000000
364.985000	97290.000000
364.990000	76870.000000
364.995000	44582.000000
365.000000	25739.000000
365.005000	17266.000000
365.010000	12462.000000
365.015000	9254.000000
365.020000	7670.000000
365.025000	7016.000000
365.030000	6287.000000
365.035000	5051.000000
365.040000	4604.000000
365.045000	4481.000000
365.050000	3708.000000
365.055000	3745.000000
365.060000	3531.000000
365.065000	3412.000000
365.070000	2794.000000
365.075000	2697.000000
365.080000	2739.000000
365.085000	2418.000000
365.090000	2345.000000
365.095000	2279.000000
365.100000	1856.000000
365.105000	1770.000000
365.110000	1483.000000
365.115000	1626.000000
365.120000	1865.000000
365.125000	1609.000000
365.130000	1611.000000
365.135000	1466.000000
365.140000	1346.000000
365.145000	1104.000000
365.150000	1216.000000
365.155000	1219.000000
365.160000	1163.000000
365.165000	1064.000000
365.170000	953.000000
365.175000	1002.000000
365.180000	949.000000
365.185000	1062.000000
365.190000	958.000000
365.195000	924.000000
365.200000	1061.000000
