Sample ID:		None
Start Time:		Thu Jun 18 2020 4:59:27 PM
Averaging Time:		1.000s

364.800000	346.000000
364.805000	452.000000
364.810000	407.000000
364.815000	675.000000
364.820000	326.000000
364.825000	349.000000
364.830000	381.000000
364.835000	553.000000
364.840000	560.000000
364.845000	537.000000
364.850000	681.000000
364.855000	598.000000
364.860000	443.000000
364.865000	703.000000
364.870000	631.000000
364.875000	748.000000
364.880000	668.000000
364.885000	576.000000
364.890000	533.000000
364.895000	762.000000
364.900000	790.000000
364.905000	945.000000
364.910000	743.000000
364.915000	1335.000000
364.920000	1439.000000
364.925000	1433.000000
364.930000	1830.000000
364.935000	2067.000000
364.940000	3015.000000
364.945000	4067.000000
364.950000	6690.000000
364.955000	10920.000000
364.960000	17306.000000
364.965000	25776.000000
364.970000	32305.000000
364.975000	43528.000000
364.980000	56244.000000
364.985000	61000.000000
364.990000	73959.000000
364.995000	100902.000000
365.000000	168148.000000
365.005000	402896.000000
365.010000	583660.000000
365.015000	301497.000000
365.020000	134775.000000
365.025000	65287.000000
365.030000	46065.000000
365.035000	27159.000000
365.040000	13684.000000
365.045000	10914.000000
365.050000	8579.000000
365.055000	6426.000000
365.060000	5316.000000
365.065000	5240.000000
365.070000	4555.000000
365.075000	3513.000000
365.080000	3712.000000
365.085000	3007.000000
365.090000	2777.000000
365.095000	2693.000000
365.100000	2340.000000
365.105000	2623.000000
365.110000	2456.000000
365.115000	1960.000000
365.120000	2016.000000
365.125000	1768.000000
365.130000	2020.000000
365.135000	1790.000000
365.140000	1483.000000
365.145000	1375.000000
365.150000	1285.000000
365.155000	1206.000000
365.160000	1263.000000
365.165000	1230.000000
365.170000	1360.000000
365.175000	1330.000000
365.180000	1264.000000
365.185000	1057.000000
365.190000	965.000000
365.195000	844.000000
365.200000	773.000000
