Sample ID:		None
Start Time:		Thu Jun 18 2020 8:10:21 PM
Averaging Time:		1.000s

364.800000	568.000000
364.805000	527.000000
364.810000	762.000000
364.815000	669.000000
364.820000	1005.000000
364.825000	908.000000
364.830000	989.000000
364.835000	1165.000000
364.840000	1143.000000
364.845000	1396.000000
364.850000	1633.000000
364.855000	2482.000000
364.860000	3059.000000
364.865000	4620.000000
364.870000	6528.000000
364.875000	11698.000000
364.880000	16865.000000
364.885000	23236.000000
364.890000	32364.000000
364.895000	44726.000000
364.900000	53824.000000
364.905000	59036.000000
364.910000	71875.000000
364.915000	103109.000000
364.920000	151701.000000
364.925000	414171.000000
364.930000	567023.000000
364.935000	241808.000000
364.940000	115855.000000
364.945000	71720.000000
364.950000	46741.000000
364.955000	26695.000000
364.960000	14376.000000
364.965000	11696.000000
364.970000	8335.000000
364.975000	6483.000000
364.980000	4791.000000
364.985000	5108.000000
364.990000	3842.000000
364.995000	4038.000000
365.000000	3557.000000
365.005000	3163.000000
365.010000	3092.000000
365.015000	2963.000000
365.020000	2481.000000
365.025000	2167.000000
365.030000	2388.000000
365.035000	1879.000000
365.040000	1775.000000
365.045000	1945.000000
365.050000	1700.000000
365.055000	1592.000000
365.060000	1735.000000
365.065000	1733.000000
365.070000	1161.000000
365.075000	1109.000000
365.080000	1221.000000
365.085000	1234.000000
365.090000	1293.000000
365.095000	1086.000000
365.100000	1059.000000
365.105000	1005.000000
365.110000	1049.000000
365.115000	858.000000
365.120000	865.000000
365.125000	697.000000
365.130000	662.000000
365.135000	484.000000
365.140000	730.000000
365.145000	864.000000
365.150000	859.000000
365.155000	823.000000
365.160000	866.000000
365.165000	674.000000
365.170000	921.000000
365.175000	678.000000
365.180000	651.000000
365.185000	730.000000
365.190000	731.000000
365.195000	762.000000
365.200000	586.000000
