Sample ID:		None
Start Time:		Thu Jun 18 2020 10:22:47 AM
Averaging Time:		1.000s

364.800000	521.000000
364.805000	665.000000
364.810000	704.000000
364.815000	571.000000
364.820000	659.000000
364.825000	766.000000
364.830000	735.000000
364.835000	841.000000
364.840000	782.000000
364.845000	828.000000
364.850000	926.000000
364.855000	810.000000
364.860000	854.000000
364.865000	958.000000
364.870000	1181.000000
364.875000	1045.000000
364.880000	1281.000000
364.885000	1441.000000
364.890000	1591.000000
364.895000	1930.000000
364.900000	2437.000000
364.905000	2431.000000
364.910000	4079.000000
364.915000	5127.000000
364.920000	8182.000000
364.925000	12630.000000
364.930000	26480.000000
364.935000	30926.000000
364.940000	42275.000000
364.945000	58106.000000
364.950000	73762.000000
364.955000	83419.000000
364.960000	103452.000000
364.965000	210072.000000
364.970000	311122.000000
364.975000	686489.000000
364.980000	580861.000000
364.985000	231192.000000
364.990000	117585.000000
364.995000	73687.000000
365.000000	42930.000000
365.005000	26506.000000
365.010000	17457.000000
365.015000	12992.000000
365.020000	10034.000000
365.025000	8319.000000
365.030000	6199.000000
365.035000	6545.000000
365.040000	5196.000000
365.045000	4708.000000
365.050000	4641.000000
365.055000	4302.000000
365.060000	3921.000000
365.065000	3459.000000
365.070000	3537.000000
365.075000	3075.000000
365.080000	2891.000000
365.085000	2636.000000
365.090000	2574.000000
365.095000	2515.000000
365.100000	2423.000000
365.105000	1989.000000
365.110000	2307.000000
365.115000	1944.000000
365.120000	1798.000000
365.125000	1715.000000
365.130000	1702.000000
365.135000	1563.000000
365.140000	1394.000000
365.145000	1405.000000
365.150000	1065.000000
365.155000	1057.000000
365.160000	1184.000000
365.165000	1230.000000
365.170000	1049.000000
365.175000	1136.000000
365.180000	1016.000000
365.185000	945.000000
365.190000	958.000000
365.195000	1065.000000
365.200000	948.000000
