Sample ID:		None
Start Time:		Thu Jun 18 2020 10:34:22 PM
Averaging Time:		1.000s

364.800000	1632.000000
364.805000	1699.000000
364.810000	1443.000000
364.815000	1268.000000
364.820000	1114.000000
364.825000	1118.000000
364.830000	1219.000000
364.835000	1192.000000
364.840000	962.000000
364.845000	1005.000000
364.850000	1065.000000
364.855000	832.000000
364.860000	915.000000
364.865000	846.000000
364.870000	772.000000
364.875000	724.000000
364.880000	913.000000
364.885000	922.000000
364.890000	820.000000
364.895000	748.000000
364.900000	770.000000
364.905000	756.000000
364.910000	889.000000
364.915000	684.000000
364.920000	623.000000
364.925000	724.000000
364.930000	702.000000
364.935000	834.000000
364.940000	753.000000
364.945000	826.000000
364.950000	661.000000
364.955000	677.000000
364.960000	610.000000
364.965000	595.000000
364.970000	722.000000
364.975000	699.000000
364.980000	643.000000
364.985000	713.000000
364.990000	636.000000
364.995000	728.000000
365.000000	724.000000
365.005000	675.000000
365.010000	590.000000
365.015000	758.000000
365.020000	625.000000
365.025000	699.000000
365.030000	584.000000
365.035000	654.000000
365.040000	699.000000
365.045000	749.000000
365.050000	778.000000
365.055000	722.000000
365.060000	917.000000
365.065000	773.000000
365.070000	1152.000000
365.075000	1383.000000
365.080000	2277.000000
365.085000	3408.000000
365.090000	4758.000000
365.095000	6592.000000
365.100000	8433.000000
365.105000	11168.000000
365.110000	12133.000000
365.115000	14516.000000
365.120000	21590.000000
365.125000	29558.000000
365.130000	46490.000000
365.135000	96754.000000
365.140000	69155.000000
365.145000	56045.000000
365.150000	30668.000000
365.155000	13613.000000
365.160000	8765.000000
365.165000	5163.000000
365.170000	3405.000000
365.175000	2313.000000
365.180000	1782.000000
365.185000	1216.000000
365.190000	1322.000000
365.195000	1068.000000
365.200000	1101.000000
