Sample ID:		None
Start Time:		Thu Jun 18 2020 8:17:03 PM
Averaging Time:		1.000s

364.800000	639.000000
364.805000	589.000000
364.810000	672.000000
364.815000	880.000000
364.820000	701.000000
364.825000	1062.000000
364.830000	961.000000
364.835000	945.000000
364.840000	1387.000000
364.845000	1502.000000
364.850000	1765.000000
364.855000	2249.000000
364.860000	3477.000000
364.865000	5659.000000
364.870000	9185.000000
364.875000	14755.000000
364.880000	21067.000000
364.885000	29851.000000
364.890000	38627.000000
364.895000	47970.000000
364.900000	55956.000000
364.905000	71063.000000
364.910000	85982.000000
364.915000	109972.000000
364.920000	221589.000000
364.925000	537165.000000
364.930000	429681.000000
364.935000	199555.000000
364.940000	93031.000000
364.945000	49546.000000
364.950000	33375.000000
364.955000	20856.000000
364.960000	13119.000000
364.965000	9401.000000
364.970000	5994.000000
364.975000	5486.000000
364.980000	4952.000000
364.985000	4104.000000
364.990000	3649.000000
364.995000	3621.000000
365.000000	3306.000000
365.005000	2820.000000
365.010000	3018.000000
365.015000	2366.000000
365.020000	2403.000000
365.025000	2275.000000
365.030000	2312.000000
365.035000	1664.000000
365.040000	1683.000000
365.045000	1763.000000
365.050000	1648.000000
365.055000	1581.000000
365.060000	1568.000000
365.065000	1374.000000
365.070000	1203.000000
365.075000	1105.000000
365.080000	1185.000000
365.085000	1253.000000
365.090000	1174.000000
365.095000	1207.000000
365.100000	836.000000
365.105000	805.000000
365.110000	863.000000
365.115000	916.000000
365.120000	761.000000
365.125000	614.000000
365.130000	1082.000000
365.135000	753.000000
365.140000	755.000000
365.145000	644.000000
365.150000	745.000000
365.155000	763.000000
365.160000	738.000000
365.165000	682.000000
365.170000	700.000000
365.175000	775.000000
365.180000	676.000000
365.185000	764.000000
365.190000	745.000000
365.195000	744.000000
365.200000	568.000000
