Sample ID:		None
Start Time:		Thu Jun 18 2020 5:56:23 PM
Averaging Time:		1.000s

364.800000	573.000000
364.805000	466.000000
364.810000	431.000000
364.815000	408.000000
364.820000	523.000000
364.825000	468.000000
364.830000	582.000000
364.835000	781.000000
364.840000	645.000000
364.845000	507.000000
364.850000	643.000000
364.855000	681.000000
364.860000	828.000000
364.865000	666.000000
364.870000	537.000000
364.875000	728.000000
364.880000	668.000000
364.885000	797.000000
364.890000	1170.000000
364.895000	1091.000000
364.900000	1019.000000
364.905000	972.000000
364.910000	1116.000000
364.915000	1580.000000
364.920000	2009.000000
364.925000	2679.000000
364.930000	3895.000000
364.935000	6648.000000
364.940000	10667.000000
364.945000	18208.000000
364.950000	27351.000000
364.955000	34412.000000
364.960000	43015.000000
364.965000	53702.000000
364.970000	61705.000000
364.975000	87705.000000
364.980000	99787.000000
364.985000	146521.000000
364.990000	356178.000000
364.995000	415349.000000
365.000000	294904.000000
365.005000	132701.000000
365.010000	75063.000000
365.015000	46563.000000
365.020000	30211.000000
365.025000	17419.000000
365.030000	11087.000000
365.035000	8036.000000
365.040000	6718.000000
365.045000	5220.000000
365.050000	4760.000000
365.055000	3843.000000
365.060000	3778.000000
365.065000	3319.000000
365.070000	3219.000000
365.075000	2692.000000
365.080000	2662.000000
365.085000	2580.000000
365.090000	2446.000000
365.095000	2214.000000
365.100000	1978.000000
365.105000	2062.000000
365.110000	1858.000000
365.115000	1788.000000
365.120000	1602.000000
365.125000	1595.000000
365.130000	1477.000000
365.135000	1346.000000
365.140000	1321.000000
365.145000	1156.000000
365.150000	877.000000
365.155000	1137.000000
365.160000	1133.000000
365.165000	1118.000000
365.170000	779.000000
365.175000	841.000000
365.180000	891.000000
365.185000	838.000000
365.190000	738.000000
365.195000	876.000000
365.200000	850.000000
