Sample ID:		None
Start Time:		Thu Jun 18 2020 6:36:34 PM
Averaging Time:		1.000s

364.800000	605.000000
364.805000	511.000000
364.810000	581.000000
364.815000	396.000000
364.820000	452.000000
364.825000	490.000000
364.830000	652.000000
364.835000	677.000000
364.840000	617.000000
364.845000	672.000000
364.850000	750.000000
364.855000	676.000000
364.860000	644.000000
364.865000	843.000000
364.870000	704.000000
364.875000	645.000000
364.880000	900.000000
364.885000	1166.000000
364.890000	1152.000000
364.895000	1156.000000
364.900000	1603.000000
364.905000	1769.000000
364.910000	2591.000000
364.915000	3571.000000
364.920000	4675.000000
364.925000	8041.000000
364.930000	16057.000000
364.935000	20869.000000
364.940000	29593.000000
364.945000	36718.000000
364.950000	47217.000000
364.955000	56102.000000
364.960000	66116.000000
364.965000	86415.000000
364.970000	127821.000000
364.975000	225695.000000
364.980000	538505.000000
364.985000	472273.000000
364.990000	153219.000000
364.995000	96409.000000
365.000000	59602.000000
365.005000	34443.000000
365.010000	21154.000000
365.015000	14905.000000
365.020000	8615.000000
365.025000	7588.000000
365.030000	5497.000000
365.035000	5071.000000
365.040000	4415.000000
365.045000	3665.000000
365.050000	3757.000000
365.055000	3252.000000
365.060000	3269.000000
365.065000	2800.000000
365.070000	2667.000000
365.075000	2454.000000
365.080000	2378.000000
365.085000	1832.000000
365.090000	2122.000000
365.095000	1820.000000
365.100000	2013.000000
365.105000	1614.000000
365.110000	1352.000000
365.115000	1327.000000
365.120000	1530.000000
365.125000	1168.000000
365.130000	1288.000000
365.135000	985.000000
365.140000	1210.000000
365.145000	1096.000000
365.150000	1002.000000
365.155000	972.000000
365.160000	960.000000
365.165000	919.000000
365.170000	787.000000
365.175000	766.000000
365.180000	765.000000
365.185000	646.000000
365.190000	925.000000
365.195000	848.000000
365.200000	735.000000
