Sample ID:		None
Start Time:		Thu Jun 18 2020 8:00:18 PM
Averaging Time:		1.000s

364.800000	713.000000
364.805000	580.000000
364.810000	654.000000
364.815000	557.000000
364.820000	760.000000
364.825000	889.000000
364.830000	781.000000
364.835000	767.000000
364.840000	810.000000
364.845000	962.000000
364.850000	1305.000000
364.855000	1695.000000
364.860000	1865.000000
364.865000	2517.000000
364.870000	4614.000000
364.875000	5542.000000
364.880000	8745.000000
364.885000	14829.000000
364.890000	22845.000000
364.895000	31398.000000
364.900000	39491.000000
364.905000	50195.000000
364.910000	60814.000000
364.915000	75645.000000
364.920000	90578.000000
364.925000	130461.000000
364.930000	353540.000000
364.935000	564176.000000
364.940000	376500.000000
364.945000	148149.000000
364.950000	83445.000000
364.955000	50739.000000
364.960000	31301.000000
364.965000	18908.000000
364.970000	11965.000000
364.975000	9323.000000
364.980000	6060.000000
364.985000	5924.000000
364.990000	5103.000000
364.995000	4014.000000
365.000000	3827.000000
365.005000	3387.000000
365.010000	3343.000000
365.015000	3025.000000
365.020000	2693.000000
365.025000	2463.000000
365.030000	2200.000000
365.035000	2101.000000
365.040000	2297.000000
365.045000	1951.000000
365.050000	1895.000000
365.055000	1853.000000
365.060000	1602.000000
365.065000	1482.000000
365.070000	1516.000000
365.075000	1345.000000
365.080000	1196.000000
365.085000	1095.000000
365.090000	996.000000
365.095000	1252.000000
365.100000	1308.000000
365.105000	1132.000000
365.110000	1019.000000
365.115000	879.000000
365.120000	791.000000
365.125000	799.000000
365.130000	692.000000
365.135000	707.000000
365.140000	757.000000
365.145000	671.000000
365.150000	590.000000
365.155000	701.000000
365.160000	656.000000
365.165000	756.000000
365.170000	682.000000
365.175000	750.000000
365.180000	787.000000
365.185000	754.000000
365.190000	675.000000
365.195000	757.000000
365.200000	681.000000
