Sample ID:		None
Start Time:		Thu Jun 18 2020 7:00:01 PM
Averaging Time:		1.000s

364.800000	631.000000
364.805000	465.000000
364.810000	488.000000
364.815000	600.000000
364.820000	620.000000
364.825000	527.000000
364.830000	653.000000
364.835000	586.000000
364.840000	623.000000
364.845000	726.000000
364.850000	686.000000
364.855000	544.000000
364.860000	832.000000
364.865000	684.000000
364.870000	939.000000
364.875000	985.000000
364.880000	974.000000
364.885000	1156.000000
364.890000	1265.000000
364.895000	1462.000000
364.900000	1476.000000
364.905000	2064.000000
364.910000	3090.000000
364.915000	4941.000000
364.920000	9027.000000
364.925000	14767.000000
364.930000	20869.000000
364.935000	29099.000000
364.940000	40171.000000
364.945000	47662.000000
364.950000	57245.000000
364.955000	70667.000000
364.960000	86192.000000
364.965000	120883.000000
364.970000	279776.000000
364.975000	576150.000000
364.980000	400763.000000
364.985000	167689.000000
364.990000	88052.000000
364.995000	54931.000000
365.000000	27536.000000
365.005000	19421.000000
365.010000	12662.000000
365.015000	7407.000000
365.020000	6953.000000
365.025000	5906.000000
365.030000	4944.000000
365.035000	4295.000000
365.040000	3647.000000
365.045000	3611.000000
365.050000	3230.000000
365.055000	2997.000000
365.060000	2990.000000
365.065000	2335.000000
365.070000	2401.000000
365.075000	2259.000000
365.080000	2298.000000
365.085000	1725.000000
365.090000	1900.000000
365.095000	1651.000000
365.100000	1654.000000
365.105000	1678.000000
365.110000	1386.000000
365.115000	1348.000000
365.120000	1447.000000
365.125000	1184.000000
365.130000	1167.000000
365.135000	988.000000
365.140000	1183.000000
365.145000	1140.000000
365.150000	924.000000
365.155000	940.000000
365.160000	850.000000
365.165000	947.000000
365.170000	956.000000
365.175000	713.000000
365.180000	729.000000
365.185000	647.000000
365.190000	893.000000
365.195000	980.000000
365.200000	893.000000
