Sample ID:		None
Start Time:		Thu Jun 18 2020 6:09:47 PM
Averaging Time:		1.000s

364.800000	546.000000
364.805000	440.000000
364.810000	475.000000
364.815000	441.000000
364.820000	390.000000
364.825000	501.000000
364.830000	419.000000
364.835000	486.000000
364.840000	642.000000
364.845000	762.000000
364.850000	833.000000
364.855000	648.000000
364.860000	809.000000
364.865000	578.000000
364.870000	699.000000
364.875000	697.000000
364.880000	745.000000
364.885000	1071.000000
364.890000	1119.000000
364.895000	1183.000000
364.900000	1083.000000
364.905000	1185.000000
364.910000	1828.000000
364.915000	1922.000000
364.920000	2938.000000
364.925000	3907.000000
364.930000	6229.000000
364.935000	10105.000000
364.940000	16512.000000
364.945000	25427.000000
364.950000	33489.000000
364.955000	42389.000000
364.960000	52842.000000
364.965000	60174.000000
364.970000	81433.000000
364.975000	98789.000000
364.980000	141349.000000
364.985000	343781.000000
364.990000	573221.000000
364.995000	348011.000000
365.000000	149025.000000
365.005000	79594.000000
365.010000	48206.000000
365.015000	26460.000000
365.020000	17090.000000
365.025000	10696.000000
365.030000	8556.000000
365.035000	6387.000000
365.040000	5064.000000
365.045000	4604.000000
365.050000	3734.000000
365.055000	3337.000000
365.060000	3347.000000
365.065000	2822.000000
365.070000	3047.000000
365.075000	2411.000000
365.080000	2219.000000
365.085000	2315.000000
365.090000	2391.000000
365.095000	2024.000000
365.100000	2131.000000
365.105000	1829.000000
365.110000	1619.000000
365.115000	1518.000000
365.120000	1441.000000
365.125000	1516.000000
365.130000	1314.000000
365.135000	1330.000000
365.140000	1368.000000
365.145000	1408.000000
365.150000	935.000000
365.155000	959.000000
365.160000	903.000000
365.165000	1114.000000
365.170000	862.000000
365.175000	857.000000
365.180000	735.000000
365.185000	806.000000
365.190000	735.000000
365.195000	864.000000
365.200000	688.000000
