Sample ID:		None
Start Time:		Thu Jun 18 2020 9:07:18 PM
Averaging Time:		1.000s

364.800000	14898.000000
364.805000	24268.000000
364.810000	35538.000000
364.815000	46560.000000
364.820000	56699.000000
364.825000	66439.000000
364.830000	85281.000000
364.835000	126817.000000
364.840000	363337.000000
364.845000	562706.000000
364.850000	415301.000000
364.855000	147281.000000
364.860000	92581.000000
364.865000	54917.000000
364.870000	31966.000000
364.875000	17112.000000
364.880000	12607.000000
364.885000	8824.000000
364.890000	6582.000000
364.895000	5800.000000
364.900000	5257.000000
364.905000	4190.000000
364.910000	3701.000000
364.915000	3575.000000
364.920000	3187.000000
364.925000	2866.000000
364.930000	2921.000000
364.935000	2394.000000
364.940000	2257.000000
364.945000	2243.000000
364.950000	2225.000000
364.955000	2113.000000
364.960000	1984.000000
364.965000	1475.000000
364.970000	1503.000000
364.975000	1529.000000
364.980000	1385.000000
364.985000	1356.000000
364.990000	1260.000000
364.995000	1185.000000
365.000000	1235.000000
365.005000	1023.000000
365.010000	1247.000000
365.015000	1023.000000
365.020000	1028.000000
365.025000	950.000000
365.030000	913.000000
365.035000	808.000000
365.040000	859.000000
365.045000	666.000000
365.050000	798.000000
365.055000	723.000000
365.060000	742.000000
365.065000	845.000000
365.070000	775.000000
365.075000	783.000000
365.080000	699.000000
365.085000	891.000000
365.090000	836.000000
365.095000	542.000000
365.100000	747.000000
365.105000	925.000000
365.110000	774.000000
365.115000	616.000000
365.120000	559.000000
365.125000	734.000000
365.130000	698.000000
365.135000	650.000000
365.140000	807.000000
365.145000	788.000000
365.150000	720.000000
365.155000	627.000000
365.160000	807.000000
365.165000	543.000000
365.170000	634.000000
365.175000	610.000000
365.180000	688.000000
365.185000	620.000000
365.190000	627.000000
365.195000	553.000000
365.200000	702.000000
