Sample ID:		None
Start Time:		Thu Jun 18 2020 2:33:57 PM
Averaging Time:		1.000s

364.800000	632.000000
364.805000	720.000000
364.810000	614.000000
364.815000	692.000000
364.820000	713.000000
364.825000	592.000000
364.830000	736.000000
364.835000	786.000000
364.840000	632.000000
364.845000	831.000000
364.850000	835.000000
364.855000	1020.000000
364.860000	1139.000000
364.865000	944.000000
364.870000	1238.000000
364.875000	1020.000000
364.880000	1435.000000
364.885000	1590.000000
364.890000	1743.000000
364.895000	1996.000000
364.900000	2801.000000
364.905000	3950.000000
364.910000	5952.000000
364.915000	10125.000000
364.920000	16831.000000
364.925000	25715.000000
364.930000	34370.000000
364.935000	45764.000000
364.940000	58267.000000
364.945000	69420.000000
364.950000	94694.000000
364.955000	109050.000000
364.960000	160556.000000
364.965000	344794.000000
364.970000	688303.000000
364.975000	536013.000000
364.980000	207411.000000
364.985000	89574.000000
364.990000	71299.000000
364.995000	41455.000000
365.000000	25191.000000
365.005000	15559.000000
365.010000	11517.000000
365.015000	9289.000000
365.020000	7489.000000
365.025000	6271.000000
365.030000	5862.000000
365.035000	5002.000000
365.040000	4715.000000
365.045000	4105.000000
365.050000	3454.000000
365.055000	3454.000000
365.060000	3301.000000
365.065000	3236.000000
365.070000	2709.000000
365.075000	2664.000000
365.080000	2393.000000
365.085000	2430.000000
365.090000	2093.000000
365.095000	2149.000000
365.100000	1993.000000
365.105000	1914.000000
365.110000	1793.000000
365.115000	1476.000000
365.120000	1628.000000
365.125000	1622.000000
365.130000	1364.000000
365.135000	1489.000000
365.140000	1194.000000
365.145000	1242.000000
365.150000	1395.000000
365.155000	1115.000000
365.160000	1173.000000
365.165000	908.000000
365.170000	1024.000000
365.175000	872.000000
365.180000	878.000000
365.185000	998.000000
365.190000	794.000000
365.195000	1017.000000
365.200000	884.000000
