Sample ID:		None
Start Time:		Thu Jun 18 2020 5:16:12 PM
Averaging Time:		1.000s

364.800000	414.000000
364.805000	436.000000
364.810000	457.000000
364.815000	532.000000
364.820000	540.000000
364.825000	375.000000
364.830000	597.000000
364.835000	500.000000
364.840000	461.000000
364.845000	557.000000
364.850000	538.000000
364.855000	613.000000
364.860000	589.000000
364.865000	721.000000
364.870000	597.000000
364.875000	726.000000
364.880000	693.000000
364.885000	773.000000
364.890000	816.000000
364.895000	850.000000
364.900000	749.000000
364.905000	1183.000000
364.910000	850.000000
364.915000	1084.000000
364.920000	1101.000000
364.925000	1589.000000
364.930000	2176.000000
364.935000	2576.000000
364.940000	4002.000000
364.945000	5595.000000
364.950000	9310.000000
364.955000	16148.000000
364.960000	23523.000000
364.965000	33408.000000
364.970000	41940.000000
364.975000	52893.000000
364.980000	62901.000000
364.985000	79255.000000
364.990000	96780.000000
364.995000	138393.000000
365.000000	357172.000000
365.005000	552434.000000
365.010000	334095.000000
365.015000	129878.000000
365.020000	80181.000000
365.025000	49056.000000
365.030000	30436.000000
365.035000	17603.000000
365.040000	11305.000000
365.045000	8102.000000
365.050000	6519.000000
365.055000	6001.000000
365.060000	4929.000000
365.065000	4262.000000
365.070000	3773.000000
365.075000	3797.000000
365.080000	3235.000000
365.085000	2835.000000
365.090000	2500.000000
365.095000	2722.000000
365.100000	2152.000000
365.105000	2283.000000
365.110000	2063.000000
365.115000	1932.000000
365.120000	1694.000000
365.125000	1699.000000
365.130000	1577.000000
365.135000	1465.000000
365.140000	1333.000000
365.145000	1499.000000
365.150000	1451.000000
365.155000	1219.000000
365.160000	1061.000000
365.165000	1270.000000
365.170000	1033.000000
365.175000	1224.000000
365.180000	845.000000
365.185000	837.000000
365.190000	940.000000
365.195000	822.000000
365.200000	774.000000
