Sample ID:		None
Start Time:		Thu Jun 18 2020 12:00:23 PM
Averaging Time:		1.000s

364.800000	2902.000000
364.805000	4761.000000
364.810000	6822.000000
364.815000	12062.000000
364.820000	19541.000000
364.825000	31822.000000
364.830000	43194.000000
364.835000	53370.000000
364.840000	66253.000000
364.845000	79284.000000
364.850000	99975.000000
364.855000	129104.000000
364.860000	223595.000000
364.865000	654459.000000
364.870000	670539.000000
364.875000	283772.000000
364.880000	124927.000000
364.885000	77559.000000
364.890000	46862.000000
364.895000	28052.000000
364.900000	17230.000000
364.905000	11751.000000
364.910000	8832.000000
364.915000	8318.000000
364.920000	7050.000000
364.925000	5859.000000
364.930000	5333.000000
364.935000	5040.000000
364.940000	4625.000000
364.945000	3604.000000
364.950000	3952.000000
364.955000	3593.000000
364.960000	3335.000000
364.965000	2988.000000
364.970000	2855.000000
364.975000	2816.000000
364.980000	2546.000000
364.985000	2625.000000
364.990000	2500.000000
364.995000	2087.000000
365.000000	1990.000000
365.005000	2050.000000
365.010000	1603.000000
365.015000	1680.000000
365.020000	1610.000000
365.025000	1509.000000
365.030000	1230.000000
365.035000	1369.000000
365.040000	1309.000000
365.045000	1234.000000
365.050000	975.000000
365.055000	1215.000000
365.060000	1119.000000
365.065000	930.000000
365.070000	1142.000000
365.075000	1111.000000
365.080000	1060.000000
365.085000	1003.000000
365.090000	1100.000000
365.095000	1083.000000
365.100000	1125.000000
365.105000	926.000000
365.110000	896.000000
365.115000	960.000000
365.120000	943.000000
365.125000	1006.000000
365.130000	858.000000
365.135000	878.000000
365.140000	894.000000
365.145000	1061.000000
365.150000	812.000000
365.155000	847.000000
365.160000	1005.000000
365.165000	911.000000
365.170000	930.000000
365.175000	838.000000
365.180000	864.000000
365.185000	829.000000
365.190000	950.000000
365.195000	848.000000
365.200000	797.000000
