Sample ID:		None
Start Time:		Thu Jun 18 2020 9:44:08 PM
Averaging Time:		1.000s

364.800000	15330.000000
364.805000	9006.000000
364.810000	6332.000000
364.815000	5146.000000
364.820000	4853.000000
364.825000	4205.000000
364.830000	3546.000000
364.835000	3355.000000
364.840000	3321.000000
364.845000	2809.000000
364.850000	2533.000000
364.855000	2080.000000
364.860000	2016.000000
364.865000	2103.000000
364.870000	1820.000000
364.875000	1825.000000
364.880000	1738.000000
364.885000	1589.000000
364.890000	1359.000000
364.895000	1555.000000
364.900000	1472.000000
364.905000	1250.000000
364.910000	1265.000000
364.915000	1392.000000
364.920000	1178.000000
364.925000	1172.000000
364.930000	897.000000
364.935000	904.000000
364.940000	952.000000
364.945000	896.000000
364.950000	781.000000
364.955000	865.000000
364.960000	690.000000
364.965000	686.000000
364.970000	752.000000
364.975000	837.000000
364.980000	812.000000
364.985000	686.000000
364.990000	730.000000
364.995000	769.000000
365.000000	812.000000
365.005000	796.000000
365.010000	724.000000
365.015000	871.000000
365.020000	669.000000
365.025000	816.000000
365.030000	749.000000
365.035000	697.000000
365.040000	487.000000
365.045000	723.000000
365.050000	754.000000
365.055000	582.000000
365.060000	562.000000
365.065000	632.000000
365.070000	718.000000
365.075000	665.000000
365.080000	721.000000
365.085000	592.000000
365.090000	609.000000
365.095000	671.000000
365.100000	643.000000
365.105000	851.000000
365.110000	649.000000
365.115000	872.000000
365.120000	752.000000
365.125000	754.000000
365.130000	741.000000
365.135000	581.000000
365.140000	887.000000
365.145000	757.000000
365.150000	853.000000
365.155000	992.000000
365.160000	985.000000
365.165000	1423.000000
365.170000	1841.000000
365.175000	2944.000000
365.180000	4177.000000
365.185000	5446.000000
365.190000	7776.000000
365.195000	9041.000000
365.200000	10800.000000
