Sample ID:		None
Start Time:		Thu Jun 18 2020 10:44:25 PM
Averaging Time:		1.000s

364.800000	1152.000000
364.805000	1290.000000
364.810000	1192.000000
364.815000	1137.000000
364.820000	859.000000
364.825000	956.000000
364.830000	896.000000
364.835000	966.000000
364.840000	723.000000
364.845000	917.000000
364.850000	899.000000
364.855000	670.000000
364.860000	611.000000
364.865000	767.000000
364.870000	672.000000
364.875000	890.000000
364.880000	842.000000
364.885000	746.000000
364.890000	831.000000
364.895000	766.000000
364.900000	899.000000
364.905000	655.000000
364.910000	786.000000
364.915000	706.000000
364.920000	704.000000
364.925000	588.000000
364.930000	469.000000
364.935000	711.000000
364.940000	580.000000
364.945000	626.000000
364.950000	700.000000
364.955000	656.000000
364.960000	721.000000
364.965000	780.000000
364.970000	568.000000
364.975000	712.000000
364.980000	457.000000
364.985000	694.000000
364.990000	548.000000
364.995000	696.000000
365.000000	690.000000
365.005000	660.000000
365.010000	696.000000
365.015000	597.000000
365.020000	619.000000
365.025000	718.000000
365.030000	883.000000
365.035000	880.000000
365.040000	787.000000
365.045000	964.000000
365.050000	1126.000000
365.055000	1258.000000
365.060000	1858.000000
365.065000	3042.000000
365.070000	4548.000000
365.075000	6906.000000
365.080000	8039.000000
365.085000	10061.000000
365.090000	12330.000000
365.095000	13975.000000
365.100000	19008.000000
365.105000	28597.000000
365.110000	44976.000000
365.115000	114232.000000
365.120000	108361.000000
365.125000	60301.000000
365.130000	22240.000000
365.135000	14513.000000
365.140000	9184.000000
365.145000	5426.000000
365.150000	3078.000000
365.155000	2296.000000
365.160000	1606.000000
365.165000	1308.000000
365.170000	1182.000000
365.175000	1298.000000
365.180000	1096.000000
365.185000	824.000000
365.190000	1047.000000
365.195000	930.000000
365.200000	1043.000000
