Sample ID:		None
Start Time:		Thu Jun 18 2020 5:46:20 PM
Averaging Time:		1.000s

364.800000	383.000000
364.805000	374.000000
364.810000	431.000000
364.815000	499.000000
364.820000	522.000000
364.825000	418.000000
364.830000	433.000000
364.835000	629.000000
364.840000	712.000000
364.845000	683.000000
364.850000	565.000000
364.855000	637.000000
364.860000	801.000000
364.865000	742.000000
364.870000	555.000000
364.875000	670.000000
364.880000	651.000000
364.885000	705.000000
364.890000	803.000000
364.895000	882.000000
364.900000	1063.000000
364.905000	1154.000000
364.910000	1184.000000
364.915000	1701.000000
364.920000	1855.000000
364.925000	2275.000000
364.930000	3098.000000
364.935000	4965.000000
364.940000	7722.000000
364.945000	12188.000000
364.950000	20478.000000
364.955000	27535.000000
364.960000	37693.000000
364.965000	46741.000000
364.970000	54822.000000
364.975000	65207.000000
364.980000	83982.000000
364.985000	115429.000000
364.990000	187871.000000
364.995000	469102.000000
365.000000	505448.000000
365.005000	209250.000000
365.010000	104389.000000
365.015000	59053.000000
365.020000	36272.000000
365.025000	22838.000000
365.030000	13246.000000
365.035000	9914.000000
365.040000	7469.000000
365.045000	5933.000000
365.050000	5174.000000
365.055000	4618.000000
365.060000	4124.000000
365.065000	3651.000000
365.070000	3360.000000
365.075000	2950.000000
365.080000	2784.000000
365.085000	2640.000000
365.090000	2679.000000
365.095000	2329.000000
365.100000	2177.000000
365.105000	1948.000000
365.110000	2015.000000
365.115000	1760.000000
365.120000	1525.000000
365.125000	1523.000000
365.130000	1248.000000
365.135000	1447.000000
365.140000	1230.000000
365.145000	1540.000000
365.150000	1348.000000
365.155000	1249.000000
365.160000	1244.000000
365.165000	1208.000000
365.170000	917.000000
365.175000	834.000000
365.180000	813.000000
365.185000	681.000000
365.190000	793.000000
365.195000	706.000000
365.200000	810.000000
