Sample ID:		None
Start Time:		Thu Jun 18 2020 6:33:14 PM
Averaging Time:		1.000s

364.800000	457.000000
364.805000	357.000000
364.810000	555.000000
364.815000	545.000000
364.820000	455.000000
364.825000	505.000000
364.830000	649.000000
364.835000	413.000000
364.840000	553.000000
364.845000	573.000000
364.850000	700.000000
364.855000	746.000000
364.860000	649.000000
364.865000	930.000000
364.870000	873.000000
364.875000	791.000000
364.880000	869.000000
364.885000	876.000000
364.890000	1112.000000
364.895000	1143.000000
364.900000	1705.000000
364.905000	1971.000000
364.910000	2644.000000
364.915000	3470.000000
364.920000	5309.000000
364.925000	8426.000000
364.930000	14515.000000
364.935000	22144.000000
364.940000	30805.000000
364.945000	39285.000000
364.950000	50194.000000
364.955000	57217.000000
364.960000	70391.000000
364.965000	89928.000000
364.970000	135926.000000
364.975000	293454.000000
364.980000	566678.000000
364.985000	374217.000000
364.990000	148835.000000
364.995000	65993.000000
365.000000	51464.000000
365.005000	29782.000000
365.010000	18249.000000
365.015000	11346.000000
365.020000	8175.000000
365.025000	6682.000000
365.030000	5901.000000
365.035000	4818.000000
365.040000	3782.000000
365.045000	3564.000000
365.050000	3339.000000
365.055000	2930.000000
365.060000	2712.000000
365.065000	2485.000000
365.070000	2506.000000
365.075000	2383.000000
365.080000	2012.000000
365.085000	2256.000000
365.090000	1747.000000
365.095000	1830.000000
365.100000	1772.000000
365.105000	1655.000000
365.110000	1584.000000
365.115000	1342.000000
365.120000	1472.000000
365.125000	1369.000000
365.130000	1144.000000
365.135000	1233.000000
365.140000	1239.000000
365.145000	1058.000000
365.150000	1021.000000
365.155000	960.000000
365.160000	763.000000
365.165000	740.000000
365.170000	1008.000000
365.175000	891.000000
365.180000	728.000000
365.185000	699.000000
365.190000	729.000000
365.195000	825.000000
365.200000	663.000000
