Sample ID:		None
Start Time:		Thu Jun 18 2020 6:16:29 PM
Averaging Time:		1.000s

364.800000	430.000000
364.805000	518.000000
364.810000	519.000000
364.815000	526.000000
364.820000	462.000000
364.825000	487.000000
364.830000	618.000000
364.835000	475.000000
364.840000	530.000000
364.845000	710.000000
364.850000	464.000000
364.855000	558.000000
364.860000	689.000000
364.865000	703.000000
364.870000	714.000000
364.875000	737.000000
364.880000	822.000000
364.885000	735.000000
364.890000	1027.000000
364.895000	1222.000000
364.900000	1340.000000
364.905000	1579.000000
364.910000	1630.000000
364.915000	2054.000000
364.920000	3361.000000
364.925000	5207.000000
364.930000	7383.000000
364.935000	14086.000000
364.940000	20076.000000
364.945000	26821.000000
364.950000	36183.000000
364.955000	48266.000000
364.960000	55918.000000
364.965000	63134.000000
364.970000	81389.000000
364.975000	109606.000000
364.980000	193688.000000
364.985000	520908.000000
364.990000	499506.000000
364.995000	189495.000000
365.000000	93671.000000
365.005000	63511.000000
365.010000	40046.000000
365.015000	23819.000000
365.020000	12204.000000
365.025000	9656.000000
365.030000	7152.000000
365.035000	5865.000000
365.040000	4982.000000
365.045000	4615.000000
365.050000	3767.000000
365.055000	3656.000000
365.060000	3315.000000
365.065000	2970.000000
365.070000	2847.000000
365.075000	2625.000000
365.080000	2333.000000
365.085000	2093.000000
365.090000	2246.000000
365.095000	1748.000000
365.100000	1917.000000
365.105000	1985.000000
365.110000	1812.000000
365.115000	1362.000000
365.120000	1475.000000
365.125000	1396.000000
365.130000	1422.000000
365.135000	1128.000000
365.140000	1279.000000
365.145000	1176.000000
365.150000	1230.000000
365.155000	1224.000000
365.160000	1144.000000
365.165000	817.000000
365.170000	874.000000
365.175000	813.000000
365.180000	724.000000
365.185000	915.000000
365.190000	805.000000
365.195000	611.000000
365.200000	716.000000
