Sample ID:		None
Start Time:		Thu Jun 18 2020 9:40:47 PM
Averaging Time:		1.000s

364.800000	36098.000000
364.805000	17698.000000
364.810000	10753.000000
364.815000	8086.000000
364.820000	4916.000000
364.825000	5260.000000
364.830000	4308.000000
364.835000	3813.000000
364.840000	3596.000000
364.845000	3487.000000
364.850000	3062.000000
364.855000	3036.000000
364.860000	2748.000000
364.865000	2681.000000
364.870000	2545.000000
364.875000	1862.000000
364.880000	2240.000000
364.885000	2055.000000
364.890000	1778.000000
364.895000	1836.000000
364.900000	1659.000000
364.905000	1478.000000
364.910000	1524.000000
364.915000	1322.000000
364.920000	974.000000
364.925000	1281.000000
364.930000	917.000000
364.935000	1075.000000
364.940000	1243.000000
364.945000	1096.000000
364.950000	908.000000
364.955000	878.000000
364.960000	789.000000
364.965000	912.000000
364.970000	799.000000
364.975000	781.000000
364.980000	765.000000
364.985000	807.000000
364.990000	694.000000
364.995000	693.000000
365.000000	751.000000
365.005000	815.000000
365.010000	757.000000
365.015000	631.000000
365.020000	795.000000
365.025000	692.000000
365.030000	822.000000
365.035000	732.000000
365.040000	714.000000
365.045000	737.000000
365.050000	632.000000
365.055000	587.000000
365.060000	849.000000
365.065000	666.000000
365.070000	600.000000
365.075000	674.000000
365.080000	800.000000
365.085000	572.000000
365.090000	675.000000
365.095000	732.000000
365.100000	640.000000
365.105000	677.000000
365.110000	591.000000
365.115000	671.000000
365.120000	835.000000
365.125000	667.000000
365.130000	653.000000
365.135000	702.000000
365.140000	720.000000
365.145000	651.000000
365.150000	721.000000
365.155000	699.000000
365.160000	862.000000
365.165000	979.000000
365.170000	1008.000000
365.175000	1304.000000
365.180000	2070.000000
365.185000	3526.000000
365.190000	4535.000000
365.195000	5762.000000
365.200000	7210.000000
