Sample ID:		None
Start Time:		Thu Jun 18 2020 7:10:04 PM
Averaging Time:		1.000s

364.800000	453.000000
364.805000	477.000000
364.810000	483.000000
364.815000	560.000000
364.820000	516.000000
364.825000	564.000000
364.830000	805.000000
364.835000	747.000000
364.840000	572.000000
364.845000	653.000000
364.850000	666.000000
364.855000	764.000000
364.860000	790.000000
364.865000	878.000000
364.870000	994.000000
364.875000	1168.000000
364.880000	1087.000000
364.885000	1237.000000
364.890000	1501.000000
364.895000	2206.000000
364.900000	3100.000000
364.905000	3895.000000
364.910000	6803.000000
364.915000	12122.000000
364.920000	17905.000000
364.925000	26343.000000
364.930000	34708.000000
364.935000	43795.000000
364.940000	51050.000000
364.945000	61250.000000
364.950000	79250.000000
364.955000	97140.000000
364.960000	160888.000000
364.965000	439195.000000
364.970000	493889.000000
364.975000	273141.000000
364.980000	119107.000000
364.985000	69302.000000
364.990000	43645.000000
364.995000	24034.000000
365.000000	15666.000000
365.005000	10602.000000
365.010000	7762.000000
365.015000	6097.000000
365.020000	5203.000000
365.025000	4731.000000
365.030000	3988.000000
365.035000	3554.000000
365.040000	3230.000000
365.045000	2741.000000
365.050000	2772.000000
365.055000	2540.000000
365.060000	2544.000000
365.065000	2521.000000
365.070000	1993.000000
365.075000	2097.000000
365.080000	1852.000000
365.085000	1670.000000
365.090000	1706.000000
365.095000	1433.000000
365.100000	1562.000000
365.105000	1339.000000
365.110000	1325.000000
365.115000	1115.000000
365.120000	1241.000000
365.125000	1123.000000
365.130000	1103.000000
365.135000	1115.000000
365.140000	1237.000000
365.145000	1045.000000
365.150000	960.000000
365.155000	797.000000
365.160000	785.000000
365.165000	735.000000
365.170000	833.000000
365.175000	650.000000
365.180000	820.000000
365.185000	776.000000
365.190000	763.000000
365.195000	786.000000
365.200000	710.000000
