Sample ID:		None
Start Time:		Thu Jun 18 2020 6:29:53 PM
Averaging Time:		1.000s

364.800000	525.000000
364.805000	316.000000
364.810000	514.000000
364.815000	620.000000
364.820000	374.000000
364.825000	508.000000
364.830000	542.000000
364.835000	575.000000
364.840000	629.000000
364.845000	544.000000
364.850000	597.000000
364.855000	697.000000
364.860000	741.000000
364.865000	823.000000
364.870000	677.000000
364.875000	869.000000
364.880000	789.000000
364.885000	873.000000
364.890000	964.000000
364.895000	1355.000000
364.900000	1305.000000
364.905000	1643.000000
364.910000	1888.000000
364.915000	2861.000000
364.920000	4012.000000
364.925000	6885.000000
364.930000	12608.000000
364.935000	19010.000000
364.940000	25868.000000
364.945000	36425.000000
364.950000	45773.000000
364.955000	52847.000000
364.960000	65575.000000
364.965000	79907.000000
364.970000	112715.000000
364.975000	179278.000000
364.980000	480196.000000
364.985000	516074.000000
364.990000	201703.000000
364.995000	112115.000000
365.000000	64780.000000
365.005000	37033.000000
365.010000	20275.000000
365.015000	14980.000000
365.020000	10384.000000
365.025000	6990.000000
365.030000	6060.000000
365.035000	5903.000000
365.040000	4437.000000
365.045000	3972.000000
365.050000	3426.000000
365.055000	3345.000000
365.060000	2977.000000
365.065000	2737.000000
365.070000	2796.000000
365.075000	2411.000000
365.080000	2226.000000
365.085000	2105.000000
365.090000	1871.000000
365.095000	1639.000000
365.100000	1869.000000
365.105000	1749.000000
365.110000	1486.000000
365.115000	1416.000000
365.120000	1268.000000
365.125000	1291.000000
365.130000	1165.000000
365.135000	1317.000000
365.140000	1187.000000
365.145000	1187.000000
365.150000	1077.000000
365.155000	837.000000
365.160000	896.000000
365.165000	837.000000
365.170000	783.000000
365.175000	664.000000
365.180000	766.000000
365.185000	788.000000
365.190000	667.000000
365.195000	935.000000
365.200000	768.000000
