Sample ID:		None
Start Time:		Thu Jun 18 2020 1:57:05 PM
Averaging Time:		1.000s

364.800000	557.000000
364.805000	574.000000
364.810000	795.000000
364.815000	678.000000
364.820000	667.000000
364.825000	654.000000
364.830000	757.000000
364.835000	811.000000
364.840000	881.000000
364.845000	802.000000
364.850000	681.000000
364.855000	766.000000
364.860000	1001.000000
364.865000	1214.000000
364.870000	1352.000000
364.875000	1301.000000
364.880000	1147.000000
364.885000	1480.000000
364.890000	1918.000000
364.895000	2089.000000
364.900000	2681.000000
364.905000	3947.000000
364.910000	5323.000000
364.915000	8281.000000
364.920000	14855.000000
364.925000	24726.000000
364.930000	31998.000000
364.935000	44161.000000
364.940000	57406.000000
364.945000	67691.000000
364.950000	88922.000000
364.955000	102892.000000
364.960000	143510.000000
364.965000	447670.000000
364.970000	673746.000000
364.975000	595449.000000
364.980000	234496.000000
364.985000	120819.000000
364.990000	74215.000000
364.995000	45618.000000
365.000000	27533.000000
365.005000	16943.000000
365.010000	12013.000000
365.015000	9153.000000
365.020000	7712.000000
365.025000	6613.000000
365.030000	5440.000000
365.035000	5090.000000
365.040000	4806.000000
365.045000	4144.000000
365.050000	3796.000000
365.055000	3982.000000
365.060000	3337.000000
365.065000	2798.000000
365.070000	2883.000000
365.075000	2548.000000
365.080000	2609.000000
365.085000	2734.000000
365.090000	2298.000000
365.095000	2079.000000
365.100000	1893.000000
365.105000	1967.000000
365.110000	1922.000000
365.115000	1552.000000
365.120000	1624.000000
365.125000	1577.000000
365.130000	1340.000000
365.135000	1470.000000
365.140000	1418.000000
365.145000	1331.000000
365.150000	1096.000000
365.155000	1193.000000
365.160000	1133.000000
365.165000	1065.000000
365.170000	862.000000
365.175000	1117.000000
365.180000	1015.000000
365.185000	1157.000000
365.190000	1137.000000
365.195000	967.000000
365.200000	1037.000000
