Sample ID:		None
Start Time:		Thu Jun 18 2020 12:46:43 PM
Averaging Time:		1.000s

364.800000	529.000000
364.805000	535.000000
364.810000	535.000000
364.815000	534.000000
364.820000	485.000000
364.825000	605.000000
364.830000	724.000000
364.835000	564.000000
364.840000	690.000000
364.845000	611.000000
364.850000	788.000000
364.855000	844.000000
364.860000	790.000000
364.865000	771.000000
364.870000	822.000000
364.875000	810.000000
364.880000	833.000000
364.885000	784.000000
364.890000	908.000000
364.895000	1138.000000
364.900000	1155.000000
364.905000	1328.000000
364.910000	1476.000000
364.915000	1869.000000
364.920000	1673.000000
364.925000	2462.000000
364.930000	2893.000000
364.935000	4100.000000
364.940000	6070.000000
364.945000	10705.000000
364.950000	17832.000000
364.955000	26825.000000
364.960000	37102.000000
364.965000	48937.000000
364.970000	59214.000000
364.975000	74974.000000
364.980000	91249.000000
364.985000	110483.000000
364.990000	160185.000000
364.995000	401313.000000
365.000000	709363.000000
365.005000	481920.000000
365.010000	198318.000000
365.015000	101553.000000
365.020000	61074.000000
365.025000	37838.000000
365.030000	23346.000000
365.035000	16272.000000
365.040000	9567.000000
365.045000	8533.000000
365.050000	7287.000000
365.055000	5890.000000
365.060000	5167.000000
365.065000	5180.000000
365.070000	4862.000000
365.075000	4329.000000
365.080000	4304.000000
365.085000	3558.000000
365.090000	3266.000000
365.095000	2855.000000
365.100000	2994.000000
365.105000	2747.000000
365.110000	2569.000000
365.115000	2437.000000
365.120000	2510.000000
365.125000	2285.000000
365.130000	1957.000000
365.135000	1892.000000
365.140000	1942.000000
365.145000	1676.000000
365.150000	1616.000000
365.155000	1394.000000
365.160000	1627.000000
365.165000	1341.000000
365.170000	1244.000000
365.175000	1375.000000
365.180000	1132.000000
365.185000	1277.000000
365.190000	1190.000000
365.195000	963.000000
365.200000	953.000000
