Sample ID:		None
Start Time:		Thu Jun 18 2020 9:00:36 PM
Averaging Time:		1.000s

364.800000	5882.000000
364.805000	10214.000000
364.810000	17077.000000
364.815000	26268.000000
364.820000	36720.000000
364.825000	46717.000000
364.830000	55086.000000
364.835000	65883.000000
364.840000	81213.000000
364.845000	137634.000000
364.850000	235523.000000
364.855000	494068.000000
364.860000	513574.000000
364.865000	168399.000000
364.870000	89140.000000
364.875000	63938.000000
364.880000	36128.000000
364.885000	21565.000000
364.890000	11609.000000
364.895000	9970.000000
364.900000	6861.000000
364.905000	5845.000000
364.910000	4853.000000
364.915000	4625.000000
364.920000	3846.000000
364.925000	3263.000000
364.930000	2902.000000
364.935000	2988.000000
364.940000	2880.000000
364.945000	2681.000000
364.950000	2375.000000
364.955000	2227.000000
364.960000	2142.000000
364.965000	2023.000000
364.970000	1598.000000
364.975000	1845.000000
364.980000	1614.000000
364.985000	1446.000000
364.990000	1344.000000
364.995000	1215.000000
365.000000	1246.000000
365.005000	1242.000000
365.010000	1110.000000
365.015000	1206.000000
365.020000	1110.000000
365.025000	1222.000000
365.030000	940.000000
365.035000	924.000000
365.040000	894.000000
365.045000	949.000000
365.050000	695.000000
365.055000	668.000000
365.060000	876.000000
365.065000	783.000000
365.070000	763.000000
365.075000	695.000000
365.080000	763.000000
365.085000	856.000000
365.090000	744.000000
365.095000	1003.000000
365.100000	912.000000
365.105000	641.000000
365.110000	721.000000
365.115000	841.000000
365.120000	695.000000
365.125000	758.000000
365.130000	636.000000
365.135000	567.000000
365.140000	673.000000
365.145000	680.000000
365.150000	677.000000
365.155000	599.000000
365.160000	660.000000
365.165000	608.000000
365.170000	597.000000
365.175000	601.000000
365.180000	716.000000
365.185000	656.000000
365.190000	717.000000
365.195000	657.000000
365.200000	703.000000
