Sample ID:		None
Start Time:		Thu Jun 18 2020 12:15:43 PM
Averaging Time:		1.000s

364.800000	551.000000
364.805000	510.000000
364.810000	695.000000
364.815000	638.000000
364.820000	709.000000
364.825000	553.000000
364.830000	469.000000
364.835000	628.000000
364.840000	599.000000
364.845000	658.000000
364.850000	585.000000
364.855000	679.000000
364.860000	596.000000
364.865000	823.000000
364.870000	593.000000
364.875000	764.000000
364.880000	753.000000
364.885000	677.000000
364.890000	1052.000000
364.895000	812.000000
364.900000	996.000000
364.905000	1008.000000
364.910000	1062.000000
364.915000	1233.000000
364.920000	1237.000000
364.925000	1331.000000
364.930000	1762.000000
364.935000	1760.000000
364.940000	2065.000000
364.945000	2773.000000
364.950000	3766.000000
364.955000	5706.000000
364.960000	8659.000000
364.965000	15388.000000
364.970000	24955.000000
364.975000	33941.000000
364.980000	44901.000000
364.985000	56931.000000
364.990000	70756.000000
364.995000	89391.000000
365.000000	102710.000000
365.005000	150788.000000
365.010000	348194.000000
365.015000	697668.000000
365.020000	557580.000000
365.025000	216321.000000
365.030000	115168.000000
365.035000	69829.000000
365.040000	37713.000000
365.045000	25137.000000
365.050000	15541.000000
365.055000	10514.000000
365.060000	8861.000000
365.065000	7647.000000
365.070000	6326.000000
365.075000	5711.000000
365.080000	4826.000000
365.085000	4514.000000
365.090000	4112.000000
365.095000	3946.000000
365.100000	3427.000000
365.105000	3520.000000
365.110000	2938.000000
365.115000	2898.000000
365.120000	2714.000000
365.125000	2671.000000
365.130000	2580.000000
365.135000	2597.000000
365.140000	2071.000000
365.145000	2068.000000
365.150000	2007.000000
365.155000	2027.000000
365.160000	1611.000000
365.165000	1691.000000
365.170000	1645.000000
365.175000	1478.000000
365.180000	1449.000000
365.185000	1611.000000
365.190000	1181.000000
365.195000	1081.000000
365.200000	958.000000
