Sample ID:		None
Start Time:		Thu Jun 18 2020 11:54:44 PM
Averaging Time:		1.000s

364.800000	832.000000
364.805000	842.000000
364.810000	786.000000
364.815000	889.000000
364.820000	859.000000
364.825000	767.000000
364.830000	685.000000
364.835000	737.000000
364.840000	719.000000
364.845000	908.000000
364.850000	714.000000
364.855000	985.000000
364.860000	540.000000
364.865000	748.000000
364.870000	672.000000
364.875000	600.000000
364.880000	699.000000
364.885000	445.000000
364.890000	693.000000
364.895000	667.000000
364.900000	585.000000
364.905000	650.000000
364.910000	687.000000
364.915000	716.000000
364.920000	625.000000
364.925000	557.000000
364.930000	661.000000
364.935000	746.000000
364.940000	716.000000
364.945000	585.000000
364.950000	657.000000
364.955000	727.000000
364.960000	664.000000
364.965000	749.000000
364.970000	631.000000
364.975000	865.000000
364.980000	906.000000
364.985000	786.000000
364.990000	1025.000000
364.995000	1478.000000
365.000000	2267.000000
365.005000	2765.000000
365.010000	4683.000000
365.015000	6535.000000
365.020000	8104.000000
365.025000	10587.000000
365.030000	12667.000000
365.035000	13867.000000
365.040000	20079.000000
365.045000	28974.000000
365.050000	44587.000000
365.055000	97566.000000
365.060000	104326.000000
365.065000	55910.000000
365.070000	30168.000000
365.075000	14086.000000
365.080000	8021.000000
365.085000	5625.000000
365.090000	3167.000000
365.095000	2325.000000
365.100000	1590.000000
365.105000	1427.000000
365.110000	1216.000000
365.115000	1390.000000
365.120000	894.000000
365.125000	983.000000
365.130000	893.000000
365.135000	956.000000
365.140000	770.000000
365.145000	807.000000
365.150000	923.000000
365.155000	864.000000
365.160000	959.000000
365.165000	873.000000
365.170000	636.000000
365.175000	728.000000
365.180000	826.000000
365.185000	899.000000
365.190000	875.000000
365.195000	697.000000
365.200000	480.000000
