Sample ID:		None
Start Time:		Thu Jun 18 2020 9:37:26 PM
Averaging Time:		1.000s

364.800000	70980.000000
364.805000	36375.000000
364.810000	17750.000000
364.815000	12492.000000
364.820000	8773.000000
364.825000	6527.000000
364.830000	5008.000000
364.835000	4588.000000
364.840000	3975.000000
364.845000	3966.000000
364.850000	3565.000000
364.855000	3358.000000
364.860000	2791.000000
364.865000	2718.000000
364.870000	2384.000000
364.875000	2384.000000
364.880000	2369.000000
364.885000	1904.000000
364.890000	1545.000000
364.895000	1785.000000
364.900000	1713.000000
364.905000	1684.000000
364.910000	1466.000000
364.915000	1394.000000
364.920000	1154.000000
364.925000	1219.000000
364.930000	1262.000000
364.935000	1205.000000
364.940000	1059.000000
364.945000	1129.000000
364.950000	965.000000
364.955000	967.000000
364.960000	996.000000
364.965000	813.000000
364.970000	715.000000
364.975000	759.000000
364.980000	731.000000
364.985000	593.000000
364.990000	662.000000
364.995000	754.000000
365.000000	696.000000
365.005000	776.000000
365.010000	853.000000
365.015000	920.000000
365.020000	706.000000
365.025000	834.000000
365.030000	674.000000
365.035000	871.000000
365.040000	746.000000
365.045000	658.000000
365.050000	664.000000
365.055000	783.000000
365.060000	683.000000
365.065000	560.000000
365.070000	671.000000
365.075000	599.000000
365.080000	650.000000
365.085000	674.000000
365.090000	763.000000
365.095000	579.000000
365.100000	623.000000
365.105000	642.000000
365.110000	593.000000
365.115000	710.000000
365.120000	869.000000
365.125000	745.000000
365.130000	711.000000
365.135000	632.000000
365.140000	801.000000
365.145000	682.000000
365.150000	824.000000
365.155000	502.000000
365.160000	743.000000
365.165000	804.000000
365.170000	808.000000
365.175000	903.000000
365.180000	1308.000000
365.185000	1586.000000
365.190000	2501.000000
365.195000	3164.000000
365.200000	4180.000000
