Sample ID:		None
Start Time:		Thu Jun 18 2020 2:44:00 PM
Averaging Time:		1.000s

364.800000	549.000000
364.805000	573.000000
364.810000	570.000000
364.815000	620.000000
364.820000	575.000000
364.825000	797.000000
364.830000	785.000000
364.835000	689.000000
364.840000	845.000000
364.845000	787.000000
364.850000	887.000000
364.855000	768.000000
364.860000	931.000000
364.865000	1146.000000
364.870000	1067.000000
364.875000	1183.000000
364.880000	1596.000000
364.885000	1581.000000
364.890000	1981.000000
364.895000	2382.000000
364.900000	3013.000000
364.905000	4337.000000
364.910000	6618.000000
364.915000	11018.000000
364.920000	18977.000000
364.925000	26833.000000
364.930000	35785.000000
364.935000	47392.000000
364.940000	59389.000000
364.945000	72262.000000
364.950000	86609.000000
364.955000	110161.000000
364.960000	170860.000000
364.965000	432861.000000
364.970000	686031.000000
364.975000	481479.000000
364.980000	166752.000000
364.985000	96474.000000
364.990000	65514.000000
364.995000	40041.000000
365.000000	24213.000000
365.005000	14527.000000
365.010000	11098.000000
365.015000	8923.000000
365.020000	6685.000000
365.025000	6325.000000
365.030000	5265.000000
365.035000	4907.000000
365.040000	4491.000000
365.045000	3885.000000
365.050000	3865.000000
365.055000	3488.000000
365.060000	3236.000000
365.065000	2974.000000
365.070000	2604.000000
365.075000	2857.000000
365.080000	2464.000000
365.085000	2461.000000
365.090000	2281.000000
365.095000	2010.000000
365.100000	1984.000000
365.105000	2109.000000
365.110000	1728.000000
365.115000	1578.000000
365.120000	1720.000000
365.125000	1332.000000
365.130000	1565.000000
365.135000	1162.000000
365.140000	1191.000000
365.145000	1197.000000
365.150000	1077.000000
365.155000	1140.000000
365.160000	1058.000000
365.165000	1001.000000
365.170000	1013.000000
365.175000	1008.000000
365.180000	1029.000000
365.185000	965.000000
365.190000	821.000000
365.195000	1024.000000
365.200000	1192.000000
