Sample ID:		None
Start Time:		Thu Jun 18 2020 3:15:40 PM
Averaging Time:		1.000s

364.800000	333.000000
364.805000	459.000000
364.810000	503.000000
364.815000	402.000000
364.820000	534.000000
364.825000	596.000000
364.830000	549.000000
364.835000	595.000000
364.840000	413.000000
364.845000	566.000000
364.850000	593.000000
364.855000	564.000000
364.860000	617.000000
364.865000	673.000000
364.870000	629.000000
364.875000	808.000000
364.880000	761.000000
364.885000	838.000000
364.890000	729.000000
364.895000	893.000000
364.900000	856.000000
364.905000	957.000000
364.910000	871.000000
364.915000	1045.000000
364.920000	1017.000000
364.925000	1207.000000
364.930000	1638.000000
364.935000	1709.000000
364.940000	1974.000000
364.945000	2391.000000
364.950000	3389.000000
364.955000	4885.000000
364.960000	8186.000000
364.965000	12172.000000
364.970000	19607.000000
364.975000	29017.000000
364.980000	40765.000000
364.985000	47269.000000
364.990000	58896.000000
364.995000	69757.000000
365.000000	86342.000000
365.005000	114496.000000
365.010000	203211.000000
365.015000	563828.000000
365.020000	562207.000000
365.025000	237240.000000
365.030000	111206.000000
365.035000	65576.000000
365.040000	43171.000000
365.045000	24682.000000
365.050000	15452.000000
365.055000	11207.000000
365.060000	8065.000000
365.065000	6440.000000
365.070000	5754.000000
365.075000	4757.000000
365.080000	4719.000000
365.085000	3986.000000
365.090000	3664.000000
365.095000	3440.000000
365.100000	3191.000000
365.105000	2910.000000
365.110000	2815.000000
365.115000	2327.000000
365.120000	2252.000000
365.125000	2093.000000
365.130000	1938.000000
365.135000	1784.000000
365.140000	1792.000000
365.145000	1717.000000
365.150000	1697.000000
365.155000	1496.000000
365.160000	1483.000000
365.165000	1460.000000
365.170000	1262.000000
365.175000	1247.000000
365.180000	1170.000000
365.185000	1152.000000
365.190000	1073.000000
365.195000	1095.000000
365.200000	998.000000
