Sample ID:		None
Start Time:		Thu Jun 18 2020 10:53:24 AM
Averaging Time:		1.000s

364.800000	686.000000
364.805000	720.000000
364.810000	602.000000
364.815000	697.000000
364.820000	676.000000
364.825000	666.000000
364.830000	623.000000
364.835000	770.000000
364.840000	728.000000
364.845000	773.000000
364.850000	865.000000
364.855000	907.000000
364.860000	847.000000
364.865000	867.000000
364.870000	1165.000000
364.875000	1208.000000
364.880000	1623.000000
364.885000	1796.000000
364.890000	1679.000000
364.895000	1909.000000
364.900000	2457.000000
364.905000	3569.000000
364.910000	6108.000000
364.915000	7602.000000
364.920000	14017.000000
364.925000	22333.000000
364.930000	33457.000000
364.935000	43663.000000
364.940000	54629.000000
364.945000	72227.000000
364.950000	83868.000000
364.955000	100872.000000
364.960000	149697.000000
364.965000	295832.000000
364.970000	689186.000000
364.975000	616854.000000
364.980000	236118.000000
364.985000	134864.000000
364.990000	68846.000000
364.995000	42217.000000
365.000000	27367.000000
365.005000	17319.000000
365.010000	11671.000000
365.015000	10036.000000
365.020000	7728.000000
365.025000	6698.000000
365.030000	5841.000000
365.035000	5244.000000
365.040000	4788.000000
365.045000	4756.000000
365.050000	4127.000000
365.055000	3425.000000
365.060000	3509.000000
365.065000	3240.000000
365.070000	3135.000000
365.075000	3107.000000
365.080000	2810.000000
365.085000	2698.000000
365.090000	2161.000000
365.095000	2044.000000
365.100000	2281.000000
365.105000	1733.000000
365.110000	1784.000000
365.115000	1862.000000
365.120000	1488.000000
365.125000	1645.000000
365.130000	1775.000000
365.135000	1667.000000
365.140000	1388.000000
365.145000	1192.000000
365.150000	1424.000000
365.155000	1198.000000
365.160000	1159.000000
365.165000	1099.000000
365.170000	1385.000000
365.175000	1179.000000
365.180000	1000.000000
365.185000	1018.000000
365.190000	1075.000000
365.195000	955.000000
365.200000	1133.000000
