Sample ID:		None
Start Time:		Thu Jun 18 2020 11:13:30 AM
Averaging Time:		1.000s

364.800000	704.000000
364.805000	885.000000
364.810000	766.000000
364.815000	964.000000
364.820000	983.000000
364.825000	1135.000000
364.830000	1105.000000
364.835000	1089.000000
364.840000	1497.000000
364.845000	1480.000000
364.850000	1588.000000
364.855000	1856.000000
364.860000	2533.000000
364.865000	3006.000000
364.870000	4128.000000
364.875000	6551.000000
364.880000	11453.000000
364.885000	18633.000000
364.890000	28374.000000
364.895000	41517.000000
364.900000	53828.000000
364.905000	63705.000000
364.910000	78350.000000
364.915000	94836.000000
364.920000	130756.000000
364.925000	391731.000000
364.930000	586954.000000
364.935000	700531.000000
364.940000	276884.000000
364.945000	123314.000000
364.950000	87498.000000
364.955000	47663.000000
364.960000	25739.000000
364.965000	18989.000000
364.970000	12990.000000
364.975000	10079.000000
364.980000	7983.000000
364.985000	7206.000000
364.990000	6091.000000
364.995000	5150.000000
365.000000	4863.000000
365.005000	4387.000000
365.010000	4248.000000
365.015000	3840.000000
365.020000	3090.000000
365.025000	3168.000000
365.030000	2909.000000
365.035000	3104.000000
365.040000	2602.000000
365.045000	2396.000000
365.050000	2403.000000
365.055000	2137.000000
365.060000	2323.000000
365.065000	1857.000000
365.070000	1814.000000
365.075000	1659.000000
365.080000	1750.000000
365.085000	1446.000000
365.090000	1498.000000
365.095000	1458.000000
365.100000	1164.000000
365.105000	1316.000000
365.110000	1282.000000
365.115000	1266.000000
365.120000	1192.000000
365.125000	1128.000000
365.130000	1125.000000
365.135000	993.000000
365.140000	1309.000000
365.145000	988.000000
365.150000	1083.000000
365.155000	1038.000000
365.160000	1082.000000
365.165000	1054.000000
365.170000	1064.000000
365.175000	954.000000
365.180000	1053.000000
365.185000	1070.000000
365.190000	1041.000000
365.195000	859.000000
365.200000	916.000000
