Sample ID:		None
Start Time:		Thu Jun 18 2020 12:50:04 PM
Averaging Time:		1.000s

364.800000	560.000000
364.805000	489.000000
364.810000	508.000000
364.815000	492.000000
364.820000	497.000000
364.825000	546.000000
364.830000	604.000000
364.835000	596.000000
364.840000	591.000000
364.845000	796.000000
364.850000	687.000000
364.855000	728.000000
364.860000	834.000000
364.865000	865.000000
364.870000	766.000000
364.875000	688.000000
364.880000	816.000000
364.885000	657.000000
364.890000	1158.000000
364.895000	1201.000000
364.900000	1277.000000
364.905000	1242.000000
364.910000	1445.000000
364.915000	1522.000000
364.920000	1658.000000
364.925000	2156.000000
364.930000	2656.000000
364.935000	3741.000000
364.940000	5722.000000
364.945000	9633.000000
364.950000	17258.000000
364.955000	25870.000000
364.960000	35962.000000
364.965000	46390.000000
364.970000	59136.000000
364.975000	76220.000000
364.980000	85461.000000
364.985000	108232.000000
364.990000	176053.000000
364.995000	476092.000000
365.000000	693247.000000
365.005000	467686.000000
365.010000	206154.000000
365.015000	109798.000000
365.020000	66754.000000
365.025000	38028.000000
365.030000	22307.000000
365.035000	15741.000000
365.040000	10471.000000
365.045000	8822.000000
365.050000	7646.000000
365.055000	5714.000000
365.060000	5436.000000
365.065000	5510.000000
365.070000	4680.000000
365.075000	3894.000000
365.080000	4171.000000
365.085000	3614.000000
365.090000	2995.000000
365.095000	2999.000000
365.100000	3063.000000
365.105000	2923.000000
365.110000	2554.000000
365.115000	2630.000000
365.120000	2268.000000
365.125000	2454.000000
365.130000	2014.000000
365.135000	1846.000000
365.140000	1884.000000
365.145000	1757.000000
365.150000	1505.000000
365.155000	1339.000000
365.160000	1475.000000
365.165000	1439.000000
365.170000	1350.000000
365.175000	1330.000000
365.180000	1229.000000
365.185000	1324.000000
365.190000	1115.000000
365.195000	1282.000000
365.200000	935.000000
