Sample ID:		None
Start Time:		Thu Jun 18 2020 3:00:45 PM
Averaging Time:		1.000s

364.800000	492.000000
364.805000	691.000000
364.810000	713.000000
364.815000	630.000000
364.820000	811.000000
364.825000	630.000000
364.830000	701.000000
364.835000	756.000000
364.840000	780.000000
364.845000	849.000000
364.850000	957.000000
364.855000	909.000000
364.860000	856.000000
364.865000	1132.000000
364.870000	1286.000000
364.875000	1255.000000
364.880000	1301.000000
364.885000	1724.000000
364.890000	1966.000000
364.895000	2242.000000
364.900000	2750.000000
364.905000	4323.000000
364.910000	6065.000000
364.915000	9304.000000
364.920000	17199.000000
364.925000	26055.000000
364.930000	35457.000000
364.935000	47891.000000
364.940000	59488.000000
364.945000	72382.000000
364.950000	82565.000000
364.955000	108574.000000
364.960000	159421.000000
364.965000	362017.000000
364.970000	687498.000000
364.975000	482686.000000
364.980000	178981.000000
364.985000	101199.000000
364.990000	60553.000000
364.995000	36136.000000
365.000000	21617.000000
365.005000	14859.000000
365.010000	10571.000000
365.015000	8584.000000
365.020000	6983.000000
365.025000	5535.000000
365.030000	5239.000000
365.035000	4810.000000
365.040000	4596.000000
365.045000	4003.000000
365.050000	3727.000000
365.055000	3267.000000
365.060000	3124.000000
365.065000	2739.000000
365.070000	2639.000000
365.075000	2782.000000
365.080000	2490.000000
365.085000	2447.000000
365.090000	2336.000000
365.095000	2013.000000
365.100000	2071.000000
365.105000	1758.000000
365.110000	1614.000000
365.115000	1641.000000
365.120000	1728.000000
365.125000	1481.000000
365.130000	1321.000000
365.135000	1383.000000
365.140000	1577.000000
365.145000	985.000000
365.150000	1177.000000
365.155000	1239.000000
365.160000	1003.000000
365.165000	1119.000000
365.170000	1047.000000
365.175000	956.000000
365.180000	1032.000000
365.185000	897.000000
365.190000	890.000000
365.195000	829.000000
365.200000	1055.000000
