Sample ID:		None
Start Time:		Thu Jun 18 2020 10:24:19 PM
Averaging Time:		1.000s

364.800000	2230.000000
364.805000	2080.000000
364.810000	2056.000000
364.815000	1696.000000
364.820000	1561.000000
364.825000	1711.000000
364.830000	1733.000000
364.835000	1502.000000
364.840000	1466.000000
364.845000	1462.000000
364.850000	1122.000000
364.855000	1019.000000
364.860000	1162.000000
364.865000	1028.000000
364.870000	969.000000
364.875000	879.000000
364.880000	844.000000
364.885000	931.000000
364.890000	742.000000
364.895000	726.000000
364.900000	643.000000
364.905000	488.000000
364.910000	901.000000
364.915000	733.000000
364.920000	840.000000
364.925000	855.000000
364.930000	795.000000
364.935000	723.000000
364.940000	767.000000
364.945000	760.000000
364.950000	790.000000
364.955000	814.000000
364.960000	888.000000
364.965000	647.000000
364.970000	587.000000
364.975000	691.000000
364.980000	536.000000
364.985000	646.000000
364.990000	746.000000
364.995000	631.000000
365.000000	600.000000
365.005000	657.000000
365.010000	486.000000
365.015000	739.000000
365.020000	630.000000
365.025000	686.000000
365.030000	624.000000
365.035000	691.000000
365.040000	564.000000
365.045000	809.000000
365.050000	610.000000
365.055000	791.000000
365.060000	673.000000
365.065000	591.000000
365.070000	756.000000
365.075000	666.000000
365.080000	562.000000
365.085000	896.000000
365.090000	868.000000
365.095000	1059.000000
365.100000	1242.000000
365.105000	2036.000000
365.110000	3059.000000
365.115000	4321.000000
365.120000	6324.000000
365.125000	8212.000000
365.130000	9170.000000
365.135000	11849.000000
365.140000	13779.000000
365.145000	17963.000000
365.150000	22697.000000
365.155000	38816.000000
365.160000	86667.000000
365.165000	117236.000000
365.170000	82068.000000
365.175000	41924.000000
365.180000	18061.000000
365.185000	12084.000000
365.190000	7331.000000
365.195000	4527.000000
365.200000	2862.000000
