Sample ID:		None
Start Time:		Thu Jun 18 2020 4:12:35 PM
Averaging Time:		1.000s

364.800000	361.000000
364.805000	440.000000
364.810000	507.000000
364.815000	532.000000
364.820000	573.000000
364.825000	535.000000
364.830000	484.000000
364.835000	553.000000
364.840000	549.000000
364.845000	580.000000
364.850000	547.000000
364.855000	456.000000
364.860000	439.000000
364.865000	519.000000
364.870000	689.000000
364.875000	553.000000
364.880000	697.000000
364.885000	729.000000
364.890000	812.000000
364.895000	861.000000
364.900000	800.000000
364.905000	799.000000
364.910000	1114.000000
364.915000	933.000000
364.920000	1167.000000
364.925000	1256.000000
364.930000	1431.000000
364.935000	1710.000000
364.940000	1993.000000
364.945000	2800.000000
364.950000	3652.000000
364.955000	6194.000000
364.960000	9146.000000
364.965000	15839.000000
364.970000	22424.000000
364.975000	31746.000000
364.980000	43835.000000
364.985000	52089.000000
364.990000	63166.000000
364.995000	72397.000000
365.000000	93947.000000
365.005000	133680.000000
365.010000	298830.000000
365.015000	598055.000000
365.020000	418190.000000
365.025000	162546.000000
365.030000	86216.000000
365.035000	47006.000000
365.040000	31226.000000
365.045000	19074.000000
365.050000	12428.000000
365.055000	9048.000000
365.060000	6142.000000
365.065000	5902.000000
365.070000	5243.000000
365.075000	4184.000000
365.080000	3739.000000
365.085000	3345.000000
365.090000	3471.000000
365.095000	2880.000000
365.100000	2747.000000
365.105000	2482.000000
365.110000	2514.000000
365.115000	2542.000000
365.120000	2159.000000
365.125000	2106.000000
365.130000	1753.000000
365.135000	1910.000000
365.140000	2001.000000
365.145000	1577.000000
365.150000	1598.000000
365.155000	1375.000000
365.160000	1647.000000
365.165000	1303.000000
365.170000	1071.000000
365.175000	1196.000000
365.180000	1101.000000
365.185000	1101.000000
365.190000	1219.000000
365.195000	1008.000000
365.200000	865.000000
