Sample ID:		None
Start Time:		Thu Jun 18 2020 8:53:54 PM
Averaging Time:		1.000s

364.800000	2223.000000
364.805000	4060.000000
364.810000	5851.000000
364.815000	10476.000000
364.820000	18570.000000
364.825000	25167.000000
364.830000	38151.000000
364.835000	44531.000000
364.840000	53656.000000
364.845000	64857.000000
364.850000	88567.000000
364.855000	105385.000000
364.860000	174716.000000
364.865000	569051.000000
364.870000	521948.000000
364.875000	231613.000000
364.880000	110716.000000
364.885000	55912.000000
364.890000	43359.000000
364.895000	24324.000000
364.900000	14891.000000
364.905000	9471.000000
364.910000	6402.000000
364.915000	6032.000000
364.920000	4820.000000
364.925000	4069.000000
364.930000	3610.000000
364.935000	3605.000000
364.940000	3251.000000
364.945000	3156.000000
364.950000	2638.000000
364.955000	2349.000000
364.960000	2276.000000
364.965000	1981.000000
364.970000	1794.000000
364.975000	1986.000000
364.980000	2029.000000
364.985000	1719.000000
364.990000	1565.000000
364.995000	1588.000000
365.000000	1301.000000
365.005000	1297.000000
365.010000	1355.000000
365.015000	1261.000000
365.020000	1143.000000
365.025000	1208.000000
365.030000	1132.000000
365.035000	1043.000000
365.040000	943.000000
365.045000	803.000000
365.050000	1165.000000
365.055000	856.000000
365.060000	892.000000
365.065000	817.000000
365.070000	751.000000
365.075000	784.000000
365.080000	685.000000
365.085000	848.000000
365.090000	836.000000
365.095000	908.000000
365.100000	831.000000
365.105000	696.000000
365.110000	718.000000
365.115000	675.000000
365.120000	886.000000
365.125000	626.000000
365.130000	732.000000
365.135000	693.000000
365.140000	793.000000
365.145000	702.000000
365.150000	782.000000
365.155000	692.000000
365.160000	671.000000
365.165000	708.000000
365.170000	642.000000
365.175000	656.000000
365.180000	709.000000
365.185000	733.000000
365.190000	701.000000
365.195000	610.000000
365.200000	633.000000
