Sample ID:		None
Start Time:		Thu Jun 18 2020 12:40:01 PM
Averaging Time:		1.000s

364.800000	484.000000
364.805000	503.000000
364.810000	513.000000
364.815000	525.000000
364.820000	632.000000
364.825000	686.000000
364.830000	647.000000
364.835000	806.000000
364.840000	713.000000
364.845000	711.000000
364.850000	699.000000
364.855000	783.000000
364.860000	737.000000
364.865000	920.000000
364.870000	764.000000
364.875000	874.000000
364.880000	916.000000
364.885000	873.000000
364.890000	951.000000
364.895000	1004.000000
364.900000	1086.000000
364.905000	1312.000000
364.910000	1182.000000
364.915000	1428.000000
364.920000	1607.000000
364.925000	2175.000000
364.930000	2192.000000
364.935000	2889.000000
364.940000	4584.000000
364.945000	7176.000000
364.950000	13138.000000
364.955000	18678.000000
364.960000	29546.000000
364.965000	39751.000000
364.970000	50183.000000
364.975000	62052.000000
364.980000	78214.000000
364.985000	96637.000000
364.990000	116951.000000
364.995000	182619.000000
365.000000	471320.000000
365.005000	705114.000000
365.010000	374010.000000
365.015000	167447.000000
365.020000	89002.000000
365.025000	56948.000000
365.030000	33656.000000
365.035000	21102.000000
365.040000	14649.000000
365.045000	9957.000000
365.050000	8496.000000
365.055000	7002.000000
365.060000	5750.000000
365.065000	5176.000000
365.070000	5004.000000
365.075000	4601.000000
365.080000	3847.000000
365.085000	3653.000000
365.090000	3311.000000
365.095000	3101.000000
365.100000	2961.000000
365.105000	2932.000000
365.110000	2346.000000
365.115000	2363.000000
365.120000	2432.000000
365.125000	2181.000000
365.130000	1966.000000
365.135000	1958.000000
365.140000	1923.000000
365.145000	1798.000000
365.150000	1651.000000
365.155000	1688.000000
365.160000	1257.000000
365.165000	1418.000000
365.170000	1543.000000
365.175000	1485.000000
365.180000	1199.000000
365.185000	1146.000000
365.190000	1066.000000
365.195000	1191.000000
365.200000	1062.000000
