Sample ID:		None
Start Time:		Thu Jun 18 2020 9:47:29 PM
Averaging Time:		1.000s

364.800000	8830.000000
364.805000	5203.000000
364.810000	5204.000000
364.815000	4618.000000
364.820000	3716.000000
364.825000	3622.000000
364.830000	3294.000000
364.835000	2930.000000
364.840000	2792.000000
364.845000	2436.000000
364.850000	2145.000000
364.855000	2130.000000
364.860000	2001.000000
364.865000	2159.000000
364.870000	1565.000000
364.875000	1692.000000
364.880000	1933.000000
364.885000	1541.000000
364.890000	1416.000000
364.895000	1176.000000
364.900000	1150.000000
364.905000	1434.000000
364.910000	1100.000000
364.915000	1054.000000
364.920000	1113.000000
364.925000	967.000000
364.930000	760.000000
364.935000	911.000000
364.940000	822.000000
364.945000	905.000000
364.950000	732.000000
364.955000	863.000000
364.960000	680.000000
364.965000	848.000000
364.970000	738.000000
364.975000	626.000000
364.980000	750.000000
364.985000	752.000000
364.990000	783.000000
364.995000	719.000000
365.000000	869.000000
365.005000	826.000000
365.010000	647.000000
365.015000	816.000000
365.020000	738.000000
365.025000	725.000000
365.030000	734.000000
365.035000	612.000000
365.040000	845.000000
365.045000	640.000000
365.050000	612.000000
365.055000	684.000000
365.060000	542.000000
365.065000	620.000000
365.070000	723.000000
365.075000	553.000000
365.080000	763.000000
365.085000	652.000000
365.090000	693.000000
365.095000	676.000000
365.100000	566.000000
365.105000	709.000000
365.110000	632.000000
365.115000	945.000000
365.120000	703.000000
365.125000	712.000000
365.130000	785.000000
365.135000	638.000000
365.140000	724.000000
365.145000	852.000000
365.150000	810.000000
365.155000	957.000000
365.160000	1548.000000
365.165000	2002.000000
365.170000	3665.000000
365.175000	4385.000000
365.180000	6196.000000
365.185000	8099.000000
365.190000	10293.000000
365.195000	11433.000000
365.200000	13620.000000
