Sample ID:		None
Start Time:		Thu Jun 18 2020 10:37:43 PM
Averaging Time:		1.000s

364.800000	1513.000000
364.805000	1475.000000
364.810000	1293.000000
364.815000	1148.000000
364.820000	1260.000000
364.825000	962.000000
364.830000	1157.000000
364.835000	1190.000000
364.840000	910.000000
364.845000	866.000000
364.850000	1016.000000
364.855000	901.000000
364.860000	900.000000
364.865000	838.000000
364.870000	870.000000
364.875000	842.000000
364.880000	939.000000
364.885000	788.000000
364.890000	653.000000
364.895000	757.000000
364.900000	829.000000
364.905000	712.000000
364.910000	821.000000
364.915000	829.000000
364.920000	807.000000
364.925000	664.000000
364.930000	754.000000
364.935000	836.000000
364.940000	710.000000
364.945000	722.000000
364.950000	869.000000
364.955000	794.000000
364.960000	710.000000
364.965000	654.000000
364.970000	666.000000
364.975000	794.000000
364.980000	567.000000
364.985000	517.000000
364.990000	734.000000
364.995000	553.000000
365.000000	693.000000
365.005000	529.000000
365.010000	708.000000
365.015000	689.000000
365.020000	643.000000
365.025000	759.000000
365.030000	652.000000
365.035000	553.000000
365.040000	864.000000
365.045000	819.000000
365.050000	725.000000
365.055000	733.000000
365.060000	809.000000
365.065000	1465.000000
365.070000	1248.000000
365.075000	2296.000000
365.080000	3249.000000
365.085000	4600.000000
365.090000	6431.000000
365.095000	8207.000000
365.100000	11060.000000
365.105000	12007.000000
365.110000	13452.000000
365.115000	17645.000000
365.120000	29609.000000
365.125000	43815.000000
365.130000	113555.000000
365.135000	110538.000000
365.140000	64411.000000
365.145000	30236.000000
365.150000	12424.000000
365.155000	9824.000000
365.160000	6080.000000
365.165000	2744.000000
365.170000	2530.000000
365.175000	1775.000000
365.180000	1408.000000
365.185000	1178.000000
365.190000	1136.000000
365.195000	1142.000000
365.200000	944.000000
