Sample ID:		None
Start Time:		Thu Jun 18 2020 7:30:10 PM
Averaging Time:		1.000s

364.800000	707.000000
364.805000	519.000000
364.810000	481.000000
364.815000	693.000000
364.820000	638.000000
364.825000	711.000000
364.830000	529.000000
364.835000	658.000000
364.840000	613.000000
364.845000	919.000000
364.850000	835.000000
364.855000	769.000000
364.860000	1069.000000
364.865000	1127.000000
364.870000	1261.000000
364.875000	1374.000000
364.880000	1954.000000
364.885000	2575.000000
364.890000	3133.000000
364.895000	5326.000000
364.900000	9700.000000
364.905000	14890.000000
364.910000	22101.000000
364.915000	30274.000000
364.920000	42726.000000
364.925000	47179.000000
364.930000	58670.000000
364.935000	66576.000000
364.940000	90314.000000
364.945000	119492.000000
364.950000	256160.000000
364.955000	568137.000000
364.960000	361278.000000
364.965000	166915.000000
364.970000	88785.000000
364.975000	54936.000000
364.980000	30065.000000
364.985000	18246.000000
364.990000	12768.000000
364.995000	8537.000000
365.000000	6364.000000
365.005000	5602.000000
365.010000	4558.000000
365.015000	4537.000000
365.020000	3854.000000
365.025000	3534.000000
365.030000	3088.000000
365.035000	2881.000000
365.040000	2750.000000
365.045000	2276.000000
365.050000	2155.000000
365.055000	2084.000000
365.060000	2124.000000
365.065000	1928.000000
365.070000	1954.000000
365.075000	1870.000000
365.080000	1855.000000
365.085000	1634.000000
365.090000	1356.000000
365.095000	1339.000000
365.100000	1211.000000
365.105000	1108.000000
365.110000	1244.000000
365.115000	1245.000000
365.120000	978.000000
365.125000	976.000000
365.130000	1055.000000
365.135000	811.000000
365.140000	964.000000
365.145000	860.000000
365.150000	857.000000
365.155000	861.000000
365.160000	599.000000
365.165000	640.000000
365.170000	811.000000
365.175000	549.000000
365.180000	621.000000
365.185000	818.000000
365.190000	586.000000
365.195000	652.000000
365.200000	618.000000
