Sample ID:		None
Start Time:		Thu Jun 18 2020 9:03:57 PM
Averaging Time:		1.000s

364.800000	12207.000000
364.805000	17393.000000
364.810000	29052.000000
364.815000	43638.000000
364.820000	49237.000000
364.825000	56970.000000
364.830000	72523.000000
364.835000	90406.000000
364.840000	137506.000000
364.845000	289302.000000
364.850000	570816.000000
364.855000	356509.000000
364.860000	124533.000000
364.865000	74997.000000
364.870000	48861.000000
364.875000	30232.000000
364.880000	16677.000000
364.885000	12190.000000
364.890000	8671.000000
364.895000	6448.000000
364.900000	5849.000000
364.905000	4544.000000
364.910000	3727.000000
364.915000	3711.000000
364.920000	3523.000000
364.925000	3030.000000
364.930000	3128.000000
364.935000	3036.000000
364.940000	2873.000000
364.945000	2251.000000
364.950000	2354.000000
364.955000	2077.000000
364.960000	1761.000000
364.965000	1972.000000
364.970000	2007.000000
364.975000	1607.000000
364.980000	1604.000000
364.985000	1352.000000
364.990000	1260.000000
364.995000	1316.000000
365.000000	1215.000000
365.005000	1314.000000
365.010000	1083.000000
365.015000	877.000000
365.020000	904.000000
365.025000	927.000000
365.030000	867.000000
365.035000	856.000000
365.040000	774.000000
365.045000	712.000000
365.050000	640.000000
365.055000	837.000000
365.060000	593.000000
365.065000	641.000000
365.070000	786.000000
365.075000	645.000000
365.080000	854.000000
365.085000	751.000000
365.090000	724.000000
365.095000	808.000000
365.100000	600.000000
365.105000	737.000000
365.110000	740.000000
365.115000	653.000000
365.120000	610.000000
365.125000	646.000000
365.130000	734.000000
365.135000	767.000000
365.140000	720.000000
365.145000	734.000000
365.150000	684.000000
365.155000	613.000000
365.160000	779.000000
365.165000	599.000000
365.170000	807.000000
365.175000	657.000000
365.180000	522.000000
365.185000	626.000000
365.190000	777.000000
365.195000	714.000000
365.200000	811.000000
