Sample ID:		None
Start Time:		Thu Jun 18 2020 1:40:20 PM
Averaging Time:		1.000s

364.800000	573.000000
364.805000	697.000000
364.810000	612.000000
364.815000	710.000000
364.820000	677.000000
364.825000	739.000000
364.830000	666.000000
364.835000	986.000000
364.840000	947.000000
364.845000	730.000000
364.850000	832.000000
364.855000	800.000000
364.860000	987.000000
364.865000	1035.000000
364.870000	1032.000000
364.875000	1138.000000
364.880000	1458.000000
364.885000	1451.000000
364.890000	1632.000000
364.895000	2051.000000
364.900000	2288.000000
364.905000	3407.000000
364.910000	4088.000000
364.915000	6326.000000
364.920000	12035.000000
364.925000	18849.000000
364.930000	30511.000000
364.935000	39487.000000
364.940000	48984.000000
364.945000	64911.000000
364.950000	81205.000000
364.955000	93814.000000
364.960000	117839.000000
364.965000	192551.000000
364.970000	565130.000000
364.975000	700464.000000
364.980000	316310.000000
364.985000	159525.000000
364.990000	79740.000000
364.995000	55411.000000
365.000000	32729.000000
365.005000	20507.000000
365.010000	14277.000000
365.015000	9839.000000
365.020000	7970.000000
365.025000	7575.000000
365.030000	6182.000000
365.035000	5541.000000
365.040000	4871.000000
365.045000	4207.000000
365.050000	4257.000000
365.055000	3517.000000
365.060000	3543.000000
365.065000	3519.000000
365.070000	3209.000000
365.075000	2849.000000
365.080000	2788.000000
365.085000	2352.000000
365.090000	2538.000000
365.095000	2079.000000
365.100000	2145.000000
365.105000	1825.000000
365.110000	1959.000000
365.115000	1873.000000
365.120000	1599.000000
365.125000	1696.000000
365.130000	1433.000000
365.135000	1675.000000
365.140000	1209.000000
365.145000	1310.000000
365.150000	1439.000000
365.155000	1048.000000
365.160000	1166.000000
365.165000	1058.000000
365.170000	937.000000
365.175000	770.000000
365.180000	934.000000
365.185000	1125.000000
365.190000	990.000000
365.195000	886.000000
365.200000	1212.000000
