Sample ID:		None
Start Time:		Thu Jun 18 2020 8:33:48 PM
Averaging Time:		1.000s

364.800000	955.000000
364.805000	996.000000
364.810000	1316.000000
364.815000	1512.000000
364.820000	1578.000000
364.825000	2149.000000
364.830000	2969.000000
364.835000	5115.000000
364.840000	7476.000000
364.845000	12474.000000
364.850000	20636.000000
364.855000	28619.000000
364.860000	36065.000000
364.865000	45180.000000
364.870000	56180.000000
364.875000	67870.000000
364.880000	81478.000000
364.885000	110930.000000
364.890000	221099.000000
364.895000	541261.000000
364.900000	476431.000000
364.905000	187968.000000
364.910000	97879.000000
364.915000	57743.000000
364.920000	33671.000000
364.925000	21613.000000
364.930000	13714.000000
364.935000	10105.000000
364.940000	7203.000000
364.945000	6013.000000
364.950000	5405.000000
364.955000	4371.000000
364.960000	3824.000000
364.965000	3521.000000
364.970000	3368.000000
364.975000	2772.000000
364.980000	2803.000000
364.985000	2580.000000
364.990000	2360.000000
364.995000	2128.000000
365.000000	2082.000000
365.005000	2119.000000
365.010000	1801.000000
365.015000	1970.000000
365.020000	1672.000000
365.025000	1665.000000
365.030000	1631.000000
365.035000	1413.000000
365.040000	1357.000000
365.045000	1459.000000
365.050000	1311.000000
365.055000	1031.000000
365.060000	979.000000
365.065000	1031.000000
365.070000	897.000000
365.075000	921.000000
365.080000	933.000000
365.085000	839.000000
365.090000	853.000000
365.095000	690.000000
365.100000	756.000000
365.105000	752.000000
365.110000	841.000000
365.115000	658.000000
365.120000	714.000000
365.125000	604.000000
365.130000	791.000000
365.135000	623.000000
365.140000	784.000000
365.145000	795.000000
365.150000	666.000000
365.155000	764.000000
365.160000	620.000000
365.165000	690.000000
365.170000	638.000000
365.175000	945.000000
365.180000	668.000000
365.185000	797.000000
365.190000	571.000000
365.195000	524.000000
365.200000	644.000000
