Sample ID:		None
Start Time:		Thu Jun 18 2020 10:14:16 PM
Averaging Time:		1.000s

364.800000	2810.000000
364.805000	2632.000000
364.810000	2382.000000
364.815000	2338.000000
364.820000	2126.000000
364.825000	1907.000000
364.830000	1623.000000
364.835000	1711.000000
364.840000	1580.000000
364.845000	1580.000000
364.850000	1612.000000
364.855000	1181.000000
364.860000	1208.000000
364.865000	1214.000000
364.870000	1046.000000
364.875000	1089.000000
364.880000	860.000000
364.885000	1002.000000
364.890000	1051.000000
364.895000	783.000000
364.900000	685.000000
364.905000	751.000000
364.910000	887.000000
364.915000	623.000000
364.920000	805.000000
364.925000	765.000000
364.930000	682.000000
364.935000	740.000000
364.940000	821.000000
364.945000	840.000000
364.950000	953.000000
364.955000	883.000000
364.960000	634.000000
364.965000	935.000000
364.970000	811.000000
364.975000	802.000000
364.980000	770.000000
364.985000	766.000000
364.990000	552.000000
364.995000	745.000000
365.000000	759.000000
365.005000	651.000000
365.010000	609.000000
365.015000	679.000000
365.020000	690.000000
365.025000	695.000000
365.030000	643.000000
365.035000	693.000000
365.040000	652.000000
365.045000	742.000000
365.050000	689.000000
365.055000	592.000000
365.060000	684.000000
365.065000	765.000000
365.070000	678.000000
365.075000	609.000000
365.080000	682.000000
365.085000	734.000000
365.090000	675.000000
365.095000	660.000000
365.100000	789.000000
365.105000	892.000000
365.110000	764.000000
365.115000	1364.000000
365.120000	1953.000000
365.125000	2642.000000
365.130000	4480.000000
365.135000	5380.000000
365.140000	7419.000000
365.145000	9608.000000
365.150000	11716.000000
365.155000	12985.000000
365.160000	15709.000000
365.165000	28229.000000
365.170000	34260.000000
365.175000	59124.000000
365.180000	111922.000000
365.185000	87061.000000
365.190000	48167.000000
365.195000	25681.000000
365.200000	13175.000000
