Sample ID:		None
Start Time:		Thu Jun 18 2020 11:06:48 AM
Averaging Time:		1.000s

364.800000	698.000000
364.805000	773.000000
364.810000	721.000000
364.815000	762.000000
364.820000	1068.000000
364.825000	983.000000
364.830000	916.000000
364.835000	1066.000000
364.840000	1134.000000
364.845000	1038.000000
364.850000	1326.000000
364.855000	1239.000000
364.860000	1743.000000
364.865000	1553.000000
364.870000	2141.000000
364.875000	2078.000000
364.880000	2576.000000
364.885000	3931.000000
364.890000	7365.000000
364.895000	10474.000000
364.900000	16306.000000
364.905000	25577.000000
364.910000	36332.000000
364.915000	46778.000000
364.920000	61901.000000
364.925000	75972.000000
364.930000	93471.000000
364.935000	121452.000000
364.940000	187731.000000
364.945000	474447.000000
364.950000	706522.000000
364.955000	388358.000000
364.960000	168959.000000
364.965000	100351.000000
364.970000	46091.000000
364.975000	32674.000000
364.980000	22208.000000
364.985000	14896.000000
364.990000	10624.000000
364.995000	8526.000000
365.000000	7005.000000
365.005000	6333.000000
365.010000	5260.000000
365.015000	4800.000000
365.020000	4201.000000
365.025000	4567.000000
365.030000	3802.000000
365.035000	3594.000000
365.040000	3188.000000
365.045000	3090.000000
365.050000	3017.000000
365.055000	2767.000000
365.060000	2673.000000
365.065000	2525.000000
365.070000	2465.000000
365.075000	2356.000000
365.080000	1968.000000
365.085000	1824.000000
365.090000	1635.000000
365.095000	1622.000000
365.100000	1663.000000
365.105000	1380.000000
365.110000	1340.000000
365.115000	1350.000000
365.120000	1387.000000
365.125000	1368.000000
365.130000	1199.000000
365.135000	1054.000000
365.140000	1089.000000
365.145000	1371.000000
365.150000	1074.000000
365.155000	1023.000000
365.160000	1138.000000
365.165000	928.000000
365.170000	923.000000
365.175000	1072.000000
365.180000	841.000000
365.185000	1144.000000
365.190000	1087.000000
365.195000	893.000000
365.200000	860.000000
