Sample ID:		None
Start Time:		Thu Jun 18 2020 4:46:04 PM
Averaging Time:		1.000s

364.800000	350.000000
364.805000	447.000000
364.810000	445.000000
364.815000	447.000000
364.820000	408.000000
364.825000	540.000000
364.830000	454.000000
364.835000	492.000000
364.840000	465.000000
364.845000	537.000000
364.850000	415.000000
364.855000	489.000000
364.860000	535.000000
364.865000	560.000000
364.870000	464.000000
364.875000	682.000000
364.880000	741.000000
364.885000	726.000000
364.890000	744.000000
364.895000	552.000000
364.900000	828.000000
364.905000	1026.000000
364.910000	960.000000
364.915000	1208.000000
364.920000	1050.000000
364.925000	1251.000000
364.930000	1266.000000
364.935000	1782.000000
364.940000	2132.000000
364.945000	2710.000000
364.950000	4036.000000
364.955000	7226.000000
364.960000	10804.000000
364.965000	17561.000000
364.970000	24972.000000
364.975000	35606.000000
364.980000	42855.000000
364.985000	52330.000000
364.990000	61737.000000
364.995000	75539.000000
365.000000	101782.000000
365.005000	143118.000000
365.010000	353508.000000
365.015000	535674.000000
365.020000	340579.000000
365.025000	144522.000000
365.030000	78307.000000
365.035000	46621.000000
365.040000	28677.000000
365.045000	18093.000000
365.050000	11208.000000
365.055000	8997.000000
365.060000	7173.000000
365.065000	5705.000000
365.070000	4866.000000
365.075000	4103.000000
365.080000	3951.000000
365.085000	3630.000000
365.090000	3365.000000
365.095000	3004.000000
365.100000	2821.000000
365.105000	2760.000000
365.110000	2417.000000
365.115000	2430.000000
365.120000	2228.000000
365.125000	1940.000000
365.130000	1923.000000
365.135000	1886.000000
365.140000	1963.000000
365.145000	1545.000000
365.150000	1793.000000
365.155000	1584.000000
365.160000	1433.000000
365.165000	1287.000000
365.170000	1354.000000
365.175000	1239.000000
365.180000	1130.000000
365.185000	1074.000000
365.190000	1133.000000
365.195000	1015.000000
365.200000	903.000000
