Sample ID:		None
Start Time:		Thu Jun 18 2020 7:23:28 PM
Averaging Time:		1.000s

364.800000	470.000000
364.805000	576.000000
364.810000	547.000000
364.815000	579.000000
364.820000	660.000000
364.825000	658.000000
364.830000	622.000000
364.835000	527.000000
364.840000	656.000000
364.845000	894.000000
364.850000	843.000000
364.855000	935.000000
364.860000	993.000000
364.865000	959.000000
364.870000	1202.000000
364.875000	1428.000000
364.880000	1679.000000
364.885000	2017.000000
364.890000	3354.000000
364.895000	4415.000000
364.900000	6504.000000
364.905000	11701.000000
364.910000	19219.000000
364.915000	25790.000000
364.920000	34433.000000
364.925000	44603.000000
364.930000	53664.000000
364.935000	64369.000000
364.940000	78470.000000
364.945000	113390.000000
364.950000	204261.000000
364.955000	474981.000000
364.960000	521428.000000
364.965000	198449.000000
364.970000	105282.000000
364.975000	66634.000000
364.980000	40912.000000
364.985000	21637.000000
364.990000	14168.000000
364.995000	9577.000000
365.000000	7634.000000
365.005000	5799.000000
365.010000	5171.000000
365.015000	5052.000000
365.020000	3943.000000
365.025000	3836.000000
365.030000	2939.000000
365.035000	3314.000000
365.040000	2698.000000
365.045000	2477.000000
365.050000	2438.000000
365.055000	2498.000000
365.060000	2162.000000
365.065000	1984.000000
365.070000	1841.000000
365.075000	1984.000000
365.080000	1527.000000
365.085000	1585.000000
365.090000	1586.000000
365.095000	1251.000000
365.100000	1381.000000
365.105000	1208.000000
365.110000	1106.000000
365.115000	1285.000000
365.120000	945.000000
365.125000	1075.000000
365.130000	783.000000
365.135000	996.000000
365.140000	796.000000
365.145000	898.000000
365.150000	910.000000
365.155000	840.000000
365.160000	775.000000
365.165000	795.000000
365.170000	849.000000
365.175000	649.000000
365.180000	705.000000
365.185000	714.000000
365.190000	796.000000
365.195000	801.000000
365.200000	822.000000
