Sample ID:		None
Start Time:		Thu Jun 18 2020 7:53:37 PM
Averaging Time:		1.000s

364.800000	547.000000
364.805000	668.000000
364.810000	765.000000
364.815000	716.000000
364.820000	656.000000
364.825000	765.000000
364.830000	809.000000
364.835000	927.000000
364.840000	887.000000
364.845000	1174.000000
364.850000	1172.000000
364.855000	1297.000000
364.860000	1468.000000
364.865000	1874.000000
364.870000	2678.000000
364.875000	3528.000000
364.880000	6374.000000
364.885000	9815.000000
364.890000	17661.000000
364.895000	23953.000000
364.900000	33817.000000
364.905000	42277.000000
364.910000	51444.000000
364.915000	60853.000000
364.920000	71740.000000
364.925000	112900.000000
364.930000	148549.000000
364.935000	383767.000000
364.940000	541873.000000
364.945000	248535.000000
364.950000	116132.000000
364.955000	68141.000000
364.960000	43034.000000
364.965000	18849.000000
364.970000	14426.000000
364.975000	10054.000000
364.980000	7329.000000
364.985000	6141.000000
364.990000	5022.000000
364.995000	4400.000000
365.000000	3964.000000
365.005000	3252.000000
365.010000	3540.000000
365.015000	3101.000000
365.020000	2606.000000
365.025000	2749.000000
365.030000	2437.000000
365.035000	2130.000000
365.040000	2066.000000
365.045000	2034.000000
365.050000	1821.000000
365.055000	1696.000000
365.060000	1617.000000
365.065000	1438.000000
365.070000	1584.000000
365.075000	1384.000000
365.080000	1208.000000
365.085000	1258.000000
365.090000	1074.000000
365.095000	1184.000000
365.100000	1136.000000
365.105000	1246.000000
365.110000	1045.000000
365.115000	929.000000
365.120000	963.000000
365.125000	763.000000
365.130000	661.000000
365.135000	961.000000
365.140000	858.000000
365.145000	776.000000
365.150000	813.000000
365.155000	743.000000
365.160000	811.000000
365.165000	872.000000
365.170000	818.000000
365.175000	805.000000
365.180000	672.000000
365.185000	880.000000
365.190000	872.000000
365.195000	827.000000
365.200000	951.000000
