Sample ID:		None
Start Time:		Thu Jun 18 2020 9:17:20 PM
Averaging Time:		1.000s

364.800000	55102.000000
364.805000	69906.000000
364.810000	88106.000000
364.815000	138363.000000
364.820000	371735.000000
364.825000	545207.000000
364.830000	314844.000000
364.835000	128829.000000
364.840000	70364.000000
364.845000	42204.000000
364.850000	25475.000000
364.855000	16152.000000
364.860000	11256.000000
364.865000	7420.000000
364.870000	5880.000000
364.875000	5163.000000
364.880000	4384.000000
364.885000	3573.000000
364.890000	3561.000000
364.895000	3644.000000
364.900000	3240.000000
364.905000	2892.000000
364.910000	2613.000000
364.915000	2471.000000
364.920000	2266.000000
364.925000	2025.000000
364.930000	2150.000000
364.935000	2052.000000
364.940000	1569.000000
364.945000	1663.000000
364.950000	1666.000000
364.955000	1724.000000
364.960000	1450.000000
364.965000	1442.000000
364.970000	1562.000000
364.975000	1182.000000
364.980000	1034.000000
364.985000	1298.000000
364.990000	1051.000000
364.995000	937.000000
365.000000	1055.000000
365.005000	862.000000
365.010000	952.000000
365.015000	720.000000
365.020000	752.000000
365.025000	596.000000
365.030000	662.000000
365.035000	665.000000
365.040000	642.000000
365.045000	719.000000
365.050000	680.000000
365.055000	791.000000
365.060000	733.000000
365.065000	739.000000
365.070000	985.000000
365.075000	793.000000
365.080000	981.000000
365.085000	830.000000
365.090000	812.000000
365.095000	678.000000
365.100000	781.000000
365.105000	631.000000
365.110000	731.000000
365.115000	714.000000
365.120000	612.000000
365.125000	691.000000
365.130000	618.000000
365.135000	589.000000
365.140000	739.000000
365.145000	672.000000
365.150000	572.000000
365.155000	578.000000
365.160000	729.000000
365.165000	751.000000
365.170000	741.000000
365.175000	595.000000
365.180000	656.000000
365.185000	720.000000
365.190000	528.000000
365.195000	939.000000
365.200000	823.000000
