Sample ID:		None
Start Time:		Thu Jun 18 2020 10:14:06 AM
Averaging Time:		1.000s

364.800000	440.000000
364.805000	499.000000
364.810000	534.000000
364.815000	551.000000
364.820000	614.000000
364.825000	517.000000
364.830000	718.000000
364.835000	710.000000
364.840000	835.000000
364.845000	612.000000
364.850000	618.000000
364.855000	796.000000
364.860000	752.000000
364.865000	820.000000
364.870000	921.000000
364.875000	908.000000
364.880000	940.000000
364.885000	1023.000000
364.890000	971.000000
364.895000	1199.000000
364.900000	1253.000000
364.905000	1345.000000
364.910000	1370.000000
364.915000	1376.000000
364.920000	1650.000000
364.925000	1919.000000
364.930000	2282.000000
364.935000	3094.000000
364.940000	4418.000000
364.945000	7777.000000
364.950000	11638.000000
364.955000	19199.000000
364.960000	30662.000000
364.965000	44265.000000
364.970000	55184.000000
364.975000	70644.000000
364.980000	82347.000000
364.985000	113671.000000
364.990000	148976.000000
364.995000	268771.000000
365.000000	746861.000000
365.005000	477643.000000
365.010000	255886.000000
365.015000	124778.000000
365.020000	60681.000000
365.025000	43153.000000
365.030000	27224.000000
365.035000	18194.000000
365.040000	12231.000000
365.045000	9816.000000
365.050000	8126.000000
365.055000	6816.000000
365.060000	6066.000000
365.065000	5075.000000
365.070000	4765.000000
365.075000	4239.000000
365.080000	4216.000000
365.085000	3794.000000
365.090000	3687.000000
365.095000	3663.000000
365.100000	3218.000000
365.105000	2614.000000
365.110000	2867.000000
365.115000	2361.000000
365.120000	2284.000000
365.125000	2293.000000
365.130000	2281.000000
365.135000	2090.000000
365.140000	1897.000000
365.145000	1859.000000
365.150000	1807.000000
365.155000	1557.000000
365.160000	1543.000000
365.165000	1350.000000
365.170000	1428.000000
365.175000	1377.000000
365.180000	1124.000000
365.185000	1187.000000
365.190000	1156.000000
365.195000	941.000000
365.200000	1207.000000
