Sample ID:		None
Start Time:		Thu Jun 18 2020 6:13:08 PM
Averaging Time:		1.000s

364.800000	415.000000
364.805000	583.000000
364.810000	364.000000
364.815000	616.000000
364.820000	436.000000
364.825000	472.000000
364.830000	640.000000
364.835000	589.000000
364.840000	587.000000
364.845000	671.000000
364.850000	502.000000
364.855000	759.000000
364.860000	675.000000
364.865000	778.000000
364.870000	741.000000
364.875000	755.000000
364.880000	848.000000
364.885000	958.000000
364.890000	889.000000
364.895000	966.000000
364.900000	1217.000000
364.905000	1496.000000
364.910000	1691.000000
364.915000	2206.000000
364.920000	2653.000000
364.925000	4244.000000
364.930000	6247.000000
364.935000	10358.000000
364.940000	16994.000000
364.945000	28287.000000
364.950000	33747.000000
364.955000	44604.000000
364.960000	53651.000000
364.965000	63207.000000
364.970000	78772.000000
364.975000	107458.000000
364.980000	159322.000000
364.985000	403932.000000
364.990000	562638.000000
364.995000	289512.000000
365.000000	107793.000000
365.005000	66396.000000
365.010000	46547.000000
365.015000	28007.000000
365.020000	16976.000000
365.025000	10614.000000
365.030000	8706.000000
365.035000	6101.000000
365.040000	5326.000000
365.045000	4543.000000
365.050000	3878.000000
365.055000	3694.000000
365.060000	3228.000000
365.065000	2801.000000
365.070000	2696.000000
365.075000	2815.000000
365.080000	2524.000000
365.085000	2485.000000
365.090000	1924.000000
365.095000	2116.000000
365.100000	2032.000000
365.105000	1813.000000
365.110000	1778.000000
365.115000	1758.000000
365.120000	1699.000000
365.125000	1368.000000
365.130000	1406.000000
365.135000	1389.000000
365.140000	1157.000000
365.145000	1449.000000
365.150000	1122.000000
365.155000	1003.000000
365.160000	1149.000000
365.165000	838.000000
365.170000	955.000000
365.175000	1099.000000
365.180000	732.000000
365.185000	771.000000
365.190000	693.000000
365.195000	726.000000
365.200000	721.000000
