Sample ID:		None
Start Time:		Thu Jun 18 2020 1:20:14 PM
Averaging Time:		1.000s

364.800000	564.000000
364.805000	759.000000
364.810000	473.000000
364.815000	647.000000
364.820000	774.000000
364.825000	613.000000
364.830000	646.000000
364.835000	731.000000
364.840000	698.000000
364.845000	804.000000
364.850000	811.000000
364.855000	759.000000
364.860000	839.000000
364.865000	821.000000
364.870000	1081.000000
364.875000	999.000000
364.880000	1109.000000
364.885000	1361.000000
364.890000	1306.000000
364.895000	1372.000000
364.900000	1527.000000
364.905000	1963.000000
364.910000	2473.000000
364.915000	3743.000000
364.920000	5061.000000
364.925000	8478.000000
364.930000	17078.000000
364.935000	22444.000000
364.940000	31556.000000
364.945000	43192.000000
364.950000	55554.000000
364.955000	73498.000000
364.960000	77716.000000
364.965000	99882.000000
364.970000	135401.000000
364.975000	297689.000000
364.980000	637912.000000
364.985000	581633.000000
364.990000	196067.000000
364.995000	121199.000000
365.000000	76156.000000
365.005000	43800.000000
365.010000	28248.000000
365.015000	15897.000000
365.020000	11971.000000
365.025000	9883.000000
365.030000	7809.000000
365.035000	6798.000000
365.040000	5497.000000
365.045000	5286.000000
365.050000	4379.000000
365.055000	3695.000000
365.060000	4041.000000
365.065000	3630.000000
365.070000	3360.000000
365.075000	3265.000000
365.080000	2843.000000
365.085000	2557.000000
365.090000	2533.000000
365.095000	2679.000000
365.100000	2129.000000
365.105000	2296.000000
365.110000	2158.000000
365.115000	1949.000000
365.120000	1539.000000
365.125000	1825.000000
365.130000	1608.000000
365.135000	1381.000000
365.140000	1269.000000
365.145000	1282.000000
365.150000	1237.000000
365.155000	1437.000000
365.160000	1260.000000
365.165000	1016.000000
365.170000	1273.000000
365.175000	1111.000000
365.180000	998.000000
365.185000	905.000000
365.190000	941.000000
365.195000	942.000000
365.200000	950.000000
