Sample ID:		None
Start Time:		Thu Jun 18 2020 11:24:36 PM
Averaging Time:		1.000s

364.800000	897.000000
364.805000	763.000000
364.810000	709.000000
364.815000	788.000000
364.820000	930.000000
364.825000	841.000000
364.830000	800.000000
364.835000	858.000000
364.840000	712.000000
364.845000	826.000000
364.850000	667.000000
364.855000	723.000000
364.860000	792.000000
364.865000	812.000000
364.870000	745.000000
364.875000	761.000000
364.880000	627.000000
364.885000	956.000000
364.890000	700.000000
364.895000	578.000000
364.900000	671.000000
364.905000	614.000000
364.910000	544.000000
364.915000	615.000000
364.920000	765.000000
364.925000	726.000000
364.930000	567.000000
364.935000	468.000000
364.940000	615.000000
364.945000	561.000000
364.950000	671.000000
364.955000	905.000000
364.960000	648.000000
364.965000	632.000000
364.970000	812.000000
364.975000	563.000000
364.980000	860.000000
364.985000	700.000000
364.990000	745.000000
364.995000	719.000000
365.000000	969.000000
365.005000	996.000000
365.010000	1856.000000
365.015000	2166.000000
365.020000	3162.000000
365.025000	5092.000000
365.030000	6834.000000
365.035000	7891.000000
365.040000	10696.000000
365.045000	13292.000000
365.050000	15539.000000
365.055000	23292.000000
365.060000	32374.000000
365.065000	50715.000000
365.070000	118992.000000
365.075000	99889.000000
365.080000	50270.000000
365.085000	24003.000000
365.090000	10063.000000
365.095000	8323.000000
365.100000	4965.000000
365.105000	2469.000000
365.110000	2226.000000
365.115000	1513.000000
365.120000	1201.000000
365.125000	1098.000000
365.130000	913.000000
365.135000	1290.000000
365.140000	1102.000000
365.145000	998.000000
365.150000	1081.000000
365.155000	761.000000
365.160000	647.000000
365.165000	751.000000
365.170000	864.000000
365.175000	822.000000
365.180000	788.000000
365.185000	792.000000
365.190000	917.000000
365.195000	828.000000
365.200000	764.000000
