Sample ID:		None
Start Time:		Thu Jun 18 2020 5:26:15 PM
Averaging Time:		1.000s

364.800000	514.000000
364.805000	449.000000
364.810000	546.000000
364.815000	423.000000
364.820000	501.000000
364.825000	553.000000
364.830000	499.000000
364.835000	548.000000
364.840000	711.000000
364.845000	603.000000
364.850000	742.000000
364.855000	561.000000
364.860000	544.000000
364.865000	702.000000
364.870000	785.000000
364.875000	678.000000
364.880000	794.000000
364.885000	680.000000
364.890000	845.000000
364.895000	911.000000
364.900000	878.000000
364.905000	1008.000000
364.910000	1170.000000
364.915000	1290.000000
364.920000	1508.000000
364.925000	1868.000000
364.930000	2383.000000
364.935000	3066.000000
364.940000	4432.000000
364.945000	7011.000000
364.950000	11001.000000
364.955000	18207.000000
364.960000	26338.000000
364.965000	36954.000000
364.970000	47049.000000
364.975000	53406.000000
364.980000	63224.000000
364.985000	76377.000000
364.990000	102990.000000
364.995000	156292.000000
365.000000	421984.000000
365.005000	576955.000000
365.010000	258507.000000
365.015000	128900.000000
365.020000	70009.000000
365.025000	46948.000000
365.030000	25195.000000
365.035000	16694.000000
365.040000	10820.000000
365.045000	7551.000000
365.050000	5819.000000
365.055000	5305.000000
365.060000	4380.000000
365.065000	4218.000000
365.070000	3865.000000
365.075000	3233.000000
365.080000	3085.000000
365.085000	3235.000000
365.090000	2686.000000
365.095000	2490.000000
365.100000	2607.000000
365.105000	2379.000000
365.110000	2384.000000
365.115000	2023.000000
365.120000	1789.000000
365.125000	2126.000000
365.130000	1743.000000
365.135000	1522.000000
365.140000	1213.000000
365.145000	1372.000000
365.150000	1184.000000
365.155000	1185.000000
365.160000	1106.000000
365.165000	1031.000000
365.170000	1225.000000
365.175000	1086.000000
365.180000	852.000000
365.185000	940.000000
365.190000	1046.000000
365.195000	784.000000
365.200000	943.000000
