Sample ID:		None
Start Time:		Thu Jun 18 2020 8:13:42 PM
Averaging Time:		1.000s

364.800000	564.000000
364.805000	565.000000
364.810000	942.000000
364.815000	734.000000
364.820000	733.000000
364.825000	818.000000
364.830000	1008.000000
364.835000	1140.000000
364.840000	1205.000000
364.845000	1570.000000
364.850000	1729.000000
364.855000	2279.000000
364.860000	2733.000000
364.865000	4684.000000
364.870000	6783.000000
364.875000	12001.000000
364.880000	18351.000000
364.885000	25244.000000
364.890000	35156.000000
364.895000	47794.000000
364.900000	51917.000000
364.905000	61277.000000
364.910000	79130.000000
364.915000	108091.000000
364.920000	153329.000000
364.925000	434156.000000
364.930000	482141.000000
364.935000	235535.000000
364.940000	115830.000000
364.945000	67184.000000
364.950000	43938.000000
364.955000	22089.000000
364.960000	14610.000000
364.965000	10574.000000
364.970000	7068.000000
364.975000	5858.000000
364.980000	5175.000000
364.985000	4289.000000
364.990000	3990.000000
364.995000	3525.000000
365.000000	3555.000000
365.005000	3116.000000
365.010000	3158.000000
365.015000	2856.000000
365.020000	2277.000000
365.025000	2242.000000
365.030000	2069.000000
365.035000	2015.000000
365.040000	1785.000000
365.045000	1860.000000
365.050000	1706.000000
365.055000	1642.000000
365.060000	1564.000000
365.065000	1595.000000
365.070000	1464.000000
365.075000	1484.000000
365.080000	1319.000000
365.085000	1323.000000
365.090000	1027.000000
365.095000	1022.000000
365.100000	1110.000000
365.105000	732.000000
365.110000	696.000000
365.115000	925.000000
365.120000	881.000000
365.125000	940.000000
365.130000	762.000000
365.135000	636.000000
365.140000	850.000000
365.145000	929.000000
365.150000	846.000000
365.155000	853.000000
365.160000	874.000000
365.165000	841.000000
365.170000	741.000000
365.175000	739.000000
365.180000	791.000000
365.185000	758.000000
365.190000	872.000000
365.195000	691.000000
365.200000	743.000000
