Sample ID:		None
Start Time:		Thu Jun 18 2020 6:03:05 PM
Averaging Time:		1.000s

364.800000	533.000000
364.805000	410.000000
364.810000	502.000000
364.815000	496.000000
364.820000	387.000000
364.825000	433.000000
364.830000	365.000000
364.835000	464.000000
364.840000	498.000000
364.845000	560.000000
364.850000	638.000000
364.855000	823.000000
364.860000	794.000000
364.865000	631.000000
364.870000	523.000000
364.875000	933.000000
364.880000	790.000000
364.885000	1023.000000
364.890000	880.000000
364.895000	894.000000
364.900000	950.000000
364.905000	1363.000000
364.910000	1613.000000
364.915000	1806.000000
364.920000	2438.000000
364.925000	3404.000000
364.930000	5558.000000
364.935000	9488.000000
364.940000	16103.000000
364.945000	23597.000000
364.950000	31304.000000
364.955000	39715.000000
364.960000	50459.000000
364.965000	57535.000000
364.970000	68594.000000
364.975000	87808.000000
364.980000	128542.000000
364.985000	296820.000000
364.990000	553554.000000
364.995000	403037.000000
365.000000	177312.000000
365.005000	78889.000000
365.010000	55703.000000
365.015000	34629.000000
365.020000	16030.000000
365.025000	12379.000000
365.030000	8542.000000
365.035000	6709.000000
365.040000	5315.000000
365.045000	4868.000000
365.050000	4397.000000
365.055000	3830.000000
365.060000	3356.000000
365.065000	2937.000000
365.070000	3043.000000
365.075000	2948.000000
365.080000	2457.000000
365.085000	2454.000000
365.090000	2253.000000
365.095000	1978.000000
365.100000	1934.000000
365.105000	1861.000000
365.110000	1888.000000
365.115000	1726.000000
365.120000	1663.000000
365.125000	1717.000000
365.130000	1321.000000
365.135000	1438.000000
365.140000	1136.000000
365.145000	1225.000000
365.150000	1212.000000
365.155000	1124.000000
365.160000	875.000000
365.165000	800.000000
365.170000	892.000000
365.175000	960.000000
365.180000	810.000000
365.185000	838.000000
365.190000	613.000000
365.195000	740.000000
365.200000	728.000000
