Sample ID:		None
Start Time:		Thu Jun 18 2020 7:46:55 PM
Averaging Time:		1.000s

364.800000	534.000000
364.805000	504.000000
364.810000	742.000000
364.815000	691.000000
364.820000	733.000000
364.825000	777.000000
364.830000	732.000000
364.835000	902.000000
364.840000	913.000000
364.845000	1142.000000
364.850000	1244.000000
364.855000	1207.000000
364.860000	1487.000000
364.865000	1675.000000
364.870000	1988.000000
364.875000	2992.000000
364.880000	4465.000000
364.885000	7894.000000
364.890000	11315.000000
364.895000	18174.000000
364.900000	28800.000000
364.905000	34969.000000
364.910000	44928.000000
364.915000	53812.000000
364.920000	63927.000000
364.925000	77755.000000
364.930000	100290.000000
364.935000	191452.000000
364.940000	444761.000000
364.945000	492850.000000
364.950000	249471.000000
364.955000	110074.000000
364.960000	68515.000000
364.965000	41768.000000
364.970000	25426.000000
364.975000	14225.000000
364.980000	10765.000000
364.985000	7789.000000
364.990000	5701.000000
364.995000	5572.000000
365.000000	4269.000000
365.005000	3981.000000
365.010000	3498.000000
365.015000	3232.000000
365.020000	2841.000000
365.025000	2657.000000
365.030000	2716.000000
365.035000	2448.000000
365.040000	2293.000000
365.045000	2140.000000
365.050000	2124.000000
365.055000	1725.000000
365.060000	2052.000000
365.065000	1624.000000
365.070000	1570.000000
365.075000	1270.000000
365.080000	1412.000000
365.085000	1418.000000
365.090000	1166.000000
365.095000	1185.000000
365.100000	1249.000000
365.105000	1195.000000
365.110000	1056.000000
365.115000	1122.000000
365.120000	1138.000000
365.125000	1037.000000
365.130000	788.000000
365.135000	757.000000
365.140000	827.000000
365.145000	851.000000
365.150000	783.000000
365.155000	702.000000
365.160000	649.000000
365.165000	811.000000
365.170000	612.000000
365.175000	884.000000
365.180000	838.000000
365.185000	654.000000
365.190000	685.000000
365.195000	653.000000
365.200000	869.000000
