Sample ID:		None
Start Time:		Thu Jun 18 2020 5:53:02 PM
Averaging Time:		1.000s

364.800000	401.000000
364.805000	396.000000
364.810000	469.000000
364.815000	567.000000
364.820000	523.000000
364.825000	684.000000
364.830000	448.000000
364.835000	558.000000
364.840000	610.000000
364.845000	628.000000
364.850000	642.000000
364.855000	552.000000
364.860000	720.000000
364.865000	683.000000
364.870000	791.000000
364.875000	715.000000
364.880000	985.000000
364.885000	933.000000
364.890000	1010.000000
364.895000	868.000000
364.900000	1149.000000
364.905000	1216.000000
364.910000	1433.000000
364.915000	1658.000000
364.920000	1857.000000
364.925000	2555.000000
364.930000	4265.000000
364.935000	6553.000000
364.940000	9373.000000
364.945000	15373.000000
364.950000	25146.000000
364.955000	30873.000000
364.960000	40249.000000
364.965000	52569.000000
364.970000	60250.000000
364.975000	72125.000000
364.980000	102877.000000
364.985000	134525.000000
364.990000	291614.000000
364.995000	579486.000000
365.000000	370889.000000
365.005000	161255.000000
365.010000	82774.000000
365.015000	51565.000000
365.020000	27223.000000
365.025000	18660.000000
365.030000	11404.000000
365.035000	8119.000000
365.040000	6723.000000
365.045000	6013.000000
365.050000	4887.000000
365.055000	4198.000000
365.060000	3608.000000
365.065000	3373.000000
365.070000	3158.000000
365.075000	2844.000000
365.080000	2454.000000
365.085000	2620.000000
365.090000	2448.000000
365.095000	2220.000000
365.100000	2106.000000
365.105000	1911.000000
365.110000	1806.000000
365.115000	1804.000000
365.120000	1487.000000
365.125000	1762.000000
365.130000	1408.000000
365.135000	1325.000000
365.140000	1228.000000
365.145000	1176.000000
365.150000	1253.000000
365.155000	1276.000000
365.160000	1146.000000
365.165000	1038.000000
365.170000	862.000000
365.175000	900.000000
365.180000	855.000000
365.185000	926.000000
365.190000	756.000000
365.195000	723.000000
365.200000	836.000000
