Sample ID:		None
Start Time:		Thu Jun 18 2020 5:39:38 PM
Averaging Time:		1.000s

364.800000	426.000000
364.805000	510.000000
364.810000	347.000000
364.815000	496.000000
364.820000	476.000000
364.825000	601.000000
364.830000	506.000000
364.835000	496.000000
364.840000	611.000000
364.845000	520.000000
364.850000	571.000000
364.855000	664.000000
364.860000	608.000000
364.865000	760.000000
364.870000	807.000000
364.875000	613.000000
364.880000	721.000000
364.885000	889.000000
364.890000	835.000000
364.895000	798.000000
364.900000	1088.000000
364.905000	1188.000000
364.910000	1274.000000
364.915000	1500.000000
364.920000	1899.000000
364.925000	2183.000000
364.930000	3155.000000
364.935000	4706.000000
364.940000	7314.000000
364.945000	11873.000000
364.950000	22428.000000
364.955000	27238.000000
364.960000	36242.000000
364.965000	47794.000000
364.970000	55952.000000
364.975000	66410.000000
364.980000	85059.000000
364.985000	117741.000000
364.990000	195545.000000
364.995000	588733.000000
365.000000	463044.000000
365.005000	203114.000000
365.010000	90862.000000
365.015000	59932.000000
365.020000	37807.000000
365.025000	22999.000000
365.030000	12469.000000
365.035000	9640.000000
365.040000	7054.000000
365.045000	5695.000000
365.050000	4824.000000
365.055000	4616.000000
365.060000	4046.000000
365.065000	3697.000000
365.070000	3545.000000
365.075000	3141.000000
365.080000	2921.000000
365.085000	2726.000000
365.090000	2387.000000
365.095000	2360.000000
365.100000	1980.000000
365.105000	1921.000000
365.110000	1914.000000
365.115000	2185.000000
365.120000	1752.000000
365.125000	1780.000000
365.130000	1754.000000
365.135000	1573.000000
365.140000	1418.000000
365.145000	1211.000000
365.150000	1179.000000
365.155000	1088.000000
365.160000	1119.000000
365.165000	1179.000000
365.170000	1001.000000
365.175000	1092.000000
365.180000	944.000000
365.185000	900.000000
365.190000	801.000000
365.195000	821.000000
365.200000	796.000000
