Sample ID:		None
Start Time:		Thu Jun 18 2020 2:20:33 PM
Averaging Time:		1.000s

364.800000	645.000000
364.805000	626.000000
364.810000	516.000000
364.815000	671.000000
364.820000	807.000000
364.825000	674.000000
364.830000	734.000000
364.835000	913.000000
364.840000	759.000000
364.845000	900.000000
364.850000	896.000000
364.855000	963.000000
364.860000	1011.000000
364.865000	1295.000000
364.870000	1169.000000
364.875000	1254.000000
364.880000	1401.000000
364.885000	1685.000000
364.890000	2131.000000
364.895000	2310.000000
364.900000	2493.000000
364.905000	3746.000000
364.910000	5277.000000
364.915000	9123.000000
364.920000	15654.000000
364.925000	24902.000000
364.930000	33827.000000
364.935000	44640.000000
364.940000	56698.000000
364.945000	69805.000000
364.950000	81863.000000
364.955000	103854.000000
364.960000	142420.000000
364.965000	296565.000000
364.970000	674693.000000
364.975000	579979.000000
364.980000	230272.000000
364.985000	119153.000000
364.990000	73688.000000
364.995000	44275.000000
365.000000	26809.000000
365.005000	17053.000000
365.010000	11539.000000
365.015000	9610.000000
365.020000	7497.000000
365.025000	6274.000000
365.030000	5504.000000
365.035000	4974.000000
365.040000	4612.000000
365.045000	4094.000000
365.050000	3902.000000
365.055000	3692.000000
365.060000	3461.000000
365.065000	2886.000000
365.070000	2904.000000
365.075000	2598.000000
365.080000	2384.000000
365.085000	2599.000000
365.090000	2477.000000
365.095000	2135.000000
365.100000	1822.000000
365.105000	2023.000000
365.110000	1763.000000
365.115000	1643.000000
365.120000	1612.000000
365.125000	1814.000000
365.130000	1360.000000
365.135000	1372.000000
365.140000	1165.000000
365.145000	1545.000000
365.150000	1339.000000
365.155000	1175.000000
365.160000	1002.000000
365.165000	992.000000
365.170000	925.000000
365.175000	1027.000000
365.180000	1010.000000
365.185000	914.000000
365.190000	884.000000
365.195000	868.000000
365.200000	962.000000
