Sample ID:		None
Start Time:		Thu Jun 18 2020 6:43:16 PM
Averaging Time:		1.000s

364.800000	587.000000
364.805000	431.000000
364.810000	528.000000
364.815000	506.000000
364.820000	522.000000
364.825000	526.000000
364.830000	521.000000
364.835000	668.000000
364.840000	555.000000
364.845000	597.000000
364.850000	658.000000
364.855000	716.000000
364.860000	692.000000
364.865000	720.000000
364.870000	809.000000
364.875000	907.000000
364.880000	1138.000000
364.885000	1129.000000
364.890000	1259.000000
364.895000	1638.000000
364.900000	1697.000000
364.905000	2062.000000
364.910000	2662.000000
364.915000	3787.000000
364.920000	6465.000000
364.925000	10833.000000
364.930000	17812.000000
364.935000	25280.000000
364.940000	38211.000000
364.945000	43521.000000
364.950000	52621.000000
364.955000	61179.000000
364.960000	76225.000000
364.965000	97632.000000
364.970000	156405.000000
364.975000	446136.000000
364.980000	567783.000000
364.985000	287970.000000
364.990000	124518.000000
364.995000	65819.000000
365.000000	47017.000000
365.005000	26868.000000
365.010000	16613.000000
365.015000	11432.000000
365.020000	7706.000000
365.025000	6300.000000
365.030000	5209.000000
365.035000	4505.000000
365.040000	3687.000000
365.045000	3752.000000
365.050000	3237.000000
365.055000	3096.000000
365.060000	2929.000000
365.065000	2721.000000
365.070000	2514.000000
365.075000	2138.000000
365.080000	2326.000000
365.085000	2378.000000
365.090000	1636.000000
365.095000	1728.000000
365.100000	1953.000000
365.105000	1558.000000
365.110000	1416.000000
365.115000	1440.000000
365.120000	1349.000000
365.125000	1202.000000
365.130000	1095.000000
365.135000	1324.000000
365.140000	1011.000000
365.145000	1157.000000
365.150000	945.000000
365.155000	967.000000
365.160000	866.000000
365.165000	795.000000
365.170000	776.000000
365.175000	713.000000
365.180000	834.000000
365.185000	788.000000
365.190000	725.000000
365.195000	590.000000
365.200000	806.000000
