Sample ID:		None
Start Time:		Thu Jun 18 2020 2:07:09 PM
Averaging Time:		1.000s

364.800000	576.000000
364.805000	609.000000
364.810000	683.000000
364.815000	536.000000
364.820000	774.000000
364.825000	608.000000
364.830000	775.000000
364.835000	869.000000
364.840000	706.000000
364.845000	757.000000
364.850000	894.000000
364.855000	812.000000
364.860000	975.000000
364.865000	1100.000000
364.870000	1218.000000
364.875000	1234.000000
364.880000	1707.000000
364.885000	1626.000000
364.890000	1715.000000
364.895000	2261.000000
364.900000	2904.000000
364.905000	4519.000000
364.910000	5433.000000
364.915000	9783.000000
364.920000	16790.000000
364.925000	28427.000000
364.930000	35280.000000
364.935000	47272.000000
364.940000	59287.000000
364.945000	68601.000000
364.950000	94739.000000
364.955000	109587.000000
364.960000	159591.000000
364.965000	369755.000000
364.970000	681413.000000
364.975000	505955.000000
364.980000	192359.000000
364.985000	80375.000000
364.990000	63558.000000
364.995000	39211.000000
365.000000	22635.000000
365.005000	15123.000000
365.010000	11212.000000
365.015000	9169.000000
365.020000	7132.000000
365.025000	5982.000000
365.030000	5786.000000
365.035000	4432.000000
365.040000	4921.000000
365.045000	4106.000000
365.050000	3729.000000
365.055000	3494.000000
365.060000	3604.000000
365.065000	3081.000000
365.070000	2655.000000
365.075000	2672.000000
365.080000	2497.000000
365.085000	2330.000000
365.090000	2305.000000
365.095000	2242.000000
365.100000	1907.000000
365.105000	1793.000000
365.110000	1766.000000
365.115000	1431.000000
365.120000	1729.000000
365.125000	1260.000000
365.130000	1298.000000
365.135000	1293.000000
365.140000	1233.000000
365.145000	1182.000000
365.150000	1138.000000
365.155000	1316.000000
365.160000	1021.000000
365.165000	1165.000000
365.170000	833.000000
365.175000	1074.000000
365.180000	966.000000
365.185000	872.000000
365.190000	884.000000
365.195000	1345.000000
365.200000	1162.000000
