Sample ID:		None
Start Time:		Thu Jun 18 2020 2:47:21 PM
Averaging Time:		1.000s

364.800000	661.000000
364.805000	800.000000
364.810000	669.000000
364.815000	706.000000
364.820000	631.000000
364.825000	601.000000
364.830000	787.000000
364.835000	690.000000
364.840000	725.000000
364.845000	882.000000
364.850000	1064.000000
364.855000	985.000000
364.860000	1096.000000
364.865000	1189.000000
364.870000	1213.000000
364.875000	1395.000000
364.880000	1530.000000
364.885000	1652.000000
364.890000	1902.000000
364.895000	2204.000000
364.900000	2802.000000
364.905000	4281.000000
364.910000	5360.000000
364.915000	9626.000000
364.920000	17931.000000
364.925000	27067.000000
364.930000	38277.000000
364.935000	47065.000000
364.940000	60119.000000
364.945000	69486.000000
364.950000	84607.000000
364.955000	107645.000000
364.960000	150837.000000
364.965000	491849.000000
364.970000	676836.000000
364.975000	499807.000000
364.980000	175013.000000
364.985000	85993.000000
364.990000	64486.000000
364.995000	39135.000000
365.000000	21115.000000
365.005000	15041.000000
365.010000	11239.000000
365.015000	8356.000000
365.020000	6930.000000
365.025000	6246.000000
365.030000	5606.000000
365.035000	4968.000000
365.040000	4419.000000
365.045000	3701.000000
365.050000	3748.000000
365.055000	3521.000000
365.060000	3057.000000
365.065000	3113.000000
365.070000	3060.000000
365.075000	2988.000000
365.080000	2610.000000
365.085000	1867.000000
365.090000	2177.000000
365.095000	2132.000000
365.100000	1844.000000
365.105000	1661.000000
365.110000	1356.000000
365.115000	1876.000000
365.120000	1687.000000
365.125000	1276.000000
365.130000	1289.000000
365.135000	1407.000000
365.140000	1184.000000
365.145000	1208.000000
365.150000	1187.000000
365.155000	1138.000000
365.160000	1152.000000
365.165000	1033.000000
365.170000	1035.000000
365.175000	1120.000000
365.180000	1024.000000
365.185000	1211.000000
365.190000	837.000000
365.195000	998.000000
365.200000	985.000000
