Sample ID:		None
Start Time:		Thu Jun 18 2020 5:02:48 PM
Averaging Time:		1.000s

364.800000	432.000000
364.805000	494.000000
364.810000	586.000000
364.815000	485.000000
364.820000	409.000000
364.825000	480.000000
364.830000	611.000000
364.835000	384.000000
364.840000	485.000000
364.845000	577.000000
364.850000	431.000000
364.855000	604.000000
364.860000	564.000000
364.865000	569.000000
364.870000	720.000000
364.875000	891.000000
364.880000	772.000000
364.885000	668.000000
364.890000	841.000000
364.895000	712.000000
364.900000	766.000000
364.905000	724.000000
364.910000	1124.000000
364.915000	1158.000000
364.920000	1046.000000
364.925000	1357.000000
364.930000	2061.000000
364.935000	2493.000000
364.940000	3082.000000
364.945000	4234.000000
364.950000	7002.000000
364.955000	12096.000000
364.960000	19330.000000
364.965000	26132.000000
364.970000	38639.000000
364.975000	44914.000000
364.980000	54174.000000
364.985000	63709.000000
364.990000	82041.000000
364.995000	105249.000000
365.000000	162604.000000
365.005000	497311.000000
365.010000	531000.000000
365.015000	263431.000000
365.020000	128619.000000
365.025000	63087.000000
365.030000	39751.000000
365.035000	25306.000000
365.040000	15605.000000
365.045000	9438.000000
365.050000	7423.000000
365.055000	5648.000000
365.060000	5094.000000
365.065000	4421.000000
365.070000	3807.000000
365.075000	3653.000000
365.080000	3263.000000
365.085000	3253.000000
365.090000	2809.000000
365.095000	2564.000000
365.100000	2546.000000
365.105000	2127.000000
365.110000	2144.000000
365.115000	1994.000000
365.120000	1957.000000
365.125000	1903.000000
365.130000	1792.000000
365.135000	1650.000000
365.140000	1289.000000
365.145000	1817.000000
365.150000	1504.000000
365.155000	1660.000000
365.160000	1263.000000
365.165000	1187.000000
365.170000	1061.000000
365.175000	1035.000000
365.180000	1126.000000
365.185000	1007.000000
365.190000	1011.000000
365.195000	1020.000000
365.200000	841.000000
