Sample ID:		None
Start Time:		Thu Jun 18 2020 11:01:09 PM
Averaging Time:		1.000s

364.800000	1049.000000
364.805000	1199.000000
364.810000	852.000000
364.815000	870.000000
364.820000	911.000000
364.825000	845.000000
364.830000	754.000000
364.835000	648.000000
364.840000	823.000000
364.845000	760.000000
364.850000	699.000000
364.855000	717.000000
364.860000	838.000000
364.865000	748.000000
364.870000	837.000000
364.875000	848.000000
364.880000	871.000000
364.885000	674.000000
364.890000	1062.000000
364.895000	760.000000
364.900000	660.000000
364.905000	526.000000
364.910000	661.000000
364.915000	777.000000
364.920000	821.000000
364.925000	487.000000
364.930000	567.000000
364.935000	701.000000
364.940000	703.000000
364.945000	501.000000
364.950000	710.000000
364.955000	602.000000
364.960000	520.000000
364.965000	603.000000
364.970000	729.000000
364.975000	676.000000
364.980000	691.000000
364.985000	743.000000
364.990000	673.000000
364.995000	760.000000
365.000000	623.000000
365.005000	804.000000
365.010000	738.000000
365.015000	782.000000
365.020000	852.000000
365.025000	1172.000000
365.030000	1371.000000
365.035000	1683.000000
365.040000	2608.000000
365.045000	3649.000000
365.050000	5473.000000
365.055000	6886.000000
365.060000	8882.000000
365.065000	11875.000000
365.070000	13266.000000
365.075000	15421.000000
365.080000	22246.000000
365.085000	39591.000000
365.090000	59021.000000
365.095000	115098.000000
365.100000	80882.000000
365.105000	41711.000000
365.110000	22332.000000
365.115000	10785.000000
365.120000	7724.000000
365.125000	3666.000000
365.130000	2956.000000
365.135000	1963.000000
365.140000	1277.000000
365.145000	1276.000000
365.150000	1099.000000
365.155000	1128.000000
365.160000	1125.000000
365.165000	774.000000
365.170000	933.000000
365.175000	804.000000
365.180000	892.000000
365.185000	975.000000
365.190000	972.000000
365.195000	893.000000
365.200000	780.000000
