Sample ID:		None
Start Time:		Thu Jun 18 2020 6:26:32 PM
Averaging Time:		1.000s

364.800000	474.000000
364.805000	498.000000
364.810000	545.000000
364.815000	548.000000
364.820000	430.000000
364.825000	530.000000
364.830000	567.000000
364.835000	465.000000
364.840000	447.000000
364.845000	810.000000
364.850000	682.000000
364.855000	658.000000
364.860000	685.000000
364.865000	676.000000
364.870000	707.000000
364.875000	634.000000
364.880000	860.000000
364.885000	1019.000000
364.890000	1050.000000
364.895000	1030.000000
364.900000	1214.000000
364.905000	1448.000000
364.910000	2089.000000
364.915000	3032.000000
364.920000	4072.000000
364.925000	6916.000000
364.930000	9836.000000
364.935000	18147.000000
364.940000	25468.000000
364.945000	34795.000000
364.950000	45036.000000
364.955000	53341.000000
364.960000	62529.000000
364.965000	74823.000000
364.970000	113421.000000
364.975000	162788.000000
364.980000	405680.000000
364.985000	534245.000000
364.990000	269269.000000
364.995000	115348.000000
365.000000	71345.000000
365.005000	43763.000000
365.010000	24477.000000
365.015000	15778.000000
365.020000	10763.000000
365.025000	8192.000000
365.030000	6045.000000
365.035000	5364.000000
365.040000	4602.000000
365.045000	3845.000000
365.050000	3352.000000
365.055000	3351.000000
365.060000	3389.000000
365.065000	2588.000000
365.070000	2921.000000
365.075000	2602.000000
365.080000	2121.000000
365.085000	2113.000000
365.090000	2084.000000
365.095000	2069.000000
365.100000	1697.000000
365.105000	1791.000000
365.110000	1725.000000
365.115000	1333.000000
365.120000	1544.000000
365.125000	1248.000000
365.130000	1312.000000
365.135000	1257.000000
365.140000	1170.000000
365.145000	1090.000000
365.150000	1249.000000
365.155000	978.000000
365.160000	751.000000
365.165000	896.000000
365.170000	1134.000000
365.175000	755.000000
365.180000	726.000000
365.185000	791.000000
365.190000	888.000000
365.195000	559.000000
365.200000	839.000000
