Sample ID:		None
Start Time:		Thu Jun 18 2020 11:51:23 PM
Averaging Time:		1.000s

364.800000	712.000000
364.805000	759.000000
364.810000	1002.000000
364.815000	809.000000
364.820000	1025.000000
364.825000	820.000000
364.830000	822.000000
364.835000	758.000000
364.840000	726.000000
364.845000	789.000000
364.850000	884.000000
364.855000	838.000000
364.860000	796.000000
364.865000	728.000000
364.870000	689.000000
364.875000	773.000000
364.880000	750.000000
364.885000	698.000000
364.890000	716.000000
364.895000	586.000000
364.900000	508.000000
364.905000	649.000000
364.910000	753.000000
364.915000	616.000000
364.920000	714.000000
364.925000	779.000000
364.930000	640.000000
364.935000	821.000000
364.940000	579.000000
364.945000	718.000000
364.950000	703.000000
364.955000	870.000000
364.960000	814.000000
364.965000	611.000000
364.970000	804.000000
364.975000	670.000000
364.980000	665.000000
364.985000	781.000000
364.990000	1053.000000
364.995000	1167.000000
365.000000	1682.000000
365.005000	2605.000000
365.010000	5005.000000
365.015000	5635.000000
365.020000	7175.000000
365.025000	10077.000000
365.030000	12168.000000
365.035000	13693.000000
365.040000	17227.000000
365.045000	34254.000000
365.050000	42435.000000
365.055000	82766.000000
365.060000	116893.000000
365.065000	66590.000000
365.070000	33711.000000
365.075000	17573.000000
365.080000	9630.000000
365.085000	5759.000000
365.090000	3800.000000
365.095000	2171.000000
365.100000	1911.000000
365.105000	1422.000000
365.110000	1212.000000
365.115000	1328.000000
365.120000	1120.000000
365.125000	934.000000
365.130000	1054.000000
365.135000	880.000000
365.140000	1007.000000
365.145000	1010.000000
365.150000	955.000000
365.155000	983.000000
365.160000	806.000000
365.165000	675.000000
365.170000	698.000000
365.175000	971.000000
365.180000	726.000000
365.185000	864.000000
365.190000	660.000000
365.195000	635.000000
365.200000	634.000000
