Sample ID:		None
Start Time:		Thu Jun 18 2020 11:17:54 PM
Averaging Time:		1.000s

364.800000	932.000000
364.805000	817.000000
364.810000	897.000000
364.815000	750.000000
364.820000	790.000000
364.825000	828.000000
364.830000	666.000000
364.835000	633.000000
364.840000	887.000000
364.845000	840.000000
364.850000	903.000000
364.855000	822.000000
364.860000	677.000000
364.865000	802.000000
364.870000	678.000000
364.875000	786.000000
364.880000	650.000000
364.885000	565.000000
364.890000	809.000000
364.895000	748.000000
364.900000	648.000000
364.905000	593.000000
364.910000	548.000000
364.915000	666.000000
364.920000	716.000000
364.925000	698.000000
364.930000	556.000000
364.935000	642.000000
364.940000	584.000000
364.945000	652.000000
364.950000	686.000000
364.955000	628.000000
364.960000	635.000000
364.965000	789.000000
364.970000	637.000000
364.975000	611.000000
364.980000	854.000000
364.985000	626.000000
364.990000	809.000000
364.995000	795.000000
365.000000	915.000000
365.005000	728.000000
365.010000	1075.000000
365.015000	1641.000000
365.020000	2189.000000
365.025000	3383.000000
365.030000	4904.000000
365.035000	6479.000000
365.040000	8343.000000
365.045000	10580.000000
365.050000	13031.000000
365.055000	14935.000000
365.060000	19670.000000
365.065000	33046.000000
365.070000	50804.000000
365.075000	114151.000000
365.080000	99846.000000
365.085000	50926.000000
365.090000	20003.000000
365.095000	14113.000000
365.100000	8795.000000
365.105000	4956.000000
365.110000	2614.000000
365.115000	2102.000000
365.120000	1456.000000
365.125000	1392.000000
365.130000	1349.000000
365.135000	1123.000000
365.140000	986.000000
365.145000	1072.000000
365.150000	870.000000
365.155000	877.000000
365.160000	865.000000
365.165000	653.000000
365.170000	728.000000
365.175000	1022.000000
365.180000	833.000000
365.185000	635.000000
365.190000	825.000000
365.195000	588.000000
365.200000	754.000000
