Sample ID:		None
Start Time:		Thu Jun 18 2020 11:31:17 PM
Averaging Time:		1.000s

364.800000	908.000000
364.805000	679.000000
364.810000	663.000000
364.815000	805.000000
364.820000	689.000000
364.825000	637.000000
364.830000	795.000000
364.835000	904.000000
364.840000	869.000000
364.845000	817.000000
364.850000	888.000000
364.855000	718.000000
364.860000	851.000000
364.865000	560.000000
364.870000	562.000000
364.875000	773.000000
364.880000	599.000000
364.885000	718.000000
364.890000	693.000000
364.895000	853.000000
364.900000	646.000000
364.905000	894.000000
364.910000	549.000000
364.915000	625.000000
364.920000	654.000000
364.925000	582.000000
364.930000	773.000000
364.935000	472.000000
364.940000	534.000000
364.945000	644.000000
364.950000	814.000000
364.955000	690.000000
364.960000	853.000000
364.965000	663.000000
364.970000	788.000000
364.975000	708.000000
364.980000	783.000000
364.985000	641.000000
364.990000	820.000000
364.995000	923.000000
365.000000	1166.000000
365.005000	1470.000000
365.010000	2210.000000
365.015000	3257.000000
365.020000	4735.000000
365.025000	6665.000000
365.030000	8099.000000
365.035000	10278.000000
365.040000	12694.000000
365.045000	14612.000000
365.050000	19607.000000
365.055000	33108.000000
365.060000	48370.000000
365.065000	102886.000000
365.070000	90270.000000
365.075000	54001.000000
365.080000	27244.000000
365.085000	13313.000000
365.090000	8960.000000
365.095000	4970.000000
365.100000	2815.000000
365.105000	2274.000000
365.110000	1521.000000
365.115000	1462.000000
365.120000	1273.000000
365.125000	1132.000000
365.130000	986.000000
365.135000	975.000000
365.140000	1019.000000
365.145000	972.000000
365.150000	1004.000000
365.155000	900.000000
365.160000	815.000000
365.165000	813.000000
365.170000	798.000000
365.175000	865.000000
365.180000	814.000000
365.185000	704.000000
365.190000	769.000000
365.195000	783.000000
365.200000	665.000000
