Sample ID:		None
Start Time:		Thu Jun 18 2020 2:30:36 PM
Averaging Time:		1.000s

364.800000	609.000000
364.805000	669.000000
364.810000	755.000000
364.815000	792.000000
364.820000	777.000000
364.825000	689.000000
364.830000	799.000000
364.835000	753.000000
364.840000	939.000000
364.845000	796.000000
364.850000	886.000000
364.855000	810.000000
364.860000	948.000000
364.865000	1107.000000
364.870000	1290.000000
364.875000	1143.000000
364.880000	1435.000000
364.885000	1421.000000
364.890000	1837.000000
364.895000	2559.000000
364.900000	2988.000000
364.905000	4245.000000
364.910000	6414.000000
364.915000	10260.000000
364.920000	18086.000000
364.925000	26922.000000
364.930000	36845.000000
364.935000	48120.000000
364.940000	61120.000000
364.945000	72548.000000
364.950000	99166.000000
364.955000	113279.000000
364.960000	163239.000000
364.965000	519308.000000
364.970000	693813.000000
364.975000	480016.000000
364.980000	173711.000000
364.985000	81354.000000
364.990000	62185.000000
364.995000	37539.000000
365.000000	22624.000000
365.005000	14647.000000
365.010000	11334.000000
365.015000	8757.000000
365.020000	6875.000000
365.025000	5944.000000
365.030000	5381.000000
365.035000	4704.000000
365.040000	4537.000000
365.045000	4060.000000
365.050000	3911.000000
365.055000	3553.000000
365.060000	3236.000000
365.065000	2796.000000
365.070000	2563.000000
365.075000	2601.000000
365.080000	2605.000000
365.085000	2683.000000
365.090000	2225.000000
365.095000	2302.000000
365.100000	2276.000000
365.105000	2007.000000
365.110000	1925.000000
365.115000	1574.000000
365.120000	1602.000000
365.125000	1713.000000
365.130000	1398.000000
365.135000	1464.000000
365.140000	1370.000000
365.145000	1290.000000
365.150000	1232.000000
365.155000	1296.000000
365.160000	1188.000000
365.165000	1141.000000
365.170000	800.000000
365.175000	945.000000
365.180000	819.000000
365.185000	1080.000000
365.190000	968.000000
365.195000	1010.000000
365.200000	965.000000
