Sample ID:		None
Start Time:		Thu Jun 18 2020 12:36:40 PM
Averaging Time:		1.000s

364.800000	495.000000
364.805000	415.000000
364.810000	433.000000
364.815000	492.000000
364.820000	515.000000
364.825000	421.000000
364.830000	509.000000
364.835000	573.000000
364.840000	734.000000
364.845000	577.000000
364.850000	647.000000
364.855000	688.000000
364.860000	717.000000
364.865000	845.000000
364.870000	738.000000
364.875000	847.000000
364.880000	755.000000
364.885000	1000.000000
364.890000	1003.000000
364.895000	901.000000
364.900000	1110.000000
364.905000	1228.000000
364.910000	1259.000000
364.915000	1418.000000
364.920000	1608.000000
364.925000	1754.000000
364.930000	2273.000000
364.935000	2502.000000
364.940000	3459.000000
364.945000	4944.000000
364.950000	9055.000000
364.955000	14693.000000
364.960000	20991.000000
364.965000	30838.000000
364.970000	41315.000000
364.975000	53562.000000
364.980000	66506.000000
364.985000	79338.000000
364.990000	94266.000000
364.995000	139323.000000
365.000000	233092.000000
365.005000	607708.000000
365.010000	653290.000000
365.015000	204205.000000
365.020000	131836.000000
365.025000	82314.000000
365.030000	40824.000000
365.035000	26599.000000
365.040000	17914.000000
365.045000	11820.000000
365.050000	9237.000000
365.055000	7400.000000
365.060000	6428.000000
365.065000	5913.000000
365.070000	5091.000000
365.075000	4994.000000
365.080000	4384.000000
365.085000	3851.000000
365.090000	3844.000000
365.095000	3257.000000
365.100000	3176.000000
365.105000	2880.000000
365.110000	2507.000000
365.115000	2547.000000
365.120000	2531.000000
365.125000	2294.000000
365.130000	2017.000000
365.135000	2038.000000
365.140000	1867.000000
365.145000	1720.000000
365.150000	1639.000000
365.155000	1480.000000
365.160000	1414.000000
365.165000	1515.000000
365.170000	1603.000000
365.175000	1171.000000
365.180000	1220.000000
365.185000	1243.000000
365.190000	1208.000000
365.195000	1024.000000
365.200000	1112.000000
