Sample ID:		None
Start Time:		Thu Jun 18 2020 1:30:17 PM
Averaging Time:		1.000s

364.800000	623.000000
364.805000	632.000000
364.810000	705.000000
364.815000	646.000000
364.820000	709.000000
364.825000	636.000000
364.830000	660.000000
364.835000	866.000000
364.840000	816.000000
364.845000	804.000000
364.850000	852.000000
364.855000	1006.000000
364.860000	825.000000
364.865000	939.000000
364.870000	1188.000000
364.875000	1256.000000
364.880000	1322.000000
364.885000	1322.000000
364.890000	1341.000000
364.895000	1499.000000
364.900000	2243.000000
364.905000	2984.000000
364.910000	3549.000000
364.915000	5138.000000
364.920000	8309.000000
364.925000	16600.000000
364.930000	22032.000000
364.935000	33505.000000
364.940000	45230.000000
364.945000	57637.000000
364.950000	69354.000000
364.955000	83435.000000
364.960000	104113.000000
364.965000	153030.000000
364.970000	287191.000000
364.975000	666344.000000
364.980000	554502.000000
364.985000	141821.000000
364.990000	111942.000000
364.995000	70238.000000
365.000000	32510.000000
365.005000	23428.000000
365.010000	16428.000000
365.015000	11771.000000
365.020000	9033.000000
365.025000	7397.000000
365.030000	6377.000000
365.035000	5720.000000
365.040000	4909.000000
365.045000	4836.000000
365.050000	4538.000000
365.055000	3692.000000
365.060000	3578.000000
365.065000	3208.000000
365.070000	2898.000000
365.075000	2777.000000
365.080000	2234.000000
365.085000	2350.000000
365.090000	2518.000000
365.095000	2298.000000
365.100000	2153.000000
365.105000	1885.000000
365.110000	1804.000000
365.115000	1700.000000
365.120000	1716.000000
365.125000	1772.000000
365.130000	1465.000000
365.135000	1598.000000
365.140000	1588.000000
365.145000	1605.000000
365.150000	1159.000000
365.155000	1217.000000
365.160000	1046.000000
365.165000	1024.000000
365.170000	971.000000
365.175000	1096.000000
365.180000	1101.000000
365.185000	1059.000000
365.190000	928.000000
365.195000	1027.000000
365.200000	948.000000
