Sample ID:		None
Start Time:		Thu Jun 18 2020 5:36:18 PM
Averaging Time:		1.000s

364.800000	457.000000
364.805000	365.000000
364.810000	528.000000
364.815000	366.000000
364.820000	428.000000
364.825000	467.000000
364.830000	401.000000
364.835000	679.000000
364.840000	453.000000
364.845000	549.000000
364.850000	493.000000
364.855000	674.000000
364.860000	636.000000
364.865000	876.000000
364.870000	687.000000
364.875000	646.000000
364.880000	780.000000
364.885000	828.000000
364.890000	901.000000
364.895000	1264.000000
364.900000	921.000000
364.905000	1134.000000
364.910000	1280.000000
364.915000	1460.000000
364.920000	1695.000000
364.925000	1910.000000
364.930000	3152.000000
364.935000	4061.000000
364.940000	5981.000000
364.945000	9643.000000
364.950000	16380.000000
364.955000	24622.000000
364.960000	33449.000000
364.965000	42530.000000
364.970000	52762.000000
364.975000	62080.000000
364.980000	74783.000000
364.985000	97438.000000
364.990000	142263.000000
364.995000	384109.000000
365.000000	559328.000000
365.005000	323102.000000
365.010000	135601.000000
365.015000	71462.000000
365.020000	49754.000000
365.025000	29026.000000
365.030000	17468.000000
365.035000	11478.000000
365.040000	8311.000000
365.045000	6063.000000
365.050000	5219.000000
365.055000	4973.000000
365.060000	4184.000000
365.065000	3264.000000
365.070000	3441.000000
365.075000	3091.000000
365.080000	2822.000000
365.085000	2921.000000
365.090000	2474.000000
365.095000	2342.000000
365.100000	2201.000000
365.105000	2058.000000
365.110000	1976.000000
365.115000	1932.000000
365.120000	1693.000000
365.125000	1566.000000
365.130000	1421.000000
365.135000	1411.000000
365.140000	1449.000000
365.145000	1309.000000
365.150000	1287.000000
365.155000	1242.000000
365.160000	1011.000000
365.165000	1124.000000
365.170000	849.000000
365.175000	937.000000
365.180000	885.000000
365.185000	815.000000
365.190000	830.000000
365.195000	902.000000
365.200000	839.000000
