Sample ID:		None
Start Time:		Thu Jun 18 2020 11:48:02 PM
Averaging Time:		1.000s

364.800000	725.000000
364.805000	737.000000
364.810000	657.000000
364.815000	666.000000
364.820000	698.000000
364.825000	1006.000000
364.830000	862.000000
364.835000	784.000000
364.840000	847.000000
364.845000	769.000000
364.850000	606.000000
364.855000	637.000000
364.860000	628.000000
364.865000	776.000000
364.870000	754.000000
364.875000	728.000000
364.880000	728.000000
364.885000	681.000000
364.890000	756.000000
364.895000	625.000000
364.900000	730.000000
364.905000	634.000000
364.910000	655.000000
364.915000	691.000000
364.920000	802.000000
364.925000	625.000000
364.930000	661.000000
364.935000	751.000000
364.940000	649.000000
364.945000	633.000000
364.950000	848.000000
364.955000	684.000000
364.960000	767.000000
364.965000	653.000000
364.970000	866.000000
364.975000	699.000000
364.980000	707.000000
364.985000	852.000000
364.990000	1019.000000
364.995000	1286.000000
365.000000	1668.000000
365.005000	2739.000000
365.010000	4785.000000
365.015000	5621.000000
365.020000	7034.000000
365.025000	8717.000000
365.030000	12785.000000
365.035000	14235.000000
365.040000	16726.000000
365.045000	26047.000000
365.050000	48945.000000
365.055000	74176.000000
365.060000	116956.000000
365.065000	68181.000000
365.070000	36771.000000
365.075000	17565.000000
365.080000	10138.000000
365.085000	6679.000000
365.090000	3762.000000
365.095000	2438.000000
365.100000	1650.000000
365.105000	1600.000000
365.110000	1340.000000
365.115000	1202.000000
365.120000	978.000000
365.125000	1033.000000
365.130000	945.000000
365.135000	954.000000
365.140000	875.000000
365.145000	910.000000
365.150000	810.000000
365.155000	716.000000
365.160000	724.000000
365.165000	795.000000
365.170000	749.000000
365.175000	862.000000
365.180000	848.000000
365.185000	845.000000
365.190000	757.000000
365.195000	764.000000
365.200000	646.000000
