Sample ID:		None
Start Time:		Thu Jun 18 2020 9:57:32 PM
Averaging Time:		1.000s

364.800000	4582.000000
364.805000	3691.000000
364.810000	3037.000000
364.815000	3119.000000
364.820000	2940.000000
364.825000	2689.000000
364.830000	2358.000000
364.835000	2071.000000
364.840000	2095.000000
364.845000	2069.000000
364.850000	1888.000000
364.855000	1695.000000
364.860000	1572.000000
364.865000	1294.000000
364.870000	1330.000000
364.875000	1421.000000
364.880000	1205.000000
364.885000	1162.000000
364.890000	1094.000000
364.895000	1193.000000
364.900000	1098.000000
364.905000	968.000000
364.910000	865.000000
364.915000	921.000000
364.920000	764.000000
364.925000	741.000000
364.930000	785.000000
364.935000	680.000000
364.940000	684.000000
364.945000	860.000000
364.950000	915.000000
364.955000	901.000000
364.960000	734.000000
364.965000	858.000000
364.970000	746.000000
364.975000	899.000000
364.980000	753.000000
364.985000	781.000000
364.990000	750.000000
364.995000	688.000000
365.000000	747.000000
365.005000	574.000000
365.010000	690.000000
365.015000	576.000000
365.020000	705.000000
365.025000	662.000000
365.030000	669.000000
365.035000	612.000000
365.040000	708.000000
365.045000	695.000000
365.050000	566.000000
365.055000	875.000000
365.060000	707.000000
365.065000	682.000000
365.070000	511.000000
365.075000	564.000000
365.080000	750.000000
365.085000	579.000000
365.090000	750.000000
365.095000	627.000000
365.100000	648.000000
365.105000	584.000000
365.110000	712.000000
365.115000	669.000000
365.120000	621.000000
365.125000	969.000000
365.130000	1134.000000
365.135000	1225.000000
365.140000	1271.000000
365.145000	2655.000000
365.150000	3626.000000
365.155000	4864.000000
365.160000	6458.000000
365.165000	8329.000000
365.170000	11023.000000
365.175000	12509.000000
365.180000	13998.000000
365.185000	24254.000000
365.190000	29494.000000
365.195000	45108.000000
365.200000	85712.000000
