Sample ID:		None
Start Time:		Thu Jun 18 2020 9:14:00 PM
Averaging Time:		1.000s

364.800000	34094.000000
364.805000	41488.000000
364.810000	55514.000000
364.815000	67442.000000
364.820000	95134.000000
364.825000	123857.000000
364.830000	304082.000000
364.835000	571930.000000
364.840000	334197.000000
364.845000	150683.000000
364.850000	82798.000000
364.855000	49793.000000
364.860000	20899.000000
364.865000	17925.000000
364.870000	11758.000000
364.875000	7671.000000
364.880000	6308.000000
364.885000	5135.000000
364.890000	4927.000000
364.895000	3997.000000
364.900000	3615.000000
364.905000	3296.000000
364.910000	2940.000000
364.915000	2887.000000
364.920000	2518.000000
364.925000	2565.000000
364.930000	2401.000000
364.935000	2074.000000
364.940000	2240.000000
364.945000	1919.000000
364.950000	1878.000000
364.955000	1794.000000
364.960000	1840.000000
364.965000	1280.000000
364.970000	1641.000000
364.975000	1200.000000
364.980000	1418.000000
364.985000	1013.000000
364.990000	1267.000000
364.995000	1025.000000
365.000000	1155.000000
365.005000	1000.000000
365.010000	879.000000
365.015000	1021.000000
365.020000	983.000000
365.025000	938.000000
365.030000	807.000000
365.035000	746.000000
365.040000	698.000000
365.045000	684.000000
365.050000	743.000000
365.055000	669.000000
365.060000	668.000000
365.065000	766.000000
365.070000	741.000000
365.075000	693.000000
365.080000	628.000000
365.085000	692.000000
365.090000	793.000000
365.095000	765.000000
365.100000	727.000000
365.105000	684.000000
365.110000	722.000000
365.115000	703.000000
365.120000	574.000000
365.125000	697.000000
365.130000	597.000000
365.135000	741.000000
365.140000	824.000000
365.145000	692.000000
365.150000	595.000000
365.155000	583.000000
365.160000	544.000000
365.165000	707.000000
365.170000	629.000000
365.175000	643.000000
365.180000	532.000000
365.185000	658.000000
365.190000	621.000000
365.195000	613.000000
365.200000	581.000000
