Sample ID:		None
Start Time:		Thu Jun 18 2020 4:15:56 PM
Averaging Time:		1.000s

364.800000	333.000000
364.805000	390.000000
364.810000	513.000000
364.815000	410.000000
364.820000	467.000000
364.825000	496.000000
364.830000	525.000000
364.835000	632.000000
364.840000	554.000000
364.845000	524.000000
364.850000	481.000000
364.855000	655.000000
364.860000	667.000000
364.865000	678.000000
364.870000	663.000000
364.875000	604.000000
364.880000	684.000000
364.885000	801.000000
364.890000	633.000000
364.895000	953.000000
364.900000	832.000000
364.905000	938.000000
364.910000	1000.000000
364.915000	1105.000000
364.920000	1087.000000
364.925000	1047.000000
364.930000	1450.000000
364.935000	1582.000000
364.940000	2038.000000
364.945000	2457.000000
364.950000	3857.000000
364.955000	5251.000000
364.960000	9337.000000
364.965000	14554.000000
364.970000	22754.000000
364.975000	32883.000000
364.980000	42817.000000
364.985000	50307.000000
364.990000	60410.000000
364.995000	71476.000000
365.000000	89436.000000
365.005000	123306.000000
365.010000	275415.000000
365.015000	599620.000000
365.020000	506806.000000
365.025000	209731.000000
365.030000	104982.000000
365.035000	57472.000000
365.040000	38307.000000
365.045000	22464.000000
365.050000	14169.000000
365.055000	9629.000000
365.060000	7607.000000
365.065000	6152.000000
365.070000	5236.000000
365.075000	4236.000000
365.080000	3721.000000
365.085000	4154.000000
365.090000	3383.000000
365.095000	3128.000000
365.100000	3086.000000
365.105000	3068.000000
365.110000	2630.000000
365.115000	2275.000000
365.120000	2371.000000
365.125000	2142.000000
365.130000	2126.000000
365.135000	2094.000000
365.140000	1639.000000
365.145000	1739.000000
365.150000	1596.000000
365.155000	1504.000000
365.160000	1388.000000
365.165000	1216.000000
365.170000	1186.000000
365.175000	1377.000000
365.180000	970.000000
365.185000	1035.000000
365.190000	951.000000
365.195000	1038.000000
365.200000	962.000000
