Sample ID:		None
Start Time:		Thu Jun 18 2020 6:06:26 PM
Averaging Time:		1.000s

364.800000	444.000000
364.805000	429.000000
364.810000	476.000000
364.815000	453.000000
364.820000	663.000000
364.825000	420.000000
364.830000	568.000000
364.835000	453.000000
364.840000	526.000000
364.845000	600.000000
364.850000	544.000000
364.855000	594.000000
364.860000	562.000000
364.865000	550.000000
364.870000	720.000000
364.875000	748.000000
364.880000	725.000000
364.885000	928.000000
364.890000	791.000000
364.895000	1008.000000
364.900000	1185.000000
364.905000	1128.000000
364.910000	1472.000000
364.915000	2005.000000
364.920000	2259.000000
364.925000	3398.000000
364.930000	4845.000000
364.935000	8018.000000
364.940000	16044.000000
364.945000	20950.000000
364.950000	29111.000000
364.955000	37604.000000
364.960000	48979.000000
364.965000	56754.000000
364.970000	65427.000000
364.975000	85862.000000
364.980000	121181.000000
364.985000	200200.000000
364.990000	534052.000000
364.995000	460837.000000
365.000000	165788.000000
365.005000	100634.000000
365.010000	57176.000000
365.015000	33614.000000
365.020000	21619.000000
365.025000	12805.000000
365.030000	9674.000000
365.035000	6861.000000
365.040000	6017.000000
365.045000	4903.000000
365.050000	4090.000000
365.055000	3920.000000
365.060000	3478.000000
365.065000	3336.000000
365.070000	3077.000000
365.075000	2892.000000
365.080000	2559.000000
365.085000	2322.000000
365.090000	2141.000000
365.095000	1966.000000
365.100000	1886.000000
365.105000	1832.000000
365.110000	1745.000000
365.115000	1505.000000
365.120000	1737.000000
365.125000	1653.000000
365.130000	1385.000000
365.135000	1251.000000
365.140000	1219.000000
365.145000	1352.000000
365.150000	1096.000000
365.155000	1128.000000
365.160000	1277.000000
365.165000	1085.000000
365.170000	930.000000
365.175000	929.000000
365.180000	768.000000
365.185000	650.000000
365.190000	826.000000
365.195000	648.000000
365.200000	681.000000
