Sample ID:		None
Start Time:		Thu Jun 18 2020 1:47:02 PM
Averaging Time:		1.000s

364.800000	521.000000
364.805000	706.000000
364.810000	611.000000
364.815000	803.000000
364.820000	598.000000
364.825000	750.000000
364.830000	626.000000
364.835000	774.000000
364.840000	862.000000
364.845000	784.000000
364.850000	865.000000
364.855000	839.000000
364.860000	1090.000000
364.865000	1136.000000
364.870000	1267.000000
364.875000	1334.000000
364.880000	1655.000000
364.885000	1467.000000
364.890000	1658.000000
364.895000	1781.000000
364.900000	2710.000000
364.905000	3554.000000
364.910000	5652.000000
364.915000	8339.000000
364.920000	13967.000000
364.925000	23200.000000
364.930000	33999.000000
364.935000	44484.000000
364.940000	54899.000000
364.945000	69223.000000
364.950000	87258.000000
364.955000	98853.000000
364.960000	133944.000000
364.965000	236364.000000
364.970000	676009.000000
364.975000	663822.000000
364.980000	276118.000000
364.985000	112023.000000
364.990000	82003.000000
364.995000	50781.000000
365.000000	28305.000000
365.005000	17041.000000
365.010000	13285.000000
365.015000	10276.000000
365.020000	8232.000000
365.025000	6825.000000
365.030000	5771.000000
365.035000	5400.000000
365.040000	4852.000000
365.045000	4308.000000
365.050000	4005.000000
365.055000	4067.000000
365.060000	3586.000000
365.065000	3239.000000
365.070000	2841.000000
365.075000	2646.000000
365.080000	2497.000000
365.085000	2546.000000
365.090000	2332.000000
365.095000	2342.000000
365.100000	2036.000000
365.105000	1883.000000
365.110000	1754.000000
365.115000	1702.000000
365.120000	1510.000000
365.125000	1620.000000
365.130000	1697.000000
365.135000	1412.000000
365.140000	1414.000000
365.145000	1119.000000
365.150000	1418.000000
365.155000	1063.000000
365.160000	1231.000000
365.165000	910.000000
365.170000	1214.000000
365.175000	972.000000
365.180000	1097.000000
365.185000	1017.000000
365.190000	945.000000
365.195000	867.000000
365.200000	1116.000000
