Sample ID:		None
Start Time:		Thu Jun 18 2020 11:34:38 PM
Averaging Time:		1.000s

364.800000	774.000000
364.805000	580.000000
364.810000	547.000000
364.815000	624.000000
364.820000	823.000000
364.825000	745.000000
364.830000	715.000000
364.835000	749.000000
364.840000	624.000000
364.845000	909.000000
364.850000	712.000000
364.855000	773.000000
364.860000	701.000000
364.865000	873.000000
364.870000	970.000000
364.875000	603.000000
364.880000	574.000000
364.885000	707.000000
364.890000	659.000000
364.895000	734.000000
364.900000	725.000000
364.905000	627.000000
364.910000	627.000000
364.915000	589.000000
364.920000	602.000000
364.925000	665.000000
364.930000	796.000000
364.935000	733.000000
364.940000	723.000000
364.945000	727.000000
364.950000	522.000000
364.955000	557.000000
364.960000	737.000000
364.965000	557.000000
364.970000	681.000000
364.975000	785.000000
364.980000	715.000000
364.985000	851.000000
364.990000	769.000000
364.995000	1014.000000
365.000000	1374.000000
365.005000	1551.000000
365.010000	1987.000000
365.015000	2915.000000
365.020000	5010.000000
365.025000	6256.000000
365.030000	8156.000000
365.035000	10737.000000
365.040000	12773.000000
365.045000	14612.000000
365.050000	17997.000000
365.055000	31196.000000
365.060000	46177.000000
365.065000	105478.000000
365.070000	103258.000000
365.075000	56346.000000
365.080000	29229.000000
365.085000	10999.000000
365.090000	8935.000000
365.095000	5064.000000
365.100000	2552.000000
365.105000	2417.000000
365.110000	1837.000000
365.115000	1302.000000
365.120000	1160.000000
365.125000	1113.000000
365.130000	1117.000000
365.135000	914.000000
365.140000	995.000000
365.145000	1012.000000
365.150000	915.000000
365.155000	897.000000
365.160000	901.000000
365.165000	682.000000
365.170000	802.000000
365.175000	802.000000
365.180000	861.000000
365.185000	699.000000
365.190000	757.000000
365.195000	995.000000
365.200000	713.000000
