Sample ID:		None
Start Time:		Thu Jun 18 2020 4:52:46 PM
Averaging Time:		1.000s

364.800000	402.000000
364.805000	606.000000
364.810000	433.000000
364.815000	425.000000
364.820000	433.000000
364.825000	443.000000
364.830000	590.000000
364.835000	496.000000
364.840000	351.000000
364.845000	592.000000
364.850000	529.000000
364.855000	495.000000
364.860000	550.000000
364.865000	678.000000
364.870000	723.000000
364.875000	529.000000
364.880000	632.000000
364.885000	694.000000
364.890000	682.000000
364.895000	861.000000
364.900000	886.000000
364.905000	959.000000
364.910000	875.000000
364.915000	1082.000000
364.920000	941.000000
364.925000	1177.000000
364.930000	1455.000000
364.935000	1874.000000
364.940000	1959.000000
364.945000	2570.000000
364.950000	3330.000000
364.955000	6422.000000
364.960000	9493.000000
364.965000	15620.000000
364.970000	23174.000000
364.975000	33327.000000
364.980000	41625.000000
364.985000	50875.000000
364.990000	61458.000000
364.995000	80206.000000
365.000000	94571.000000
365.005000	129430.000000
365.010000	301671.000000
365.015000	583279.000000
365.020000	395780.000000
365.025000	155963.000000
365.030000	87874.000000
365.035000	52598.000000
365.040000	32216.000000
365.045000	19511.000000
365.050000	12104.000000
365.055000	8511.000000
365.060000	6540.000000
365.065000	5944.000000
365.070000	5058.000000
365.075000	4181.000000
365.080000	3971.000000
365.085000	3730.000000
365.090000	3613.000000
365.095000	2913.000000
365.100000	2986.000000
365.105000	2699.000000
365.110000	2535.000000
365.115000	2547.000000
365.120000	1984.000000
365.125000	1924.000000
365.130000	1740.000000
365.135000	2039.000000
365.140000	1869.000000
365.145000	1585.000000
365.150000	1735.000000
365.155000	1441.000000
365.160000	1361.000000
365.165000	1221.000000
365.170000	1089.000000
365.175000	1267.000000
365.180000	1197.000000
365.185000	1120.000000
365.190000	1094.000000
365.195000	1138.000000
365.200000	991.000000
