Sample ID:		None
Start Time:		Thu Jun 18 2020 5:12:51 PM
Averaging Time:		1.000s

364.800000	459.000000
364.805000	383.000000
364.810000	417.000000
364.815000	585.000000
364.820000	524.000000
364.825000	381.000000
364.830000	575.000000
364.835000	512.000000
364.840000	481.000000
364.845000	558.000000
364.850000	602.000000
364.855000	511.000000
364.860000	607.000000
364.865000	635.000000
364.870000	773.000000
364.875000	764.000000
364.880000	591.000000
364.885000	639.000000
364.890000	666.000000
364.895000	881.000000
364.900000	756.000000
364.905000	800.000000
364.910000	1056.000000
364.915000	1118.000000
364.920000	1244.000000
364.925000	1492.000000
364.930000	1510.000000
364.935000	2188.000000
364.940000	2821.000000
364.945000	4763.000000
364.950000	7819.000000
364.955000	13444.000000
364.960000	20678.000000
364.965000	28806.000000
364.970000	41423.000000
364.975000	48165.000000
364.980000	55309.000000
364.985000	65321.000000
364.990000	95096.000000
364.995000	120319.000000
365.000000	207790.000000
365.005000	571138.000000
365.010000	473041.000000
365.015000	180799.000000
365.020000	96735.000000
365.025000	56812.000000
365.030000	35450.000000
365.035000	20451.000000
365.040000	13689.000000
365.045000	9233.000000
365.050000	7151.000000
365.055000	5753.000000
365.060000	5051.000000
365.065000	4293.000000
365.070000	3855.000000
365.075000	3461.000000
365.080000	3145.000000
365.085000	2959.000000
365.090000	2862.000000
365.095000	2567.000000
365.100000	2455.000000
365.105000	2164.000000
365.110000	2046.000000
365.115000	1941.000000
365.120000	1802.000000
365.125000	1868.000000
365.130000	1827.000000
365.135000	1835.000000
365.140000	1678.000000
365.145000	1531.000000
365.150000	1455.000000
365.155000	1266.000000
365.160000	1165.000000
365.165000	1123.000000
365.170000	1022.000000
365.175000	1029.000000
365.180000	1018.000000
365.185000	898.000000
365.190000	775.000000
365.195000	983.000000
365.200000	781.000000
