Sample ID:		None
Start Time:		Thu Jun 18 2020 1:00:07 PM
Averaging Time:		1.000s

364.800000	465.000000
364.805000	525.000000
364.810000	545.000000
364.815000	597.000000
364.820000	643.000000
364.825000	788.000000
364.830000	588.000000
364.835000	671.000000
364.840000	807.000000
364.845000	824.000000
364.850000	725.000000
364.855000	736.000000
364.860000	861.000000
364.865000	815.000000
364.870000	915.000000
364.875000	864.000000
364.880000	910.000000
364.885000	1207.000000
364.890000	1307.000000
364.895000	1271.000000
364.900000	1319.000000
364.905000	1611.000000
364.910000	1985.000000
364.915000	1983.000000
364.920000	2340.000000
364.925000	3392.000000
364.930000	4401.000000
364.935000	7651.000000
364.940000	12002.000000
364.945000	20545.000000
364.950000	29781.000000
364.955000	41328.000000
364.960000	51165.000000
364.965000	62834.000000
364.970000	76868.000000
364.975000	94513.000000
364.980000	122641.000000
364.985000	207109.000000
364.990000	547783.000000
364.995000	678447.000000
365.000000	324666.000000
365.005000	147132.000000
365.010000	83959.000000
365.015000	51794.000000
365.020000	29832.000000
365.025000	19666.000000
365.030000	12395.000000
365.035000	9171.000000
365.040000	8221.000000
365.045000	6594.000000
365.050000	6574.000000
365.055000	5028.000000
365.060000	5172.000000
365.065000	4186.000000
365.070000	4236.000000
365.075000	3922.000000
365.080000	3614.000000
365.085000	3352.000000
365.090000	3139.000000
365.095000	2827.000000
365.100000	2527.000000
365.105000	2533.000000
365.110000	2264.000000
365.115000	2534.000000
365.120000	2108.000000
365.125000	2355.000000
365.130000	1602.000000
365.135000	1769.000000
365.140000	1525.000000
365.145000	1619.000000
365.150000	1595.000000
365.155000	1573.000000
365.160000	1424.000000
365.165000	1342.000000
365.170000	1253.000000
365.175000	1167.000000
365.180000	1123.000000
365.185000	1059.000000
365.190000	860.000000
365.195000	1008.000000
365.200000	1119.000000
