Sample ID:		None
Start Time:		Thu Jun 18 2020 11:40:18 AM
Averaging Time:		1.000s

364.800000	1254.000000
364.805000	1784.000000
364.810000	1794.000000
364.815000	2271.000000
364.820000	3382.000000
364.825000	4903.000000
364.830000	10809.000000
364.835000	13169.000000
364.840000	22100.000000
364.845000	32499.000000
364.850000	45440.000000
364.855000	56166.000000
364.860000	70302.000000
364.865000	82643.000000
364.870000	107098.000000
364.875000	155871.000000
364.880000	305566.000000
364.885000	705706.000000
364.890000	484658.000000
364.895000	212264.000000
364.900000	122921.000000
364.905000	71902.000000
364.910000	30759.000000
364.915000	24090.000000
364.920000	17531.000000
364.925000	11583.000000
364.930000	8862.000000
364.935000	8022.000000
364.940000	6830.000000
364.945000	5726.000000
364.950000	5172.000000
364.955000	4447.000000
364.960000	4285.000000
364.965000	4135.000000
364.970000	4007.000000
364.975000	3778.000000
364.980000	2902.000000
364.985000	2973.000000
364.990000	2860.000000
364.995000	2639.000000
365.000000	2407.000000
365.005000	2258.000000
365.010000	2130.000000
365.015000	1987.000000
365.020000	2003.000000
365.025000	1818.000000
365.030000	1673.000000
365.035000	1620.000000
365.040000	1508.000000
365.045000	1599.000000
365.050000	1708.000000
365.055000	1314.000000
365.060000	1311.000000
365.065000	1418.000000
365.070000	1114.000000
365.075000	1232.000000
365.080000	1227.000000
365.085000	860.000000
365.090000	962.000000
365.095000	1061.000000
365.100000	1260.000000
365.105000	1065.000000
365.110000	1160.000000
365.115000	1290.000000
365.120000	1153.000000
365.125000	899.000000
365.130000	940.000000
365.135000	899.000000
365.140000	977.000000
365.145000	841.000000
365.150000	919.000000
365.155000	860.000000
365.160000	702.000000
365.165000	856.000000
365.170000	914.000000
365.175000	688.000000
365.180000	845.000000
365.185000	794.000000
365.190000	916.000000
365.195000	896.000000
365.200000	966.000000
