Sample ID:		None
Start Time:		Thu Jun 18 2020 11:50:21 AM
Averaging Time:		1.000s

364.800000	2048.000000
364.805000	2518.000000
364.810000	3659.000000
364.815000	5891.000000
364.820000	9607.000000
364.825000	15101.000000
364.830000	24568.000000
364.835000	39136.000000
364.840000	47631.000000
364.845000	58069.000000
364.850000	73718.000000
364.855000	91278.000000
364.860000	108363.000000
364.865000	157019.000000
364.870000	358122.000000
364.875000	730662.000000
364.880000	522253.000000
364.885000	196872.000000
364.890000	104572.000000
364.895000	64803.000000
364.900000	33073.000000
364.905000	23693.000000
364.910000	15307.000000
364.915000	11200.000000
364.920000	8496.000000
364.925000	7760.000000
364.930000	6175.000000
364.935000	5287.000000
364.940000	4960.000000
364.945000	4618.000000
364.950000	4140.000000
364.955000	3799.000000
364.960000	3763.000000
364.965000	3687.000000
364.970000	3033.000000
364.975000	2878.000000
364.980000	2722.000000
364.985000	2681.000000
364.990000	2365.000000
364.995000	2233.000000
365.000000	2410.000000
365.005000	2169.000000
365.010000	1645.000000
365.015000	2108.000000
365.020000	1633.000000
365.025000	1616.000000
365.030000	1466.000000
365.035000	1358.000000
365.040000	1346.000000
365.045000	1181.000000
365.050000	1071.000000
365.055000	1165.000000
365.060000	1109.000000
365.065000	1095.000000
365.070000	1201.000000
365.075000	905.000000
365.080000	891.000000
365.085000	964.000000
365.090000	1201.000000
365.095000	1051.000000
365.100000	1076.000000
365.105000	1029.000000
365.110000	966.000000
365.115000	864.000000
365.120000	1028.000000
365.125000	963.000000
365.130000	1180.000000
365.135000	1089.000000
365.140000	814.000000
365.145000	922.000000
365.150000	938.000000
365.155000	886.000000
365.160000	914.000000
365.165000	922.000000
365.170000	910.000000
365.175000	899.000000
365.180000	1097.000000
365.185000	785.000000
365.190000	970.000000
365.195000	628.000000
365.200000	935.000000
