Sample ID:		None
Start Time:		Thu Jun 18 2020 2:57:24 PM
Averaging Time:		1.000s

364.800000	553.000000
364.805000	746.000000
364.810000	582.000000
364.815000	782.000000
364.820000	673.000000
364.825000	777.000000
364.830000	994.000000
364.835000	862.000000
364.840000	728.000000
364.845000	753.000000
364.850000	805.000000
364.855000	895.000000
364.860000	803.000000
364.865000	1222.000000
364.870000	1097.000000
364.875000	1352.000000
364.880000	1337.000000
364.885000	1640.000000
364.890000	1676.000000
364.895000	2032.000000
364.900000	2642.000000
364.905000	4615.000000
364.910000	6005.000000
364.915000	9677.000000
364.920000	16987.000000
364.925000	26082.000000
364.930000	34623.000000
364.935000	44789.000000
364.940000	58519.000000
364.945000	68342.000000
364.950000	88224.000000
364.955000	104386.000000
364.960000	155939.000000
364.965000	331921.000000
364.970000	679457.000000
364.975000	483494.000000
364.980000	181589.000000
364.985000	107377.000000
364.990000	65757.000000
364.995000	39508.000000
365.000000	23963.000000
365.005000	14466.000000
365.010000	11764.000000
365.015000	8631.000000
365.020000	6652.000000
365.025000	5868.000000
365.030000	4894.000000
365.035000	4967.000000
365.040000	4646.000000
365.045000	4197.000000
365.050000	3913.000000
365.055000	3523.000000
365.060000	3224.000000
365.065000	3033.000000
365.070000	2894.000000
365.075000	2693.000000
365.080000	2683.000000
365.085000	2357.000000
365.090000	2261.000000
365.095000	2169.000000
365.100000	1888.000000
365.105000	1992.000000
365.110000	1663.000000
365.115000	1448.000000
365.120000	1563.000000
365.125000	1478.000000
365.130000	1543.000000
365.135000	1435.000000
365.140000	1203.000000
365.145000	1082.000000
365.150000	1249.000000
365.155000	895.000000
365.160000	1049.000000
365.165000	900.000000
365.170000	1070.000000
365.175000	1054.000000
365.180000	882.000000
365.185000	1183.000000
365.190000	1035.000000
365.195000	852.000000
365.200000	973.000000
