Sample ID:		None
Start Time:		Thu Jun 18 2020 6:56:40 PM
Averaging Time:		1.000s

364.800000	407.000000
364.805000	446.000000
364.810000	575.000000
364.815000	456.000000
364.820000	460.000000
364.825000	439.000000
364.830000	582.000000
364.835000	680.000000
364.840000	671.000000
364.845000	795.000000
364.850000	691.000000
364.855000	711.000000
364.860000	747.000000
364.865000	649.000000
364.870000	901.000000
364.875000	1084.000000
364.880000	965.000000
364.885000	981.000000
364.890000	1150.000000
364.895000	1433.000000
364.900000	1830.000000
364.905000	2417.000000
364.910000	2983.000000
364.915000	4633.000000
364.920000	7711.000000
364.925000	13346.000000
364.930000	19689.000000
364.935000	28633.000000
364.940000	35622.000000
364.945000	46809.000000
364.950000	55432.000000
364.955000	64071.000000
364.960000	81812.000000
364.965000	117603.000000
364.970000	202825.000000
364.975000	514823.000000
364.980000	489892.000000
364.985000	198973.000000
364.990000	107265.000000
364.995000	62918.000000
365.000000	35721.000000
365.005000	21056.000000
365.010000	13640.000000
365.015000	9946.000000
365.020000	6477.000000
365.025000	6012.000000
365.030000	4627.000000
365.035000	3893.000000
365.040000	3501.000000
365.045000	3290.000000
365.050000	3066.000000
365.055000	3033.000000
365.060000	3152.000000
365.065000	2523.000000
365.070000	2497.000000
365.075000	2048.000000
365.080000	2314.000000
365.085000	1891.000000
365.090000	1974.000000
365.095000	1780.000000
365.100000	1555.000000
365.105000	1507.000000
365.110000	1765.000000
365.115000	1295.000000
365.120000	1335.000000
365.125000	1265.000000
365.130000	1110.000000
365.135000	1171.000000
365.140000	1114.000000
365.145000	781.000000
365.150000	854.000000
365.155000	909.000000
365.160000	912.000000
365.165000	920.000000
365.170000	853.000000
365.175000	807.000000
365.180000	815.000000
365.185000	691.000000
365.190000	646.000000
365.195000	811.000000
365.200000	706.000000
