Sample ID:		None
Start Time:		Thu Jun 18 2020 11:20:12 AM
Averaging Time:		1.000s

364.800000	929.000000
364.805000	873.000000
364.810000	1211.000000
364.815000	1014.000000
364.820000	1017.000000
364.825000	1374.000000
364.830000	1494.000000
364.835000	1612.000000
364.840000	1749.000000
364.845000	1970.000000
364.850000	2677.000000
364.855000	3421.000000
364.860000	5914.000000
364.865000	8600.000000
364.870000	14398.000000
364.875000	22364.000000
364.880000	32404.000000
364.885000	43706.000000
364.890000	55785.000000
364.895000	71499.000000
364.900000	90525.000000
364.905000	104967.000000
364.910000	147316.000000
364.915000	380803.000000
364.920000	677946.000000
364.925000	595031.000000
364.930000	240572.000000
364.935000	122304.000000
364.940000	74248.000000
364.945000	44618.000000
364.950000	26876.000000
364.955000	16488.000000
364.960000	12051.000000
364.965000	9682.000000
364.970000	7906.000000
364.975000	6678.000000
364.980000	5937.000000
364.985000	5229.000000
364.990000	4742.000000
364.995000	4431.000000
365.000000	3871.000000
365.005000	3709.000000
365.010000	3547.000000
365.015000	3220.000000
365.020000	2999.000000
365.025000	2639.000000
365.030000	2758.000000
365.035000	2675.000000
365.040000	2509.000000
365.045000	2114.000000
365.050000	2389.000000
365.055000	1917.000000
365.060000	1760.000000
365.065000	1669.000000
365.070000	1513.000000
365.075000	1691.000000
365.080000	1476.000000
365.085000	1366.000000
365.090000	1281.000000
365.095000	1387.000000
365.100000	1416.000000
365.105000	1091.000000
365.110000	1089.000000
365.115000	982.000000
365.120000	1126.000000
365.125000	966.000000
365.130000	1117.000000
365.135000	1282.000000
365.140000	869.000000
365.145000	987.000000
365.150000	1134.000000
365.155000	1068.000000
365.160000	938.000000
365.165000	926.000000
365.170000	1058.000000
365.175000	1104.000000
365.180000	935.000000
365.185000	974.000000
365.190000	1112.000000
365.195000	1030.000000
365.200000	1006.000000
