Sample ID:		None
Start Time:		Thu Jun 18 2020 6:19:50 PM
Averaging Time:		1.000s

364.800000	439.000000
364.805000	563.000000
364.810000	535.000000
364.815000	616.000000
364.820000	510.000000
364.825000	552.000000
364.830000	498.000000
364.835000	503.000000
364.840000	674.000000
364.845000	690.000000
364.850000	712.000000
364.855000	757.000000
364.860000	584.000000
364.865000	719.000000
364.870000	732.000000
364.875000	922.000000
364.880000	922.000000
364.885000	1010.000000
364.890000	1053.000000
364.895000	1090.000000
364.900000	1070.000000
364.905000	1360.000000
364.910000	1936.000000
364.915000	2616.000000
364.920000	3129.000000
364.925000	5573.000000
364.930000	9016.000000
364.935000	13662.000000
364.940000	22094.000000
364.945000	29801.000000
364.950000	38640.000000
364.955000	48837.000000
364.960000	56548.000000
364.965000	71873.000000
364.970000	88339.000000
364.975000	116923.000000
364.980000	274437.000000
364.985000	569352.000000
364.990000	376584.000000
364.995000	174345.000000
365.000000	86092.000000
365.005000	52612.000000
365.010000	28958.000000
365.015000	20440.000000
365.020000	12251.000000
365.025000	9236.000000
365.030000	6481.000000
365.035000	5447.000000
365.040000	4730.000000
365.045000	4284.000000
365.050000	3625.000000
365.055000	3720.000000
365.060000	3388.000000
365.065000	2908.000000
365.070000	2813.000000
365.075000	2548.000000
365.080000	2299.000000
365.085000	2156.000000
365.090000	2148.000000
365.095000	2084.000000
365.100000	1860.000000
365.105000	1979.000000
365.110000	1772.000000
365.115000	1531.000000
365.120000	1527.000000
365.125000	1419.000000
365.130000	1241.000000
365.135000	1135.000000
365.140000	1113.000000
365.145000	982.000000
365.150000	1129.000000
365.155000	1170.000000
365.160000	1155.000000
365.165000	921.000000
365.170000	896.000000
365.175000	977.000000
365.180000	804.000000
365.185000	816.000000
365.190000	679.000000
365.195000	715.000000
365.200000	578.000000
