Sample ID:		None
Start Time:		Thu Jun 18 2020 12:07:05 PM
Averaging Time:		1.000s

364.800000	3614.000000
364.805000	5023.000000
364.810000	10513.000000
364.815000	17702.000000
364.820000	28883.000000
364.825000	41099.000000
364.830000	48963.000000
364.835000	63875.000000
364.840000	77050.000000
364.845000	91064.000000
364.850000	117293.000000
364.855000	190732.000000
364.860000	537963.000000
364.865000	719919.000000
364.870000	387383.000000
364.875000	164182.000000
364.880000	95586.000000
364.885000	56764.000000
364.890000	33814.000000
364.895000	20010.000000
364.900000	14590.000000
364.905000	10374.000000
364.910000	8624.000000
364.915000	7153.000000
364.920000	5926.000000
364.925000	5574.000000
364.930000	5442.000000
364.935000	4875.000000
364.940000	4258.000000
364.945000	4030.000000
364.950000	3532.000000
364.955000	3477.000000
364.960000	3185.000000
364.965000	3100.000000
364.970000	2695.000000
364.975000	2659.000000
364.980000	2468.000000
364.985000	2174.000000
364.990000	2023.000000
364.995000	1963.000000
365.000000	1761.000000
365.005000	1978.000000
365.010000	1709.000000
365.015000	1556.000000
365.020000	1718.000000
365.025000	1395.000000
365.030000	1364.000000
365.035000	1255.000000
365.040000	1450.000000
365.045000	1044.000000
365.050000	1093.000000
365.055000	893.000000
365.060000	1063.000000
365.065000	883.000000
365.070000	953.000000
365.075000	1063.000000
365.080000	1037.000000
365.085000	969.000000
365.090000	1163.000000
365.095000	1104.000000
365.100000	996.000000
365.105000	1003.000000
365.110000	929.000000
365.115000	1080.000000
365.120000	1023.000000
365.125000	1020.000000
365.130000	907.000000
365.135000	1040.000000
365.140000	991.000000
365.145000	840.000000
365.150000	987.000000
365.155000	845.000000
365.160000	728.000000
365.165000	954.000000
365.170000	948.000000
365.175000	1022.000000
365.180000	858.000000
365.185000	956.000000
365.190000	768.000000
365.195000	805.000000
365.200000	705.000000
