Sample ID:		None
Start Time:		Thu Jun 18 2020 7:03:22 PM
Averaging Time:		1.000s

364.800000	457.000000
364.805000	455.000000
364.810000	426.000000
364.815000	564.000000
364.820000	558.000000
364.825000	471.000000
364.830000	529.000000
364.835000	558.000000
364.840000	609.000000
364.845000	663.000000
364.850000	596.000000
364.855000	736.000000
364.860000	759.000000
364.865000	840.000000
364.870000	909.000000
364.875000	820.000000
364.880000	980.000000
364.885000	1313.000000
364.890000	1493.000000
364.895000	1448.000000
364.900000	2021.000000
364.905000	2434.000000
364.910000	3797.000000
364.915000	5840.000000
364.920000	10037.000000
364.925000	16346.000000
364.930000	24018.000000
364.935000	31215.000000
364.940000	41191.000000
364.945000	51568.000000
364.950000	65552.000000
364.955000	73491.000000
364.960000	93918.000000
364.965000	142991.000000
364.970000	534401.000000
364.975000	582484.000000
364.980000	292260.000000
364.985000	120156.000000
364.990000	75487.000000
364.995000	46449.000000
365.000000	27977.000000
365.005000	16629.000000
365.010000	11432.000000
365.015000	8261.000000
365.020000	6742.000000
365.025000	5666.000000
365.030000	4534.000000
365.035000	3821.000000
365.040000	3779.000000
365.045000	3530.000000
365.050000	2771.000000
365.055000	3013.000000
365.060000	2365.000000
365.065000	2595.000000
365.070000	2483.000000
365.075000	2176.000000
365.080000	1830.000000
365.085000	2039.000000
365.090000	1656.000000
365.095000	1952.000000
365.100000	1874.000000
365.105000	1418.000000
365.110000	1305.000000
365.115000	1466.000000
365.120000	1226.000000
365.125000	1370.000000
365.130000	1140.000000
365.135000	1191.000000
365.140000	1168.000000
365.145000	1131.000000
365.150000	868.000000
365.155000	838.000000
365.160000	824.000000
365.165000	806.000000
365.170000	733.000000
365.175000	720.000000
365.180000	728.000000
365.185000	729.000000
365.190000	682.000000
365.195000	610.000000
365.200000	669.000000
