Sample ID:		None
Start Time:		Thu Jun 18 2020 12:29:58 PM
Averaging Time:		1.000s

364.800000	457.000000
364.805000	528.000000
364.810000	492.000000
364.815000	491.000000
364.820000	574.000000
364.825000	423.000000
364.830000	571.000000
364.835000	654.000000
364.840000	487.000000
364.845000	653.000000
364.850000	711.000000
364.855000	741.000000
364.860000	697.000000
364.865000	826.000000
364.870000	956.000000
364.875000	787.000000
364.880000	937.000000
364.885000	770.000000
364.890000	865.000000
364.895000	902.000000
364.900000	977.000000
364.905000	1235.000000
364.910000	1265.000000
364.915000	1155.000000
364.920000	1337.000000
364.925000	1937.000000
364.930000	2038.000000
364.935000	2150.000000
364.940000	2968.000000
364.945000	4850.000000
364.950000	6659.000000
364.955000	10678.000000
364.960000	18446.000000
364.965000	25801.000000
364.970000	40109.000000
364.975000	46306.000000
364.980000	59651.000000
364.985000	79835.000000
364.990000	91141.000000
364.995000	112868.000000
365.000000	175163.000000
365.005000	573954.000000
365.010000	718562.000000
365.015000	427538.000000
365.020000	173657.000000
365.025000	94251.000000
365.030000	51753.000000
365.035000	34139.000000
365.040000	20690.000000
365.045000	14006.000000
365.050000	10058.000000
365.055000	8374.000000
365.060000	7840.000000
365.065000	6023.000000
365.070000	5631.000000
365.075000	5238.000000
365.080000	4429.000000
365.085000	4314.000000
365.090000	3652.000000
365.095000	3386.000000
365.100000	3060.000000
365.105000	2915.000000
365.110000	3017.000000
365.115000	2516.000000
365.120000	2515.000000
365.125000	2485.000000
365.130000	2577.000000
365.135000	1919.000000
365.140000	1838.000000
365.145000	1729.000000
365.150000	1695.000000
365.155000	1884.000000
365.160000	1627.000000
365.165000	1546.000000
365.170000	1305.000000
365.175000	1331.000000
365.180000	1349.000000
365.185000	1282.000000
365.190000	1110.000000
365.195000	1083.000000
365.200000	1155.000000
