Sample ID:		None
Start Time:		Thu Jun 18 2020 6:23:11 PM
Averaging Time:		1.000s

364.800000	498.000000
364.805000	417.000000
364.810000	422.000000
364.815000	545.000000
364.820000	476.000000
364.825000	505.000000
364.830000	600.000000
364.835000	571.000000
364.840000	551.000000
364.845000	590.000000
364.850000	783.000000
364.855000	671.000000
364.860000	626.000000
364.865000	597.000000
364.870000	942.000000
364.875000	818.000000
364.880000	681.000000
364.885000	859.000000
364.890000	841.000000
364.895000	1169.000000
364.900000	1231.000000
364.905000	1565.000000
364.910000	1882.000000
364.915000	2619.000000
364.920000	4068.000000
364.925000	5767.000000
364.930000	9813.000000
364.935000	15211.000000
364.940000	23530.000000
364.945000	29637.000000
364.950000	38835.000000
364.955000	48712.000000
364.960000	59619.000000
364.965000	69981.000000
364.970000	91309.000000
364.975000	127195.000000
364.980000	309811.000000
364.985000	574807.000000
364.990000	403120.000000
364.995000	135806.000000
365.000000	76197.000000
365.005000	57206.000000
365.010000	33973.000000
365.015000	20249.000000
365.020000	12999.000000
365.025000	9590.000000
365.030000	6809.000000
365.035000	5987.000000
365.040000	4834.000000
365.045000	4382.000000
365.050000	4159.000000
365.055000	3801.000000
365.060000	3270.000000
365.065000	2980.000000
365.070000	2611.000000
365.075000	2520.000000
365.080000	2312.000000
365.085000	2590.000000
365.090000	2143.000000
365.095000	1816.000000
365.100000	1897.000000
365.105000	1773.000000
365.110000	1716.000000
365.115000	1572.000000
365.120000	1246.000000
365.125000	1518.000000
365.130000	1276.000000
365.135000	1167.000000
365.140000	1140.000000
365.145000	1031.000000
365.150000	1290.000000
365.155000	1045.000000
365.160000	934.000000
365.165000	1015.000000
365.170000	986.000000
365.175000	827.000000
365.180000	1038.000000
365.185000	752.000000
365.190000	788.000000
365.195000	762.000000
365.200000	751.000000
