Sample ID:		None
Start Time:		Thu Jun 18 2020 1:10:10 PM
Averaging Time:		1.000s

364.800000	538.000000
364.805000	557.000000
364.810000	452.000000
364.815000	588.000000
364.820000	711.000000
364.825000	556.000000
364.830000	563.000000
364.835000	628.000000
364.840000	709.000000
364.845000	702.000000
364.850000	579.000000
364.855000	795.000000
364.860000	754.000000
364.865000	638.000000
364.870000	758.000000
364.875000	913.000000
364.880000	799.000000
364.885000	1341.000000
364.890000	1204.000000
364.895000	1231.000000
364.900000	1204.000000
364.905000	1318.000000
364.910000	1515.000000
364.915000	1865.000000
364.920000	2544.000000
364.925000	3858.000000
364.930000	5028.000000
364.935000	8616.000000
364.940000	13207.000000
364.945000	21271.000000
364.950000	29875.000000
364.955000	40289.000000
364.960000	53490.000000
364.965000	69335.000000
364.970000	76083.000000
364.975000	95138.000000
364.980000	127616.000000
364.985000	329508.000000
364.990000	550598.000000
364.995000	680337.000000
365.000000	228038.000000
365.005000	122818.000000
365.010000	86963.000000
365.015000	49815.000000
365.020000	25408.000000
365.025000	19313.000000
365.030000	14055.000000
365.035000	10254.000000
365.040000	8488.000000
365.045000	6440.000000
365.050000	5918.000000
365.055000	5288.000000
365.060000	4932.000000
365.065000	4409.000000
365.070000	4218.000000
365.075000	3759.000000
365.080000	3226.000000
365.085000	3019.000000
365.090000	2938.000000
365.095000	2661.000000
365.100000	2445.000000
365.105000	2392.000000
365.110000	2858.000000
365.115000	2319.000000
365.120000	2115.000000
365.125000	1816.000000
365.130000	1874.000000
365.135000	1655.000000
365.140000	1836.000000
365.145000	1563.000000
365.150000	1643.000000
365.155000	1417.000000
365.160000	1458.000000
365.165000	1348.000000
365.170000	1281.000000
365.175000	1083.000000
365.180000	1072.000000
365.185000	1245.000000
365.190000	967.000000
365.195000	1023.000000
365.200000	964.000000
