Sample ID:		None
Start Time:		Thu Jun 18 2020 5:49:41 PM
Averaging Time:		1.000s

364.800000	425.000000
364.805000	394.000000
364.810000	438.000000
364.815000	474.000000
364.820000	487.000000
364.825000	337.000000
364.830000	494.000000
364.835000	593.000000
364.840000	549.000000
364.845000	556.000000
364.850000	613.000000
364.855000	601.000000
364.860000	693.000000
364.865000	541.000000
364.870000	640.000000
364.875000	584.000000
364.880000	750.000000
364.885000	975.000000
364.890000	832.000000
364.895000	1053.000000
364.900000	1131.000000
364.905000	1233.000000
364.910000	1118.000000
364.915000	1754.000000
364.920000	1582.000000
364.925000	2086.000000
364.930000	3026.000000
364.935000	4305.000000
364.940000	6747.000000
364.945000	11727.000000
364.950000	19205.000000
364.955000	28979.000000
364.960000	36665.000000
364.965000	46855.000000
364.970000	55853.000000
364.975000	66864.000000
364.980000	81334.000000
364.985000	110758.000000
364.990000	180265.000000
364.995000	487313.000000
365.000000	507146.000000
365.005000	204928.000000
365.010000	115840.000000
365.015000	63887.000000
365.020000	39213.000000
365.025000	24669.000000
365.030000	15610.000000
365.035000	9998.000000
365.040000	6577.000000
365.045000	6030.000000
365.050000	5050.000000
365.055000	4611.000000
365.060000	4071.000000
365.065000	3561.000000
365.070000	3271.000000
365.075000	3211.000000
365.080000	2618.000000
365.085000	3007.000000
365.090000	2517.000000
365.095000	2403.000000
365.100000	1930.000000
365.105000	2206.000000
365.110000	1769.000000
365.115000	1922.000000
365.120000	1951.000000
365.125000	1465.000000
365.130000	1558.000000
365.135000	1339.000000
365.140000	1350.000000
365.145000	1031.000000
365.150000	1435.000000
365.155000	1296.000000
365.160000	1202.000000
365.165000	1114.000000
365.170000	1143.000000
365.175000	878.000000
365.180000	840.000000
365.185000	712.000000
365.190000	764.000000
365.195000	756.000000
365.200000	699.000000
