Sample ID:		None
Start Time:		Thu Jun 18 2020 2:54:03 PM
Averaging Time:		1.000s

364.800000	640.000000
364.805000	664.000000
364.810000	724.000000
364.815000	807.000000
364.820000	862.000000
364.825000	664.000000
364.830000	691.000000
364.835000	733.000000
364.840000	859.000000
364.845000	846.000000
364.850000	718.000000
364.855000	1036.000000
364.860000	986.000000
364.865000	1278.000000
364.870000	1154.000000
364.875000	1088.000000
364.880000	1204.000000
364.885000	1647.000000
364.890000	1719.000000
364.895000	2144.000000
364.900000	2718.000000
364.905000	4101.000000
364.910000	5511.000000
364.915000	9352.000000
364.920000	14907.000000
364.925000	24828.000000
364.930000	32598.000000
364.935000	42206.000000
364.940000	57259.000000
364.945000	68308.000000
364.950000	86664.000000
364.955000	100963.000000
364.960000	138413.000000
364.965000	412510.000000
364.970000	657750.000000
364.975000	580788.000000
364.980000	227384.000000
364.985000	109732.000000
364.990000	72609.000000
364.995000	43491.000000
365.000000	25665.000000
365.005000	15216.000000
365.010000	12324.000000
365.015000	9901.000000
365.020000	7565.000000
365.025000	6238.000000
365.030000	5116.000000
365.035000	4992.000000
365.040000	4749.000000
365.045000	4404.000000
365.050000	4053.000000
365.055000	3523.000000
365.060000	3482.000000
365.065000	3045.000000
365.070000	3178.000000
365.075000	2520.000000
365.080000	2431.000000
365.085000	2220.000000
365.090000	2746.000000
365.095000	2365.000000
365.100000	1838.000000
365.105000	1798.000000
365.110000	1763.000000
365.115000	2042.000000
365.120000	1532.000000
365.125000	1505.000000
365.130000	1405.000000
365.135000	1323.000000
365.140000	1236.000000
365.145000	1033.000000
365.150000	1268.000000
365.155000	1307.000000
365.160000	978.000000
365.165000	1030.000000
365.170000	885.000000
365.175000	751.000000
365.180000	933.000000
365.185000	971.000000
365.190000	959.000000
365.195000	1121.000000
365.200000	1095.000000
