Sample ID:		None
Start Time:		Thu Jun 18 2020 8:37:09 PM
Averaging Time:		1.000s

364.800000	933.000000
364.805000	1048.000000
364.810000	1254.000000
364.815000	1252.000000
364.820000	1848.000000
364.825000	2274.000000
364.830000	4209.000000
364.835000	4836.000000
364.840000	8878.000000
364.845000	14747.000000
364.850000	21694.000000
364.855000	27316.000000
364.860000	37845.000000
364.865000	48194.000000
364.870000	58277.000000
364.875000	67028.000000
364.880000	86003.000000
364.885000	142008.000000
364.890000	371150.000000
364.895000	563548.000000
364.900000	429326.000000
364.905000	150876.000000
364.910000	84086.000000
364.915000	55696.000000
364.920000	31177.000000
364.925000	19004.000000
364.930000	12819.000000
364.935000	10012.000000
364.940000	6383.000000
364.945000	5609.000000
364.950000	4439.000000
364.955000	4215.000000
364.960000	3868.000000
364.965000	3417.000000
364.970000	3161.000000
364.975000	2727.000000
364.980000	2609.000000
364.985000	2535.000000
364.990000	2229.000000
364.995000	2291.000000
365.000000	2134.000000
365.005000	1861.000000
365.010000	1815.000000
365.015000	1798.000000
365.020000	1663.000000
365.025000	1472.000000
365.030000	1708.000000
365.035000	1421.000000
365.040000	1258.000000
365.045000	1308.000000
365.050000	1030.000000
365.055000	1136.000000
365.060000	1099.000000
365.065000	1063.000000
365.070000	1026.000000
365.075000	835.000000
365.080000	1080.000000
365.085000	805.000000
365.090000	703.000000
365.095000	625.000000
365.100000	970.000000
365.105000	825.000000
365.110000	857.000000
365.115000	742.000000
365.120000	851.000000
365.125000	805.000000
365.130000	835.000000
365.135000	642.000000
365.140000	747.000000
365.145000	751.000000
365.150000	686.000000
365.155000	710.000000
365.160000	650.000000
365.165000	573.000000
365.170000	694.000000
365.175000	678.000000
365.180000	626.000000
365.185000	672.000000
365.190000	506.000000
365.195000	698.000000
365.200000	728.000000
