Sample ID:		None
Start Time:		Thu Jun 18 2020 3:35:45 PM
Averaging Time:		1.000s

364.800000	352.000000
364.805000	386.000000
364.810000	522.000000
364.815000	559.000000
364.820000	394.000000
364.825000	473.000000
364.830000	505.000000
364.835000	552.000000
364.840000	495.000000
364.845000	608.000000
364.850000	583.000000
364.855000	556.000000
364.860000	611.000000
364.865000	534.000000
364.870000	581.000000
364.875000	592.000000
364.880000	782.000000
364.885000	588.000000
364.890000	677.000000
364.895000	613.000000
364.900000	1022.000000
364.905000	893.000000
364.910000	932.000000
364.915000	1006.000000
364.920000	1182.000000
364.925000	1069.000000
364.930000	1401.000000
364.935000	1721.000000
364.940000	1671.000000
364.945000	2318.000000
364.950000	3184.000000
364.955000	5403.000000
364.960000	7171.000000
364.965000	13055.000000
364.970000	19527.000000
364.975000	28813.000000
364.980000	41047.000000
364.985000	48085.000000
364.990000	59168.000000
364.995000	70738.000000
365.000000	89205.000000
365.005000	118073.000000
365.010000	261326.000000
365.015000	620678.000000
365.020000	537681.000000
365.025000	211750.000000
365.030000	107144.000000
365.035000	58604.000000
365.040000	38657.000000
365.045000	23654.000000
365.050000	14352.000000
365.055000	9645.000000
365.060000	7756.000000
365.065000	6096.000000
365.070000	5220.000000
365.075000	5073.000000
365.080000	4082.000000
365.085000	3884.000000
365.090000	3498.000000
365.095000	3583.000000
365.100000	3043.000000
365.105000	2507.000000
365.110000	2769.000000
365.115000	2574.000000
365.120000	2530.000000
365.125000	2039.000000
365.130000	1966.000000
365.135000	2120.000000
365.140000	1813.000000
365.145000	1782.000000
365.150000	1603.000000
365.155000	1323.000000
365.160000	1501.000000
365.165000	1466.000000
365.170000	1432.000000
365.175000	1199.000000
365.180000	1097.000000
365.185000	1443.000000
365.190000	909.000000
365.195000	943.000000
365.200000	846.000000
