Sample ID:		None
Start Time:		Thu Jun 18 2020 5:22:54 PM
Averaging Time:		1.000s

364.800000	569.000000
364.805000	389.000000
364.810000	521.000000
364.815000	471.000000
364.820000	486.000000
364.825000	514.000000
364.830000	587.000000
364.835000	618.000000
364.840000	532.000000
364.845000	629.000000
364.850000	767.000000
364.855000	490.000000
364.860000	640.000000
364.865000	638.000000
364.870000	808.000000
364.875000	756.000000
364.880000	696.000000
364.885000	708.000000
364.890000	858.000000
364.895000	846.000000
364.900000	1020.000000
364.905000	809.000000
364.910000	1066.000000
364.915000	1207.000000
364.920000	1374.000000
364.925000	1870.000000
364.930000	2094.000000
364.935000	3076.000000
364.940000	4237.000000
364.945000	6170.000000
364.950000	11520.000000
364.955000	18536.000000
364.960000	24322.000000
364.965000	33133.000000
364.970000	43480.000000
364.975000	53678.000000
364.980000	62681.000000
364.985000	79268.000000
364.990000	104155.000000
364.995000	160893.000000
365.000000	408023.000000
365.005000	551221.000000
365.010000	219869.000000
365.015000	127369.000000
365.020000	71359.000000
365.025000	42823.000000
365.030000	26104.000000
365.035000	13563.000000
365.040000	10554.000000
365.045000	7968.000000
365.050000	6256.000000
365.055000	5390.000000
365.060000	4772.000000
365.065000	4265.000000
365.070000	4103.000000
365.075000	3157.000000
365.080000	2857.000000
365.085000	3117.000000
365.090000	2830.000000
365.095000	2351.000000
365.100000	2703.000000
365.105000	2118.000000
365.110000	2106.000000
365.115000	2040.000000
365.120000	1928.000000
365.125000	1720.000000
365.130000	1736.000000
365.135000	1514.000000
365.140000	1724.000000
365.145000	1404.000000
365.150000	1240.000000
365.155000	1019.000000
365.160000	1269.000000
365.165000	983.000000
365.170000	1161.000000
365.175000	871.000000
365.180000	1040.000000
365.185000	1024.000000
365.190000	1001.000000
365.195000	612.000000
365.200000	837.000000
