Sample ID:		None
Start Time:		Thu Jun 18 2020 8:30:27 PM
Averaging Time:		1.000s

364.800000	744.000000
364.805000	1080.000000
364.810000	1024.000000
364.815000	1295.000000
364.820000	1542.000000
364.825000	1436.000000
364.830000	2028.000000
364.835000	2670.000000
364.840000	4336.000000
364.845000	6945.000000
364.850000	10943.000000
364.855000	17485.000000
364.860000	25449.000000
364.865000	37045.000000
364.870000	44219.000000
364.875000	53917.000000
364.880000	65189.000000
364.885000	79170.000000
364.890000	100319.000000
364.895000	181344.000000
364.900000	473602.000000
364.905000	488610.000000
364.910000	253998.000000
364.915000	102833.000000
364.920000	53098.000000
364.925000	39917.000000
364.930000	25039.000000
364.935000	14208.000000
364.940000	10048.000000
364.945000	7354.000000
364.950000	5564.000000
364.955000	5048.000000
364.960000	4033.000000
364.965000	3385.000000
364.970000	3533.000000
364.975000	3515.000000
364.980000	2850.000000
364.985000	2576.000000
364.990000	2437.000000
364.995000	2517.000000
365.000000	1942.000000
365.005000	2025.000000
365.010000	1726.000000
365.015000	1652.000000
365.020000	1939.000000
365.025000	1479.000000
365.030000	1386.000000
365.035000	1386.000000
365.040000	1236.000000
365.045000	1152.000000
365.050000	1145.000000
365.055000	1121.000000
365.060000	1162.000000
365.065000	1097.000000
365.070000	1100.000000
365.075000	868.000000
365.080000	851.000000
365.085000	822.000000
365.090000	979.000000
365.095000	736.000000
365.100000	815.000000
365.105000	886.000000
365.110000	633.000000
365.115000	891.000000
365.120000	734.000000
365.125000	868.000000
365.130000	983.000000
365.135000	807.000000
365.140000	719.000000
365.145000	787.000000
365.150000	1028.000000
365.155000	827.000000
365.160000	700.000000
365.165000	635.000000
365.170000	763.000000
365.175000	729.000000
365.180000	633.000000
365.185000	678.000000
365.190000	544.000000
365.195000	527.000000
365.200000	598.000000
