Sample ID:		None
Start Time:		Thu Jun 18 2020 7:43:34 PM
Averaging Time:		1.000s

364.800000	491.000000
364.805000	737.000000
364.810000	613.000000
364.815000	541.000000
364.820000	604.000000
364.825000	678.000000
364.830000	670.000000
364.835000	652.000000
364.840000	892.000000
364.845000	1038.000000
364.850000	1057.000000
364.855000	1037.000000
364.860000	1376.000000
364.865000	1648.000000
364.870000	1724.000000
364.875000	2664.000000
364.880000	3803.000000
364.885000	5541.000000
364.890000	10761.000000
364.895000	15323.000000
364.900000	22080.000000
364.905000	31745.000000
364.910000	39980.000000
364.915000	46855.000000
364.920000	57730.000000
364.925000	70245.000000
364.930000	87234.000000
364.935000	119623.000000
364.940000	267230.000000
364.945000	575548.000000
364.950000	393255.000000
364.955000	107264.000000
364.960000	83961.000000
364.965000	48263.000000
364.970000	29595.000000
364.975000	15932.000000
364.980000	12348.000000
364.985000	7970.000000
364.990000	6310.000000
364.995000	5570.000000
365.000000	4718.000000
365.005000	4385.000000
365.010000	3841.000000
365.015000	3219.000000
365.020000	3035.000000
365.025000	2629.000000
365.030000	2729.000000
365.035000	2552.000000
365.040000	2277.000000
365.045000	2135.000000
365.050000	2043.000000
365.055000	1882.000000
365.060000	1640.000000
365.065000	1791.000000
365.070000	1819.000000
365.075000	1514.000000
365.080000	1433.000000
365.085000	1312.000000
365.090000	1397.000000
365.095000	1380.000000
365.100000	1317.000000
365.105000	1155.000000
365.110000	1183.000000
365.115000	1036.000000
365.120000	997.000000
365.125000	953.000000
365.130000	951.000000
365.135000	759.000000
365.140000	983.000000
365.145000	765.000000
365.150000	644.000000
365.155000	840.000000
365.160000	704.000000
365.165000	778.000000
365.170000	746.000000
365.175000	761.000000
365.180000	1119.000000
365.185000	676.000000
365.190000	820.000000
365.195000	696.000000
365.200000	767.000000
