Sample ID:		None
Start Time:		Thu Jun 18 2020 11:30:15 AM
Averaging Time:		1.000s

364.800000	1152.000000
364.805000	1248.000000
364.810000	1427.000000
364.815000	1628.000000
364.820000	1893.000000
364.825000	2636.000000
364.830000	2757.000000
364.835000	3880.000000
364.840000	5221.000000
364.845000	9612.000000
364.850000	15564.000000
364.855000	28899.000000
364.860000	34370.000000
364.865000	46184.000000
364.870000	56700.000000
364.875000	74991.000000
364.880000	84545.000000
364.885000	106954.000000
364.890000	164649.000000
364.895000	417287.000000
364.900000	698634.000000
364.905000	520787.000000
364.910000	199210.000000
364.915000	106448.000000
364.920000	66640.000000
364.925000	38798.000000
364.930000	24199.000000
364.935000	15187.000000
364.940000	12231.000000
364.945000	9243.000000
364.950000	7945.000000
364.955000	6588.000000
364.960000	5574.000000
364.965000	5178.000000
364.970000	4341.000000
364.975000	4086.000000
364.980000	4380.000000
364.985000	3702.000000
364.990000	3395.000000
364.995000	3116.000000
365.000000	3181.000000
365.005000	2574.000000
365.010000	3010.000000
365.015000	2475.000000
365.020000	2500.000000
365.025000	2298.000000
365.030000	1923.000000
365.035000	1893.000000
365.040000	1857.000000
365.045000	1698.000000
365.050000	1645.000000
365.055000	1539.000000
365.060000	1551.000000
365.065000	1554.000000
365.070000	1294.000000
365.075000	1260.000000
365.080000	1100.000000
365.085000	1185.000000
365.090000	1147.000000
365.095000	1011.000000
365.100000	1036.000000
365.105000	1193.000000
365.110000	1015.000000
365.115000	1017.000000
365.120000	1004.000000
365.125000	918.000000
365.130000	1094.000000
365.135000	1085.000000
365.140000	933.000000
365.145000	1083.000000
365.150000	1034.000000
365.155000	1017.000000
365.160000	899.000000
365.165000	936.000000
365.170000	981.000000
365.175000	917.000000
365.180000	955.000000
365.185000	875.000000
365.190000	885.000000
365.195000	619.000000
365.200000	767.000000
