Sample ID:		None
Start Time:		Thu Jun 18 2020 7:06:43 PM
Averaging Time:		1.000s

364.800000	393.000000
364.805000	635.000000
364.810000	455.000000
364.815000	549.000000
364.820000	471.000000
364.825000	476.000000
364.830000	634.000000
364.835000	568.000000
364.840000	612.000000
364.845000	672.000000
364.850000	531.000000
364.855000	730.000000
364.860000	579.000000
364.865000	921.000000
364.870000	958.000000
364.875000	997.000000
364.880000	1077.000000
364.885000	1290.000000
364.890000	1516.000000
364.895000	1912.000000
364.900000	2432.000000
364.905000	2978.000000
364.910000	5260.000000
364.915000	8182.000000
364.920000	14245.000000
364.925000	20793.000000
364.930000	30174.000000
364.935000	37798.000000
364.940000	45722.000000
364.945000	55751.000000
364.950000	68197.000000
364.955000	86133.000000
364.960000	121237.000000
364.965000	251520.000000
364.970000	561507.000000
364.975000	423115.000000
364.980000	161837.000000
364.985000	89989.000000
364.990000	56403.000000
364.995000	25097.000000
365.000000	18319.000000
365.005000	12507.000000
365.010000	8886.000000
365.015000	7171.000000
365.020000	5937.000000
365.025000	4891.000000
365.030000	4264.000000
365.035000	3983.000000
365.040000	3473.000000
365.045000	3063.000000
365.050000	2730.000000
365.055000	2833.000000
365.060000	2694.000000
365.065000	2369.000000
365.070000	2073.000000
365.075000	1867.000000
365.080000	1838.000000
365.085000	2061.000000
365.090000	1696.000000
365.095000	1375.000000
365.100000	1621.000000
365.105000	1240.000000
365.110000	1571.000000
365.115000	1429.000000
365.120000	1062.000000
365.125000	1160.000000
365.130000	1118.000000
365.135000	1216.000000
365.140000	793.000000
365.145000	851.000000
365.150000	916.000000
365.155000	968.000000
365.160000	934.000000
365.165000	739.000000
365.170000	763.000000
365.175000	752.000000
365.180000	948.000000
365.185000	730.000000
365.190000	754.000000
365.195000	785.000000
365.200000	676.000000
