Sample ID:		None
Start Time:		Thu Jun 18 2020 2:50:42 PM
Averaging Time:		1.000s

364.800000	580.000000
364.805000	674.000000
364.810000	619.000000
364.815000	632.000000
364.820000	700.000000
364.825000	732.000000
364.830000	628.000000
364.835000	736.000000
364.840000	800.000000
364.845000	760.000000
364.850000	920.000000
364.855000	943.000000
364.860000	887.000000
364.865000	1112.000000
364.870000	1250.000000
364.875000	1310.000000
364.880000	1642.000000
364.885000	1648.000000
364.890000	1778.000000
364.895000	1943.000000
364.900000	2477.000000
364.905000	3942.000000
364.910000	5176.000000
364.915000	8638.000000
364.920000	15831.000000
364.925000	24092.000000
364.930000	32978.000000
364.935000	43620.000000
364.940000	55032.000000
364.945000	69296.000000
364.950000	80790.000000
364.955000	98356.000000
364.960000	135270.000000
364.965000	257098.000000
364.970000	688253.000000
364.975000	587944.000000
364.980000	232825.000000
364.985000	122379.000000
364.990000	73760.000000
364.995000	44196.000000
365.000000	25465.000000
365.005000	16522.000000
365.010000	12349.000000
365.015000	9692.000000
365.020000	7833.000000
365.025000	6165.000000
365.030000	5425.000000
365.035000	4324.000000
365.040000	4249.000000
365.045000	4211.000000
365.050000	3611.000000
365.055000	3414.000000
365.060000	3392.000000
365.065000	2806.000000
365.070000	2807.000000
365.075000	2862.000000
365.080000	2251.000000
365.085000	2415.000000
365.090000	2305.000000
365.095000	2043.000000
365.100000	1988.000000
365.105000	1821.000000
365.110000	1515.000000
365.115000	1990.000000
365.120000	1586.000000
365.125000	1381.000000
365.130000	1420.000000
365.135000	1194.000000
365.140000	984.000000
365.145000	1031.000000
365.150000	1313.000000
365.155000	1029.000000
365.160000	1050.000000
365.165000	1040.000000
365.170000	1087.000000
365.175000	926.000000
365.180000	967.000000
365.185000	1069.000000
365.190000	916.000000
365.195000	1020.000000
365.200000	1089.000000
