Sample ID:		None
Start Time:		Thu Jun 18 2020 9:34:05 PM
Averaging Time:		1.000s

364.800000	101318.000000
364.805000	50146.000000
364.810000	25852.000000
364.815000	15442.000000
364.820000	9464.000000
364.825000	6611.000000
364.830000	5977.000000
364.835000	5367.000000
364.840000	4119.000000
364.845000	3580.000000
364.850000	3479.000000
364.855000	3058.000000
364.860000	2903.000000
364.865000	2731.000000
364.870000	2647.000000
364.875000	2044.000000
364.880000	2239.000000
364.885000	2364.000000
364.890000	1961.000000
364.895000	1915.000000
364.900000	1546.000000
364.905000	1658.000000
364.910000	1666.000000
364.915000	1456.000000
364.920000	1569.000000
364.925000	1188.000000
364.930000	1230.000000
364.935000	1236.000000
364.940000	1214.000000
364.945000	1218.000000
364.950000	991.000000
364.955000	1047.000000
364.960000	884.000000
364.965000	779.000000
364.970000	1075.000000
364.975000	706.000000
364.980000	933.000000
364.985000	548.000000
364.990000	870.000000
364.995000	875.000000
365.000000	707.000000
365.005000	636.000000
365.010000	839.000000
365.015000	915.000000
365.020000	835.000000
365.025000	779.000000
365.030000	779.000000
365.035000	763.000000
365.040000	690.000000
365.045000	826.000000
365.050000	693.000000
365.055000	691.000000
365.060000	733.000000
365.065000	744.000000
365.070000	651.000000
365.075000	656.000000
365.080000	657.000000
365.085000	622.000000
365.090000	766.000000
365.095000	617.000000
365.100000	648.000000
365.105000	634.000000
365.110000	710.000000
365.115000	712.000000
365.120000	509.000000
365.125000	685.000000
365.130000	741.000000
365.135000	584.000000
365.140000	741.000000
365.145000	676.000000
365.150000	696.000000
365.155000	637.000000
365.160000	738.000000
365.165000	700.000000
365.170000	711.000000
365.175000	878.000000
365.180000	1047.000000
365.185000	1531.000000
365.190000	1607.000000
365.195000	3029.000000
365.200000	4081.000000
