Sample ID:		None
Start Time:		Thu Jun 18 2020 5:59:44 PM
Averaging Time:		1.000s

364.800000	508.000000
364.805000	447.000000
364.810000	509.000000
364.815000	491.000000
364.820000	462.000000
364.825000	587.000000
364.830000	612.000000
364.835000	580.000000
364.840000	680.000000
364.845000	607.000000
364.850000	526.000000
364.855000	581.000000
364.860000	762.000000
364.865000	688.000000
364.870000	735.000000
364.875000	681.000000
364.880000	789.000000
364.885000	1001.000000
364.890000	696.000000
364.895000	1100.000000
364.900000	1023.000000
364.905000	1317.000000
364.910000	1450.000000
364.915000	1838.000000
364.920000	2361.000000
364.925000	3384.000000
364.930000	5170.000000
364.935000	8402.000000
364.940000	13387.000000
364.945000	20579.000000
364.950000	27177.000000
364.955000	37481.000000
364.960000	47812.000000
364.965000	59604.000000
364.970000	65979.000000
364.975000	83337.000000
364.980000	121418.000000
364.985000	223824.000000
364.990000	575751.000000
364.995000	460645.000000
365.000000	203313.000000
365.005000	85509.000000
365.010000	58084.000000
365.015000	39095.000000
365.020000	21840.000000
365.025000	11493.000000
365.030000	10090.000000
365.035000	7081.000000
365.040000	6178.000000
365.045000	4359.000000
365.050000	4471.000000
365.055000	3984.000000
365.060000	3820.000000
365.065000	3651.000000
365.070000	3018.000000
365.075000	2683.000000
365.080000	2676.000000
365.085000	2619.000000
365.090000	2358.000000
365.095000	2090.000000
365.100000	2088.000000
365.105000	2076.000000
365.110000	2071.000000
365.115000	1527.000000
365.120000	1562.000000
365.125000	1390.000000
365.130000	1437.000000
365.135000	1301.000000
365.140000	1129.000000
365.145000	1236.000000
365.150000	1194.000000
365.155000	1159.000000
365.160000	1072.000000
365.165000	1075.000000
365.170000	790.000000
365.175000	1008.000000
365.180000	889.000000
365.185000	750.000000
365.190000	616.000000
365.195000	1000.000000
365.200000	806.000000
