Sample ID:		None
Start Time:		Thu Jun 18 2020 1:23:35 PM
Averaging Time:		1.000s

364.800000	536.000000
364.805000	637.000000
364.810000	446.000000
364.815000	533.000000
364.820000	663.000000
364.825000	709.000000
364.830000	520.000000
364.835000	726.000000
364.840000	726.000000
364.845000	824.000000
364.850000	838.000000
364.855000	841.000000
364.860000	945.000000
364.865000	879.000000
364.870000	979.000000
364.875000	1036.000000
364.880000	1211.000000
364.885000	1376.000000
364.890000	1288.000000
364.895000	1493.000000
364.900000	1671.000000
364.905000	2090.000000
364.910000	2673.000000
364.915000	3726.000000
364.920000	5408.000000
364.925000	8502.000000
364.930000	19243.000000
364.935000	22889.000000
364.940000	34158.000000
364.945000	45666.000000
364.950000	57943.000000
364.955000	71633.000000
364.960000	81221.000000
364.965000	105721.000000
364.970000	159803.000000
364.975000	284437.000000
364.980000	660541.000000
364.985000	579736.000000
364.990000	186947.000000
364.995000	123620.000000
365.000000	72904.000000
365.005000	42597.000000
365.010000	23215.000000
365.015000	16910.000000
365.020000	12608.000000
365.025000	8808.000000
365.030000	7633.000000
365.035000	6103.000000
365.040000	5822.000000
365.045000	5254.000000
365.050000	4548.000000
365.055000	4386.000000
365.060000	4183.000000
365.065000	3423.000000
365.070000	3061.000000
365.075000	3074.000000
365.080000	2765.000000
365.085000	2698.000000
365.090000	2617.000000
365.095000	2500.000000
365.100000	2342.000000
365.105000	1915.000000
365.110000	2112.000000
365.115000	2010.000000
365.120000	1784.000000
365.125000	1612.000000
365.130000	1569.000000
365.135000	1532.000000
365.140000	1478.000000
365.145000	1612.000000
365.150000	1356.000000
365.155000	1200.000000
365.160000	1069.000000
365.165000	1062.000000
365.170000	1291.000000
365.175000	992.000000
365.180000	1023.000000
365.185000	1024.000000
365.190000	1124.000000
365.195000	1014.000000
365.200000	957.000000
