Sample ID:		None
Start Time:		Thu Jun 18 2020 8:40:30 PM
Averaging Time:		1.000s

364.800000	1097.000000
364.805000	1378.000000
364.810000	1510.000000
364.815000	1856.000000
364.820000	2529.000000
364.825000	3302.000000
364.830000	5888.000000
364.835000	11734.000000
364.840000	16020.000000
364.845000	22317.000000
364.850000	31129.000000
364.855000	41968.000000
364.860000	48705.000000
364.865000	59611.000000
364.870000	71121.000000
364.875000	100047.000000
364.880000	142969.000000
364.885000	305724.000000
364.890000	566805.000000
364.895000	329811.000000
364.900000	102646.000000
364.905000	78964.000000
364.910000	47951.000000
364.915000	21011.000000
364.920000	17380.000000
364.925000	12380.000000
364.930000	8635.000000
364.935000	6063.000000
364.940000	5489.000000
364.945000	4734.000000
364.950000	4060.000000
364.955000	3472.000000
364.960000	3443.000000
364.965000	3066.000000
364.970000	2989.000000
364.975000	2670.000000
364.980000	2149.000000
364.985000	2520.000000
364.990000	1931.000000
364.995000	2240.000000
365.000000	1838.000000
365.005000	1804.000000
365.010000	1738.000000
365.015000	1552.000000
365.020000	1627.000000
365.025000	1149.000000
365.030000	1486.000000
365.035000	1262.000000
365.040000	1162.000000
365.045000	1225.000000
365.050000	1092.000000
365.055000	1144.000000
365.060000	1019.000000
365.065000	707.000000
365.070000	827.000000
365.075000	920.000000
365.080000	688.000000
365.085000	931.000000
365.090000	754.000000
365.095000	851.000000
365.100000	602.000000
365.105000	714.000000
365.110000	680.000000
365.115000	718.000000
365.120000	725.000000
365.125000	815.000000
365.130000	822.000000
365.135000	722.000000
365.140000	937.000000
365.145000	686.000000
365.150000	610.000000
365.155000	767.000000
365.160000	667.000000
365.165000	886.000000
365.170000	764.000000
365.175000	724.000000
365.180000	856.000000
365.185000	544.000000
365.190000	846.000000
365.195000	627.000000
365.200000	872.000000
