Sample ID:		None
Start Time:		Thu Jun 18 2020 9:30:44 PM
Averaging Time:		1.000s

364.800000	263447.000000
364.805000	87829.000000
364.810000	54172.000000
364.815000	30446.000000
364.820000	18048.000000
364.825000	10735.000000
364.830000	7993.000000
364.835000	6329.000000
364.840000	5114.000000
364.845000	4348.000000
364.850000	4179.000000
364.855000	3487.000000
364.860000	3087.000000
364.865000	3143.000000
364.870000	3417.000000
364.875000	2803.000000
364.880000	2283.000000
364.885000	2140.000000
364.890000	2064.000000
364.895000	2308.000000
364.900000	1722.000000
364.905000	1698.000000
364.910000	1673.000000
364.915000	1653.000000
364.920000	1464.000000
364.925000	1523.000000
364.930000	1358.000000
364.935000	1241.000000
364.940000	1031.000000
364.945000	1149.000000
364.950000	1144.000000
364.955000	1041.000000
364.960000	980.000000
364.965000	1007.000000
364.970000	974.000000
364.975000	930.000000
364.980000	926.000000
364.985000	746.000000
364.990000	668.000000
364.995000	808.000000
365.000000	736.000000
365.005000	772.000000
365.010000	627.000000
365.015000	701.000000
365.020000	633.000000
365.025000	654.000000
365.030000	773.000000
365.035000	881.000000
365.040000	699.000000
365.045000	831.000000
365.050000	781.000000
365.055000	779.000000
365.060000	553.000000
365.065000	634.000000
365.070000	758.000000
365.075000	573.000000
365.080000	620.000000
365.085000	555.000000
365.090000	652.000000
365.095000	721.000000
365.100000	619.000000
365.105000	670.000000
365.110000	660.000000
365.115000	533.000000
365.120000	698.000000
365.125000	695.000000
365.130000	612.000000
365.135000	668.000000
365.140000	828.000000
365.145000	861.000000
365.150000	605.000000
365.155000	577.000000
365.160000	612.000000
365.165000	671.000000
365.170000	594.000000
365.175000	789.000000
365.180000	985.000000
365.185000	937.000000
365.190000	1215.000000
365.195000	1597.000000
365.200000	1822.000000
