Sample ID:		None
Start Time:		Thu Jun 18 2020 11:47:00 AM
Averaging Time:		1.000s

364.800000	1622.000000
364.805000	2084.000000
364.810000	2875.000000
364.815000	4270.000000
364.820000	6305.000000
364.825000	10806.000000
364.830000	18525.000000
364.835000	27634.000000
364.840000	39529.000000
364.845000	48908.000000
364.850000	64741.000000
364.855000	80025.000000
364.860000	91766.000000
364.865000	114912.000000
364.870000	183252.000000
364.875000	601560.000000
364.880000	734409.000000
364.885000	426156.000000
364.890000	178613.000000
364.895000	93199.000000
364.900000	55554.000000
364.905000	34108.000000
364.910000	21694.000000
364.915000	14505.000000
364.920000	9882.000000
364.925000	8698.000000
364.930000	6878.000000
364.935000	6181.000000
364.940000	5822.000000
364.945000	4775.000000
364.950000	4465.000000
364.955000	4196.000000
364.960000	4053.000000
364.965000	3570.000000
364.970000	3187.000000
364.975000	3061.000000
364.980000	3043.000000
364.985000	3158.000000
364.990000	2708.000000
364.995000	2283.000000
365.000000	2412.000000
365.005000	2327.000000
365.010000	2111.000000
365.015000	1816.000000
365.020000	1826.000000
365.025000	1892.000000
365.030000	1564.000000
365.035000	1505.000000
365.040000	1614.000000
365.045000	1396.000000
365.050000	1312.000000
365.055000	1448.000000
365.060000	1183.000000
365.065000	1241.000000
365.070000	1135.000000
365.075000	976.000000
365.080000	1103.000000
365.085000	886.000000
365.090000	989.000000
365.095000	1072.000000
365.100000	1059.000000
365.105000	1086.000000
365.110000	1174.000000
365.115000	814.000000
365.120000	946.000000
365.125000	1035.000000
365.130000	796.000000
365.135000	1066.000000
365.140000	1057.000000
365.145000	1077.000000
365.150000	973.000000
365.155000	882.000000
365.160000	1055.000000
365.165000	859.000000
365.170000	890.000000
365.175000	641.000000
365.180000	730.000000
365.185000	955.000000
365.190000	869.000000
365.195000	888.000000
365.200000	903.000000
