Sample ID:		None
Start Time:		Thu Jun 18 2020 6:53:19 PM
Averaging Time:		1.000s

364.800000	470.000000
364.805000	446.000000
364.810000	426.000000
364.815000	519.000000
364.820000	643.000000
364.825000	614.000000
364.830000	593.000000
364.835000	497.000000
364.840000	645.000000
364.845000	711.000000
364.850000	703.000000
364.855000	748.000000
364.860000	795.000000
364.865000	802.000000
364.870000	907.000000
364.875000	908.000000
364.880000	987.000000
364.885000	1199.000000
364.890000	1299.000000
364.895000	1472.000000
364.900000	1703.000000
364.905000	2238.000000
364.910000	3186.000000
364.915000	4091.000000
364.920000	6914.000000
364.925000	11549.000000
364.930000	18744.000000
364.935000	27123.000000
364.940000	33391.000000
364.945000	43448.000000
364.950000	53894.000000
364.955000	61284.000000
364.960000	77041.000000
364.965000	112019.000000
364.970000	174424.000000
364.975000	540001.000000
364.980000	549303.000000
364.985000	223243.000000
364.990000	109114.000000
364.995000	75898.000000
365.000000	46485.000000
365.005000	27648.000000
365.010000	15233.000000
365.015000	11666.000000
365.020000	8376.000000
365.025000	6097.000000
365.030000	5428.000000
365.035000	4523.000000
365.040000	4580.000000
365.045000	4059.000000
365.050000	3484.000000
365.055000	3004.000000
365.060000	2659.000000
365.065000	2991.000000
365.070000	2612.000000
365.075000	2634.000000
365.080000	2121.000000
365.085000	2097.000000
365.090000	2073.000000
365.095000	1939.000000
365.100000	1699.000000
365.105000	1415.000000
365.110000	1542.000000
365.115000	1369.000000
365.120000	1259.000000
365.125000	1346.000000
365.130000	1076.000000
365.135000	1340.000000
365.140000	1215.000000
365.145000	1071.000000
365.150000	1012.000000
365.155000	1019.000000
365.160000	1033.000000
365.165000	991.000000
365.170000	760.000000
365.175000	734.000000
365.180000	751.000000
365.185000	750.000000
365.190000	627.000000
365.195000	616.000000
365.200000	944.000000
