Sample ID:		None
Start Time:		Thu Jun 18 2020 10:07:33 AM
Averaging Time:		1.000s

364.800000	2766.000000
364.805000	3690.000000
364.810000	6207.000000
364.815000	9235.000000
364.820000	15655.000000
364.825000	25066.000000
364.830000	35564.000000
364.835000	44604.000000
364.840000	60993.000000
364.845000	74100.000000
364.850000	95950.000000
364.855000	125097.000000
364.860000	193275.000000
364.865000	473120.000000
364.870000	664690.000000
364.875000	324642.000000
364.880000	168658.000000
364.885000	80853.000000
364.890000	42530.000000
364.895000	32721.000000
364.900000	20061.000000
364.905000	13546.000000
364.910000	10555.000000
364.915000	8160.000000
364.920000	6810.000000
364.925000	6001.000000
364.930000	5496.000000
364.935000	4281.000000
364.940000	4345.000000
364.945000	3992.000000
364.950000	3521.000000
364.955000	3455.000000
364.960000	3311.000000
364.965000	3047.000000
364.970000	2739.000000
364.975000	2699.000000
364.980000	2481.000000
364.985000	2629.000000
364.990000	2125.000000
364.995000	1822.000000
365.000000	2137.000000
365.005000	1799.000000
365.010000	2129.000000
365.015000	1459.000000
365.020000	1611.000000
365.025000	1571.000000
365.030000	1431.000000
365.035000	1416.000000
365.040000	1279.000000
365.045000	1249.000000
365.050000	1119.000000
365.055000	1117.000000
365.060000	1269.000000
365.065000	997.000000
365.070000	1008.000000
365.075000	1202.000000
365.080000	1021.000000
365.085000	1024.000000
365.090000	1188.000000
365.095000	966.000000
365.100000	1277.000000
365.105000	1102.000000
365.110000	964.000000
365.115000	1070.000000
365.120000	907.000000
365.125000	983.000000
365.130000	1047.000000
365.135000	1049.000000
365.140000	928.000000
365.145000	929.000000
365.150000	1053.000000
365.155000	870.000000
365.160000	887.000000
365.165000	864.000000
365.170000	970.000000
365.175000	891.000000
365.180000	962.000000
365.185000	737.000000
365.190000	897.000000
365.195000	961.000000
365.200000	766.000000
