Sample ID:		None
Start Time:		Thu Jun 18 2020 11:41:20 PM
Averaging Time:		1.000s

364.800000	868.000000
364.805000	836.000000
364.810000	644.000000
364.815000	700.000000
364.820000	709.000000
364.825000	706.000000
364.830000	913.000000
364.835000	626.000000
364.840000	749.000000
364.845000	730.000000
364.850000	611.000000
364.855000	884.000000
364.860000	711.000000
364.865000	765.000000
364.870000	719.000000
364.875000	630.000000
364.880000	748.000000
364.885000	727.000000
364.890000	647.000000
364.895000	656.000000
364.900000	781.000000
364.905000	666.000000
364.910000	694.000000
364.915000	702.000000
364.920000	691.000000
364.925000	566.000000
364.930000	681.000000
364.935000	699.000000
364.940000	673.000000
364.945000	687.000000
364.950000	735.000000
364.955000	851.000000
364.960000	677.000000
364.965000	665.000000
364.970000	766.000000
364.975000	835.000000
364.980000	918.000000
364.985000	1015.000000
364.990000	820.000000
364.995000	1129.000000
365.000000	1483.000000
365.005000	2410.000000
365.010000	3218.000000
365.015000	4896.000000
365.020000	6744.000000
365.025000	8770.000000
365.030000	10455.000000
365.035000	12891.000000
365.040000	14178.000000
365.045000	22781.000000
365.050000	30232.000000
365.055000	46688.000000
365.060000	97572.000000
365.065000	78996.000000
365.070000	57173.000000
365.075000	29018.000000
365.080000	15001.000000
365.085000	8165.000000
365.090000	5121.000000
365.095000	3726.000000
365.100000	2445.000000
365.105000	1710.000000
365.110000	1241.000000
365.115000	1196.000000
365.120000	1182.000000
365.125000	968.000000
365.130000	916.000000
365.135000	1063.000000
365.140000	744.000000
365.145000	846.000000
365.150000	817.000000
365.155000	841.000000
365.160000	921.000000
365.165000	874.000000
365.170000	884.000000
365.175000	866.000000
365.180000	900.000000
365.185000	579.000000
365.190000	830.000000
365.195000	640.000000
365.200000	630.000000
