Sample ID:		None
Start Time:		Thu Jun 18 2020 2:23:54 PM
Averaging Time:		1.000s

364.800000	666.000000
364.805000	661.000000
364.810000	591.000000
364.815000	655.000000
364.820000	784.000000
364.825000	707.000000
364.830000	757.000000
364.835000	571.000000
364.840000	866.000000
364.845000	780.000000
364.850000	729.000000
364.855000	1082.000000
364.860000	946.000000
364.865000	1017.000000
364.870000	1214.000000
364.875000	1362.000000
364.880000	1418.000000
364.885000	1616.000000
364.890000	2178.000000
364.895000	2405.000000
364.900000	3033.000000
364.905000	5065.000000
364.910000	6353.000000
364.915000	9601.000000
364.920000	19460.000000
364.925000	27350.000000
364.930000	38498.000000
364.935000	47953.000000
364.940000	60468.000000
364.945000	70823.000000
364.950000	92782.000000
364.955000	111073.000000
364.960000	161758.000000
364.965000	600514.000000
364.970000	695946.000000
364.975000	483026.000000
364.980000	188302.000000
364.985000	101650.000000
364.990000	62190.000000
364.995000	38753.000000
365.000000	21557.000000
365.005000	14225.000000
365.010000	10590.000000
365.015000	8690.000000
365.020000	7478.000000
365.025000	6349.000000
365.030000	5076.000000
365.035000	4544.000000
365.040000	4663.000000
365.045000	4124.000000
365.050000	3696.000000
365.055000	4070.000000
365.060000	3047.000000
365.065000	2978.000000
365.070000	3021.000000
365.075000	2692.000000
365.080000	2422.000000
365.085000	2275.000000
365.090000	2177.000000
365.095000	1823.000000
365.100000	1991.000000
365.105000	1707.000000
365.110000	1813.000000
365.115000	1785.000000
365.120000	1496.000000
365.125000	1734.000000
365.130000	1365.000000
365.135000	1386.000000
365.140000	1200.000000
365.145000	1270.000000
365.150000	1048.000000
365.155000	1121.000000
365.160000	1090.000000
365.165000	1173.000000
365.170000	945.000000
365.175000	1222.000000
365.180000	1158.000000
365.185000	957.000000
365.190000	955.000000
365.195000	790.000000
365.200000	909.000000
