Sample ID:		None
Start Time:		Thu Jun 18 2020 3:19:01 PM
Averaging Time:		1.000s

364.800000	328.000000
364.805000	534.000000
364.810000	420.000000
364.815000	481.000000
364.820000	518.000000
364.825000	629.000000
364.830000	486.000000
364.835000	376.000000
364.840000	618.000000
364.845000	666.000000
364.850000	784.000000
364.855000	711.000000
364.860000	632.000000
364.865000	564.000000
364.870000	582.000000
364.875000	931.000000
364.880000	616.000000
364.885000	675.000000
364.890000	682.000000
364.895000	857.000000
364.900000	778.000000
364.905000	1007.000000
364.910000	1103.000000
364.915000	1002.000000
364.920000	1092.000000
364.925000	1195.000000
364.930000	1313.000000
364.935000	1241.000000
364.940000	1470.000000
364.945000	2252.000000
364.950000	3145.000000
364.955000	4504.000000
364.960000	7092.000000
364.965000	11188.000000
364.970000	17751.000000
364.975000	26186.000000
364.980000	37882.000000
364.985000	44392.000000
364.990000	55238.000000
364.995000	71652.000000
365.000000	79651.000000
365.005000	105999.000000
365.010000	204725.000000
365.015000	456347.000000
365.020000	600035.000000
365.025000	272416.000000
365.030000	126596.000000
365.035000	72816.000000
365.040000	41498.000000
365.045000	28018.000000
365.050000	15486.000000
365.055000	10952.000000
365.060000	7428.000000
365.065000	6746.000000
365.070000	5569.000000
365.075000	4566.000000
365.080000	4069.000000
365.085000	3726.000000
365.090000	3359.000000
365.095000	3401.000000
365.100000	2942.000000
365.105000	2962.000000
365.110000	2780.000000
365.115000	2314.000000
365.120000	2187.000000
365.125000	2167.000000
365.130000	2143.000000
365.135000	1953.000000
365.140000	2094.000000
365.145000	1765.000000
365.150000	1539.000000
365.155000	1545.000000
365.160000	1357.000000
365.165000	1506.000000
365.170000	1199.000000
365.175000	1426.000000
365.180000	1316.000000
365.185000	1180.000000
365.190000	1141.000000
365.195000	887.000000
365.200000	1004.000000
