Sample ID:		None
Start Time:		Thu Jun 18 2020 3:32:24 PM
Averaging Time:		1.000s

364.800000	430.000000
364.805000	413.000000
364.810000	378.000000
364.815000	577.000000
364.820000	605.000000
364.825000	553.000000
364.830000	439.000000
364.835000	522.000000
364.840000	634.000000
364.845000	500.000000
364.850000	662.000000
364.855000	690.000000
364.860000	589.000000
364.865000	565.000000
364.870000	694.000000
364.875000	720.000000
364.880000	766.000000
364.885000	674.000000
364.890000	772.000000
364.895000	638.000000
364.900000	802.000000
364.905000	929.000000
364.910000	778.000000
364.915000	837.000000
364.920000	1145.000000
364.925000	1139.000000
364.930000	1261.000000
364.935000	1420.000000
364.940000	1719.000000
364.945000	2077.000000
364.950000	2497.000000
364.955000	4011.000000
364.960000	6167.000000
364.965000	9314.000000
364.970000	15884.000000
364.975000	24045.000000
364.980000	37792.000000
364.985000	42793.000000
364.990000	52107.000000
364.995000	64396.000000
365.000000	76712.000000
365.005000	95817.000000
365.010000	148546.000000
365.015000	408099.000000
365.020000	615474.000000
365.025000	341118.000000
365.030000	139384.000000
365.035000	82066.000000
365.040000	52063.000000
365.045000	29048.000000
365.050000	17517.000000
365.055000	12193.000000
365.060000	8903.000000
365.065000	6882.000000
365.070000	6014.000000
365.075000	5124.000000
365.080000	4517.000000
365.085000	3631.000000
365.090000	3724.000000
365.095000	3273.000000
365.100000	3037.000000
365.105000	2778.000000
365.110000	2581.000000
365.115000	2574.000000
365.120000	2267.000000
365.125000	1835.000000
365.130000	2341.000000
365.135000	1718.000000
365.140000	1913.000000
365.145000	1745.000000
365.150000	1513.000000
365.155000	1443.000000
365.160000	1342.000000
365.165000	1637.000000
365.170000	1178.000000
365.175000	1355.000000
365.180000	996.000000
365.185000	1105.000000
365.190000	1095.000000
365.195000	1144.000000
365.200000	1002.000000
