Sample ID:		None
Start Time:		Thu Jun 18 2020 10:07:34 PM
Averaging Time:		1.000s

364.800000	3425.000000
364.805000	2646.000000
364.810000	2715.000000
364.815000	2416.000000
364.820000	2117.000000
364.825000	2106.000000
364.830000	1803.000000
364.835000	1808.000000
364.840000	1794.000000
364.845000	1545.000000
364.850000	1507.000000
364.855000	1226.000000
364.860000	1458.000000
364.865000	1500.000000
364.870000	1425.000000
364.875000	1280.000000
364.880000	1158.000000
364.885000	1061.000000
364.890000	1327.000000
364.895000	979.000000
364.900000	911.000000
364.905000	792.000000
364.910000	989.000000
364.915000	804.000000
364.920000	740.000000
364.925000	824.000000
364.930000	667.000000
364.935000	865.000000
364.940000	889.000000
364.945000	908.000000
364.950000	771.000000
364.955000	873.000000
364.960000	733.000000
364.965000	834.000000
364.970000	704.000000
364.975000	912.000000
364.980000	669.000000
364.985000	944.000000
364.990000	662.000000
364.995000	674.000000
365.000000	558.000000
365.005000	683.000000
365.010000	722.000000
365.015000	703.000000
365.020000	752.000000
365.025000	593.000000
365.030000	611.000000
365.035000	602.000000
365.040000	451.000000
365.045000	681.000000
365.050000	797.000000
365.055000	567.000000
365.060000	733.000000
365.065000	637.000000
365.070000	661.000000
365.075000	735.000000
365.080000	826.000000
365.085000	766.000000
365.090000	820.000000
365.095000	766.000000
365.100000	758.000000
365.105000	699.000000
365.110000	678.000000
365.115000	757.000000
365.120000	1046.000000
365.125000	1403.000000
365.130000	1821.000000
365.135000	2963.000000
365.140000	4451.000000
365.145000	5890.000000
365.150000	7320.000000
365.155000	10203.000000
365.160000	11584.000000
365.165000	12906.000000
365.170000	15797.000000
365.175000	23244.000000
365.180000	41660.000000
365.185000	70616.000000
365.190000	111832.000000
365.195000	89984.000000
365.200000	40767.000000
