Sample ID:		None
Start Time:		Thu Jun 18 2020 5:19:33 PM
Averaging Time:		1.000s

364.800000	499.000000
364.805000	606.000000
364.810000	460.000000
364.815000	607.000000
364.820000	503.000000
364.825000	552.000000
364.830000	499.000000
364.835000	544.000000
364.840000	547.000000
364.845000	503.000000
364.850000	492.000000
364.855000	709.000000
364.860000	693.000000
364.865000	667.000000
364.870000	653.000000
364.875000	733.000000
364.880000	738.000000
364.885000	766.000000
364.890000	694.000000
364.895000	995.000000
364.900000	952.000000
364.905000	1086.000000
364.910000	1117.000000
364.915000	1078.000000
364.920000	1269.000000
364.925000	1684.000000
364.930000	2350.000000
364.935000	2818.000000
364.940000	4143.000000
364.945000	5997.000000
364.950000	10005.000000
364.955000	16606.000000
364.960000	25554.000000
364.965000	33332.000000
364.970000	43989.000000
364.975000	55783.000000
364.980000	61093.000000
364.985000	74228.000000
364.990000	99668.000000
364.995000	144529.000000
365.000000	375160.000000
365.005000	569408.000000
365.010000	309059.000000
365.015000	124163.000000
365.020000	71298.000000
365.025000	47548.000000
365.030000	27307.000000
365.035000	16737.000000
365.040000	11770.000000
365.045000	8173.000000
365.050000	6543.000000
365.055000	5309.000000
365.060000	4604.000000
365.065000	3824.000000
365.070000	3559.000000
365.075000	3728.000000
365.080000	2826.000000
365.085000	2648.000000
365.090000	2869.000000
365.095000	2353.000000
365.100000	2181.000000
365.105000	2417.000000
365.110000	2005.000000
365.115000	1995.000000
365.120000	1956.000000
365.125000	1694.000000
365.130000	1617.000000
365.135000	1681.000000
365.140000	1319.000000
365.145000	1399.000000
365.150000	1407.000000
365.155000	1099.000000
365.160000	1208.000000
365.165000	995.000000
365.170000	1432.000000
365.175000	1117.000000
365.180000	862.000000
365.185000	925.000000
365.190000	985.000000
365.195000	1074.000000
365.200000	878.000000
