Sample ID:		None
Start Time:		Thu Jun 18 2020 5:09:30 PM
Averaging Time:		1.000s

364.800000	348.000000
364.805000	325.000000
364.810000	396.000000
364.815000	479.000000
364.820000	571.000000
364.825000	615.000000
364.830000	671.000000
364.835000	615.000000
364.840000	534.000000
364.845000	531.000000
364.850000	612.000000
364.855000	588.000000
364.860000	599.000000
364.865000	680.000000
364.870000	662.000000
364.875000	785.000000
364.880000	767.000000
364.885000	716.000000
364.890000	801.000000
364.895000	739.000000
364.900000	1008.000000
364.905000	915.000000
364.910000	985.000000
364.915000	1134.000000
364.920000	1144.000000
364.925000	1483.000000
364.930000	1721.000000
364.935000	2221.000000
364.940000	2894.000000
364.945000	5256.000000
364.950000	7023.000000
364.955000	13119.000000
364.960000	19465.000000
364.965000	25699.000000
364.970000	35868.000000
364.975000	49302.000000
364.980000	55369.000000
364.985000	66256.000000
364.990000	81276.000000
364.995000	116924.000000
365.000000	203310.000000
365.005000	587217.000000
365.010000	489345.000000
365.015000	208318.000000
365.020000	97561.000000
365.025000	49367.000000
365.030000	36066.000000
365.035000	21875.000000
365.040000	11332.000000
365.045000	10310.000000
365.050000	7396.000000
365.055000	5907.000000
365.060000	4822.000000
365.065000	4299.000000
365.070000	4048.000000
365.075000	3790.000000
365.080000	2915.000000
365.085000	3116.000000
365.090000	2886.000000
365.095000	2591.000000
365.100000	2508.000000
365.105000	2144.000000
365.110000	2027.000000
365.115000	2087.000000
365.120000	1655.000000
365.125000	1992.000000
365.130000	1582.000000
365.135000	1776.000000
365.140000	1457.000000
365.145000	1622.000000
365.150000	1416.000000
365.155000	1095.000000
365.160000	1268.000000
365.165000	1101.000000
365.170000	1214.000000
365.175000	1138.000000
365.180000	1007.000000
365.185000	976.000000
365.190000	1026.000000
365.195000	949.000000
365.200000	834.000000
