Sample ID:		None
Start Time:		Thu Jun 18 2020 1:26:56 PM
Averaging Time:		1.000s

364.800000	561.000000
364.805000	523.000000
364.810000	690.000000
364.815000	632.000000
364.820000	659.000000
364.825000	742.000000
364.830000	755.000000
364.835000	773.000000
364.840000	889.000000
364.845000	832.000000
364.850000	709.000000
364.855000	732.000000
364.860000	1017.000000
364.865000	829.000000
364.870000	1131.000000
364.875000	1290.000000
364.880000	1317.000000
364.885000	1360.000000
364.890000	1312.000000
364.895000	1603.000000
364.900000	1950.000000
364.905000	2157.000000
364.910000	3217.000000
364.915000	3857.000000
364.920000	7050.000000
364.925000	10888.000000
364.930000	17381.000000
364.935000	27078.000000
364.940000	38576.000000
364.945000	48917.000000
364.950000	60817.000000
364.955000	77927.000000
364.960000	90052.000000
364.965000	113619.000000
364.970000	178066.000000
364.975000	499775.000000
364.980000	687640.000000
364.985000	368938.000000
364.990000	154288.000000
364.995000	93309.000000
365.000000	56215.000000
365.005000	34144.000000
365.010000	20654.000000
365.015000	13201.000000
365.020000	10237.000000
365.025000	9070.000000
365.030000	6795.000000
365.035000	6534.000000
365.040000	5170.000000
365.045000	4571.000000
365.050000	4278.000000
365.055000	4287.000000
365.060000	4086.000000
365.065000	3546.000000
365.070000	3220.000000
365.075000	3280.000000
365.080000	2744.000000
365.085000	2678.000000
365.090000	2511.000000
365.095000	2323.000000
365.100000	2349.000000
365.105000	2113.000000
365.110000	2086.000000
365.115000	1977.000000
365.120000	1725.000000
365.125000	1505.000000
365.130000	1641.000000
365.135000	1254.000000
365.140000	1373.000000
365.145000	1513.000000
365.150000	1201.000000
365.155000	1309.000000
365.160000	1330.000000
365.165000	1012.000000
365.170000	1123.000000
365.175000	1054.000000
365.180000	1008.000000
365.185000	788.000000
365.190000	1107.000000
365.195000	1093.000000
365.200000	852.000000
