Sample ID:		None
Start Time:		Thu Jun 18 2020 3:25:43 PM
Averaging Time:		1.000s

364.800000	364.000000
364.805000	480.000000
364.810000	526.000000
364.815000	493.000000
364.820000	687.000000
364.825000	483.000000
364.830000	553.000000
364.835000	615.000000
364.840000	555.000000
364.845000	601.000000
364.850000	624.000000
364.855000	622.000000
364.860000	653.000000
364.865000	590.000000
364.870000	692.000000
364.875000	720.000000
364.880000	581.000000
364.885000	723.000000
364.890000	723.000000
364.895000	764.000000
364.900000	890.000000
364.905000	792.000000
364.910000	1071.000000
364.915000	1091.000000
364.920000	1350.000000
364.925000	1200.000000
364.930000	1184.000000
364.935000	1328.000000
364.940000	1632.000000
364.945000	2173.000000
364.950000	2872.000000
364.955000	4895.000000
364.960000	6332.000000
364.965000	12315.000000
364.970000	19107.000000
364.975000	28694.000000
364.980000	38852.000000
364.985000	46810.000000
364.990000	55309.000000
364.995000	70452.000000
365.000000	82818.000000
365.005000	110992.000000
365.010000	223672.000000
365.015000	502162.000000
365.020000	568617.000000
365.025000	267230.000000
365.030000	120395.000000
365.035000	70499.000000
365.040000	45802.000000
365.045000	25885.000000
365.050000	15865.000000
365.055000	10960.000000
365.060000	8393.000000
365.065000	6539.000000
365.070000	6176.000000
365.075000	5088.000000
365.080000	4140.000000
365.085000	3974.000000
365.090000	3690.000000
365.095000	3548.000000
365.100000	2991.000000
365.105000	3149.000000
365.110000	2590.000000
365.115000	2598.000000
365.120000	2265.000000
365.125000	2151.000000
365.130000	2102.000000
365.135000	2004.000000
365.140000	1809.000000
365.145000	1674.000000
365.150000	1626.000000
365.155000	1773.000000
365.160000	1531.000000
365.165000	1421.000000
365.170000	1239.000000
365.175000	1214.000000
365.180000	1307.000000
365.185000	1171.000000
365.190000	1110.000000
365.195000	1124.000000
365.200000	987.000000
