Sample ID:		None
Start Time:		Thu Jun 18 2020 9:50:50 PM
Averaging Time:		1.000s

364.800000	5796.000000
364.805000	4808.000000
364.810000	4376.000000
364.815000	3699.000000
364.820000	3446.000000
364.825000	3045.000000
364.830000	2566.000000
364.835000	2568.000000
364.840000	2352.000000
364.845000	2234.000000
364.850000	2082.000000
364.855000	2158.000000
364.860000	2079.000000
364.865000	1686.000000
364.870000	1733.000000
364.875000	1677.000000
364.880000	1503.000000
364.885000	1562.000000
364.890000	1277.000000
364.895000	1166.000000
364.900000	1237.000000
364.905000	1187.000000
364.910000	984.000000
364.915000	961.000000
364.920000	869.000000
364.925000	846.000000
364.930000	816.000000
364.935000	1002.000000
364.940000	777.000000
364.945000	613.000000
364.950000	829.000000
364.955000	683.000000
364.960000	737.000000
364.965000	704.000000
364.970000	754.000000
364.975000	769.000000
364.980000	777.000000
364.985000	756.000000
364.990000	628.000000
364.995000	799.000000
365.000000	734.000000
365.005000	756.000000
365.010000	768.000000
365.015000	679.000000
365.020000	649.000000
365.025000	791.000000
365.030000	629.000000
365.035000	631.000000
365.040000	773.000000
365.045000	642.000000
365.050000	898.000000
365.055000	742.000000
365.060000	800.000000
365.065000	697.000000
365.070000	629.000000
365.075000	699.000000
365.080000	609.000000
365.085000	687.000000
365.090000	685.000000
365.095000	828.000000
365.100000	681.000000
365.105000	732.000000
365.110000	782.000000
365.115000	704.000000
365.120000	756.000000
365.125000	610.000000
365.130000	760.000000
365.135000	840.000000
365.140000	971.000000
365.145000	1166.000000
365.150000	1395.000000
365.155000	1625.000000
365.160000	2581.000000
365.165000	3744.000000
365.170000	5500.000000
365.175000	6931.000000
365.180000	8868.000000
365.185000	11993.000000
365.190000	12697.000000
365.195000	15058.000000
365.200000	19027.000000
