Sample ID:		None
Start Time:		Thu Jun 18 2020 8:03:39 PM
Averaging Time:		1.000s

364.800000	679.000000
364.805000	660.000000
364.810000	817.000000
364.815000	740.000000
364.820000	891.000000
364.825000	911.000000
364.830000	879.000000
364.835000	959.000000
364.840000	1066.000000
364.845000	1147.000000
364.850000	1352.000000
364.855000	1436.000000
364.860000	1911.000000
364.865000	2669.000000
364.870000	4090.000000
364.875000	6876.000000
364.880000	11291.000000
364.885000	18211.000000
364.890000	24802.000000
364.895000	33689.000000
364.900000	43894.000000
364.905000	51662.000000
364.910000	61634.000000
364.915000	76075.000000
364.920000	105979.000000
364.925000	151638.000000
364.930000	395415.000000
364.935000	499911.000000
364.940000	268146.000000
364.945000	89955.000000
364.950000	66641.000000
364.955000	40190.000000
364.960000	19264.000000
364.965000	15396.000000
364.970000	10793.000000
364.975000	7325.000000
364.980000	6026.000000
364.985000	5507.000000
364.990000	4970.000000
364.995000	4043.000000
365.000000	3458.000000
365.005000	3471.000000
365.010000	3220.000000
365.015000	2798.000000
365.020000	2685.000000
365.025000	2449.000000
365.030000	2373.000000
365.035000	1903.000000
365.040000	1943.000000
365.045000	2253.000000
365.050000	1825.000000
365.055000	1558.000000
365.060000	1464.000000
365.065000	1680.000000
365.070000	1577.000000
365.075000	1204.000000
365.080000	1427.000000
365.085000	1486.000000
365.090000	1158.000000
365.095000	1307.000000
365.100000	1081.000000
365.105000	1005.000000
365.110000	1044.000000
365.115000	887.000000
365.120000	847.000000
365.125000	950.000000
365.130000	813.000000
365.135000	752.000000
365.140000	810.000000
365.145000	787.000000
365.150000	753.000000
365.155000	761.000000
365.160000	753.000000
365.165000	833.000000
365.170000	710.000000
365.175000	733.000000
365.180000	531.000000
365.185000	875.000000
365.190000	834.000000
365.195000	628.000000
365.200000	685.000000
