Sample ID:		None
Start Time:		Thu Jun 18 2020 4:02:32 PM
Averaging Time:		1.000s

364.800000	425.000000
364.805000	570.000000
364.810000	516.000000
364.815000	426.000000
364.820000	638.000000
364.825000	478.000000
364.830000	548.000000
364.835000	513.000000
364.840000	663.000000
364.845000	566.000000
364.850000	639.000000
364.855000	524.000000
364.860000	698.000000
364.865000	641.000000
364.870000	748.000000
364.875000	714.000000
364.880000	673.000000
364.885000	701.000000
364.890000	771.000000
364.895000	789.000000
364.900000	774.000000
364.905000	1032.000000
364.910000	946.000000
364.915000	889.000000
364.920000	1287.000000
364.925000	1233.000000
364.930000	1552.000000
364.935000	2149.000000
364.940000	2256.000000
364.945000	2898.000000
364.950000	4219.000000
364.955000	5789.000000
364.960000	9952.000000
364.965000	17391.000000
364.970000	24940.000000
364.975000	34508.000000
364.980000	45138.000000
364.985000	55254.000000
364.990000	62066.000000
364.995000	78615.000000
365.000000	100270.000000
365.005000	148393.000000
365.010000	364799.000000
365.015000	517108.000000
365.020000	349461.000000
365.025000	151650.000000
365.030000	82466.000000
365.035000	51201.000000
365.040000	28391.000000
365.045000	17856.000000
365.050000	11635.000000
365.055000	8744.000000
365.060000	6581.000000
365.065000	5798.000000
365.070000	5044.000000
365.075000	4344.000000
365.080000	3700.000000
365.085000	3402.000000
365.090000	3411.000000
365.095000	3167.000000
365.100000	2720.000000
365.105000	2604.000000
365.110000	2285.000000
365.115000	2174.000000
365.120000	2343.000000
365.125000	2164.000000
365.130000	2349.000000
365.135000	1807.000000
365.140000	1974.000000
365.145000	1675.000000
365.150000	1707.000000
365.155000	1340.000000
365.160000	1229.000000
365.165000	1262.000000
365.170000	1132.000000
365.175000	1319.000000
365.180000	1246.000000
365.185000	1410.000000
365.190000	890.000000
365.195000	1161.000000
365.200000	996.000000
