Sample ID:		None
Start Time:		Thu Jun 18 2020 5:06:09 PM
Averaging Time:		1.000s

364.800000	396.000000
364.805000	591.000000
364.810000	368.000000
364.815000	553.000000
364.820000	456.000000
364.825000	381.000000
364.830000	518.000000
364.835000	515.000000
364.840000	509.000000
364.845000	670.000000
364.850000	613.000000
364.855000	579.000000
364.860000	523.000000
364.865000	646.000000
364.870000	799.000000
364.875000	659.000000
364.880000	801.000000
364.885000	768.000000
364.890000	904.000000
364.895000	1008.000000
364.900000	786.000000
364.905000	789.000000
364.910000	1231.000000
364.915000	1014.000000
364.920000	1442.000000
364.925000	1664.000000
364.930000	1820.000000
364.935000	2143.000000
364.940000	3131.000000
364.945000	5087.000000
364.950000	7251.000000
364.955000	11993.000000
364.960000	20621.000000
364.965000	27237.000000
364.970000	37067.000000
364.975000	44706.000000
364.980000	57888.000000
364.985000	64790.000000
364.990000	80270.000000
364.995000	110617.000000
365.000000	177897.000000
365.005000	539995.000000
365.010000	508460.000000
365.015000	239377.000000
365.020000	117142.000000
365.025000	58630.000000
365.030000	41318.000000
365.035000	24236.000000
365.040000	13786.000000
365.045000	10072.000000
365.050000	7544.000000
365.055000	6371.000000
365.060000	4953.000000
365.065000	4670.000000
365.070000	4272.000000
365.075000	3593.000000
365.080000	3209.000000
365.085000	3010.000000
365.090000	2750.000000
365.095000	2549.000000
365.100000	2378.000000
365.105000	2258.000000
365.110000	2299.000000
365.115000	1968.000000
365.120000	2128.000000
365.125000	1839.000000
365.130000	2025.000000
365.135000	1685.000000
365.140000	1473.000000
365.145000	1268.000000
365.150000	1255.000000
365.155000	1300.000000
365.160000	1221.000000
365.165000	1085.000000
365.170000	1018.000000
365.175000	1149.000000
365.180000	1121.000000
365.185000	989.000000
365.190000	1006.000000
365.195000	949.000000
365.200000	803.000000
