Sample ID:		None
Start Time:		Thu Jun 18 2020 2:40:39 PM
Averaging Time:		1.000s

364.800000	613.000000
364.805000	632.000000
364.810000	512.000000
364.815000	663.000000
364.820000	622.000000
364.825000	723.000000
364.830000	709.000000
364.835000	741.000000
364.840000	933.000000
364.845000	795.000000
364.850000	867.000000
364.855000	993.000000
364.860000	1151.000000
364.865000	998.000000
364.870000	1285.000000
364.875000	1226.000000
364.880000	1501.000000
364.885000	1302.000000
364.890000	1969.000000
364.895000	2401.000000
364.900000	3044.000000
364.905000	4577.000000
364.910000	7157.000000
364.915000	10738.000000
364.920000	18644.000000
364.925000	28922.000000
364.930000	39198.000000
364.935000	49809.000000
364.940000	62412.000000
364.945000	72712.000000
364.950000	101772.000000
364.955000	116796.000000
364.960000	173769.000000
364.965000	488216.000000
364.970000	684555.000000
364.975000	414268.000000
364.980000	165481.000000
364.985000	91030.000000
364.990000	58729.000000
364.995000	35292.000000
365.000000	19544.000000
365.005000	12666.000000
365.010000	10935.000000
365.015000	7732.000000
365.020000	7063.000000
365.025000	6304.000000
365.030000	5277.000000
365.035000	5022.000000
365.040000	4427.000000
365.045000	4266.000000
365.050000	3654.000000
365.055000	3785.000000
365.060000	3029.000000
365.065000	2646.000000
365.070000	2958.000000
365.075000	2701.000000
365.080000	2502.000000
365.085000	2326.000000
365.090000	2316.000000
365.095000	2351.000000
365.100000	1956.000000
365.105000	1875.000000
365.110000	1703.000000
365.115000	1559.000000
365.120000	1454.000000
365.125000	1296.000000
365.130000	1401.000000
365.135000	1330.000000
365.140000	1345.000000
365.145000	1309.000000
365.150000	1162.000000
365.155000	1013.000000
365.160000	943.000000
365.165000	1073.000000
365.170000	1061.000000
365.175000	940.000000
365.180000	921.000000
365.185000	1019.000000
365.190000	948.000000
365.195000	941.000000
365.200000	843.000000
