Sample ID:		None
Start Time:		Thu Jun 18 2020 10:47:46 PM
Averaging Time:		1.000s

364.800000	1243.000000
364.805000	1330.000000
364.810000	1201.000000
364.815000	1164.000000
364.820000	946.000000
364.825000	887.000000
364.830000	1019.000000
364.835000	858.000000
364.840000	1072.000000
364.845000	625.000000
364.850000	711.000000
364.855000	709.000000
364.860000	776.000000
364.865000	643.000000
364.870000	765.000000
364.875000	757.000000
364.880000	772.000000
364.885000	768.000000
364.890000	784.000000
364.895000	677.000000
364.900000	604.000000
364.905000	868.000000
364.910000	593.000000
364.915000	660.000000
364.920000	584.000000
364.925000	776.000000
364.930000	729.000000
364.935000	681.000000
364.940000	700.000000
364.945000	680.000000
364.950000	817.000000
364.955000	607.000000
364.960000	682.000000
364.965000	740.000000
364.970000	622.000000
364.975000	599.000000
364.980000	789.000000
364.985000	701.000000
364.990000	710.000000
364.995000	661.000000
365.000000	731.000000
365.005000	662.000000
365.010000	558.000000
365.015000	605.000000
365.020000	582.000000
365.025000	692.000000
365.030000	981.000000
365.035000	930.000000
365.040000	869.000000
365.045000	891.000000
365.050000	1407.000000
365.055000	2163.000000
365.060000	3067.000000
365.065000	5240.000000
365.070000	6382.000000
365.075000	7744.000000
365.080000	10628.000000
365.085000	12525.000000
365.090000	13837.000000
365.095000	18475.000000
365.100000	28301.000000
365.105000	44435.000000
365.110000	111153.000000
365.115000	111064.000000
365.120000	64787.000000
365.125000	34429.000000
365.130000	11770.000000
365.135000	9531.000000
365.140000	5848.000000
365.145000	2940.000000
365.150000	2319.000000
365.155000	1902.000000
365.160000	1432.000000
365.165000	1282.000000
365.170000	1015.000000
365.175000	922.000000
365.180000	943.000000
365.185000	965.000000
365.190000	758.000000
365.195000	944.000000
365.200000	769.000000
