Sample ID:		None
Start Time:		Thu Jun 18 2020 4:42:43 PM
Averaging Time:		1.000s

364.800000	445.000000
364.805000	353.000000
364.810000	469.000000
364.815000	531.000000
364.820000	566.000000
364.825000	390.000000
364.830000	636.000000
364.835000	434.000000
364.840000	531.000000
364.845000	689.000000
364.850000	520.000000
364.855000	708.000000
364.860000	637.000000
364.865000	637.000000
364.870000	554.000000
364.875000	603.000000
364.880000	696.000000
364.885000	623.000000
364.890000	825.000000
364.895000	933.000000
364.900000	742.000000
364.905000	978.000000
364.910000	899.000000
364.915000	896.000000
364.920000	1091.000000
364.925000	1210.000000
364.930000	1291.000000
364.935000	1694.000000
364.940000	1802.000000
364.945000	2578.000000
364.950000	3314.000000
364.955000	6652.000000
364.960000	9458.000000
364.965000	15870.000000
364.970000	24061.000000
364.975000	33669.000000
364.980000	43954.000000
364.985000	52574.000000
364.990000	60548.000000
364.995000	82757.000000
365.000000	96732.000000
365.005000	140069.000000
365.010000	361305.000000
365.015000	598459.000000
365.020000	359309.000000
365.025000	147773.000000
365.030000	76265.000000
365.035000	46015.000000
365.040000	29439.000000
365.045000	18439.000000
365.050000	12089.000000
365.055000	8479.000000
365.060000	7373.000000
365.065000	5713.000000
365.070000	4854.000000
365.075000	4383.000000
365.080000	3930.000000
365.085000	3861.000000
365.090000	3161.000000
365.095000	2708.000000
365.100000	2745.000000
365.105000	2513.000000
365.110000	2611.000000
365.115000	2389.000000
365.120000	2318.000000
365.125000	1926.000000
365.130000	1896.000000
365.135000	1835.000000
365.140000	1600.000000
365.145000	1951.000000
365.150000	1500.000000
365.155000	1466.000000
365.160000	1479.000000
365.165000	1265.000000
365.170000	1215.000000
365.175000	1139.000000
365.180000	1362.000000
365.185000	1269.000000
365.190000	915.000000
365.195000	907.000000
365.200000	989.000000
