Sample ID:		None
Start Time:		Thu Jun 18 2020 8:07:00 PM
Averaging Time:		1.000s

364.800000	641.000000
364.805000	661.000000
364.810000	845.000000
364.815000	880.000000
364.820000	724.000000
364.825000	873.000000
364.830000	1042.000000
364.835000	1015.000000
364.840000	1318.000000
364.845000	1327.000000
364.850000	1614.000000
364.855000	1675.000000
364.860000	2497.000000
364.865000	3301.000000
364.870000	5284.000000
364.875000	8003.000000
364.880000	14951.000000
364.885000	22033.000000
364.890000	29973.000000
364.895000	37863.000000
364.900000	47992.000000
364.905000	57424.000000
364.910000	67242.000000
364.915000	82839.000000
364.920000	119405.000000
364.925000	299797.000000
364.930000	567919.000000
364.935000	450827.000000
364.940000	167586.000000
364.945000	88767.000000
364.950000	51570.000000
364.955000	34500.000000
364.960000	20427.000000
364.965000	12270.000000
364.970000	9421.000000
364.975000	7171.000000
364.980000	5152.000000
364.985000	4879.000000
364.990000	3832.000000
364.995000	3589.000000
365.000000	3634.000000
365.005000	3116.000000
365.010000	2836.000000
365.015000	2989.000000
365.020000	2642.000000
365.025000	2231.000000
365.030000	2266.000000
365.035000	1862.000000
365.040000	2018.000000
365.045000	2027.000000
365.050000	1693.000000
365.055000	1882.000000
365.060000	1735.000000
365.065000	1536.000000
365.070000	1518.000000
365.075000	1200.000000
365.080000	1234.000000
365.085000	1071.000000
365.090000	1129.000000
365.095000	1200.000000
365.100000	884.000000
365.105000	966.000000
365.110000	1118.000000
365.115000	810.000000
365.120000	763.000000
365.125000	750.000000
365.130000	863.000000
365.135000	823.000000
365.140000	717.000000
365.145000	854.000000
365.150000	762.000000
365.155000	657.000000
365.160000	730.000000
365.165000	840.000000
365.170000	753.000000
365.175000	726.000000
365.180000	825.000000
365.185000	698.000000
365.190000	717.000000
365.195000	797.000000
365.200000	679.000000
