Sample ID:		None
Start Time:		Thu Jun 18 2020 11:07:51 PM
Averaging Time:		1.000s

364.800000	1051.000000
364.805000	904.000000
364.810000	749.000000
364.815000	925.000000
364.820000	1000.000000
364.825000	618.000000
364.830000	652.000000
364.835000	785.000000
364.840000	604.000000
364.845000	858.000000
364.850000	905.000000
364.855000	806.000000
364.860000	775.000000
364.865000	792.000000
364.870000	784.000000
364.875000	824.000000
364.880000	579.000000
364.885000	758.000000
364.890000	751.000000
364.895000	642.000000
364.900000	586.000000
364.905000	706.000000
364.910000	771.000000
364.915000	625.000000
364.920000	594.000000
364.925000	689.000000
364.930000	738.000000
364.935000	621.000000
364.940000	635.000000
364.945000	703.000000
364.950000	582.000000
364.955000	662.000000
364.960000	615.000000
364.965000	636.000000
364.970000	727.000000
364.975000	696.000000
364.980000	641.000000
364.985000	843.000000
364.990000	665.000000
364.995000	718.000000
365.000000	688.000000
365.005000	589.000000
365.010000	1051.000000
365.015000	1008.000000
365.020000	851.000000
365.025000	1268.000000
365.030000	2044.000000
365.035000	2832.000000
365.040000	4094.000000
365.045000	5958.000000
365.050000	7163.000000
365.055000	9796.000000
365.060000	12161.000000
365.065000	12994.000000
365.070000	16006.000000
365.075000	23903.000000
365.080000	39365.000000
365.085000	66880.000000
365.090000	116357.000000
365.095000	64183.000000
365.100000	40259.000000
365.105000	17950.000000
365.110000	10800.000000
365.115000	6835.000000
365.120000	4052.000000
365.125000	2614.000000
365.130000	1792.000000
365.135000	1585.000000
365.140000	1093.000000
365.145000	1019.000000
365.150000	993.000000
365.155000	850.000000
365.160000	1203.000000
365.165000	917.000000
365.170000	952.000000
365.175000	962.000000
365.180000	782.000000
365.185000	771.000000
365.190000	816.000000
365.195000	831.000000
365.200000	774.000000
