Sample ID:		None
Start Time:		Thu Jun 18 2020 1:36:59 PM
Averaging Time:		1.000s

364.800000	557.000000
364.805000	667.000000
364.810000	597.000000
364.815000	746.000000
364.820000	566.000000
364.825000	631.000000
364.830000	611.000000
364.835000	819.000000
364.840000	697.000000
364.845000	685.000000
364.850000	1044.000000
364.855000	929.000000
364.860000	1014.000000
364.865000	1165.000000
364.870000	1201.000000
364.875000	1275.000000
364.880000	1458.000000
364.885000	1433.000000
364.890000	1673.000000
364.895000	1906.000000
364.900000	2549.000000
364.905000	3095.000000
364.910000	4197.000000
364.915000	6067.000000
364.920000	10271.000000
364.925000	16686.000000
364.930000	26240.000000
364.935000	38998.000000
364.940000	49491.000000
364.945000	59743.000000
364.950000	81662.000000
364.955000	86842.000000
364.960000	112091.000000
364.965000	173687.000000
364.970000	479186.000000
364.975000	704217.000000
364.980000	415923.000000
364.985000	158648.000000
364.990000	91996.000000
364.995000	64407.000000
365.000000	36788.000000
365.005000	22669.000000
365.010000	15347.000000
365.015000	9494.000000
365.020000	8634.000000
365.025000	6998.000000
365.030000	5895.000000
365.035000	5202.000000
365.040000	4384.000000
365.045000	4900.000000
365.050000	3885.000000
365.055000	3966.000000
365.060000	3393.000000
365.065000	3407.000000
365.070000	3084.000000
365.075000	2862.000000
365.080000	2822.000000
365.085000	2643.000000
365.090000	2392.000000
365.095000	2295.000000
365.100000	2209.000000
365.105000	2097.000000
365.110000	1882.000000
365.115000	1980.000000
365.120000	1764.000000
365.125000	1399.000000
365.130000	1650.000000
365.135000	1351.000000
365.140000	1313.000000
365.145000	1295.000000
365.150000	1219.000000
365.155000	1227.000000
365.160000	1092.000000
365.165000	1292.000000
365.170000	892.000000
365.175000	973.000000
365.180000	1083.000000
365.185000	1176.000000
365.190000	932.000000
365.195000	1158.000000
365.200000	888.000000
