Sample ID:		None
Start Time:		Thu Jun 18 2020 8:27:06 PM
Averaging Time:		1.000s

364.800000	531.000000
364.805000	946.000000
364.810000	976.000000
364.815000	931.000000
364.820000	1053.000000
364.825000	1214.000000
364.830000	1451.000000
364.835000	1866.000000
364.840000	2800.000000
364.845000	3639.000000
364.850000	6037.000000
364.855000	10375.000000
364.860000	17028.000000
364.865000	25658.000000
364.870000	33592.000000
364.875000	41556.000000
364.880000	52542.000000
364.885000	60774.000000
364.890000	86201.000000
364.895000	99618.000000
364.900000	193537.000000
364.905000	450694.000000
364.910000	539418.000000
364.915000	266702.000000
364.920000	114546.000000
364.925000	56751.000000
364.930000	43990.000000
364.935000	25770.000000
364.940000	15851.000000
364.945000	10606.000000
364.950000	6545.000000
364.955000	6335.000000
364.960000	5248.000000
364.965000	4130.000000
364.970000	3764.000000
364.975000	3356.000000
364.980000	3216.000000
364.985000	3131.000000
364.990000	2694.000000
364.995000	2637.000000
365.000000	2244.000000
365.005000	2206.000000
365.010000	2096.000000
365.015000	1926.000000
365.020000	2018.000000
365.025000	1904.000000
365.030000	1723.000000
365.035000	1661.000000
365.040000	1495.000000
365.045000	1362.000000
365.050000	1191.000000
365.055000	1332.000000
365.060000	1171.000000
365.065000	1001.000000
365.070000	954.000000
365.075000	1138.000000
365.080000	1056.000000
365.085000	1022.000000
365.090000	839.000000
365.095000	854.000000
365.100000	873.000000
365.105000	641.000000
365.110000	774.000000
365.115000	565.000000
365.120000	647.000000
365.125000	685.000000
365.130000	778.000000
365.135000	763.000000
365.140000	933.000000
365.145000	778.000000
365.150000	675.000000
365.155000	777.000000
365.160000	724.000000
365.165000	759.000000
365.170000	693.000000
365.175000	680.000000
365.180000	848.000000
365.185000	660.000000
365.190000	536.000000
365.195000	606.000000
365.200000	645.000000
