Sample ID:		None
Start Time:		Thu Jun 18 2020 3:29:04 PM
Averaging Time:		1.000s

364.800000	385.000000
364.805000	531.000000
364.810000	575.000000
364.815000	340.000000
364.820000	446.000000
364.825000	443.000000
364.830000	518.000000
364.835000	404.000000
364.840000	536.000000
364.845000	488.000000
364.850000	586.000000
364.855000	729.000000
364.860000	542.000000
364.865000	627.000000
364.870000	583.000000
364.875000	603.000000
364.880000	607.000000
364.885000	724.000000
364.890000	626.000000
364.895000	727.000000
364.900000	849.000000
364.905000	1015.000000
364.910000	955.000000
364.915000	1094.000000
364.920000	1154.000000
364.925000	1224.000000
364.930000	1340.000000
364.935000	1535.000000
364.940000	1936.000000
364.945000	2374.000000
364.950000	3107.000000
364.955000	5072.000000
364.960000	8544.000000
364.965000	13533.000000
364.970000	21229.000000
364.975000	30274.000000
364.980000	42553.000000
364.985000	50532.000000
364.990000	58587.000000
364.995000	72116.000000
365.000000	89404.000000
365.005000	123684.000000
365.010000	242415.000000
365.015000	602689.000000
365.020000	510697.000000
365.025000	196348.000000
365.030000	92513.000000
365.035000	60004.000000
365.040000	37566.000000
365.045000	22495.000000
365.050000	13844.000000
365.055000	9911.000000
365.060000	7136.000000
365.065000	6082.000000
365.070000	5065.000000
365.075000	4617.000000
365.080000	3950.000000
365.085000	3961.000000
365.090000	3556.000000
365.095000	3508.000000
365.100000	3278.000000
365.105000	2752.000000
365.110000	2364.000000
365.115000	2602.000000
365.120000	2452.000000
365.125000	2369.000000
365.130000	1960.000000
365.135000	1747.000000
365.140000	1903.000000
365.145000	1644.000000
365.150000	1489.000000
365.155000	1521.000000
365.160000	1673.000000
365.165000	1178.000000
365.170000	1317.000000
365.175000	1349.000000
365.180000	1418.000000
365.185000	1262.000000
365.190000	1003.000000
365.195000	937.000000
365.200000	972.000000
