Sample ID:		None
Start Time:		Thu Jun 18 2020 1:43:41 PM
Averaging Time:		1.000s

364.800000	548.000000
364.805000	591.000000
364.810000	683.000000
364.815000	726.000000
364.820000	834.000000
364.825000	690.000000
364.830000	790.000000
364.835000	736.000000
364.840000	806.000000
364.845000	844.000000
364.850000	935.000000
364.855000	918.000000
364.860000	938.000000
364.865000	1073.000000
364.870000	967.000000
364.875000	1303.000000
364.880000	1394.000000
364.885000	1529.000000
364.890000	1609.000000
364.895000	1824.000000
364.900000	2812.000000
364.905000	3318.000000
364.910000	4913.000000
364.915000	8097.000000
364.920000	13128.000000
364.925000	21037.000000
364.930000	33517.000000
364.935000	42315.000000
364.940000	53910.000000
364.945000	66039.000000
364.950000	81197.000000
364.955000	96529.000000
364.960000	130632.000000
364.965000	263373.000000
364.970000	603467.000000
364.975000	660685.000000
364.980000	275285.000000
364.985000	144400.000000
364.990000	77242.000000
364.995000	51536.000000
365.000000	27558.000000
365.005000	17834.000000
365.010000	12473.000000
365.015000	9490.000000
365.020000	7430.000000
365.025000	7051.000000
365.030000	5702.000000
365.035000	5368.000000
365.040000	4455.000000
365.045000	4254.000000
365.050000	4065.000000
365.055000	3705.000000
365.060000	3253.000000
365.065000	3294.000000
365.070000	2741.000000
365.075000	2808.000000
365.080000	2568.000000
365.085000	2313.000000
365.090000	2538.000000
365.095000	2068.000000
365.100000	2105.000000
365.105000	1841.000000
365.110000	2036.000000
365.115000	2074.000000
365.120000	1656.000000
365.125000	1465.000000
365.130000	1632.000000
365.135000	1540.000000
365.140000	1207.000000
365.145000	1267.000000
365.150000	1148.000000
365.155000	1383.000000
365.160000	1219.000000
365.165000	1022.000000
365.170000	913.000000
365.175000	1069.000000
365.180000	1018.000000
365.185000	1068.000000
365.190000	990.000000
365.195000	1030.000000
365.200000	1162.000000
