Sample ID:		None
Start Time:		Thu Jun 18 2020 11:21:15 PM
Averaging Time:		1.000s

364.800000	899.000000
364.805000	825.000000
364.810000	824.000000
364.815000	655.000000
364.820000	705.000000
364.825000	761.000000
364.830000	635.000000
364.835000	690.000000
364.840000	957.000000
364.845000	749.000000
364.850000	633.000000
364.855000	881.000000
364.860000	819.000000
364.865000	702.000000
364.870000	954.000000
364.875000	839.000000
364.880000	780.000000
364.885000	705.000000
364.890000	626.000000
364.895000	592.000000
364.900000	702.000000
364.905000	716.000000
364.910000	571.000000
364.915000	689.000000
364.920000	639.000000
364.925000	578.000000
364.930000	710.000000
364.935000	721.000000
364.940000	674.000000
364.945000	510.000000
364.950000	602.000000
364.955000	943.000000
364.960000	715.000000
364.965000	617.000000
364.970000	655.000000
364.975000	601.000000
364.980000	524.000000
364.985000	684.000000
364.990000	711.000000
364.995000	785.000000
365.000000	902.000000
365.005000	1071.000000
365.010000	1316.000000
365.015000	2489.000000
365.020000	2814.000000
365.025000	4546.000000
365.030000	6706.000000
365.035000	7855.000000
365.040000	9926.000000
365.045000	11827.000000
365.050000	14164.000000
365.055000	18325.000000
365.060000	27360.000000
365.065000	45124.000000
365.070000	88616.000000
365.075000	82303.000000
365.080000	60731.000000
365.085000	29609.000000
365.090000	11904.000000
365.095000	9780.000000
365.100000	5606.000000
365.105000	3315.000000
365.110000	2358.000000
365.115000	1793.000000
365.120000	1231.000000
365.125000	1316.000000
365.130000	1041.000000
365.135000	936.000000
365.140000	956.000000
365.145000	888.000000
365.150000	911.000000
365.155000	1013.000000
365.160000	899.000000
365.165000	726.000000
365.170000	825.000000
365.175000	757.000000
365.180000	816.000000
365.185000	687.000000
365.190000	751.000000
365.195000	731.000000
365.200000	871.000000
