Sample ID:		None
Start Time:		Thu Jun 18 2020 9:27:23 PM
Averaging Time:		1.000s

364.800000	520848.000000
364.805000	386213.000000
364.810000	131303.000000
364.815000	69228.000000
364.820000	42534.000000
364.825000	16296.000000
364.830000	13778.000000
364.835000	9669.000000
364.840000	7146.000000
364.845000	5582.000000
364.850000	5122.000000
364.855000	4112.000000
364.860000	3362.000000
364.865000	3486.000000
364.870000	3209.000000
364.875000	3067.000000
364.880000	2606.000000
364.885000	2624.000000
364.890000	2197.000000
364.895000	2156.000000
364.900000	2317.000000
364.905000	2070.000000
364.910000	1645.000000
364.915000	2007.000000
364.920000	1646.000000
364.925000	1741.000000
364.930000	1196.000000
364.935000	1653.000000
364.940000	1222.000000
364.945000	1262.000000
364.950000	1225.000000
364.955000	1097.000000
364.960000	1117.000000
364.965000	961.000000
364.970000	944.000000
364.975000	829.000000
364.980000	836.000000
364.985000	954.000000
364.990000	877.000000
364.995000	666.000000
365.000000	918.000000
365.005000	661.000000
365.010000	633.000000
365.015000	670.000000
365.020000	894.000000
365.025000	784.000000
365.030000	794.000000
365.035000	812.000000
365.040000	833.000000
365.045000	946.000000
365.050000	745.000000
365.055000	755.000000
365.060000	678.000000
365.065000	613.000000
365.070000	638.000000
365.075000	591.000000
365.080000	670.000000
365.085000	857.000000
365.090000	600.000000
365.095000	710.000000
365.100000	735.000000
365.105000	670.000000
365.110000	657.000000
365.115000	639.000000
365.120000	665.000000
365.125000	731.000000
365.130000	692.000000
365.135000	700.000000
365.140000	585.000000
365.145000	743.000000
365.150000	860.000000
365.155000	756.000000
365.160000	855.000000
365.165000	535.000000
365.170000	683.000000
365.175000	866.000000
365.180000	779.000000
365.185000	851.000000
365.190000	888.000000
365.195000	1098.000000
365.200000	1481.000000
