Sample ID:		None
Start Time:		Thu Jun 18 2020 7:40:13 PM
Averaging Time:		1.000s

364.800000	758.000000
364.805000	601.000000
364.810000	636.000000
364.815000	677.000000
364.820000	710.000000
364.825000	677.000000
364.830000	822.000000
364.835000	758.000000
364.840000	908.000000
364.845000	889.000000
364.850000	973.000000
364.855000	1107.000000
364.860000	1225.000000
364.865000	1453.000000
364.870000	1418.000000
364.875000	1869.000000
364.880000	2328.000000
364.885000	3594.000000
364.890000	6117.000000
364.895000	12054.000000
364.900000	15425.000000
364.905000	23133.000000
364.910000	33405.000000
364.915000	40194.000000
364.920000	49598.000000
364.925000	59843.000000
364.930000	71416.000000
364.935000	89568.000000
364.940000	130886.000000
364.945000	347173.000000
364.950000	572660.000000
364.955000	354935.000000
364.960000	141621.000000
364.965000	77929.000000
364.970000	50038.000000
364.975000	28684.000000
364.980000	17296.000000
364.985000	12545.000000
364.990000	8102.000000
364.995000	6983.000000
365.000000	5218.000000
365.005000	5155.000000
365.010000	4039.000000
365.015000	3525.000000
365.020000	3462.000000
365.025000	2936.000000
365.030000	2830.000000
365.035000	2727.000000
365.040000	2566.000000
365.045000	2253.000000
365.050000	2325.000000
365.055000	1764.000000
365.060000	2077.000000
365.065000	1740.000000
365.070000	1659.000000
365.075000	1694.000000
365.080000	1545.000000
365.085000	1426.000000
365.090000	1356.000000
365.095000	1259.000000
365.100000	1349.000000
365.105000	1058.000000
365.110000	1155.000000
365.115000	1052.000000
365.120000	869.000000
365.125000	1043.000000
365.130000	1053.000000
365.135000	774.000000
365.140000	910.000000
365.145000	806.000000
365.150000	904.000000
365.155000	755.000000
365.160000	830.000000
365.165000	933.000000
365.170000	634.000000
365.175000	769.000000
365.180000	913.000000
365.185000	723.000000
365.190000	934.000000
365.195000	598.000000
365.200000	656.000000
