Sample ID:		None
Start Time:		Thu Jun 18 2020 5:29:36 PM
Averaging Time:		1.000s

364.800000	483.000000
364.805000	566.000000
364.810000	512.000000
364.815000	550.000000
364.820000	396.000000
364.825000	501.000000
364.830000	495.000000
364.835000	375.000000
364.840000	386.000000
364.845000	497.000000
364.850000	576.000000
364.855000	535.000000
364.860000	653.000000
364.865000	601.000000
364.870000	703.000000
364.875000	573.000000
364.880000	632.000000
364.885000	791.000000
364.890000	727.000000
364.895000	743.000000
364.900000	898.000000
364.905000	996.000000
364.910000	1104.000000
364.915000	1216.000000
364.920000	1353.000000
364.925000	1872.000000
364.930000	2343.000000
364.935000	3092.000000
364.940000	5359.000000
364.945000	9241.000000
364.950000	14480.000000
364.955000	20559.000000
364.960000	29910.000000
364.965000	39658.000000
364.970000	48730.000000
364.975000	58053.000000
364.980000	68060.000000
364.985000	88277.000000
364.990000	120062.000000
364.995000	206856.000000
365.000000	575011.000000
365.005000	443844.000000
365.010000	158531.000000
365.015000	99421.000000
365.020000	54731.000000
365.025000	34307.000000
365.030000	17935.000000
365.035000	13242.000000
365.040000	9372.000000
365.045000	6375.000000
365.050000	5767.000000
365.055000	4844.000000
365.060000	4286.000000
365.065000	3638.000000
365.070000	3783.000000
365.075000	3403.000000
365.080000	3157.000000
365.085000	2764.000000
365.090000	2434.000000
365.095000	2557.000000
365.100000	2594.000000
365.105000	1982.000000
365.110000	1963.000000
365.115000	1986.000000
365.120000	1853.000000
365.125000	1747.000000
365.130000	1436.000000
365.135000	1546.000000
365.140000	1302.000000
365.145000	1297.000000
365.150000	1161.000000
365.155000	1143.000000
365.160000	1229.000000
365.165000	1084.000000
365.170000	1072.000000
365.175000	878.000000
365.180000	781.000000
365.185000	888.000000
365.190000	782.000000
365.195000	838.000000
365.200000	896.000000
