Sample ID:		None
Start Time:		Thu Jun 18 2020 10:20:58 PM
Averaging Time:		1.000s

364.800000	2688.000000
364.805000	2524.000000
364.810000	2129.000000
364.815000	1948.000000
364.820000	1831.000000
364.825000	1668.000000
364.830000	1509.000000
364.835000	1604.000000
364.840000	1630.000000
364.845000	1449.000000
364.850000	1318.000000
364.855000	1240.000000
364.860000	1332.000000
364.865000	1060.000000
364.870000	933.000000
364.875000	1074.000000
364.880000	950.000000
364.885000	780.000000
364.890000	767.000000
364.895000	714.000000
364.900000	814.000000
364.905000	576.000000
364.910000	634.000000
364.915000	629.000000
364.920000	795.000000
364.925000	564.000000
364.930000	717.000000
364.935000	859.000000
364.940000	848.000000
364.945000	890.000000
364.950000	891.000000
364.955000	706.000000
364.960000	713.000000
364.965000	670.000000
364.970000	691.000000
364.975000	780.000000
364.980000	519.000000
364.985000	655.000000
364.990000	762.000000
364.995000	538.000000
365.000000	547.000000
365.005000	499.000000
365.010000	734.000000
365.015000	672.000000
365.020000	609.000000
365.025000	699.000000
365.030000	644.000000
365.035000	739.000000
365.040000	526.000000
365.045000	646.000000
365.050000	672.000000
365.055000	665.000000
365.060000	806.000000
365.065000	502.000000
365.070000	698.000000
365.075000	682.000000
365.080000	759.000000
365.085000	801.000000
365.090000	856.000000
365.095000	818.000000
365.100000	970.000000
365.105000	1338.000000
365.110000	2000.000000
365.115000	2520.000000
365.120000	3748.000000
365.125000	5450.000000
365.130000	7781.000000
365.135000	9398.000000
365.140000	11417.000000
365.145000	12935.000000
365.150000	17097.000000
365.155000	20322.000000
365.160000	33994.000000
365.165000	63691.000000
365.170000	113798.000000
365.175000	95664.000000
365.180000	47836.000000
365.185000	22103.000000
365.190000	14151.000000
365.195000	8316.000000
365.200000	5162.000000
