Sample ID:		None
Start Time:		Thu Jun 18 2020 11:37:59 PM
Averaging Time:		1.000s

364.800000	806.000000
364.805000	782.000000
364.810000	767.000000
364.815000	738.000000
364.820000	654.000000
364.825000	906.000000
364.830000	851.000000
364.835000	758.000000
364.840000	762.000000
364.845000	798.000000
364.850000	817.000000
364.855000	812.000000
364.860000	752.000000
364.865000	811.000000
364.870000	706.000000
364.875000	767.000000
364.880000	620.000000
364.885000	694.000000
364.890000	679.000000
364.895000	696.000000
364.900000	716.000000
364.905000	655.000000
364.910000	767.000000
364.915000	593.000000
364.920000	617.000000
364.925000	585.000000
364.930000	638.000000
364.935000	694.000000
364.940000	689.000000
364.945000	623.000000
364.950000	693.000000
364.955000	608.000000
364.960000	920.000000
364.965000	813.000000
364.970000	665.000000
364.975000	698.000000
364.980000	645.000000
364.985000	806.000000
364.990000	865.000000
364.995000	1023.000000
365.000000	1361.000000
365.005000	1832.000000
365.010000	3053.000000
365.015000	5147.000000
365.020000	6231.000000
365.025000	7886.000000
365.030000	9282.000000
365.035000	11547.000000
365.040000	13700.000000
365.045000	17896.000000
365.050000	27320.000000
365.055000	46889.000000
365.060000	83959.000000
365.065000	111392.000000
365.070000	57841.000000
365.075000	32141.000000
365.080000	16528.000000
365.085000	9798.000000
365.090000	5841.000000
365.095000	3426.000000
365.100000	2604.000000
365.105000	1895.000000
365.110000	1335.000000
365.115000	1203.000000
365.120000	1236.000000
365.125000	886.000000
365.130000	993.000000
365.135000	881.000000
365.140000	863.000000
365.145000	898.000000
365.150000	894.000000
365.155000	958.000000
365.160000	896.000000
365.165000	808.000000
365.170000	690.000000
365.175000	800.000000
365.180000	719.000000
365.185000	731.000000
365.190000	729.000000
365.195000	736.000000
365.200000	805.000000
