Sample ID:		None
Start Time:		Thu Jun 18 2020 2:13:51 PM
Averaging Time:		1.000s

364.800000	753.000000
364.805000	623.000000
364.810000	576.000000
364.815000	675.000000
364.820000	814.000000
364.825000	686.000000
364.830000	692.000000
364.835000	759.000000
364.840000	862.000000
364.845000	876.000000
364.850000	774.000000
364.855000	833.000000
364.860000	920.000000
364.865000	1195.000000
364.870000	1159.000000
364.875000	1486.000000
364.880000	1549.000000
364.885000	1531.000000
364.890000	1865.000000
364.895000	2120.000000
364.900000	3005.000000
364.905000	4053.000000
364.910000	5444.000000
364.915000	8984.000000
364.920000	13471.000000
364.925000	25471.000000
364.930000	33682.000000
364.935000	42363.000000
364.940000	53968.000000
364.945000	67708.000000
364.950000	84312.000000
364.955000	97166.000000
364.960000	139035.000000
364.965000	258197.000000
364.970000	652251.000000
364.975000	609678.000000
364.980000	214237.000000
364.985000	125915.000000
364.990000	76232.000000
364.995000	46898.000000
365.000000	24876.000000
365.005000	17302.000000
365.010000	12705.000000
365.015000	9109.000000
365.020000	7151.000000
365.025000	6549.000000
365.030000	5560.000000
365.035000	5144.000000
365.040000	4279.000000
365.045000	4294.000000
365.050000	3953.000000
365.055000	3517.000000
365.060000	3058.000000
365.065000	3112.000000
365.070000	2596.000000
365.075000	2930.000000
365.080000	2231.000000
365.085000	2395.000000
365.090000	2139.000000
365.095000	2066.000000
365.100000	2200.000000
365.105000	1794.000000
365.110000	1767.000000
365.115000	1687.000000
365.120000	1672.000000
365.125000	1678.000000
365.130000	1770.000000
365.135000	1337.000000
365.140000	1307.000000
365.145000	1281.000000
365.150000	1428.000000
365.155000	1313.000000
365.160000	1145.000000
365.165000	1005.000000
365.170000	1020.000000
365.175000	974.000000
365.180000	1001.000000
365.185000	1002.000000
365.190000	759.000000
365.195000	937.000000
365.200000	1039.000000
