Sample ID:		None
Start Time:		Thu Jun 18 2020 10:18:40 AM
Averaging Time:		1.000s

364.800000	628.000000
364.805000	470.000000
364.810000	529.000000
364.815000	657.000000
364.820000	699.000000
364.825000	625.000000
364.830000	502.000000
364.835000	696.000000
364.840000	697.000000
364.845000	814.000000
364.850000	795.000000
364.855000	1035.000000
364.860000	851.000000
364.865000	802.000000
364.870000	994.000000
364.875000	1225.000000
364.880000	953.000000
364.885000	1442.000000
364.890000	1115.000000
364.895000	1424.000000
364.900000	1397.000000
364.905000	1554.000000
364.910000	1967.000000
364.915000	2044.000000
364.920000	2807.000000
364.925000	3948.000000
364.930000	6905.000000
364.935000	9496.000000
364.940000	15390.000000
364.945000	24265.000000
364.950000	37682.000000
364.955000	47110.000000
364.960000	63092.000000
364.965000	77143.000000
364.970000	93826.000000
364.975000	140774.000000
364.980000	186417.000000
364.985000	455270.000000
364.990000	751243.000000
364.995000	441164.000000
365.000000	198741.000000
365.005000	99457.000000
365.010000	53487.000000
365.015000	36644.000000
365.020000	22771.000000
365.025000	13351.000000
365.030000	11143.000000
365.035000	8784.000000
365.040000	7307.000000
365.045000	6408.000000
365.050000	5538.000000
365.055000	5266.000000
365.060000	4936.000000
365.065000	4455.000000
365.070000	4072.000000
365.075000	3806.000000
365.080000	3268.000000
365.085000	3343.000000
365.090000	2918.000000
365.095000	2577.000000
365.100000	2576.000000
365.105000	2734.000000
365.110000	2515.000000
365.115000	2455.000000
365.120000	1985.000000
365.125000	1751.000000
365.130000	1824.000000
365.135000	1811.000000
365.140000	1490.000000
365.145000	1718.000000
365.150000	1691.000000
365.155000	1537.000000
365.160000	1493.000000
365.165000	1295.000000
365.170000	1227.000000
365.175000	1195.000000
365.180000	1150.000000
365.185000	1208.000000
365.190000	1081.000000
365.195000	1136.000000
365.200000	1082.000000
