Sample ID:		None
Start Time:		Thu Jun 18 2020 9:54:11 PM
Averaging Time:		1.000s

364.800000	5773.000000
364.805000	3804.000000
364.810000	3783.000000
364.815000	3161.000000
364.820000	3396.000000
364.825000	2880.000000
364.830000	2752.000000
364.835000	2345.000000
364.840000	2167.000000
364.845000	2290.000000
364.850000	2114.000000
364.855000	1863.000000
364.860000	1668.000000
364.865000	1527.000000
364.870000	1393.000000
364.875000	1478.000000
364.880000	1561.000000
364.885000	1342.000000
364.890000	1190.000000
364.895000	1060.000000
364.900000	1444.000000
364.905000	1055.000000
364.910000	863.000000
364.915000	1145.000000
364.920000	786.000000
364.925000	1109.000000
364.930000	835.000000
364.935000	936.000000
364.940000	770.000000
364.945000	691.000000
364.950000	882.000000
364.955000	636.000000
364.960000	711.000000
364.965000	836.000000
364.970000	783.000000
364.975000	830.000000
364.980000	836.000000
364.985000	676.000000
364.990000	786.000000
364.995000	644.000000
365.000000	689.000000
365.005000	604.000000
365.010000	758.000000
365.015000	741.000000
365.020000	723.000000
365.025000	582.000000
365.030000	552.000000
365.035000	732.000000
365.040000	717.000000
365.045000	663.000000
365.050000	759.000000
365.055000	725.000000
365.060000	630.000000
365.065000	620.000000
365.070000	638.000000
365.075000	591.000000
365.080000	620.000000
365.085000	575.000000
365.090000	753.000000
365.095000	702.000000
365.100000	683.000000
365.105000	695.000000
365.110000	818.000000
365.115000	580.000000
365.120000	645.000000
365.125000	615.000000
365.130000	824.000000
365.135000	923.000000
365.140000	1003.000000
365.145000	1214.000000
365.150000	1747.000000
365.155000	2669.000000
365.160000	3954.000000
365.165000	5630.000000
365.170000	7265.000000
365.175000	8949.000000
365.180000	11518.000000
365.185000	13070.000000
365.190000	14928.000000
365.195000	20590.000000
365.200000	32558.000000
