Sample ID:		None
Start Time:		Thu Jun 18 2020 7:50:16 PM
Averaging Time:		1.000s

364.800000	520.000000
364.805000	672.000000
364.810000	637.000000
364.815000	752.000000
364.820000	535.000000
364.825000	637.000000
364.830000	963.000000
364.835000	835.000000
364.840000	1170.000000
364.845000	1074.000000
364.850000	1058.000000
364.855000	1306.000000
364.860000	1506.000000
364.865000	1953.000000
364.870000	2382.000000
364.875000	3824.000000
364.880000	5074.000000
364.885000	7703.000000
364.890000	15737.000000
364.895000	21144.000000
364.900000	28766.000000
364.905000	37493.000000
364.910000	47509.000000
364.915000	58475.000000
364.920000	69048.000000
364.925000	84572.000000
364.930000	122196.000000
364.935000	343953.000000
364.940000	551661.000000
364.945000	424297.000000
364.950000	161374.000000
364.955000	76906.000000
364.960000	56885.000000
364.965000	32605.000000
364.970000	19054.000000
364.975000	11617.000000
364.980000	8973.000000
364.985000	6486.000000
364.990000	5514.000000
364.995000	4917.000000
365.000000	4134.000000
365.005000	3863.000000
365.010000	3546.000000
365.015000	3109.000000
365.020000	2766.000000
365.025000	2890.000000
365.030000	2529.000000
365.035000	2506.000000
365.040000	2058.000000
365.045000	1828.000000
365.050000	1770.000000
365.055000	1694.000000
365.060000	1924.000000
365.065000	1491.000000
365.070000	1287.000000
365.075000	1495.000000
365.080000	1269.000000
365.085000	1234.000000
365.090000	1219.000000
365.095000	1032.000000
365.100000	939.000000
365.105000	1221.000000
365.110000	1067.000000
365.115000	1173.000000
365.120000	820.000000
365.125000	764.000000
365.130000	1195.000000
365.135000	804.000000
365.140000	703.000000
365.145000	1025.000000
365.150000	810.000000
365.155000	653.000000
365.160000	850.000000
365.165000	602.000000
365.170000	682.000000
365.175000	623.000000
365.180000	662.000000
365.185000	825.000000
365.190000	760.000000
365.195000	815.000000
365.200000	697.000000
