Sample ID:		None
Start Time:		Thu Jun 18 2020 3:49:09 PM
Averaging Time:		1.000s

364.800000	519.000000
364.805000	530.000000
364.810000	454.000000
364.815000	486.000000
364.820000	586.000000
364.825000	564.000000
364.830000	557.000000
364.835000	637.000000
364.840000	531.000000
364.845000	468.000000
364.850000	471.000000
364.855000	495.000000
364.860000	573.000000
364.865000	677.000000
364.870000	562.000000
364.875000	648.000000
364.880000	677.000000
364.885000	772.000000
364.890000	721.000000
364.895000	718.000000
364.900000	789.000000
364.905000	1021.000000
364.910000	1082.000000
364.915000	921.000000
364.920000	1093.000000
364.925000	1174.000000
364.930000	1359.000000
364.935000	1713.000000
364.940000	1992.000000
364.945000	2489.000000
364.950000	3729.000000
364.955000	5790.000000
364.960000	9280.000000
364.965000	15447.000000
364.970000	23010.000000
364.975000	31369.000000
364.980000	46138.000000
364.985000	51912.000000
364.990000	61147.000000
364.995000	75869.000000
365.000000	98502.000000
365.005000	133074.000000
365.010000	359341.000000
365.015000	591371.000000
365.020000	417573.000000
365.025000	168901.000000
365.030000	89041.000000
365.035000	54054.000000
365.040000	34374.000000
365.045000	19284.000000
365.050000	12725.000000
365.055000	9010.000000
365.060000	7421.000000
365.065000	5549.000000
365.070000	4923.000000
365.075000	4322.000000
365.080000	4065.000000
365.085000	3855.000000
365.090000	3378.000000
365.095000	3167.000000
365.100000	3067.000000
365.105000	2723.000000
365.110000	2551.000000
365.115000	2352.000000
365.120000	2336.000000
365.125000	2000.000000
365.130000	1839.000000
365.135000	2068.000000
365.140000	1873.000000
365.145000	1597.000000
365.150000	1764.000000
365.155000	1272.000000
365.160000	1600.000000
365.165000	1423.000000
365.170000	1370.000000
365.175000	1256.000000
365.180000	1196.000000
365.185000	1114.000000
365.190000	1085.000000
365.195000	911.000000
365.200000	879.000000
