Sample ID:		None
Start Time:		Thu Jun 18 2020 11:58:05 PM
Averaging Time:		1.000s

364.800000	890.000000
364.805000	864.000000
364.810000	746.000000
364.815000	675.000000
364.820000	794.000000
364.825000	859.000000
364.830000	816.000000
364.835000	693.000000
364.840000	705.000000
364.845000	743.000000
364.850000	769.000000
364.855000	632.000000
364.860000	734.000000
364.865000	798.000000
364.870000	712.000000
364.875000	729.000000
364.880000	703.000000
364.885000	711.000000
364.890000	593.000000
364.895000	774.000000
364.900000	656.000000
364.905000	737.000000
364.910000	802.000000
364.915000	593.000000
364.920000	697.000000
364.925000	711.000000
364.930000	554.000000
364.935000	543.000000
364.940000	585.000000
364.945000	536.000000
364.950000	750.000000
364.955000	677.000000
364.960000	692.000000
364.965000	735.000000
364.970000	600.000000
364.975000	807.000000
364.980000	765.000000
364.985000	834.000000
364.990000	1193.000000
364.995000	2050.000000
365.000000	2138.000000
365.005000	3660.000000
365.010000	5079.000000
365.015000	6758.000000
365.020000	8515.000000
365.025000	11493.000000
365.030000	13431.000000
365.035000	15523.000000
365.040000	25370.000000
365.045000	35006.000000
365.050000	58755.000000
365.055000	113704.000000
365.060000	88266.000000
365.065000	46725.000000
365.070000	22885.000000
365.075000	9683.000000
365.080000	7502.000000
365.085000	5262.000000
365.090000	2610.000000
365.095000	2426.000000
365.100000	1640.000000
365.105000	1393.000000
365.110000	1219.000000
365.115000	1039.000000
365.120000	1120.000000
365.125000	999.000000
365.130000	923.000000
365.135000	854.000000
365.140000	724.000000
365.145000	748.000000
365.150000	964.000000
365.155000	908.000000
365.160000	735.000000
365.165000	903.000000
365.170000	817.000000
365.175000	605.000000
365.180000	718.000000
365.185000	641.000000
365.190000	750.000000
365.195000	623.000000
365.200000	640.000000
