Sample ID:		None
Start Time:		Thu Jun 18 2020 9:24:02 PM
Averaging Time:		1.000s

364.800000	107378.000000
364.805000	252465.000000
364.810000	533258.000000
364.815000	308890.000000
364.820000	136158.000000
364.825000	73148.000000
364.830000	39939.000000
364.835000	26115.000000
364.840000	15619.000000
364.845000	9954.000000
364.850000	6649.000000
364.855000	6073.000000
364.860000	4909.000000
364.865000	4612.000000
364.870000	4165.000000
364.875000	3622.000000
364.880000	3498.000000
364.885000	3044.000000
364.890000	2880.000000
364.895000	2392.000000
364.900000	2319.000000
364.905000	2093.000000
364.910000	2161.000000
364.915000	1924.000000
364.920000	2142.000000
364.925000	1781.000000
364.930000	1720.000000
364.935000	2010.000000
364.940000	1775.000000
364.945000	1238.000000
364.950000	1237.000000
364.955000	1211.000000
364.960000	1061.000000
364.965000	1298.000000
364.970000	1093.000000
364.975000	869.000000
364.980000	1039.000000
364.985000	904.000000
364.990000	834.000000
364.995000	759.000000
365.000000	719.000000
365.005000	671.000000
365.010000	919.000000
365.015000	681.000000
365.020000	806.000000
365.025000	890.000000
365.030000	691.000000
365.035000	715.000000
365.040000	821.000000
365.045000	797.000000
365.050000	687.000000
365.055000	813.000000
365.060000	709.000000
365.065000	792.000000
365.070000	742.000000
365.075000	735.000000
365.080000	701.000000
365.085000	774.000000
365.090000	703.000000
365.095000	711.000000
365.100000	740.000000
365.105000	814.000000
365.110000	637.000000
365.115000	665.000000
365.120000	533.000000
365.125000	589.000000
365.130000	681.000000
365.135000	635.000000
365.140000	709.000000
365.145000	709.000000
365.150000	618.000000
365.155000	696.000000
365.160000	646.000000
365.165000	795.000000
365.170000	718.000000
365.175000	779.000000
365.180000	726.000000
365.185000	830.000000
365.190000	663.000000
365.195000	802.000000
365.200000	812.000000
