Sample ID:		None
Start Time:		Thu Jun 18 2020 4:32:40 PM
Averaging Time:		1.000s

364.800000	358.000000
364.805000	509.000000
364.810000	390.000000
364.815000	536.000000
364.820000	489.000000
364.825000	457.000000
364.830000	387.000000
364.835000	466.000000
364.840000	666.000000
364.845000	655.000000
364.850000	499.000000
364.855000	709.000000
364.860000	735.000000
364.865000	613.000000
364.870000	736.000000
364.875000	685.000000
364.880000	739.000000
364.885000	814.000000
364.890000	733.000000
364.895000	802.000000
364.900000	1096.000000
364.905000	902.000000
364.910000	915.000000
364.915000	959.000000
364.920000	1064.000000
364.925000	1192.000000
364.930000	1552.000000
364.935000	1573.000000
364.940000	1952.000000
364.945000	2631.000000
364.950000	3402.000000
364.955000	5701.000000
364.960000	9012.000000
364.965000	15102.000000
364.970000	24237.000000
364.975000	33079.000000
364.980000	42649.000000
364.985000	52091.000000
364.990000	59600.000000
364.995000	78681.000000
365.000000	93574.000000
365.005000	130516.000000
365.010000	261253.000000
365.015000	597705.000000
365.020000	440517.000000
365.025000	172736.000000
365.030000	91820.000000
365.035000	55775.000000
365.040000	34591.000000
365.045000	20526.000000
365.050000	12942.000000
365.055000	9455.000000
365.060000	6268.000000
365.065000	6058.000000
365.070000	4428.000000
365.075000	4205.000000
365.080000	4332.000000
365.085000	3311.000000
365.090000	3285.000000
365.095000	3344.000000
365.100000	2950.000000
365.105000	2507.000000
365.110000	2372.000000
365.115000	2504.000000
365.120000	2308.000000
365.125000	1803.000000
365.130000	1970.000000
365.135000	1840.000000
365.140000	1569.000000
365.145000	1710.000000
365.150000	1645.000000
365.155000	1619.000000
365.160000	1300.000000
365.165000	1384.000000
365.170000	1235.000000
365.175000	978.000000
365.180000	1293.000000
365.185000	1086.000000
365.190000	1084.000000
365.195000	841.000000
365.200000	1121.000000
