Sample ID:		None
Start Time:		Thu Jun 18 2020 2:10:30 PM
Averaging Time:		1.000s

364.800000	666.000000
364.805000	432.000000
364.810000	712.000000
364.815000	739.000000
364.820000	632.000000
364.825000	771.000000
364.830000	725.000000
364.835000	885.000000
364.840000	804.000000
364.845000	683.000000
364.850000	950.000000
364.855000	780.000000
364.860000	1006.000000
364.865000	986.000000
364.870000	1121.000000
364.875000	1189.000000
364.880000	1522.000000
364.885000	1525.000000
364.890000	1657.000000
364.895000	2090.000000
364.900000	2974.000000
364.905000	3887.000000
364.910000	5211.000000
364.915000	8754.000000
364.920000	16205.000000
364.925000	23560.000000
364.930000	32663.000000
364.935000	42954.000000
364.940000	54589.000000
364.945000	68090.000000
364.950000	89561.000000
364.955000	101847.000000
364.960000	147190.000000
364.965000	299426.000000
364.970000	683781.000000
364.975000	563916.000000
364.980000	225572.000000
364.985000	98725.000000
364.990000	70558.000000
364.995000	42930.000000
365.000000	25087.000000
365.005000	14969.000000
365.010000	11712.000000
365.015000	9191.000000
365.020000	7616.000000
365.025000	6377.000000
365.030000	5007.000000
365.035000	5374.000000
365.040000	4663.000000
365.045000	3919.000000
365.050000	3894.000000
365.055000	3769.000000
365.060000	3432.000000
365.065000	2994.000000
365.070000	2899.000000
365.075000	2701.000000
365.080000	2662.000000
365.085000	2593.000000
365.090000	2030.000000
365.095000	2271.000000
365.100000	1862.000000
365.105000	1755.000000
365.110000	1859.000000
365.115000	1642.000000
365.120000	1543.000000
365.125000	1219.000000
365.130000	1585.000000
365.135000	1374.000000
365.140000	1410.000000
365.145000	1246.000000
365.150000	1170.000000
365.155000	1049.000000
365.160000	1044.000000
365.165000	986.000000
365.170000	750.000000
365.175000	880.000000
365.180000	950.000000
365.185000	821.000000
365.190000	1016.000000
365.195000	1161.000000
365.200000	1024.000000
