Sample ID:		None
Start Time:		Thu Jun 18 2020 11:53:41 AM
Averaging Time:		1.000s

364.800000	2189.000000
364.805000	2953.000000
364.810000	4555.000000
364.815000	7228.000000
364.820000	13765.000000
364.825000	23495.000000
364.830000	31674.000000
364.835000	42270.000000
364.840000	53891.000000
364.845000	65704.000000
364.850000	82307.000000
364.855000	98531.000000
364.860000	142610.000000
364.865000	318382.000000
364.870000	666930.000000
364.875000	684494.000000
364.880000	269022.000000
364.885000	139510.000000
364.890000	78791.000000
364.895000	50550.000000
364.900000	25983.000000
364.905000	18213.000000
364.910000	13164.000000
364.915000	9870.000000
364.920000	8188.000000
364.925000	6721.000000
364.930000	5398.000000
364.935000	5549.000000
364.940000	5158.000000
364.945000	4118.000000
364.950000	3979.000000
364.955000	4142.000000
364.960000	3507.000000
364.965000	3284.000000
364.970000	3060.000000
364.975000	2953.000000
364.980000	2600.000000
364.985000	2094.000000
364.990000	2328.000000
364.995000	2202.000000
365.000000	2226.000000
365.005000	2159.000000
365.010000	1712.000000
365.015000	1547.000000
365.020000	1791.000000
365.025000	1631.000000
365.030000	1548.000000
365.035000	1517.000000
365.040000	1294.000000
365.045000	1297.000000
365.050000	1228.000000
365.055000	1068.000000
365.060000	1290.000000
365.065000	936.000000
365.070000	1314.000000
365.075000	1045.000000
365.080000	1121.000000
365.085000	1058.000000
365.090000	909.000000
365.095000	1012.000000
365.100000	1230.000000
365.105000	1142.000000
365.110000	877.000000
365.115000	810.000000
365.120000	1063.000000
365.125000	1095.000000
365.130000	969.000000
365.135000	955.000000
365.140000	1053.000000
365.145000	887.000000
365.150000	1083.000000
365.155000	749.000000
365.160000	688.000000
365.165000	857.000000
365.170000	743.000000
365.175000	1148.000000
365.180000	779.000000
365.185000	759.000000
365.190000	722.000000
365.195000	773.000000
365.200000	852.000000
