Sample ID:		None
Start Time:		Thu Jun 18 2020 10:27:40 PM
Averaging Time:		1.000s

364.800000	2137.000000
364.805000	1734.000000
364.810000	1927.000000
364.815000	1699.000000
364.820000	1562.000000
364.825000	1423.000000
364.830000	1478.000000
364.835000	1154.000000
364.840000	1318.000000
364.845000	1131.000000
364.850000	1187.000000
364.855000	1154.000000
364.860000	1080.000000
364.865000	1055.000000
364.870000	1013.000000
364.875000	895.000000
364.880000	894.000000
364.885000	641.000000
364.890000	701.000000
364.895000	814.000000
364.900000	752.000000
364.905000	653.000000
364.910000	776.000000
364.915000	795.000000
364.920000	747.000000
364.925000	832.000000
364.930000	757.000000
364.935000	638.000000
364.940000	676.000000
364.945000	644.000000
364.950000	714.000000
364.955000	592.000000
364.960000	769.000000
364.965000	818.000000
364.970000	570.000000
364.975000	627.000000
364.980000	825.000000
364.985000	598.000000
364.990000	594.000000
364.995000	675.000000
365.000000	600.000000
365.005000	740.000000
365.010000	578.000000
365.015000	656.000000
365.020000	610.000000
365.025000	613.000000
365.030000	575.000000
365.035000	670.000000
365.040000	612.000000
365.045000	754.000000
365.050000	802.000000
365.055000	734.000000
365.060000	721.000000
365.065000	868.000000
365.070000	643.000000
365.075000	687.000000
365.080000	785.000000
365.085000	901.000000
365.090000	1351.000000
365.095000	1628.000000
365.100000	2457.000000
365.105000	3420.000000
365.110000	4499.000000
365.115000	6381.000000
365.120000	9060.000000
365.125000	10646.000000
365.130000	13082.000000
365.135000	14350.000000
365.140000	19353.000000
365.145000	31185.000000
365.150000	50952.000000
365.155000	97465.000000
365.160000	96491.000000
365.165000	56352.000000
365.170000	24506.000000
365.175000	15432.000000
365.180000	9271.000000
365.185000	5477.000000
365.190000	3321.000000
365.195000	2554.000000
365.200000	1550.000000
