Sample ID:		None
Start Time:		Thu Jun 18 2020 10:56:45 AM
Averaging Time:		1.000s

364.800000	635.000000
364.805000	698.000000
364.810000	679.000000
364.815000	747.000000
364.820000	1007.000000
364.825000	749.000000
364.830000	792.000000
364.835000	931.000000
364.840000	940.000000
364.845000	787.000000
364.850000	741.000000
364.855000	1189.000000
364.860000	1092.000000
364.865000	1227.000000
364.870000	1406.000000
364.875000	1537.000000
364.880000	1779.000000
364.885000	1820.000000
364.890000	2749.000000
364.895000	2973.000000
364.900000	3783.000000
364.905000	6839.000000
364.910000	10764.000000
364.915000	19590.000000
364.920000	27116.000000
364.925000	37605.000000
364.930000	54739.000000
364.935000	64744.000000
364.940000	76745.000000
364.945000	94191.000000
364.950000	125796.000000
364.955000	236779.000000
364.960000	454256.000000
364.965000	733476.000000
364.970000	328649.000000
364.975000	176961.000000
364.980000	103067.000000
364.985000	55846.000000
364.990000	32813.000000
364.995000	21475.000000
365.000000	14811.000000
365.005000	10543.000000
365.010000	8852.000000
365.015000	7156.000000
365.020000	6464.000000
365.025000	5856.000000
365.030000	4771.000000
365.035000	4633.000000
365.040000	4384.000000
365.045000	3891.000000
365.050000	3359.000000
365.055000	3432.000000
365.060000	3168.000000
365.065000	3228.000000
365.070000	3092.000000
365.075000	2523.000000
365.080000	2378.000000
365.085000	2367.000000
365.090000	2217.000000
365.095000	1977.000000
365.100000	1778.000000
365.105000	1905.000000
365.110000	1567.000000
365.115000	1491.000000
365.120000	1655.000000
365.125000	1513.000000
365.130000	1340.000000
365.135000	1352.000000
365.140000	1088.000000
365.145000	1165.000000
365.150000	1299.000000
365.155000	1086.000000
365.160000	1104.000000
365.165000	1008.000000
365.170000	1028.000000
365.175000	1110.000000
365.180000	1137.000000
365.185000	1189.000000
365.190000	970.000000
365.195000	1157.000000
365.200000	1115.000000
