Sample ID:		None
Start Time:		Thu Jun 18 2020 11:03:27 AM
Averaging Time:		1.000s

364.800000	819.000000
364.805000	744.000000
364.810000	890.000000
364.815000	649.000000
364.820000	679.000000
364.825000	1026.000000
364.830000	666.000000
364.835000	827.000000
364.840000	794.000000
364.845000	1022.000000
364.850000	1064.000000
364.855000	1319.000000
364.860000	1108.000000
364.865000	1495.000000
364.870000	1586.000000
364.875000	1853.000000
364.880000	1986.000000
364.885000	2902.000000
364.890000	3768.000000
364.895000	6142.000000
364.900000	9318.000000
364.905000	16119.000000
364.910000	24533.000000
364.915000	36697.000000
364.920000	45996.000000
364.925000	64514.000000
364.930000	76426.000000
364.935000	89455.000000
364.940000	113836.000000
364.945000	193728.000000
364.950000	457314.000000
364.955000	727986.000000
364.960000	388409.000000
364.965000	177703.000000
364.970000	95252.000000
364.975000	53167.000000
364.980000	33922.000000
364.985000	22295.000000
364.990000	13979.000000
364.995000	9421.000000
365.000000	9076.000000
365.005000	7485.000000
365.010000	6082.000000
365.015000	5401.000000
365.020000	4797.000000
365.025000	4685.000000
365.030000	3932.000000
365.035000	3942.000000
365.040000	3409.000000
365.045000	3577.000000
365.050000	3243.000000
365.055000	2867.000000
365.060000	3056.000000
365.065000	2762.000000
365.070000	2518.000000
365.075000	2268.000000
365.080000	2444.000000
365.085000	2076.000000
365.090000	2229.000000
365.095000	1723.000000
365.100000	1718.000000
365.105000	1599.000000
365.110000	1434.000000
365.115000	1613.000000
365.120000	1512.000000
365.125000	1607.000000
365.130000	1468.000000
365.135000	1249.000000
365.140000	1153.000000
365.145000	957.000000
365.150000	1053.000000
365.155000	1031.000000
365.160000	1077.000000
365.165000	958.000000
365.170000	910.000000
365.175000	979.000000
365.180000	972.000000
365.185000	1082.000000
365.190000	892.000000
365.195000	661.000000
365.200000	1152.000000
