Sample ID:		None
Start Time:		Thu Jun 18 2020 11:36:57 AM
Averaging Time:		1.000s

364.800000	1332.000000
364.805000	1492.000000
364.810000	1664.000000
364.815000	2154.000000
364.820000	2143.000000
364.825000	3281.000000
364.830000	5087.000000
364.835000	7140.000000
364.840000	13819.000000
364.845000	19350.000000
364.850000	29301.000000
364.855000	45645.000000
364.860000	52218.000000
364.865000	65634.000000
364.870000	79870.000000
364.875000	96173.000000
364.880000	135886.000000
364.885000	249070.000000
364.890000	584498.000000
364.895000	636096.000000
364.900000	193990.000000
364.905000	135448.000000
364.910000	79644.000000
364.915000	43900.000000
364.920000	28951.000000
364.925000	19056.000000
364.930000	12247.000000
364.935000	9313.000000
364.940000	8182.000000
364.945000	7104.000000
364.950000	5925.000000
364.955000	5316.000000
364.960000	4670.000000
364.965000	4243.000000
364.970000	4218.000000
364.975000	3685.000000
364.980000	3520.000000
364.985000	3504.000000
364.990000	2980.000000
364.995000	2759.000000
365.000000	2641.000000
365.005000	2473.000000
365.010000	2351.000000
365.015000	2137.000000
365.020000	1861.000000
365.025000	1961.000000
365.030000	1743.000000
365.035000	1886.000000
365.040000	1659.000000
365.045000	1556.000000
365.050000	1408.000000
365.055000	1420.000000
365.060000	1355.000000
365.065000	1307.000000
365.070000	1321.000000
365.075000	1085.000000
365.080000	1064.000000
365.085000	964.000000
365.090000	897.000000
365.095000	1066.000000
365.100000	1166.000000
365.105000	915.000000
365.110000	1149.000000
365.115000	944.000000
365.120000	1077.000000
365.125000	1151.000000
365.130000	1043.000000
365.135000	896.000000
365.140000	940.000000
365.145000	882.000000
365.150000	1056.000000
365.155000	864.000000
365.160000	834.000000
365.165000	819.000000
365.170000	885.000000
365.175000	789.000000
365.180000	902.000000
365.185000	1107.000000
365.190000	892.000000
365.195000	775.000000
365.200000	816.000000
