Sample ID:		None
Start Time:		Thu Jun 18 2020 3:04:05 PM
Averaging Time:		1.000s

364.800000	657.000000
364.805000	448.000000
364.810000	621.000000
364.815000	604.000000
364.820000	636.000000
364.825000	577.000000
364.830000	629.000000
364.835000	869.000000
364.840000	808.000000
364.845000	972.000000
364.850000	865.000000
364.855000	707.000000
364.860000	799.000000
364.865000	924.000000
364.870000	892.000000
364.875000	1042.000000
364.880000	1078.000000
364.885000	1316.000000
364.890000	1810.000000
364.895000	1730.000000
364.900000	2252.000000
364.905000	3268.000000
364.910000	4128.000000
364.915000	7581.000000
364.920000	12655.000000
364.925000	21065.000000
364.930000	29556.000000
364.935000	39222.000000
364.940000	52304.000000
364.945000	63020.000000
364.950000	74993.000000
364.955000	91361.000000
364.960000	126259.000000
364.965000	368468.000000
364.970000	578995.000000
364.975000	555184.000000
364.980000	192753.000000
364.985000	107498.000000
364.990000	68087.000000
364.995000	40367.000000
365.000000	21608.000000
365.005000	14090.000000
365.010000	10676.000000
365.015000	8303.000000
365.020000	6448.000000
365.025000	5575.000000
365.030000	4537.000000
365.035000	4342.000000
365.040000	4050.000000
365.045000	3899.000000
365.050000	3305.000000
365.055000	3271.000000
365.060000	2793.000000
365.065000	2781.000000
365.070000	2376.000000
365.075000	2329.000000
365.080000	2048.000000
365.085000	2025.000000
365.090000	2173.000000
365.095000	2100.000000
365.100000	1604.000000
365.105000	1779.000000
365.110000	1433.000000
365.115000	1417.000000
365.120000	1468.000000
365.125000	1242.000000
365.130000	1194.000000
365.135000	1307.000000
365.140000	1284.000000
365.145000	1192.000000
365.150000	1132.000000
365.155000	1037.000000
365.160000	1073.000000
365.165000	808.000000
365.170000	837.000000
365.175000	914.000000
365.180000	919.000000
365.185000	887.000000
365.190000	724.000000
365.195000	950.000000
365.200000	970.000000
