Sample ID:		None
Start Time:		Thu Jun 18 2020 9:20:41 PM
Averaging Time:		1.000s

364.800000	62370.000000
364.805000	82205.000000
364.810000	134935.000000
364.815000	385204.000000
364.820000	569408.000000
364.825000	273129.000000
364.830000	127263.000000
364.835000	66779.000000
364.840000	42483.000000
364.845000	25866.000000
364.850000	15105.000000
364.855000	10479.000000
364.860000	8120.000000
364.865000	6011.000000
364.870000	5348.000000
364.875000	4425.000000
364.880000	3755.000000
364.885000	3394.000000
364.890000	3114.000000
364.895000	2721.000000
364.900000	2949.000000
364.905000	2713.000000
364.910000	2270.000000
364.915000	2096.000000
364.920000	1969.000000
364.925000	2184.000000
364.930000	1890.000000
364.935000	1524.000000
364.940000	1678.000000
364.945000	1357.000000
364.950000	1600.000000
364.955000	1303.000000
364.960000	1459.000000
364.965000	1135.000000
364.970000	1042.000000
364.975000	1117.000000
364.980000	1308.000000
364.985000	969.000000
364.990000	902.000000
364.995000	876.000000
365.000000	968.000000
365.005000	855.000000
365.010000	868.000000
365.015000	632.000000
365.020000	674.000000
365.025000	756.000000
365.030000	770.000000
365.035000	798.000000
365.040000	761.000000
365.045000	906.000000
365.050000	709.000000
365.055000	763.000000
365.060000	717.000000
365.065000	806.000000
365.070000	743.000000
365.075000	787.000000
365.080000	757.000000
365.085000	814.000000
365.090000	760.000000
365.095000	662.000000
365.100000	562.000000
365.105000	620.000000
365.110000	579.000000
365.115000	725.000000
365.120000	707.000000
365.125000	523.000000
365.130000	661.000000
365.135000	611.000000
365.140000	704.000000
365.145000	657.000000
365.150000	651.000000
365.155000	674.000000
365.160000	634.000000
365.165000	670.000000
365.170000	623.000000
365.175000	675.000000
365.180000	709.000000
365.185000	588.000000
365.190000	791.000000
365.195000	803.000000
365.200000	800.000000
