Sample ID:		None
Start Time:		Thu Jun 18 2020 1:03:28 PM
Averaging Time:		1.000s

364.800000	593.000000
364.805000	447.000000
364.810000	621.000000
364.815000	715.000000
364.820000	554.000000
364.825000	624.000000
364.830000	578.000000
364.835000	661.000000
364.840000	573.000000
364.845000	867.000000
364.850000	733.000000
364.855000	726.000000
364.860000	728.000000
364.865000	940.000000
364.870000	726.000000
364.875000	759.000000
364.880000	972.000000
364.885000	1300.000000
364.890000	938.000000
364.895000	1155.000000
364.900000	1456.000000
364.905000	1548.000000
364.910000	1734.000000
364.915000	1787.000000
364.920000	2290.000000
364.925000	3026.000000
364.930000	4319.000000
364.935000	6474.000000
364.940000	12118.000000
364.945000	18563.000000
364.950000	28734.000000
364.955000	40503.000000
364.960000	50392.000000
364.965000	62977.000000
364.970000	80805.000000
364.975000	91390.000000
364.980000	116419.000000
364.985000	244043.000000
364.990000	493159.000000
364.995000	713590.000000
365.000000	332339.000000
365.005000	137205.000000
365.010000	96370.000000
365.015000	58386.000000
365.020000	34748.000000
365.025000	21311.000000
365.030000	14672.000000
365.035000	10394.000000
365.040000	8315.000000
365.045000	6792.000000
365.050000	6207.000000
365.055000	5828.000000
365.060000	5024.000000
365.065000	4305.000000
365.070000	3897.000000
365.075000	3905.000000
365.080000	3384.000000
365.085000	3114.000000
365.090000	3389.000000
365.095000	3008.000000
365.100000	2496.000000
365.105000	2468.000000
365.110000	2339.000000
365.115000	2314.000000
365.120000	1967.000000
365.125000	1990.000000
365.130000	2151.000000
365.135000	1737.000000
365.140000	1852.000000
365.145000	1539.000000
365.150000	1427.000000
365.155000	1594.000000
365.160000	1277.000000
365.165000	1338.000000
365.170000	1453.000000
365.175000	1286.000000
365.180000	1211.000000
365.185000	1273.000000
365.190000	944.000000
365.195000	997.000000
365.200000	1142.000000
