Sample ID:		None
Start Time:		Thu Jun 18 2020 3:52:30 PM
Averaging Time:		1.000s

364.800000	367.000000
364.805000	428.000000
364.810000	436.000000
364.815000	520.000000
364.820000	462.000000
364.825000	578.000000
364.830000	538.000000
364.835000	604.000000
364.840000	528.000000
364.845000	495.000000
364.850000	583.000000
364.855000	640.000000
364.860000	584.000000
364.865000	525.000000
364.870000	594.000000
364.875000	739.000000
364.880000	371.000000
364.885000	684.000000
364.890000	880.000000
364.895000	704.000000
364.900000	805.000000
364.905000	922.000000
364.910000	1007.000000
364.915000	1047.000000
364.920000	1088.000000
364.925000	1356.000000
364.930000	1410.000000
364.935000	1554.000000
364.940000	2028.000000
364.945000	2478.000000
364.950000	4042.000000
364.955000	6777.000000
364.960000	9688.000000
364.965000	15647.000000
364.970000	24821.000000
364.975000	33184.000000
364.980000	42600.000000
364.985000	53946.000000
364.990000	63669.000000
364.995000	74416.000000
365.000000	106034.000000
365.005000	140288.000000
365.010000	321913.000000
365.015000	610387.000000
365.020000	393845.000000
365.025000	159392.000000
365.030000	86961.000000
365.035000	50173.000000
365.040000	30674.000000
365.045000	19125.000000
365.050000	12263.000000
365.055000	8362.000000
365.060000	6810.000000
365.065000	5842.000000
365.070000	4992.000000
365.075000	4254.000000
365.080000	4030.000000
365.085000	3879.000000
365.090000	3349.000000
365.095000	3432.000000
365.100000	3255.000000
365.105000	2771.000000
365.110000	2450.000000
365.115000	2383.000000
365.120000	2070.000000
365.125000	2095.000000
365.130000	1861.000000
365.135000	2019.000000
365.140000	1794.000000
365.145000	1699.000000
365.150000	1605.000000
365.155000	1424.000000
365.160000	1551.000000
365.165000	1473.000000
365.170000	1295.000000
365.175000	1372.000000
365.180000	1107.000000
365.185000	1082.000000
365.190000	1050.000000
365.195000	866.000000
365.200000	855.000000
