Sample ID:		None
Start Time:		Thu Jun 18 2020 11:44:41 PM
Averaging Time:		1.000s

364.800000	763.000000
364.805000	841.000000
364.810000	768.000000
364.815000	763.000000
364.820000	693.000000
364.825000	808.000000
364.830000	778.000000
364.835000	658.000000
364.840000	759.000000
364.845000	833.000000
364.850000	825.000000
364.855000	788.000000
364.860000	774.000000
364.865000	611.000000
364.870000	758.000000
364.875000	598.000000
364.880000	697.000000
364.885000	622.000000
364.890000	768.000000
364.895000	818.000000
364.900000	698.000000
364.905000	664.000000
364.910000	655.000000
364.915000	756.000000
364.920000	654.000000
364.925000	544.000000
364.930000	620.000000
364.935000	666.000000
364.940000	503.000000
364.945000	724.000000
364.950000	806.000000
364.955000	629.000000
364.960000	595.000000
364.965000	662.000000
364.970000	719.000000
364.975000	792.000000
364.980000	682.000000
364.985000	915.000000
364.990000	957.000000
364.995000	1258.000000
365.000000	1577.000000
365.005000	2324.000000
365.010000	2858.000000
365.015000	5026.000000
365.020000	6977.000000
365.025000	8766.000000
365.030000	11350.000000
365.035000	12766.000000
365.040000	14561.000000
365.045000	21253.000000
365.050000	35014.000000
365.055000	53972.000000
365.060000	111991.000000
365.065000	79922.000000
365.070000	50515.000000
365.075000	25340.000000
365.080000	12129.000000
365.085000	7800.000000
365.090000	4947.000000
365.095000	2895.000000
365.100000	1884.000000
365.105000	1778.000000
365.110000	1461.000000
365.115000	1185.000000
365.120000	1013.000000
365.125000	990.000000
365.130000	955.000000
365.135000	995.000000
365.140000	733.000000
365.145000	927.000000
365.150000	752.000000
365.155000	864.000000
365.160000	771.000000
365.165000	909.000000
365.170000	891.000000
365.175000	769.000000
365.180000	720.000000
365.185000	878.000000
365.190000	833.000000
365.195000	642.000000
365.200000	729.000000
