Sample ID:		None
Start Time:		Thu Jun 18 2020 11:43:38 AM
Averaging Time:		1.000s

364.800000	1705.000000
364.805000	1725.000000
364.810000	2374.000000
364.815000	3337.000000
364.820000	3865.000000
364.825000	7077.000000
364.830000	12264.000000
364.835000	18901.000000
364.840000	28846.000000
364.845000	41799.000000
364.850000	53430.000000
364.855000	65867.000000
364.860000	77414.000000
364.865000	94544.000000
364.870000	124423.000000
364.875000	246726.000000
364.880000	520616.000000
364.885000	705843.000000
364.890000	314783.000000
364.895000	132912.000000
364.900000	91951.000000
364.905000	49260.000000
364.910000	25772.000000
364.915000	19927.000000
364.920000	13649.000000
364.925000	10176.000000
364.930000	7774.000000
364.935000	7346.000000
364.940000	6524.000000
364.945000	5199.000000
364.950000	5086.000000
364.955000	4175.000000
364.960000	4417.000000
364.965000	3872.000000
364.970000	3586.000000
364.975000	3128.000000
364.980000	3215.000000
364.985000	3038.000000
364.990000	2902.000000
364.995000	2780.000000
365.000000	2526.000000
365.005000	2225.000000
365.010000	2086.000000
365.015000	2036.000000
365.020000	1955.000000
365.025000	1858.000000
365.030000	1621.000000
365.035000	1590.000000
365.040000	1395.000000
365.045000	1440.000000
365.050000	1593.000000
365.055000	1303.000000
365.060000	1279.000000
365.065000	1090.000000
365.070000	1151.000000
365.075000	985.000000
365.080000	939.000000
365.085000	1028.000000
365.090000	1034.000000
365.095000	990.000000
365.100000	773.000000
365.105000	941.000000
365.110000	1167.000000
365.115000	949.000000
365.120000	1111.000000
365.125000	961.000000
365.130000	866.000000
365.135000	1031.000000
365.140000	1010.000000
365.145000	954.000000
365.150000	831.000000
365.155000	1092.000000
365.160000	802.000000
365.165000	830.000000
365.170000	988.000000
365.175000	743.000000
365.180000	896.000000
365.185000	966.000000
365.190000	757.000000
365.195000	974.000000
365.200000	864.000000
