Sample ID:		None
Start Time:		Thu Jun 18 2020 2:03:48 PM
Averaging Time:		1.000s

364.800000	537.000000
364.805000	610.000000
364.810000	770.000000
364.815000	857.000000
364.820000	741.000000
364.825000	634.000000
364.830000	715.000000
364.835000	782.000000
364.840000	828.000000
364.845000	676.000000
364.850000	856.000000
364.855000	874.000000
364.860000	1003.000000
364.865000	1076.000000
364.870000	1127.000000
364.875000	1221.000000
364.880000	1255.000000
364.885000	1741.000000
364.890000	1736.000000
364.895000	2281.000000
364.900000	2827.000000
364.905000	4349.000000
364.910000	6359.000000
364.915000	10362.000000
364.920000	17186.000000
364.925000	25379.000000
364.930000	36752.000000
364.935000	46982.000000
364.940000	58599.000000
364.945000	70613.000000
364.950000	85151.000000
364.955000	106860.000000
364.960000	160036.000000
364.965000	353025.000000
364.970000	689106.000000
364.975000	522563.000000
364.980000	198380.000000
364.985000	108318.000000
364.990000	65448.000000
364.995000	40558.000000
365.000000	24130.000000
365.005000	15896.000000
365.010000	10411.000000
365.015000	8213.000000
365.020000	7018.000000
365.025000	6315.000000
365.030000	5224.000000
365.035000	4972.000000
365.040000	4525.000000
365.045000	4208.000000
365.050000	3261.000000
365.055000	3548.000000
365.060000	3318.000000
365.065000	2991.000000
365.070000	3184.000000
365.075000	2838.000000
365.080000	2672.000000
365.085000	2037.000000
365.090000	2121.000000
365.095000	1948.000000
365.100000	2203.000000
365.105000	1879.000000
365.110000	1783.000000
365.115000	1730.000000
365.120000	1602.000000
365.125000	1316.000000
365.130000	1194.000000
365.135000	1191.000000
365.140000	1365.000000
365.145000	1196.000000
365.150000	1176.000000
365.155000	1258.000000
365.160000	893.000000
365.165000	1087.000000
365.170000	965.000000
365.175000	911.000000
365.180000	944.000000
365.185000	921.000000
365.190000	1161.000000
365.195000	1011.000000
365.200000	1007.000000
