Sample ID:		None
Start Time:		Thu Jun 18 2020 3:12:20 PM
Averaging Time:		1.000s

364.800000	368.000000
364.805000	321.000000
364.810000	505.000000
364.815000	506.000000
364.820000	521.000000
364.825000	343.000000
364.830000	519.000000
364.835000	496.000000
364.840000	475.000000
364.845000	591.000000
364.850000	463.000000
364.855000	703.000000
364.860000	627.000000
364.865000	675.000000
364.870000	731.000000
364.875000	734.000000
364.880000	610.000000
364.885000	818.000000
364.890000	696.000000
364.895000	815.000000
364.900000	879.000000
364.905000	826.000000
364.910000	789.000000
364.915000	953.000000
364.920000	1124.000000
364.925000	938.000000
364.930000	1355.000000
364.935000	1646.000000
364.940000	1740.000000
364.945000	2071.000000
364.950000	2668.000000
364.955000	4204.000000
364.960000	7156.000000
364.965000	11938.000000
364.970000	18977.000000
364.975000	28855.000000
364.980000	37676.000000
364.985000	46866.000000
364.990000	57101.000000
364.995000	70940.000000
365.000000	84491.000000
365.005000	114734.000000
365.010000	226349.000000
365.015000	550692.000000
365.020000	576523.000000
365.025000	257888.000000
365.030000	117145.000000
365.035000	61231.000000
365.040000	42917.000000
365.045000	25261.000000
365.050000	15579.000000
365.055000	10193.000000
365.060000	6404.000000
365.065000	6817.000000
365.070000	5749.000000
365.075000	5065.000000
365.080000	4129.000000
365.085000	4081.000000
365.090000	3604.000000
365.095000	3175.000000
365.100000	3100.000000
365.105000	2724.000000
365.110000	2734.000000
365.115000	2581.000000
365.120000	2187.000000
365.125000	2311.000000
365.130000	2287.000000
365.135000	2047.000000
365.140000	1880.000000
365.145000	1669.000000
365.150000	1800.000000
365.155000	1435.000000
365.160000	1416.000000
365.165000	1469.000000
365.170000	1414.000000
365.175000	1298.000000
365.180000	1322.000000
365.185000	1199.000000
365.190000	1217.000000
365.195000	1068.000000
365.200000	1023.000000
