Sample ID:		None
Start Time:		Thu Jun 18 2020 6:49:58 PM
Averaging Time:		1.000s

364.800000	538.000000
364.805000	437.000000
364.810000	613.000000
364.815000	519.000000
364.820000	577.000000
364.825000	643.000000
364.830000	597.000000
364.835000	572.000000
364.840000	652.000000
364.845000	628.000000
364.850000	581.000000
364.855000	673.000000
364.860000	890.000000
364.865000	852.000000
364.870000	962.000000
364.875000	751.000000
364.880000	1053.000000
364.885000	1003.000000
364.890000	1221.000000
364.895000	1483.000000
364.900000	1579.000000
364.905000	2005.000000
364.910000	2818.000000
364.915000	3860.000000
364.920000	6054.000000
364.925000	9975.000000
364.930000	16665.000000
364.935000	24017.000000
364.940000	31374.000000
364.945000	41205.000000
364.950000	51320.000000
364.955000	60552.000000
364.960000	73635.000000
364.965000	96692.000000
364.970000	165552.000000
364.975000	509983.000000
364.980000	578079.000000
364.985000	302169.000000
364.990000	126031.000000
364.995000	75731.000000
365.000000	50502.000000
365.005000	28921.000000
365.010000	16162.000000
365.015000	11762.000000
365.020000	7744.000000
365.025000	6420.000000
365.030000	5707.000000
365.035000	4051.000000
365.040000	3780.000000
365.045000	3722.000000
365.050000	3226.000000
365.055000	2617.000000
365.060000	2664.000000
365.065000	2860.000000
365.070000	2468.000000
365.075000	2267.000000
365.080000	2322.000000
365.085000	2110.000000
365.090000	2008.000000
365.095000	1877.000000
365.100000	1738.000000
365.105000	1606.000000
365.110000	1492.000000
365.115000	1413.000000
365.120000	1342.000000
365.125000	1305.000000
365.130000	1233.000000
365.135000	1260.000000
365.140000	1189.000000
365.145000	965.000000
365.150000	1052.000000
365.155000	1113.000000
365.160000	876.000000
365.165000	1018.000000
365.170000	817.000000
365.175000	852.000000
365.180000	722.000000
365.185000	816.000000
365.190000	816.000000
365.195000	630.000000
365.200000	860.000000
