Sample ID:		None
Start Time:		Thu Jun 18 2020 12:43:22 PM
Averaging Time:		1.000s

364.800000	458.000000
364.805000	469.000000
364.810000	502.000000
364.815000	655.000000
364.820000	682.000000
364.825000	646.000000
364.830000	539.000000
364.835000	635.000000
364.840000	656.000000
364.845000	555.000000
364.850000	818.000000
364.855000	794.000000
364.860000	722.000000
364.865000	970.000000
364.870000	743.000000
364.875000	1151.000000
364.880000	941.000000
364.885000	813.000000
364.890000	945.000000
364.895000	990.000000
364.900000	1317.000000
364.905000	1267.000000
364.910000	1305.000000
364.915000	1586.000000
364.920000	1662.000000
364.925000	2089.000000
364.930000	2426.000000
364.935000	3239.000000
364.940000	4886.000000
364.945000	8772.000000
364.950000	13681.000000
364.955000	20721.000000
364.960000	32729.000000
364.965000	46761.000000
364.970000	55084.000000
364.975000	67070.000000
364.980000	83294.000000
364.985000	101016.000000
364.990000	158889.000000
364.995000	254718.000000
365.000000	623605.000000
365.005000	625021.000000
365.010000	261656.000000
365.015000	131169.000000
365.020000	79505.000000
365.025000	44542.000000
365.030000	26494.000000
365.035000	18632.000000
365.040000	12141.000000
365.045000	8996.000000
365.050000	8542.000000
365.055000	7386.000000
365.060000	5803.000000
365.065000	5208.000000
365.070000	4821.000000
365.075000	4494.000000
365.080000	4087.000000
365.085000	3998.000000
365.090000	3569.000000
365.095000	3221.000000
365.100000	3100.000000
365.105000	2685.000000
365.110000	2856.000000
365.115000	2885.000000
365.120000	2208.000000
365.125000	2331.000000
365.130000	2110.000000
365.135000	2051.000000
365.140000	1860.000000
365.145000	1471.000000
365.150000	1559.000000
365.155000	1608.000000
365.160000	1501.000000
365.165000	1347.000000
365.170000	1425.000000
365.175000	1630.000000
365.180000	1258.000000
365.185000	1101.000000
365.190000	1225.000000
365.195000	1203.000000
365.200000	1021.000000
