Sample ID:		None
Start Time:		Thu Jun 18 2020 3:08:26 PM
Averaging Time:		1.000s

364.800000	417.000000
364.805000	446.000000
364.810000	385.000000
364.815000	465.000000
364.820000	458.000000
364.825000	621.000000
364.830000	694.000000
364.835000	492.000000
364.840000	496.000000
364.845000	641.000000
364.850000	549.000000
364.855000	694.000000
364.860000	604.000000
364.865000	674.000000
364.870000	519.000000
364.875000	796.000000
364.880000	740.000000
364.885000	624.000000
364.890000	607.000000
364.895000	708.000000
364.900000	649.000000
364.905000	900.000000
364.910000	887.000000
364.915000	911.000000
364.920000	1104.000000
364.925000	1126.000000
364.930000	1382.000000
364.935000	1771.000000
364.940000	1641.000000
364.945000	2212.000000
364.950000	2566.000000
364.955000	4252.000000
364.960000	5884.000000
364.965000	11131.000000
364.970000	17931.000000
364.975000	26874.000000
364.980000	35806.000000
364.985000	45788.000000
364.990000	56362.000000
364.995000	67874.000000
365.000000	81217.000000
365.005000	105731.000000
365.010000	172135.000000
365.015000	611231.000000
365.020000	615036.000000
365.025000	316631.000000
365.030000	126412.000000
365.035000	73374.000000
365.040000	46362.000000
365.045000	27296.000000
365.050000	17114.000000
365.055000	10872.000000
365.060000	7977.000000
365.065000	6597.000000
365.070000	5389.000000
365.075000	4960.000000
365.080000	4503.000000
365.085000	4123.000000
365.090000	3684.000000
365.095000	3626.000000
365.100000	3182.000000
365.105000	3156.000000
365.110000	2779.000000
365.115000	2545.000000
365.120000	2128.000000
365.125000	2494.000000
365.130000	2030.000000
365.135000	1996.000000
365.140000	1993.000000
365.145000	1655.000000
365.150000	1546.000000
365.155000	1416.000000
365.160000	1465.000000
365.165000	1380.000000
365.170000	1357.000000
365.175000	1156.000000
365.180000	1389.000000
365.185000	1235.000000
365.190000	1087.000000
365.195000	1050.000000
365.200000	1024.000000
