Sample ID:		None
Start Time:		Thu Jun 18 2020 12:53:25 PM
Averaging Time:		1.000s

364.800000	424.000000
364.805000	541.000000
364.810000	646.000000
364.815000	625.000000
364.820000	526.000000
364.825000	549.000000
364.830000	652.000000
364.835000	553.000000
364.840000	653.000000
364.845000	519.000000
364.850000	546.000000
364.855000	765.000000
364.860000	757.000000
364.865000	823.000000
364.870000	817.000000
364.875000	1064.000000
364.880000	851.000000
364.885000	1228.000000
364.890000	918.000000
364.895000	1091.000000
364.900000	1251.000000
364.905000	1237.000000
364.910000	1445.000000
364.915000	1638.000000
364.920000	1990.000000
364.925000	2557.000000
364.930000	3711.000000
364.935000	4714.000000
364.940000	7505.000000
364.945000	12618.000000
364.950000	19473.000000
364.955000	29214.000000
364.960000	40770.000000
364.965000	51365.000000
364.970000	62782.000000
364.975000	79139.000000
364.980000	95330.000000
364.985000	128363.000000
364.990000	228693.000000
364.995000	536923.000000
365.000000	690969.000000
365.005000	271417.000000
365.010000	146878.000000
365.015000	86959.000000
365.020000	52041.000000
365.025000	25196.000000
365.030000	19853.000000
365.035000	13495.000000
365.040000	9812.000000
365.045000	7806.000000
365.050000	7011.000000
365.055000	6115.000000
365.060000	5620.000000
365.065000	4592.000000
365.070000	4202.000000
365.075000	3818.000000
365.080000	3885.000000
365.085000	3454.000000
365.090000	3239.000000
365.095000	2692.000000
365.100000	2923.000000
365.105000	2553.000000
365.110000	2490.000000
365.115000	2566.000000
365.120000	2458.000000
365.125000	2013.000000
365.130000	1879.000000
365.135000	1852.000000
365.140000	1928.000000
365.145000	1345.000000
365.150000	1581.000000
365.155000	1598.000000
365.160000	1544.000000
365.165000	1598.000000
365.170000	1414.000000
365.175000	1151.000000
365.180000	1264.000000
365.185000	998.000000
365.190000	1263.000000
365.195000	1025.000000
365.200000	992.000000
