Sample ID:		None
Start Time:		Thu Jun 18 2020 7:20:07 PM
Averaging Time:		1.000s

364.800000	356.000000
364.805000	524.000000
364.810000	478.000000
364.815000	691.000000
364.820000	650.000000
364.825000	659.000000
364.830000	759.000000
364.835000	561.000000
364.840000	832.000000
364.845000	716.000000
364.850000	644.000000
364.855000	760.000000
364.860000	1004.000000
364.865000	956.000000
364.870000	980.000000
364.875000	1390.000000
364.880000	1759.000000
364.885000	1931.000000
364.890000	2309.000000
364.895000	3485.000000
364.900000	5842.000000
364.905000	8690.000000
364.910000	14673.000000
364.915000	22131.000000
364.920000	33106.000000
364.925000	39310.000000
364.930000	49578.000000
364.935000	59336.000000
364.940000	73270.000000
364.945000	89451.000000
364.950000	130242.000000
364.955000	309662.000000
364.960000	575119.000000
364.965000	352627.000000
364.970000	141805.000000
364.975000	81401.000000
364.980000	51646.000000
364.985000	31240.000000
364.990000	18199.000000
364.995000	11600.000000
365.000000	8092.000000
365.005000	6768.000000
365.010000	5901.000000
365.015000	4826.000000
365.020000	4306.000000
365.025000	3741.000000
365.030000	3871.000000
365.035000	2783.000000
365.040000	2871.000000
365.045000	2736.000000
365.050000	2490.000000
365.055000	2374.000000
365.060000	2138.000000
365.065000	2049.000000
365.070000	2034.000000
365.075000	1900.000000
365.080000	1726.000000
365.085000	1609.000000
365.090000	1532.000000
365.095000	1473.000000
365.100000	1259.000000
365.105000	1299.000000
365.110000	1472.000000
365.115000	1145.000000
365.120000	1094.000000
365.125000	1023.000000
365.130000	1132.000000
365.135000	970.000000
365.140000	766.000000
365.145000	803.000000
365.150000	955.000000
365.155000	699.000000
365.160000	867.000000
365.165000	796.000000
365.170000	627.000000
365.175000	712.000000
365.180000	897.000000
365.185000	699.000000
365.190000	689.000000
365.195000	651.000000
365.200000	757.000000
