Sample ID:		None
Start Time:		Thu Jun 18 2020 3:42:27 PM
Averaging Time:		1.000s

364.800000	311.000000
364.805000	373.000000
364.810000	482.000000
364.815000	374.000000
364.820000	378.000000
364.825000	384.000000
364.830000	437.000000
364.835000	536.000000
364.840000	642.000000
364.845000	630.000000
364.850000	519.000000
364.855000	544.000000
364.860000	574.000000
364.865000	664.000000
364.870000	662.000000
364.875000	622.000000
364.880000	783.000000
364.885000	767.000000
364.890000	723.000000
364.895000	787.000000
364.900000	664.000000
364.905000	972.000000
364.910000	1091.000000
364.915000	1097.000000
364.920000	1008.000000
364.925000	1416.000000
364.930000	1324.000000
364.935000	1474.000000
364.940000	1651.000000
364.945000	2366.000000
364.950000	3673.000000
364.955000	5567.000000
364.960000	8969.000000
364.965000	14535.000000
364.970000	23411.000000
364.975000	32364.000000
364.980000	43759.000000
364.985000	52684.000000
364.990000	60623.000000
364.995000	79767.000000
365.000000	96846.000000
365.005000	138208.000000
365.010000	310260.000000
365.015000	552169.000000
365.020000	396174.000000
365.025000	161056.000000
365.030000	85827.000000
365.035000	52114.000000
365.040000	31639.000000
365.045000	20288.000000
365.050000	11752.000000
365.055000	8999.000000
365.060000	7090.000000
365.065000	6300.000000
365.070000	4944.000000
365.075000	4758.000000
365.080000	3577.000000
365.085000	3777.000000
365.090000	3327.000000
365.095000	2968.000000
365.100000	2758.000000
365.105000	2530.000000
365.110000	2440.000000
