Sample ID:		None
Start Time:		Thu Jun 18 2020 5:42:59 PM
Averaging Time:		1.000s

364.800000	459.000000
364.805000	511.000000
364.810000	387.000000
364.815000	472.000000
364.820000	498.000000
364.825000	446.000000
364.830000	506.000000
364.835000	527.000000
364.840000	512.000000
364.845000	538.000000
364.850000	463.000000
364.855000	531.000000
364.860000	711.000000
364.865000	585.000000
364.870000	727.000000
364.875000	766.000000
364.880000	671.000000
364.885000	828.000000
364.890000	849.000000
364.895000	887.000000
364.900000	1036.000000
364.905000	1103.000000
364.910000	1198.000000
364.915000	1473.000000
364.920000	1790.000000
364.925000	1997.000000
364.930000	3056.000000
364.935000	4478.000000
364.940000	7931.000000
364.945000	12890.000000
364.950000	21998.000000
364.955000	29011.000000
364.960000	38413.000000
364.965000	47678.000000
364.970000	57332.000000
364.975000	65434.000000
364.980000	83558.000000
364.985000	119419.000000
364.990000	186619.000000
364.995000	503248.000000
365.000000	471906.000000
365.005000	200942.000000
365.010000	102485.000000
365.015000	64053.000000
365.020000	39520.000000
365.025000	17589.000000
365.030000	14281.000000
365.035000	9622.000000
365.040000	6931.000000
365.045000	6235.000000
365.050000	5144.000000
365.055000	4322.000000
365.060000	4082.000000
365.065000	3481.000000
365.070000	3348.000000
365.075000	3288.000000
365.080000	2842.000000
365.085000	2447.000000
365.090000	2452.000000
365.095000	2248.000000
365.100000	2492.000000
365.105000	2032.000000
365.110000	1951.000000
365.115000	1755.000000
365.120000	1812.000000
365.125000	1303.000000
365.130000	1539.000000
365.135000	1438.000000
365.140000	1305.000000
365.145000	1398.000000
365.150000	1045.000000
365.155000	1276.000000
365.160000	1206.000000
365.165000	1219.000000
365.170000	763.000000
365.175000	951.000000
365.180000	790.000000
365.185000	957.000000
365.190000	842.000000
365.195000	759.000000
365.200000	705.000000
