Sample ID:		None
Start Time:		Thu Jun 18 2020 4:29:19 PM
Averaging Time:		1.000s

364.800000	517.000000
364.805000	434.000000
364.810000	395.000000
364.815000	520.000000
364.820000	362.000000
364.825000	392.000000
364.830000	347.000000
364.835000	398.000000
364.840000	442.000000
364.845000	503.000000
364.850000	551.000000
364.855000	557.000000
364.860000	683.000000
364.865000	556.000000
364.870000	655.000000
364.875000	622.000000
364.880000	763.000000
364.885000	704.000000
364.890000	875.000000
364.895000	787.000000
364.900000	749.000000
364.905000	818.000000
364.910000	899.000000
364.915000	1002.000000
364.920000	1214.000000
364.925000	1122.000000
364.930000	1414.000000
364.935000	1571.000000
364.940000	1996.000000
364.945000	2464.000000
364.950000	3363.000000
364.955000	5318.000000
364.960000	8451.000000
364.965000	14040.000000
364.970000	22042.000000
364.975000	31056.000000
364.980000	42586.000000
364.985000	51195.000000
364.990000	61476.000000
364.995000	75778.000000
365.000000	92958.000000
365.005000	127332.000000
365.010000	272976.000000
365.015000	595124.000000
365.020000	432041.000000
365.025000	177931.000000
365.030000	93394.000000
365.035000	53725.000000
365.040000	36657.000000
365.045000	19538.000000
365.050000	13267.000000
365.055000	8826.000000
365.060000	6508.000000
365.065000	5722.000000
365.070000	5090.000000
365.075000	4190.000000
365.080000	4035.000000
365.085000	3907.000000
365.090000	3254.000000
365.095000	2814.000000
365.100000	2820.000000
365.105000	2887.000000
365.110000	2311.000000
365.115000	2417.000000
365.120000	2313.000000
365.125000	1875.000000
365.130000	1875.000000
365.135000	1796.000000
365.140000	1738.000000
365.145000	1556.000000
365.150000	1765.000000
365.155000	1522.000000
365.160000	1314.000000
365.165000	1454.000000
365.170000	1204.000000
365.175000	1244.000000
365.180000	1130.000000
365.185000	1043.000000
365.190000	1123.000000
365.195000	1078.000000
365.200000	872.000000
