Sample ID:		None
Start Time:		Thu Jun 18 2020 7:13:25 PM
Averaging Time:		1.000s

364.800000	388.000000
364.805000	601.000000
364.810000	725.000000
364.815000	495.000000
364.820000	704.000000
364.825000	615.000000
364.830000	624.000000
364.835000	551.000000
364.840000	587.000000
364.845000	781.000000
364.850000	712.000000
364.855000	822.000000
364.860000	864.000000
364.865000	1080.000000
364.870000	981.000000
364.875000	1189.000000
364.880000	1268.000000
364.885000	1567.000000
364.890000	1760.000000
364.895000	2300.000000
364.900000	3937.000000
364.905000	5451.000000
364.910000	10115.000000
364.915000	15149.000000
364.920000	21540.000000
364.925000	30810.000000
364.930000	40025.000000
364.935000	47799.000000
364.940000	57122.000000
364.945000	67492.000000
364.950000	86354.000000
364.955000	123138.000000
364.960000	317588.000000
364.965000	571207.000000
364.970000	366802.000000
364.975000	153216.000000
364.980000	79189.000000
364.985000	51321.000000
364.990000	23955.000000
364.995000	18117.000000
365.000000	12415.000000
365.005000	7816.000000
365.010000	6177.000000
365.015000	5525.000000
365.020000	4317.000000
365.025000	4119.000000
365.030000	3616.000000
365.035000	3497.000000
365.040000	2957.000000
365.045000	2836.000000
365.050000	2626.000000
365.055000	2634.000000
365.060000	2605.000000
365.065000	2354.000000
365.070000	1923.000000
365.075000	1940.000000
365.080000	1767.000000
365.085000	1823.000000
365.090000	1590.000000
365.095000	1335.000000
365.100000	1469.000000
365.105000	1416.000000
365.110000	1125.000000
365.115000	1182.000000
365.120000	1127.000000
365.125000	989.000000
365.130000	1131.000000
365.135000	1017.000000
365.140000	1010.000000
365.145000	800.000000
365.150000	1011.000000
365.155000	855.000000
365.160000	700.000000
365.165000	741.000000
365.170000	712.000000
365.175000	831.000000
365.180000	718.000000
365.185000	714.000000
365.190000	759.000000
365.195000	803.000000
365.200000	769.000000
