Sample ID:		None
Start Time:		Thu Jun 18 2020 2:17:12 PM
Averaging Time:		1.000s

364.800000	570.000000
364.805000	585.000000
364.810000	669.000000
364.815000	639.000000
364.820000	683.000000
364.825000	739.000000
364.830000	589.000000
364.835000	602.000000
364.840000	762.000000
364.845000	827.000000
364.850000	760.000000
364.855000	811.000000
364.860000	953.000000
364.865000	1136.000000
364.870000	1110.000000
364.875000	1177.000000
364.880000	1407.000000
364.885000	1521.000000
364.890000	1753.000000
364.895000	1980.000000
364.900000	2740.000000
364.905000	3134.000000
364.910000	4337.000000
364.915000	7535.000000
364.920000	12234.000000
364.925000	21553.000000
364.930000	31594.000000
364.935000	40294.000000
364.940000	52075.000000
364.945000	63457.000000
364.950000	80507.000000
364.955000	90233.000000
364.960000	125535.000000
364.965000	305732.000000
364.970000	572704.000000
364.975000	677726.000000
364.980000	319084.000000
364.985000	147088.000000
364.990000	89049.000000
364.995000	55406.000000
365.000000	29138.000000
365.005000	20086.000000
365.010000	12253.000000
365.015000	10014.000000
365.020000	8297.000000
365.025000	6718.000000
365.030000	6205.000000
365.035000	4938.000000
365.040000	4762.000000
365.045000	4197.000000
365.050000	3962.000000
365.055000	3757.000000
365.060000	3705.000000
365.065000	2945.000000
365.070000	3217.000000
365.075000	2943.000000
365.080000	2718.000000
365.085000	2041.000000
365.090000	2438.000000
365.095000	2549.000000
365.100000	1861.000000
365.105000	1874.000000
365.110000	1658.000000
365.115000	1768.000000
365.120000	1699.000000
365.125000	1546.000000
365.130000	1434.000000
365.135000	1551.000000
365.140000	1226.000000
365.145000	1318.000000
365.150000	1097.000000
365.155000	961.000000
365.160000	1143.000000
365.165000	1113.000000
365.170000	921.000000
365.175000	1097.000000
365.180000	851.000000
365.185000	1011.000000
365.190000	981.000000
365.195000	1050.000000
365.200000	945.000000
