Sample ID:		None
Start Time:		Thu Jun 18 2020 11:33:36 AM
Averaging Time:		1.000s

364.800000	1040.000000
364.805000	1238.000000
364.810000	1322.000000
364.815000	1753.000000
364.820000	1964.000000
364.825000	2255.000000
364.830000	3614.000000
364.835000	4901.000000
364.840000	8992.000000
364.845000	15086.000000
364.850000	25254.000000
364.855000	32827.000000
364.860000	43310.000000
364.865000	56355.000000
364.870000	73147.000000
364.875000	84006.000000
364.880000	101423.000000
364.885000	148833.000000
364.890000	531988.000000
364.895000	703739.000000
364.900000	556472.000000
364.905000	222524.000000
364.910000	111966.000000
364.915000	68150.000000
364.920000	40383.000000
364.925000	25453.000000
364.930000	14943.000000
364.935000	11031.000000
364.940000	9364.000000
364.945000	7521.000000
364.950000	6588.000000
364.955000	5442.000000
364.960000	5334.000000
364.965000	4619.000000
364.970000	4361.000000
364.975000	4531.000000
364.980000	3760.000000
364.985000	3332.000000
364.990000	3214.000000
364.995000	3111.000000
365.000000	2624.000000
365.005000	2729.000000
365.010000	2185.000000
365.015000	2624.000000
365.020000	2226.000000
365.025000	2186.000000
365.030000	1866.000000
365.035000	1839.000000
365.040000	1663.000000
365.045000	1372.000000
365.050000	1759.000000
365.055000	1626.000000
365.060000	1488.000000
365.065000	1431.000000
365.070000	1308.000000
365.075000	1175.000000
365.080000	1207.000000
365.085000	996.000000
365.090000	1070.000000
365.095000	966.000000
365.100000	1031.000000
365.105000	1147.000000
365.110000	1078.000000
365.115000	1108.000000
365.120000	1316.000000
365.125000	927.000000
365.130000	1066.000000
365.135000	1052.000000
365.140000	1048.000000
365.145000	844.000000
365.150000	1098.000000
365.155000	1022.000000
365.160000	892.000000
365.165000	1163.000000
365.170000	937.000000
365.175000	1014.000000
365.180000	795.000000
365.185000	807.000000
365.190000	844.000000
365.195000	949.000000
365.200000	1016.000000
