Sample ID:		None
Start Time:		Thu Jun 18 2020 2:27:15 PM
Averaging Time:		1.000s

364.800000	595.000000
364.805000	539.000000
364.810000	730.000000
364.815000	713.000000
364.820000	525.000000
364.825000	716.000000
364.830000	793.000000
364.835000	882.000000
364.840000	617.000000
364.845000	830.000000
364.850000	828.000000
364.855000	1006.000000
364.860000	936.000000
364.865000	1134.000000
364.870000	1109.000000
364.875000	1169.000000
364.880000	1219.000000
364.885000	1477.000000
364.890000	1825.000000
364.895000	2124.000000
364.900000	3185.000000
364.905000	4679.000000
364.910000	6095.000000
364.915000	9981.000000
364.920000	17679.000000
364.925000	27299.000000
364.930000	36868.000000
364.935000	46288.000000
364.940000	58845.000000
364.945000	70167.000000
364.950000	93743.000000
364.955000	108242.000000
364.960000	157665.000000
364.965000	546276.000000
364.970000	695719.000000
364.975000	494588.000000
364.980000	187964.000000
364.985000	106677.000000
364.990000	65047.000000
364.995000	39616.000000
365.000000	23373.000000
365.005000	14985.000000
365.010000	10596.000000
365.015000	9167.000000
365.020000	6981.000000
365.025000	6003.000000
365.030000	5534.000000
365.035000	4957.000000
365.040000	4394.000000
365.045000	3887.000000
365.050000	3819.000000
365.055000	3571.000000
365.060000	3010.000000
365.065000	3023.000000
365.070000	3038.000000
365.075000	2734.000000
365.080000	2613.000000
365.085000	2214.000000
365.090000	2358.000000
365.095000	2099.000000
365.100000	2142.000000
365.105000	2088.000000
365.110000	1819.000000
365.115000	1796.000000
365.120000	1620.000000
365.125000	1562.000000
365.130000	1336.000000
365.135000	1356.000000
365.140000	1364.000000
365.145000	1274.000000
365.150000	1124.000000
365.155000	1096.000000
365.160000	1174.000000
365.165000	1041.000000
365.170000	1061.000000
365.175000	940.000000
365.180000	1027.000000
365.185000	931.000000
365.190000	935.000000
365.195000	1015.000000
365.200000	1013.000000
