Sample ID:		None
Start Time:		Thu Jun 18 2020 12:23:16 PM
Averaging Time:		1.000s

364.800000	507.000000
364.805000	651.000000
364.810000	509.000000
364.815000	603.000000
364.820000	545.000000
364.825000	582.000000
364.830000	469.000000
364.835000	573.000000
364.840000	606.000000
364.845000	645.000000
364.850000	699.000000
364.855000	571.000000
364.860000	721.000000
364.865000	794.000000
364.870000	746.000000
364.875000	630.000000
364.880000	796.000000
364.885000	851.000000
364.890000	729.000000
364.895000	956.000000
364.900000	711.000000
364.905000	1061.000000
364.910000	1282.000000
364.915000	1322.000000
364.920000	1145.000000
364.925000	1550.000000
364.930000	1483.000000
364.935000	2112.000000
364.940000	2359.000000
364.945000	2944.000000
364.950000	4147.000000
364.955000	6645.000000
364.960000	11798.000000
364.965000	19266.000000
364.970000	27975.000000
364.975000	38156.000000
364.980000	50483.000000
364.985000	65682.000000
364.990000	75775.000000
364.995000	90466.000000
365.000000	113427.000000
365.005000	197829.000000
365.010000	437860.000000
365.015000	717038.000000
365.020000	350780.000000
365.025000	150968.000000
365.030000	101611.000000
365.035000	58648.000000
365.040000	34165.000000
365.045000	21297.000000
365.050000	14752.000000
365.055000	11183.000000
365.060000	8318.000000
365.065000	7538.000000
365.070000	6054.000000
365.075000	5460.000000
365.080000	5038.000000
365.085000	4585.000000
365.090000	4236.000000
365.095000	4107.000000
365.100000	3761.000000
365.105000	3086.000000
365.110000	2741.000000
365.115000	3152.000000
365.120000	2494.000000
365.125000	2553.000000
365.130000	2685.000000
365.135000	2403.000000
365.140000	2035.000000
365.145000	2143.000000
365.150000	1798.000000
365.155000	1726.000000
365.160000	1606.000000
365.165000	1762.000000
365.170000	1614.000000
365.175000	1636.000000
365.180000	1395.000000
365.185000	1258.000000
365.190000	974.000000
365.195000	1567.000000
365.200000	1353.000000
