Sample ID:		None
Start Time:		Thu Jun 18 2020 6:46:37 PM
Averaging Time:		1.000s

364.800000	509.000000
364.805000	551.000000
364.810000	431.000000
364.815000	478.000000
364.820000	590.000000
364.825000	477.000000
364.830000	635.000000
364.835000	691.000000
364.840000	656.000000
364.845000	573.000000
364.850000	755.000000
364.855000	693.000000
364.860000	723.000000
364.865000	580.000000
364.870000	811.000000
364.875000	938.000000
364.880000	1003.000000
364.885000	1050.000000
364.890000	1273.000000
364.895000	1434.000000
364.900000	1434.000000
364.905000	1961.000000
364.910000	2657.000000
364.915000	3994.000000
364.920000	6029.000000
364.925000	9409.000000
364.930000	16779.000000
364.935000	24018.000000
364.940000	31953.000000
364.945000	42190.000000
364.950000	50107.000000
364.955000	60621.000000
364.960000	78659.000000
364.965000	93543.000000
364.970000	141689.000000
364.975000	440841.000000
364.980000	573686.000000
364.985000	333206.000000
364.990000	136284.000000
364.995000	75193.000000
365.000000	47649.000000
365.005000	30412.000000
365.010000	16368.000000
365.015000	11667.000000
365.020000	7336.000000
365.025000	6974.000000
365.030000	5296.000000
365.035000	4363.000000
365.040000	4182.000000
365.045000	3593.000000
365.050000	3296.000000
365.055000	3050.000000
365.060000	2860.000000
365.065000	2775.000000
365.070000	2666.000000
365.075000	2489.000000
365.080000	2321.000000
365.085000	2218.000000
365.090000	2119.000000
365.095000	1748.000000
365.100000	1603.000000
365.105000	1842.000000
365.110000	1315.000000
365.115000	1677.000000
365.120000	1223.000000
365.125000	1191.000000
365.130000	1315.000000
365.135000	1241.000000
365.140000	1234.000000
365.145000	1014.000000
365.150000	862.000000
365.155000	932.000000
365.160000	873.000000
365.165000	1031.000000
365.170000	749.000000
365.175000	880.000000
365.180000	896.000000
365.185000	618.000000
365.190000	630.000000
365.195000	863.000000
365.200000	782.000000
