Sample ID:		None
Start Time:		Thu Jun 18 2020 12:56:46 PM
Averaging Time:		1.000s

364.800000	618.000000
364.805000	510.000000
364.810000	412.000000
364.815000	429.000000
364.820000	686.000000
364.825000	620.000000
364.830000	639.000000
364.835000	718.000000
364.840000	681.000000
364.845000	594.000000
364.850000	798.000000
364.855000	755.000000
364.860000	801.000000
364.865000	731.000000
364.870000	771.000000
364.875000	935.000000
364.880000	747.000000
364.885000	1023.000000
364.890000	1117.000000
364.895000	993.000000
364.900000	1553.000000
364.905000	1271.000000
364.910000	1533.000000
364.915000	1967.000000
364.920000	2216.000000
364.925000	2770.000000
364.930000	3504.000000
364.935000	5388.000000
364.940000	11544.000000
364.945000	15304.000000
364.950000	22644.000000
364.955000	33354.000000
364.960000	45754.000000
364.965000	54714.000000
364.970000	70231.000000
364.975000	81612.000000
364.980000	101666.000000
364.985000	149419.000000
364.990000	266340.000000
364.995000	642327.000000
365.000000	610098.000000
365.005000	215821.000000
365.010000	131292.000000
365.015000	75925.000000
365.020000	35315.000000
365.025000	26902.000000
365.030000	18033.000000
365.035000	11215.000000
365.040000	9973.000000
365.045000	7929.000000
365.050000	6943.000000
365.055000	5330.000000
365.060000	5387.000000
365.065000	5028.000000
365.070000	4201.000000
365.075000	4284.000000
365.080000	3673.000000
365.085000	3533.000000
365.090000	3068.000000
365.095000	3045.000000
365.100000	3000.000000
365.105000	2902.000000
365.110000	2075.000000
365.115000	2324.000000
365.120000	2258.000000
365.125000	2109.000000
365.130000	1810.000000
365.135000	1910.000000
365.140000	1523.000000
365.145000	1538.000000
365.150000	1607.000000
365.155000	1359.000000
365.160000	1505.000000
365.165000	1254.000000
365.170000	1280.000000
365.175000	1418.000000
365.180000	1156.000000
365.185000	1164.000000
365.190000	1017.000000
365.195000	994.000000
365.200000	958.000000
