Sample ID:		None
Start Time:		Thu Jun 18 2020 12:33:19 PM
Averaging Time:		1.000s

364.800000	369.000000
364.805000	517.000000
364.810000	701.000000
364.815000	609.000000
364.820000	631.000000
364.825000	705.000000
364.830000	484.000000
364.835000	665.000000
364.840000	602.000000
364.845000	723.000000
364.850000	596.000000
364.855000	721.000000
364.860000	593.000000
364.865000	837.000000
364.870000	832.000000
364.875000	787.000000
364.880000	962.000000
364.885000	922.000000
364.890000	837.000000
364.895000	915.000000
364.900000	1239.000000
364.905000	1175.000000
364.910000	1172.000000
364.915000	1256.000000
364.920000	1731.000000
364.925000	1845.000000
364.930000	1862.000000
364.935000	2755.000000
364.940000	3523.000000
364.945000	4795.000000
364.950000	7979.000000
364.955000	12564.000000
364.960000	21764.000000
364.965000	30111.000000
364.970000	41549.000000
364.975000	52475.000000
364.980000	66043.000000
364.985000	78450.000000
364.990000	94574.000000
364.995000	128262.000000
365.000000	367000.000000
365.005000	575549.000000
365.010000	670705.000000
365.015000	248889.000000
365.020000	138843.000000
365.025000	82551.000000
365.030000	46767.000000
365.035000	28908.000000
365.040000	17148.000000
365.045000	12819.000000
365.050000	9402.000000
365.055000	8583.000000
365.060000	6044.000000
365.065000	5909.000000
365.070000	5602.000000
365.075000	4897.000000
365.080000	4496.000000
365.085000	4593.000000
365.090000	3822.000000
365.095000	3122.000000
365.100000	3160.000000
365.105000	2750.000000
365.110000	2555.000000
365.115000	2592.000000
365.120000	2347.000000
365.125000	2461.000000
365.130000	2267.000000
365.135000	2191.000000
365.140000	1896.000000
365.145000	1804.000000
365.150000	1660.000000
365.155000	1687.000000
365.160000	1613.000000
365.165000	1548.000000
365.170000	1513.000000
365.175000	1425.000000
365.180000	1217.000000
365.185000	1239.000000
365.190000	1368.000000
365.195000	1198.000000
365.200000	1085.000000
