Sample ID:		None
Start Time:		Thu Jun 18 2020 7:26:49 PM
Averaging Time:		1.000s

364.800000	560.000000
364.805000	642.000000
364.810000	466.000000
364.815000	686.000000
364.820000	634.000000
364.825000	683.000000
364.830000	627.000000
364.835000	688.000000
364.840000	742.000000
364.845000	800.000000
364.850000	839.000000
364.855000	967.000000
364.860000	1002.000000
364.865000	1168.000000
364.870000	1323.000000
364.875000	1561.000000
364.880000	1675.000000
364.885000	2721.000000
364.890000	2946.000000
364.895000	4846.000000
364.900000	8031.000000
364.905000	12564.000000
364.910000	18418.000000
364.915000	26158.000000
364.920000	36562.000000
364.925000	42992.000000
364.930000	55941.000000
364.935000	62193.000000
364.940000	83330.000000
364.945000	115532.000000
364.950000	199931.000000
364.955000	517594.000000
364.960000	433115.000000
364.965000	167604.000000
364.970000	101955.000000
364.975000	62046.000000
364.980000	35776.000000
364.985000	15948.000000
364.990000	13377.000000
364.995000	9956.000000
365.000000	7071.000000
365.005000	5951.000000
365.010000	4835.000000
365.015000	4084.000000
365.020000	3683.000000
365.025000	3481.000000
365.030000	3140.000000
365.035000	2847.000000
365.040000	2548.000000
365.045000	2608.000000
365.050000	2376.000000
365.055000	2234.000000
365.060000	2268.000000
365.065000	1906.000000
365.070000	1841.000000
365.075000	1861.000000
365.080000	1698.000000
365.085000	1498.000000
365.090000	1610.000000
365.095000	1465.000000
365.100000	1288.000000
365.105000	1382.000000
365.110000	1008.000000
365.115000	1134.000000
365.120000	1153.000000
365.125000	1106.000000
365.130000	1062.000000
365.135000	829.000000
365.140000	838.000000
365.145000	784.000000
365.150000	1011.000000
365.155000	751.000000
365.160000	661.000000
365.165000	585.000000
365.170000	820.000000
365.175000	743.000000
365.180000	654.000000
365.185000	615.000000
365.190000	685.000000
365.195000	837.000000
365.200000	770.000000
