Sample ID:		None
Start Time:		Thu Jun 18 2020 11:57:02 AM
Averaging Time:		1.000s

364.800000	2794.000000
364.805000	3724.000000
364.810000	5678.000000
364.815000	12574.000000
364.820000	17470.000000
364.825000	26668.000000
364.830000	38388.000000
364.835000	52951.000000
364.840000	62548.000000
364.845000	77165.000000
364.850000	99751.000000
364.855000	117906.000000
364.860000	171237.000000
364.865000	499094.000000
364.870000	718835.000000
364.875000	428052.000000
364.880000	177118.000000
364.885000	90810.000000
364.890000	58126.000000
364.895000	22800.000000
364.900000	20935.000000
364.905000	14368.000000
364.910000	9355.000000
364.915000	8435.000000
364.920000	7185.000000
364.925000	5682.000000
364.930000	5521.000000
364.935000	4638.000000
364.940000	4195.000000
364.945000	4182.000000
364.950000	4177.000000
364.955000	3552.000000
364.960000	3362.000000
364.965000	3027.000000
364.970000	2838.000000
364.975000	2681.000000
364.980000	2486.000000
364.985000	2333.000000
364.990000	2214.000000
364.995000	2140.000000
365.000000	1913.000000
365.005000	2133.000000
365.010000	1738.000000
365.015000	1607.000000
365.020000	1711.000000
365.025000	1537.000000
365.030000	1327.000000
365.035000	1238.000000
365.040000	1390.000000
365.045000	1113.000000
365.050000	943.000000
365.055000	1224.000000
365.060000	1185.000000
365.065000	1015.000000
365.070000	1053.000000
365.075000	950.000000
365.080000	1151.000000
365.085000	1137.000000
365.090000	1082.000000
365.095000	1103.000000
365.100000	1009.000000
365.105000	857.000000
365.110000	889.000000
365.115000	985.000000
365.120000	1059.000000
365.125000	966.000000
365.130000	1049.000000
365.135000	863.000000
365.140000	848.000000
365.145000	872.000000
365.150000	863.000000
365.155000	922.000000
365.160000	764.000000
365.165000	892.000000
365.170000	836.000000
365.175000	819.000000
365.180000	970.000000
365.185000	917.000000
365.190000	926.000000
365.195000	898.000000
365.200000	700.000000
