Sample ID:		None
Start Time:		Thu Jun 18 2020 10:57:49 PM
Averaging Time:		1.000s

364.800000	1187.000000
364.805000	1165.000000
364.810000	1088.000000
364.815000	874.000000
364.820000	732.000000
364.825000	613.000000
364.830000	732.000000
364.835000	791.000000
364.840000	765.000000
364.845000	793.000000
364.850000	861.000000
364.855000	630.000000
364.860000	709.000000
364.865000	879.000000
364.870000	766.000000
364.875000	735.000000
364.880000	794.000000
364.885000	779.000000
364.890000	813.000000
364.895000	703.000000
364.900000	639.000000
364.905000	683.000000
364.910000	844.000000
364.915000	699.000000
364.920000	664.000000
364.925000	725.000000
364.930000	634.000000
364.935000	680.000000
364.940000	772.000000
364.945000	703.000000
364.950000	545.000000
364.955000	602.000000
364.960000	603.000000
364.965000	743.000000
364.970000	651.000000
364.975000	756.000000
364.980000	780.000000
364.985000	813.000000
364.990000	550.000000
364.995000	657.000000
365.000000	772.000000
365.005000	827.000000
365.010000	646.000000
365.015000	786.000000
365.020000	983.000000
365.025000	872.000000
365.030000	1360.000000
365.035000	1467.000000
365.040000	2237.000000
365.045000	3326.000000
365.050000	5347.000000
365.055000	6777.000000
365.060000	8365.000000
365.065000	10873.000000
365.070000	12278.000000
365.075000	14707.000000
365.080000	21605.000000
365.085000	31309.000000
365.090000	48358.000000
365.095000	102710.000000
365.100000	78551.000000
365.105000	57077.000000
365.110000	28999.000000
365.115000	13396.000000
365.120000	8934.000000
365.125000	5316.000000
365.130000	2867.000000
365.135000	2192.000000
365.140000	1895.000000
365.145000	1419.000000
365.150000	1322.000000
365.155000	1168.000000
365.160000	1192.000000
365.165000	893.000000
365.170000	978.000000
365.175000	845.000000
365.180000	837.000000
365.185000	937.000000
365.190000	869.000000
365.195000	853.000000
365.200000	811.000000
