Sample ID:		None
Start Time:		Thu Jun 18 2020 3:45:48 PM
Averaging Time:		1.000s

364.800000	382.000000
364.805000	445.000000
364.810000	456.000000
364.815000	530.000000
364.820000	485.000000
364.825000	567.000000
364.830000	536.000000
364.835000	529.000000
364.840000	621.000000
364.845000	556.000000
364.850000	495.000000
364.855000	582.000000
364.860000	594.000000
364.865000	649.000000
364.870000	773.000000
364.875000	626.000000
364.880000	716.000000
364.885000	775.000000
364.890000	903.000000
364.895000	808.000000
364.900000	636.000000
364.905000	832.000000
364.910000	1083.000000
364.915000	1080.000000
364.920000	1173.000000
364.925000	969.000000
364.930000	1276.000000
364.935000	1784.000000
364.940000	2030.000000
364.945000	2505.000000
364.950000	3770.000000
364.955000	6169.000000
364.960000	10805.000000
364.965000	15740.000000
364.970000	24951.000000
364.975000	33969.000000
364.980000	43894.000000
364.985000	52444.000000
364.990000	63290.000000
364.995000	89400.000000
365.000000	101510.000000
365.005000	142885.000000
365.010000	415428.000000
365.015000	614671.000000
365.020000	379458.000000
365.025000	157764.000000
365.030000	86178.000000
365.035000	47064.000000
365.040000	33591.000000
365.045000	20293.000000
365.050000	12512.000000
365.055000	8695.000000
365.060000	6831.000000
365.065000	5997.000000
365.070000	5312.000000
365.075000	4396.000000
365.080000	3824.000000
365.085000	3659.000000
365.090000	3389.000000
365.095000	2761.000000
365.100000	2809.000000
365.105000	2545.000000
365.110000	2229.000000
365.115000	2276.000000
365.120000	2144.000000
365.125000	2146.000000
365.130000	1720.000000
365.135000	1860.000000
365.140000	1782.000000
365.145000	1548.000000
365.150000	1601.000000
365.155000	1566.000000
365.160000	1674.000000
365.165000	1285.000000
365.170000	1174.000000
365.175000	1068.000000
365.180000	1080.000000
365.185000	1240.000000
365.190000	1079.000000
365.195000	1025.000000
365.200000	981.000000
