Sample ID:		None
Start Time:		Thu Jun 18 2020 12:26:37 PM
Averaging Time:		1.000s

364.800000	444.000000
364.805000	558.000000
364.810000	677.000000
364.815000	594.000000
364.820000	480.000000
364.825000	563.000000
364.830000	722.000000
364.835000	587.000000
364.840000	654.000000
364.845000	841.000000
364.850000	758.000000
364.855000	728.000000
364.860000	626.000000
364.865000	632.000000
364.870000	743.000000
364.875000	756.000000
364.880000	976.000000
364.885000	858.000000
364.890000	886.000000
364.895000	883.000000
364.900000	978.000000
364.905000	972.000000
364.910000	1051.000000
364.915000	1362.000000
364.920000	1427.000000
364.925000	1451.000000
364.930000	1762.000000
364.935000	2205.000000
364.940000	2156.000000
364.945000	3362.000000
364.950000	4732.000000
364.955000	8484.000000
364.960000	14256.000000
364.965000	21463.000000
364.970000	31311.000000
364.975000	44036.000000
364.980000	56694.000000
364.985000	70354.000000
364.990000	83780.000000
364.995000	101698.000000
365.000000	147480.000000
365.005000	294559.000000
365.010000	670523.000000
365.015000	537868.000000
365.020000	163974.000000
365.025000	116834.000000
365.030000	71788.000000
365.035000	40947.000000
365.040000	19480.000000
365.045000	15993.000000
365.050000	11092.000000
365.055000	9081.000000
365.060000	7794.000000
365.065000	6930.000000
365.070000	5974.000000
365.075000	5031.000000
365.080000	4581.000000
365.085000	3870.000000
365.090000	4093.000000
365.095000	4008.000000
365.100000	3329.000000
365.105000	2927.000000
365.110000	3023.000000
365.115000	3130.000000
365.120000	2453.000000
365.125000	2621.000000
365.130000	2297.000000
365.135000	2441.000000
365.140000	1911.000000
365.145000	1915.000000
365.150000	2090.000000
365.155000	1582.000000
365.160000	1556.000000
365.165000	1611.000000
365.170000	1582.000000
365.175000	1187.000000
365.180000	1330.000000
365.185000	1371.000000
365.190000	1282.000000
365.195000	1133.000000
365.200000	975.000000
