Sample ID:		None
Start Time:		Thu Jun 18 2020 10:54:28 PM
Averaging Time:		1.000s

364.800000	1198.000000
364.805000	1077.000000
364.810000	999.000000
364.815000	959.000000
364.820000	778.000000
364.825000	736.000000
364.830000	807.000000
364.835000	774.000000
364.840000	799.000000
364.845000	716.000000
364.850000	764.000000
364.855000	750.000000
364.860000	1057.000000
364.865000	675.000000
364.870000	855.000000
364.875000	730.000000
364.880000	590.000000
364.885000	590.000000
364.890000	705.000000
364.895000	675.000000
364.900000	789.000000
364.905000	585.000000
364.910000	718.000000
364.915000	679.000000
364.920000	624.000000
364.925000	616.000000
364.930000	667.000000
364.935000	640.000000
364.940000	595.000000
364.945000	756.000000
364.950000	649.000000
364.955000	751.000000
364.960000	738.000000
364.965000	769.000000
364.970000	728.000000
364.975000	530.000000
364.980000	849.000000
364.985000	851.000000
364.990000	654.000000
364.995000	640.000000
365.000000	722.000000
365.005000	767.000000
365.010000	916.000000
365.015000	686.000000
365.020000	723.000000
365.025000	745.000000
365.030000	891.000000
365.035000	1454.000000
365.040000	1737.000000
365.045000	2297.000000
365.050000	4466.000000
365.055000	5478.000000
365.060000	7214.000000
365.065000	8754.000000
365.070000	10725.000000
365.075000	12285.000000
365.080000	14934.000000
365.085000	19307.000000
365.090000	32675.000000
365.095000	52046.000000
365.100000	116650.000000
365.105000	96556.000000
365.110000	45029.000000
365.115000	22565.000000
365.120000	13221.000000
365.125000	8725.000000
365.130000	4668.000000
365.135000	3030.000000
365.140000	2126.000000
365.145000	1556.000000
365.150000	1556.000000
365.155000	1125.000000
365.160000	1208.000000
365.165000	1082.000000
365.170000	937.000000
365.175000	747.000000
365.180000	1058.000000
365.185000	964.000000
365.190000	851.000000
365.195000	799.000000
365.200000	796.000000
