Sample ID:		None
Start Time:		Thu Jun 18 2020 6:39:55 PM
Averaging Time:		1.000s

364.800000	612.000000
364.805000	434.000000
364.810000	590.000000
364.815000	480.000000
364.820000	571.000000
364.825000	506.000000
364.830000	615.000000
364.835000	565.000000
364.840000	612.000000
364.845000	577.000000
364.850000	625.000000
364.855000	544.000000
364.860000	686.000000
364.865000	824.000000
364.870000	811.000000
364.875000	746.000000
364.880000	1050.000000
364.885000	918.000000
364.890000	1026.000000
364.895000	1328.000000
364.900000	1577.000000
364.905000	2199.000000
364.910000	2696.000000
364.915000	3865.000000
364.920000	5745.000000
364.925000	9332.000000
364.930000	15510.000000
364.935000	23713.000000
364.940000	32774.000000
364.945000	41278.000000
364.950000	49744.000000
364.955000	62096.000000
364.960000	78389.000000
364.965000	91753.000000
364.970000	137987.000000
364.975000	391735.000000
364.980000	573760.000000
364.985000	287040.000000
364.990000	141016.000000
364.995000	75185.000000
365.000000	47244.000000
365.005000	21433.000000
365.010000	17035.000000
365.015000	11409.000000
365.020000	8186.000000
365.025000	6476.000000
365.030000	5235.000000
365.035000	4690.000000
365.040000	3957.000000
365.045000	3764.000000
365.050000	3185.000000
365.055000	2935.000000
365.060000	2442.000000
365.065000	2689.000000
365.070000	2593.000000
365.075000	1917.000000
365.080000	2200.000000
365.085000	2164.000000
365.090000	2099.000000
365.095000	1635.000000
365.100000	1716.000000
365.105000	1813.000000
365.110000	1825.000000
365.115000	1497.000000
365.120000	1292.000000
365.125000	1338.000000
365.130000	1272.000000
365.135000	1186.000000
365.140000	1347.000000
365.145000	811.000000
365.150000	922.000000
365.155000	910.000000
365.160000	1001.000000
365.165000	920.000000
365.170000	802.000000
365.175000	870.000000
365.180000	800.000000
365.185000	720.000000
365.190000	702.000000
365.195000	790.000000
365.200000	768.000000
