Sample ID:		None
Start Time:		Thu Jun 18 2020 3:59:11 PM
Averaging Time:		1.000s

364.800000	439.000000
364.805000	540.000000
364.810000	480.000000
364.815000	526.000000
364.820000	460.000000
364.825000	458.000000
364.830000	537.000000
364.835000	575.000000
364.840000	473.000000
364.845000	469.000000
364.850000	563.000000
364.855000	548.000000
364.860000	509.000000
364.865000	543.000000
364.870000	587.000000
364.875000	762.000000
364.880000	826.000000
364.885000	668.000000
364.890000	751.000000
364.895000	724.000000
364.900000	771.000000
364.905000	819.000000
364.910000	909.000000
364.915000	965.000000
364.920000	1109.000000
364.925000	1120.000000
364.930000	1351.000000
364.935000	1785.000000
364.940000	1994.000000
364.945000	2980.000000
364.950000	3769.000000
364.955000	6968.000000
364.960000	10452.000000
364.965000	17439.000000
364.970000	25095.000000
364.975000	34449.000000
364.980000	46023.000000
364.985000	53773.000000
364.990000	64182.000000
364.995000	86321.000000
365.000000	104213.000000
365.005000	148276.000000
365.010000	360141.000000
365.015000	594454.000000
365.020000	362364.000000
365.025000	155456.000000
365.030000	79412.000000
365.035000	48001.000000
365.040000	30778.000000
365.045000	18270.000000
365.050000	11681.000000
365.055000	8291.000000
365.060000	6608.000000
365.065000	5613.000000
365.070000	4795.000000
365.075000	3837.000000
365.080000	3962.000000
365.085000	3242.000000
365.090000	3400.000000
365.095000	3000.000000
365.100000	2752.000000
365.105000	2527.000000
365.110000	2681.000000
365.115000	2266.000000
365.120000	2526.000000
365.125000	2102.000000
365.130000	1981.000000
365.135000	1774.000000
365.140000	1939.000000
365.145000	1790.000000
365.150000	1393.000000
365.155000	1571.000000
365.160000	1400.000000
365.165000	1301.000000
365.170000	1219.000000
365.175000	1192.000000
365.180000	1345.000000
365.185000	1018.000000
365.190000	1129.000000
365.195000	919.000000
365.200000	1008.000000
