Sample ID:		None
Start Time:		Thu Jun 18 2020 4:39:22 PM
Averaging Time:		1.000s

364.800000	326.000000
364.805000	547.000000
364.810000	359.000000
364.815000	453.000000
364.820000	464.000000
364.825000	583.000000
364.830000	599.000000
364.835000	462.000000
364.840000	506.000000
364.845000	466.000000
364.850000	608.000000
364.855000	596.000000
364.860000	492.000000
364.865000	499.000000
364.870000	635.000000
364.875000	671.000000
364.880000	561.000000
364.885000	823.000000
364.890000	772.000000
364.895000	612.000000
364.900000	1004.000000
364.905000	700.000000
364.910000	1031.000000
364.915000	1006.000000
364.920000	1186.000000
364.925000	1409.000000
364.930000	1616.000000
364.935000	1749.000000
364.940000	1880.000000
364.945000	2416.000000
364.950000	3945.000000
364.955000	5426.000000
364.960000	8818.000000
364.965000	14800.000000
364.970000	22019.000000
364.975000	30802.000000
364.980000	44123.000000
364.985000	51442.000000
364.990000	60376.000000
364.995000	71251.000000
365.000000	94056.000000
365.005000	128099.000000
365.010000	257872.000000
365.015000	598943.000000
365.020000	443859.000000
365.025000	177245.000000
365.030000	91120.000000
365.035000	50643.000000
365.040000	34786.000000
365.045000	20238.000000
365.050000	12408.000000
365.055000	8988.000000
365.060000	6163.000000
365.065000	5955.000000
365.070000	5495.000000
365.075000	4406.000000
365.080000	4129.000000
365.085000	3796.000000
365.090000	3417.000000
365.095000	2830.000000
365.100000	3166.000000
365.105000	2730.000000
365.110000	2487.000000
365.115000	2536.000000
365.120000	2241.000000
365.125000	2148.000000
365.130000	1875.000000
365.135000	1987.000000
365.140000	1914.000000
365.145000	1690.000000
365.150000	1371.000000
365.155000	1668.000000
365.160000	1148.000000
365.165000	1360.000000
365.170000	1002.000000
365.175000	1233.000000
365.180000	1055.000000
365.185000	1137.000000
365.190000	1072.000000
365.195000	925.000000
365.200000	770.000000
