Sample ID:		None
Start Time:		Thu Jun 18 2020 1:33:38 PM
Averaging Time:		1.000s

364.800000	683.000000
364.805000	499.000000
364.810000	714.000000
364.815000	771.000000
364.820000	601.000000
364.825000	803.000000
364.830000	652.000000
364.835000	941.000000
364.840000	842.000000
364.845000	729.000000
364.850000	744.000000
364.855000	911.000000
364.860000	930.000000
364.865000	979.000000
364.870000	1025.000000
364.875000	1363.000000
364.880000	1337.000000
364.885000	1314.000000
364.890000	1502.000000
364.895000	1964.000000
364.900000	2262.000000
364.905000	3510.000000
364.910000	4297.000000
364.915000	7365.000000
364.920000	11339.000000
364.925000	18157.000000
364.930000	26871.000000
364.935000	39205.000000
364.940000	49172.000000
364.945000	61552.000000
364.950000	75582.000000
364.955000	93655.000000
364.960000	115634.000000
364.965000	174763.000000
364.970000	417754.000000
364.975000	706420.000000
364.980000	439605.000000
364.985000	186116.000000
364.990000	96954.000000
364.995000	63525.000000
365.000000	34059.000000
365.005000	22017.000000
365.010000	14564.000000
365.015000	10338.000000
365.020000	8195.000000
365.025000	6998.000000
365.030000	5599.000000
365.035000	5398.000000
365.040000	5412.000000
365.045000	4741.000000
365.050000	4343.000000
365.055000	3894.000000
365.060000	3746.000000
365.065000	3324.000000
365.070000	3293.000000
365.075000	3290.000000
365.080000	2661.000000
365.085000	2458.000000
365.090000	2164.000000
365.095000	2222.000000
365.100000	2235.000000
365.105000	2092.000000
365.110000	2030.000000
365.115000	1588.000000
365.120000	1863.000000
365.125000	1610.000000
365.130000	1356.000000
365.135000	1653.000000
365.140000	1310.000000
365.145000	1242.000000
365.150000	1215.000000
365.155000	1079.000000
365.160000	1123.000000
365.165000	962.000000
365.170000	998.000000
365.175000	1087.000000
365.180000	1072.000000
365.185000	1279.000000
365.190000	933.000000
365.195000	981.000000
365.200000	903.000000
