Sample ID:		None
Start Time:		Thu Jun 18 2020 10:41:04 PM
Averaging Time:		1.000s

364.800000	1562.000000
364.805000	1046.000000
364.810000	1108.000000
364.815000	1155.000000
364.820000	1200.000000
364.825000	1059.000000
364.830000	970.000000
364.835000	909.000000
364.840000	976.000000
364.845000	983.000000
364.850000	800.000000
364.855000	807.000000
364.860000	799.000000
364.865000	603.000000
364.870000	741.000000
364.875000	643.000000
364.880000	911.000000
364.885000	631.000000
364.890000	820.000000
364.895000	752.000000
364.900000	676.000000
364.905000	871.000000
364.910000	749.000000
364.915000	836.000000
364.920000	705.000000
364.925000	682.000000
364.930000	657.000000
364.935000	667.000000
364.940000	638.000000
364.945000	683.000000
364.950000	516.000000
364.955000	716.000000
364.960000	733.000000
364.965000	785.000000
364.970000	703.000000
364.975000	810.000000
364.980000	592.000000
364.985000	597.000000
364.990000	683.000000
364.995000	689.000000
365.000000	582.000000
365.005000	729.000000
365.010000	752.000000
365.015000	732.000000
365.020000	684.000000
365.025000	576.000000
365.030000	675.000000
365.035000	687.000000
365.040000	762.000000
365.045000	770.000000
365.050000	738.000000
365.055000	1160.000000
365.060000	1521.000000
365.065000	2165.000000
365.070000	2841.000000
365.075000	4411.000000
365.080000	6453.000000
365.085000	8191.000000
365.090000	9938.000000
365.095000	12340.000000
365.100000	13271.000000
365.105000	18640.000000
365.110000	27158.000000
365.115000	40785.000000
365.120000	81561.000000
365.125000	105732.000000
365.130000	70621.000000
365.135000	35099.000000
365.140000	17242.000000
365.145000	10506.000000
365.150000	6223.000000
365.155000	3668.000000
365.160000	2655.000000
365.165000	2260.000000
365.170000	1735.000000
365.175000	1442.000000
365.180000	1199.000000
365.185000	984.000000
365.190000	1043.000000
365.195000	845.000000
365.200000	896.000000
