Sample ID:		None
Start Time:		Thu Jun 18 2020 4:09:14 PM
Averaging Time:		1.000s

364.800000	499.000000
364.805000	458.000000
364.810000	593.000000
364.815000	494.000000
364.820000	493.000000
364.825000	512.000000
364.830000	520.000000
364.835000	611.000000
364.840000	463.000000
364.845000	603.000000
364.850000	638.000000
364.855000	472.000000
364.860000	638.000000
364.865000	508.000000
364.870000	499.000000
364.875000	813.000000
364.880000	655.000000
364.885000	781.000000
364.890000	739.000000
364.895000	782.000000
364.900000	765.000000
364.905000	645.000000
364.910000	874.000000
364.915000	897.000000
364.920000	1320.000000
364.925000	1082.000000
364.930000	1226.000000
364.935000	1731.000000
364.940000	1914.000000
364.945000	2522.000000
364.950000	3925.000000
364.955000	6020.000000
364.960000	9755.000000
364.965000	16534.000000
364.970000	24445.000000
364.975000	33316.000000
364.980000	44365.000000
364.985000	52885.000000
364.990000	63337.000000
364.995000	74324.000000
365.000000	98767.000000
365.005000	139773.000000
365.010000	321731.000000
365.015000	608636.000000
365.020000	383754.000000
365.025000	164566.000000
365.030000	87711.000000
365.035000	52938.000000
365.040000	34097.000000
365.045000	19610.000000
365.050000	12234.000000
365.055000	9292.000000
365.060000	6680.000000
365.065000	5870.000000
365.070000	5022.000000
365.075000	3952.000000
365.080000	3873.000000
365.085000	3659.000000
365.090000	3022.000000
365.095000	3247.000000
365.100000	2953.000000
365.105000	2748.000000
365.110000	2526.000000
365.115000	2340.000000
365.120000	2054.000000
365.125000	2473.000000
365.130000	2091.000000
365.135000	1732.000000
365.140000	1723.000000
365.145000	1728.000000
365.150000	1711.000000
365.155000	1331.000000
365.160000	1362.000000
365.165000	1368.000000
365.170000	1161.000000
365.175000	1222.000000
365.180000	1154.000000
365.185000	1055.000000
365.190000	1119.000000
365.195000	1009.000000
365.200000	1062.000000
