Sample ID:		None
Start Time:		Thu Jun 18 2020 3:22:22 PM
Averaging Time:		1.000s

364.800000	497.000000
364.805000	461.000000
364.810000	451.000000
364.815000	615.000000
364.820000	484.000000
364.825000	529.000000
364.830000	522.000000
364.835000	675.000000
364.840000	390.000000
364.845000	530.000000
364.850000	612.000000
364.855000	569.000000
364.860000	661.000000
364.865000	551.000000
364.870000	692.000000
364.875000	488.000000
364.880000	679.000000
364.885000	798.000000
364.890000	690.000000
364.895000	1011.000000
364.900000	618.000000
364.905000	790.000000
364.910000	933.000000
364.915000	867.000000
364.920000	1192.000000
364.925000	1179.000000
364.930000	1419.000000
364.935000	1628.000000
364.940000	1765.000000
364.945000	2111.000000
364.950000	3316.000000
364.955000	5473.000000
364.960000	8261.000000
364.965000	13232.000000
364.970000	20762.000000
364.975000	31304.000000
364.980000	39373.000000
364.985000	47974.000000
364.990000	57338.000000
364.995000	76553.000000
365.000000	88539.000000
365.005000	118909.000000
365.010000	228668.000000
365.015000	577715.000000
365.020000	524676.000000
365.025000	207627.000000
365.030000	107762.000000
365.035000	61049.000000
365.040000	41618.000000
365.045000	24070.000000
365.050000	13898.000000
365.055000	9148.000000
365.060000	8112.000000
365.065000	6111.000000
365.070000	5927.000000
365.075000	4814.000000
365.080000	4284.000000
365.085000	4027.000000
365.090000	3746.000000
365.095000	3339.000000
365.100000	2844.000000
365.105000	2877.000000
365.110000	2657.000000
365.115000	2515.000000
365.120000	2450.000000
365.125000	2135.000000
365.130000	1934.000000
365.135000	1972.000000
365.140000	2039.000000
365.145000	1804.000000
365.150000	1721.000000
365.155000	1322.000000
365.160000	1494.000000
365.165000	1553.000000
365.170000	1219.000000
365.175000	1124.000000
365.180000	1188.000000
365.185000	1282.000000
365.190000	1013.000000
365.195000	975.000000
365.200000	906.000000
