Sample ID:		None
Start Time:		Thu Jun 18 2020 3:55:50 PM
Averaging Time:		1.000s

364.800000	474.000000
364.805000	442.000000
364.810000	552.000000
364.815000	527.000000
364.820000	520.000000
364.825000	488.000000
364.830000	452.000000
364.835000	465.000000
364.840000	527.000000
364.845000	615.000000
364.850000	522.000000
364.855000	564.000000
364.860000	599.000000
364.865000	630.000000
364.870000	661.000000
364.875000	583.000000
364.880000	652.000000
364.885000	844.000000
364.890000	798.000000
364.895000	833.000000
364.900000	787.000000
364.905000	782.000000
364.910000	867.000000
364.915000	821.000000
364.920000	1198.000000
364.925000	1057.000000
364.930000	1171.000000
364.935000	1844.000000
364.940000	2170.000000
364.945000	2566.000000
364.950000	3638.000000
364.955000	5585.000000
364.960000	9974.000000
364.965000	16529.000000
364.970000	24134.000000
364.975000	32236.000000
364.980000	45621.000000
364.985000	53108.000000
364.990000	63427.000000
364.995000	76182.000000
365.000000	99458.000000
365.005000	139854.000000
365.010000	319719.000000
365.015000	602049.000000
365.020000	397393.000000
365.025000	163340.000000
365.030000	88292.000000
365.035000	52245.000000
365.040000	32040.000000
365.045000	19573.000000
365.050000	12429.000000
365.055000	9053.000000
365.060000	5866.000000
365.065000	5915.000000
365.070000	5261.000000
365.075000	4290.000000
365.080000	3532.000000
365.085000	3749.000000
365.090000	3247.000000
365.095000	3116.000000
365.100000	2999.000000
365.105000	2692.000000
365.110000	2434.000000
365.115000	2653.000000
365.120000	2287.000000
365.125000	2104.000000
365.130000	2059.000000
365.135000	1770.000000
365.140000	1782.000000
365.145000	1599.000000
365.150000	1821.000000
365.155000	1591.000000
365.160000	1537.000000
365.165000	1316.000000
365.170000	1131.000000
365.175000	1152.000000
365.180000	1244.000000
365.185000	1020.000000
365.190000	1134.000000
365.195000	936.000000
365.200000	905.000000
