Sample ID:		None
Start Time:		Thu Jun 18 2020 4:36:01 PM
Averaging Time:		1.000s

364.800000	428.000000
364.805000	431.000000
364.810000	508.000000
364.815000	427.000000
364.820000	489.000000
364.825000	487.000000
364.830000	484.000000
364.835000	467.000000
364.840000	614.000000
364.845000	507.000000
364.850000	729.000000
364.855000	666.000000
364.860000	532.000000
364.865000	665.000000
364.870000	473.000000
364.875000	598.000000
364.880000	738.000000
364.885000	594.000000
364.890000	674.000000
364.895000	809.000000
364.900000	726.000000
364.905000	710.000000
364.910000	1135.000000
364.915000	1091.000000
364.920000	1161.000000
364.925000	1285.000000
364.930000	1570.000000
364.935000	1924.000000
364.940000	1922.000000
364.945000	2528.000000
364.950000	4269.000000
364.955000	6339.000000
364.960000	8960.000000
364.965000	15465.000000
364.970000	24104.000000
364.975000	32485.000000
364.980000	42809.000000
364.985000	52527.000000
364.990000	62229.000000
364.995000	74175.000000
365.000000	104138.000000
365.005000	132589.000000
365.010000	308524.000000
365.015000	601786.000000
365.020000	420775.000000
365.025000	165510.000000
365.030000	86889.000000
365.035000	49067.000000
365.040000	33604.000000
365.045000	20604.000000
365.050000	12597.000000
365.055000	8799.000000
365.060000	6958.000000
365.065000	5766.000000
365.070000	5023.000000
365.075000	4744.000000
365.080000	3797.000000
365.085000	3824.000000
365.090000	3549.000000
365.095000	2969.000000
365.100000	2804.000000
365.105000	2827.000000
365.110000	2511.000000
365.115000	2685.000000
365.120000	2457.000000
365.125000	1954.000000
365.130000	1831.000000
365.135000	1912.000000
365.140000	1577.000000
365.145000	1595.000000
365.150000	1322.000000
365.155000	1335.000000
365.160000	1304.000000
365.165000	1282.000000
365.170000	1354.000000
365.175000	1170.000000
365.180000	1096.000000
365.185000	947.000000
365.190000	1168.000000
365.195000	902.000000
365.200000	999.000000
