Sample ID:		None
Start Time:		Thu Jun 18 2020 1:16:52 PM
Averaging Time:		1.000s

364.800000	513.000000
364.805000	513.000000
364.810000	688.000000
364.815000	679.000000
364.820000	707.000000
364.825000	653.000000
364.830000	702.000000
364.835000	630.000000
364.840000	647.000000
364.845000	752.000000
364.850000	928.000000
364.855000	852.000000
364.860000	882.000000
364.865000	1057.000000
364.870000	901.000000
364.875000	1056.000000
364.880000	1270.000000
364.885000	1237.000000
364.890000	1138.000000
364.895000	1562.000000
364.900000	1704.000000
364.905000	1813.000000
364.910000	2608.000000
364.915000	3427.000000
364.920000	4218.000000
364.925000	6575.000000
364.930000	12513.000000
364.935000	20154.000000
364.940000	27911.000000
364.945000	39683.000000
364.950000	57452.000000
364.955000	63947.000000
364.960000	75144.000000
364.965000	91998.000000
364.970000	125404.000000
364.975000	216652.000000
364.980000	463139.000000
364.985000	697407.000000
364.990000	366503.000000
364.995000	149329.000000
365.000000	90045.000000
365.005000	57889.000000
365.010000	31138.000000
365.015000	19865.000000
365.020000	14354.000000
365.025000	10075.000000
365.030000	7864.000000
365.035000	7157.000000
365.040000	5740.000000
365.045000	5540.000000
365.050000	4926.000000
365.055000	4470.000000
365.060000	4103.000000
365.065000	4048.000000
365.070000	3732.000000
365.075000	3193.000000
365.080000	2805.000000
365.085000	2904.000000
365.090000	2634.000000
365.095000	2395.000000
365.100000	2330.000000
365.105000	2093.000000
365.110000	2015.000000
365.115000	1701.000000
365.120000	1953.000000
365.125000	1931.000000
365.130000	1710.000000
365.135000	1692.000000
365.140000	1435.000000
365.145000	1279.000000
365.150000	1174.000000
365.155000	1452.000000
365.160000	1174.000000
365.165000	1057.000000
365.170000	974.000000
365.175000	1133.000000
365.180000	1033.000000
365.185000	1153.000000
365.190000	861.000000
365.195000	960.000000
365.200000	1054.000000
