Sample ID:		None
Start Time:		Thu Jun 18 2020 11:23:33 AM
Averaging Time:		1.000s

364.800000	1046.000000
364.805000	954.000000
364.810000	1153.000000
364.815000	1053.000000
364.820000	1208.000000
364.825000	1500.000000
364.830000	1690.000000
364.835000	2142.000000
364.840000	2538.000000
364.845000	3572.000000
364.850000	4807.000000
364.855000	8250.000000
364.860000	13247.000000
364.865000	20489.000000
364.870000	32522.000000
364.875000	43997.000000
364.880000	55185.000000
364.885000	68720.000000
364.890000	82616.000000
364.895000	107700.000000
364.900000	139333.000000
364.905000	280928.000000
364.910000	655242.000000
364.915000	566830.000000
364.920000	219933.000000
364.925000	128718.000000
364.930000	80318.000000
364.935000	42647.000000
364.940000	27566.000000
364.945000	18153.000000
364.950000	11691.000000
364.955000	9031.000000
364.960000	7885.000000
364.965000	6846.000000
364.970000	5767.000000
364.975000	5447.000000
364.980000	4555.000000
364.985000	4565.000000
364.990000	3888.000000
364.995000	4193.000000
365.000000	3428.000000
365.005000	3372.000000
365.010000	3249.000000
365.015000	2601.000000
365.020000	2788.000000
365.025000	2698.000000
365.030000	2482.000000
365.035000	2439.000000
365.040000	2208.000000
365.045000	1926.000000
365.050000	2005.000000
365.055000	1504.000000
365.060000	1612.000000
365.065000	1908.000000
365.070000	1640.000000
365.075000	1443.000000
365.080000	1518.000000
365.085000	1520.000000
365.090000	1365.000000
365.095000	1018.000000
365.100000	1100.000000
365.105000	1251.000000
365.110000	998.000000
365.115000	1066.000000
365.120000	959.000000
365.125000	913.000000
365.130000	952.000000
365.135000	1029.000000
365.140000	962.000000
365.145000	961.000000
365.150000	1032.000000
365.155000	1016.000000
365.160000	1126.000000
365.165000	1036.000000
365.170000	978.000000
365.175000	890.000000
365.180000	1113.000000
365.185000	857.000000
365.190000	754.000000
365.195000	801.000000
365.200000	1038.000000
