Sample ID:		None
Start Time:		Thu Jun 18 2020 2:20:33 PM
Averaging Time:		1.000s

364.800000	645.000000
364.805000	626.000000
364.810000	516.000000
364.815000	671.000000
364.820000	807.000000
364.825000	674.000000
364.830000	734.000000
364.835000	913.000000
364.840000	759.000000
364.845000	900.000000
364.850000	896.000000
364.855000	963.000000
364.860000	1011.000000
364.865000	1295.000000
364.870000	1169.000000
364.875000	1254.000000
364.880000	1401.000000
364.885000	1685.000000
364.890000	2131.000000
364.895000	2310.000000
364.900000	2493.000000
364.905000	3746.000000
364.910000	5277.000000
364.915000	9123.000000
364.920000	15654.000000
364.925000	24902.000000
364.930000	33827.000000
364.935000	44640.000000
364.940000	56698.000000
364.945000	69805.000000
