Sample ID:		None
Start Time:		Thu Jun 18 2020 10:10:55 PM
Averaging Time:		1.000s

364.800000	3246.000000
364.805000	2539.000000
364.810000	2613.000000
364.815000	2175.000000
364.820000	1828.000000
364.825000	1981.000000
364.830000	1789.000000
364.835000	1616.000000
364.840000	1704.000000
364.845000	1516.000000
364.850000	1731.000000
364.855000	1375.000000
364.860000	1303.000000
364.865000	1306.000000
364.870000	1210.000000
364.875000	1013.000000
364.880000	1015.000000
364.885000	1162.000000
364.890000	949.000000
364.895000	1001.000000
364.900000	987.000000
364.905000	755.000000
364.910000	758.000000
364.915000	747.000000
364.920000	782.000000
364.925000	654.000000
364.930000	811.000000
364.935000	746.000000
364.940000	756.000000
364.945000	759.000000
364.950000	825.000000
364.955000	857.000000
364.960000	662.000000
364.965000	724.000000
364.970000	731.000000
364.975000	751.000000
364.980000	1055.000000
364.985000	739.000000
364.990000	587.000000
364.995000	625.000000
365.000000	580.000000
365.005000	677.000000
365.010000	574.000000
365.015000	686.000000
365.020000	574.000000
365.025000	544.000000
365.030000	707.000000
365.035000	729.000000
365.040000	678.000000
365.045000	727.000000
365.050000	678.000000
365.055000	605.000000
365.060000	638.000000
365.065000	671.000000
365.070000	666.000000
365.075000	697.000000
365.080000	707.000000
365.085000	654.000000
365.090000	696.000000
365.095000	693.000000
365.100000	716.000000
365.105000	824.000000
365.110000	880.000000
365.115000	861.000000
365.120000	968.000000
365.125000	1727.000000
365.130000	2462.000000
365.135000	3327.000000
365.140000	4988.000000
365.145000	6408.000000
365.150000	9875.000000
365.155000	10372.000000
365.160000	11606.000000
365.165000	15302.000000
365.170000	20519.000000
365.175000	28826.000000
365.180000	53307.000000
365.185000	115030.000000
365.190000	106437.000000
365.195000	55197.000000
365.200000	26209.000000
