Sample ID:		None
Start Time:		Thu Jun 18 2020 4:49:25 PM
Averaging Time:		1.000s

364.800000	404.000000
364.805000	411.000000
364.810000	625.000000
364.815000	513.000000
364.820000	500.000000
364.825000	486.000000
364.830000	548.000000
364.835000	598.000000
364.840000	630.000000
364.845000	592.000000
364.850000	435.000000
364.855000	605.000000
364.860000	651.000000
364.865000	752.000000
364.870000	773.000000
364.875000	644.000000
364.880000	686.000000
364.885000	861.000000
364.890000	736.000000
364.895000	765.000000
364.900000	759.000000
364.905000	847.000000
364.910000	913.000000
364.915000	1055.000000
364.920000	1156.000000
364.925000	1237.000000
364.930000	1434.000000
364.935000	1974.000000
364.940000	1915.000000
364.945000	2725.000000
364.950000	4108.000000
364.955000	6109.000000
364.960000	9987.000000
364.965000	16992.000000
364.970000	25108.000000
364.975000	35123.000000
364.980000	43799.000000
364.985000	53545.000000
364.990000	62723.000000
364.995000	74296.000000
365.000000	104760.000000
365.005000	144376.000000
365.010000	342348.000000
365.015000	595877.000000
365.020000	353869.000000
365.025000	145032.000000
365.030000	82791.000000
365.035000	50164.000000
365.040000	27677.000000
365.045000	17774.000000
365.050000	11456.000000
365.055000	8762.000000
365.060000	6829.000000
365.065000	5336.000000
365.070000	4896.000000
365.075000	4650.000000
365.080000	3592.000000
365.085000	3399.000000
365.090000	3445.000000
365.095000	3028.000000
365.100000	2770.000000
365.105000	2583.000000
365.110000	2779.000000
365.115000	2329.000000
365.120000	2538.000000
365.125000	1985.000000
365.130000	1927.000000
365.135000	1929.000000
365.140000	1586.000000
365.145000	1368.000000
365.150000	1642.000000
365.155000	1496.000000
365.160000	1343.000000
365.165000	1348.000000
365.170000	1537.000000
365.175000	1286.000000
365.180000	1109.000000
365.185000	1032.000000
365.190000	798.000000
365.195000	1141.000000
365.200000	1024.000000
