Sample ID:		None
Start Time:		Thu Jun 18 2020 11:11:12 PM
Averaging Time:		1.000s

364.800000	894.000000
364.805000	881.000000
364.810000	697.000000
364.815000	867.000000
364.820000	693.000000
364.825000	662.000000
364.830000	800.000000
364.835000	802.000000
364.840000	739.000000
364.845000	805.000000
364.850000	780.000000
364.855000	788.000000
364.860000	673.000000
364.865000	766.000000
364.870000	824.000000
364.875000	782.000000
364.880000	737.000000
364.885000	599.000000
364.890000	739.000000
364.895000	709.000000
364.900000	634.000000
364.905000	591.000000
364.910000	749.000000
364.915000	608.000000
364.920000	658.000000
364.925000	571.000000
364.930000	729.000000
364.935000	705.000000
364.940000	491.000000
364.945000	662.000000
364.950000	591.000000
364.955000	727.000000
364.960000	593.000000
364.965000	704.000000
364.970000	577.000000
364.975000	811.000000
364.980000	728.000000
364.985000	917.000000
364.990000	712.000000
364.995000	529.000000
365.000000	604.000000
365.005000	728.000000
365.010000	922.000000
365.015000	942.000000
365.020000	1137.000000
365.025000	2078.000000
365.030000	2891.000000
365.035000	3990.000000
365.040000	5796.000000
365.045000	7712.000000
365.050000	10658.000000
365.055000	12124.000000
365.060000	13878.000000
365.065000	19409.000000
365.070000	31411.000000
365.075000	41831.000000
365.080000	86346.000000
365.085000	111507.000000
365.090000	62081.000000
365.095000	34403.000000
365.100000	16302.000000
365.105000	9430.000000
365.110000	5787.000000
365.115000	3371.000000
365.120000	2333.000000
365.125000	1929.000000
365.130000	1414.000000
365.135000	1143.000000
365.140000	1046.000000
365.145000	893.000000
365.150000	984.000000
365.155000	1026.000000
365.160000	803.000000
365.165000	774.000000
365.170000	992.000000
365.175000	871.000000
365.180000	909.000000
365.185000	925.000000
365.190000	820.000000
365.195000	696.000000
365.200000	722.000000
