Sample ID:		None
Start Time:		Thu Jun 18 2020 8:23:45 PM
Averaging Time:		1.000s

364.800000	610.000000
364.805000	793.000000
364.810000	848.000000
364.815000	865.000000
364.820000	960.000000
364.825000	1221.000000
364.830000	1191.000000
364.835000	1373.000000
364.840000	1583.000000
364.845000	2157.000000
364.850000	2870.000000
364.855000	4310.000000
364.860000	7249.000000
364.865000	13657.000000
364.870000	18772.000000
364.875000	26763.000000
364.880000	35642.000000
364.885000	46083.000000
364.890000	58028.000000
364.895000	64610.000000
364.900000	81265.000000
364.905000	109591.000000
364.910000	372653.000000
364.915000	523173.000000
364.920000	479806.000000
364.925000	175411.000000
364.930000	90119.000000
364.935000	61968.000000
364.940000	34923.000000
364.945000	20387.000000
364.950000	12669.000000
364.955000	9608.000000
364.960000	6787.000000
364.965000	5422.000000
364.970000	4604.000000
364.975000	3752.000000
364.980000	3844.000000
364.985000	3675.000000
364.990000	3138.000000
364.995000	3042.000000
365.000000	2677.000000
365.005000	2390.000000
365.010000	2311.000000
365.015000	2293.000000
365.020000	2152.000000
365.025000	1861.000000
365.030000	1938.000000
365.035000	1987.000000
365.040000	1560.000000
365.045000	1424.000000
365.050000	1258.000000
365.055000	1359.000000
365.060000	1155.000000
365.065000	1146.000000
365.070000	989.000000
365.075000	1145.000000
365.080000	1096.000000
365.085000	1045.000000
365.090000	927.000000
365.095000	1115.000000
365.100000	709.000000
365.105000	861.000000
365.110000	752.000000
365.115000	724.000000
365.120000	602.000000
365.125000	829.000000
365.130000	953.000000
365.135000	541.000000
365.140000	763.000000
365.145000	710.000000
365.150000	721.000000
365.155000	736.000000
365.160000	828.000000
365.165000	773.000000
365.170000	745.000000
365.175000	834.000000
365.180000	875.000000
365.185000	727.000000
365.190000	687.000000
365.195000	591.000000
365.200000	689.000000
