Sample ID:		None
Start Time:		Thu Jun 18 2020 1:50:23 PM
Averaging Time:		1.000s

364.800000	662.000000
364.805000	615.000000
364.810000	688.000000
364.815000	585.000000
364.820000	878.000000
364.825000	560.000000
364.830000	815.000000
364.835000	878.000000
364.840000	663.000000
364.845000	849.000000
364.850000	1058.000000
364.855000	911.000000
364.860000	1147.000000
364.865000	1135.000000
364.870000	1314.000000
364.875000	1290.000000
364.880000	1498.000000
364.885000	1407.000000
364.890000	1891.000000
364.895000	2124.000000
364.900000	2517.000000
364.905000	4161.000000
364.910000	5207.000000
364.915000	8928.000000
364.920000	15711.000000
364.925000	24165.000000
364.930000	34407.000000
364.935000	45577.000000
364.940000	58260.000000
364.945000	70273.000000
364.950000	89712.000000
364.955000	104918.000000
364.960000	145810.000000
364.965000	448995.000000
364.970000	668951.000000
364.975000	597767.000000
364.980000	237180.000000
364.985000	97278.000000
364.990000	71543.000000
364.995000	45706.000000
365.000000	25967.000000
365.005000	17582.000000
365.010000	11033.000000
365.015000	9209.000000
365.020000	7763.000000
365.025000	6723.000000
365.030000	5468.000000
365.035000	5539.000000
365.040000	4659.000000
365.045000	3979.000000
365.050000	4287.000000
365.055000	3736.000000
365.060000	3522.000000
365.065000	3151.000000
365.070000	3354.000000
365.075000	2678.000000
365.080000	2760.000000
365.085000	2364.000000
365.090000	2199.000000
365.095000	2301.000000
365.100000	1956.000000
365.105000	1893.000000
365.110000	1952.000000
365.115000	1703.000000
365.120000	1590.000000
365.125000	1507.000000
365.130000	1542.000000
365.135000	1451.000000
365.140000	1358.000000
365.145000	1457.000000
365.150000	1321.000000
365.155000	1147.000000
365.160000	1055.000000
365.165000	959.000000
365.170000	1025.000000
365.175000	949.000000
365.180000	1112.000000
365.185000	1004.000000
365.190000	1014.000000
365.195000	979.000000
365.200000	1022.000000
