Sample ID:		None
Start Time:		Thu Jun 18 2020 11:04:30 PM
Averaging Time:		1.000s

364.800000	973.000000
364.805000	990.000000
364.810000	913.000000
364.815000	874.000000
364.820000	675.000000
364.825000	685.000000
364.830000	821.000000
364.835000	828.000000
364.840000	920.000000
364.845000	595.000000
364.850000	583.000000
364.855000	748.000000
364.860000	886.000000
364.865000	910.000000
364.870000	738.000000
364.875000	671.000000
364.880000	776.000000
364.885000	765.000000
364.890000	710.000000
364.895000	678.000000
364.900000	587.000000
364.905000	713.000000
364.910000	733.000000
364.915000	693.000000
364.920000	445.000000
364.925000	637.000000
364.930000	655.000000
364.935000	661.000000
364.940000	682.000000
364.945000	720.000000
364.950000	676.000000
364.955000	538.000000
364.960000	704.000000
364.965000	774.000000
364.970000	545.000000
364.975000	672.000000
364.980000	812.000000
364.985000	674.000000
364.990000	628.000000
364.995000	650.000000
365.000000	709.000000
365.005000	857.000000
365.010000	886.000000
365.015000	877.000000
365.020000	1096.000000
365.025000	1363.000000
365.030000	1577.000000
365.035000	2083.000000
365.040000	3513.000000
365.045000	6179.000000
365.050000	6662.000000
365.055000	8270.000000
365.060000	10385.000000
365.065000	12403.000000
365.070000	14953.000000
365.075000	20129.000000
365.080000	32896.000000
365.085000	51875.000000
365.090000	114264.000000
365.095000	94913.000000
365.100000	50738.000000
365.105000	15975.000000
365.110000	12674.000000
365.115000	7986.000000
365.120000	4425.000000
365.125000	2591.000000
365.130000	1938.000000
365.135000	1941.000000
365.140000	1378.000000
365.145000	1023.000000
365.150000	946.000000
365.155000	889.000000
365.160000	1051.000000
365.165000	938.000000
365.170000	829.000000
365.175000	919.000000
365.180000	921.000000
365.185000	763.000000
365.190000	728.000000
365.195000	1004.000000
365.200000	1026.000000
