Sample ID:		None
Start Time:		Thu Jun 18 2020 11:26:54 AM
Averaging Time:		1.000s

364.800000	1013.000000
364.805000	1463.000000
364.810000	1354.000000
364.815000	1357.000000
364.820000	1431.000000
364.825000	1819.000000
364.830000	2198.000000
364.835000	2334.000000
364.840000	3181.000000
364.845000	4875.000000
364.850000	8283.000000
364.855000	12554.000000
364.860000	20692.000000
364.865000	31724.000000
364.870000	47587.000000
364.875000	53460.000000
364.880000	68649.000000
364.885000	84576.000000
364.890000	102441.000000
364.895000	134875.000000
364.900000	293308.000000
364.905000	646763.000000
364.910000	585044.000000
364.915000	266975.000000
364.920000	126621.000000
364.925000	76255.000000
364.930000	37481.000000
364.935000	27109.000000
364.940000	17917.000000
364.945000	11064.000000
364.950000	9746.000000
364.955000	7608.000000
364.960000	6812.000000
364.965000	6333.000000
364.970000	5067.000000
364.975000	4729.000000
364.980000	4718.000000
364.985000	3988.000000
364.990000	3977.000000
364.995000	3574.000000
365.000000	3250.000000
365.005000	3088.000000
365.010000	3008.000000
365.015000	2687.000000
365.020000	2771.000000
365.025000	2176.000000
365.030000	1993.000000
365.035000	2372.000000
365.040000	1902.000000
365.045000	1660.000000
365.050000	1672.000000
365.055000	1772.000000
365.060000	1471.000000
365.065000	1350.000000
365.070000	1813.000000
365.075000	1444.000000
365.080000	1321.000000
365.085000	1281.000000
365.090000	1154.000000
365.095000	1186.000000
365.100000	898.000000
365.105000	1054.000000
365.110000	902.000000
365.115000	1052.000000
365.120000	1088.000000
365.125000	955.000000
365.130000	851.000000
365.135000	933.000000
365.140000	1218.000000
365.145000	929.000000
365.150000	893.000000
365.155000	959.000000
365.160000	782.000000
365.165000	997.000000
365.170000	985.000000
365.175000	1068.000000
365.180000	1020.000000
365.185000	824.000000
365.190000	1062.000000
365.195000	987.000000
365.200000	998.000000
