Sample ID:		None
Start Time:		Thu Jun 18 2020 11:00:06 AM
Averaging Time:		1.000s

364.800000	691.000000
364.805000	722.000000
364.810000	881.000000
364.815000	708.000000
364.820000	774.000000
364.825000	914.000000
364.830000	833.000000
364.835000	824.000000
364.840000	811.000000
364.845000	1051.000000
364.850000	1006.000000
364.855000	1166.000000
364.860000	1021.000000
364.865000	1396.000000
364.870000	1344.000000
364.875000	1636.000000
364.880000	1709.000000
364.885000	2419.000000
364.890000	2602.000000
364.895000	3829.000000
364.900000	6176.000000
364.905000	8560.000000
364.910000	14612.000000
364.915000	26717.000000
364.920000	33943.000000
364.925000	43272.000000
364.930000	57878.000000
364.935000	72779.000000
364.940000	86694.000000
364.945000	104052.000000
364.950000	158826.000000
364.955000	351094.000000
364.960000	698818.000000
364.965000	590923.000000
364.970000	218814.000000
364.975000	123851.000000
364.980000	65326.000000
364.985000	40117.000000
364.990000	25897.000000
364.995000	14527.000000
365.000000	11425.000000
365.005000	9592.000000
365.010000	7809.000000
365.015000	6842.000000
365.020000	5296.000000
365.025000	5084.000000
365.030000	4421.000000
365.035000	4357.000000
365.040000	4094.000000
365.045000	3551.000000
365.050000	3458.000000
365.055000	3025.000000
365.060000	2735.000000
365.065000	2772.000000
365.070000	2535.000000
365.075000	2390.000000
365.080000	2080.000000
365.085000	2136.000000
365.090000	2160.000000
365.095000	1963.000000
365.100000	1932.000000
365.105000	1612.000000
365.110000	1662.000000
365.115000	1636.000000
365.120000	1629.000000
365.125000	1382.000000
365.130000	1279.000000
365.135000	1207.000000
365.140000	1121.000000
365.145000	1253.000000
365.150000	1372.000000
365.155000	997.000000
365.160000	942.000000
365.165000	1154.000000
365.170000	1058.000000
365.175000	1016.000000
365.180000	1031.000000
365.185000	1063.000000
365.190000	1081.000000
365.195000	985.000000
365.200000	908.000000
