Sample ID:		None
Start Time:		Thu Jun 18 2020 10:51:07 PM
Averaging Time:		1.000s

364.800000	1158.000000
364.805000	961.000000
364.810000	1123.000000
364.815000	961.000000
364.820000	897.000000
364.825000	786.000000
364.830000	861.000000
364.835000	746.000000
364.840000	882.000000
364.845000	687.000000
364.850000	693.000000
364.855000	693.000000
364.860000	832.000000
364.865000	871.000000
364.870000	703.000000
364.875000	717.000000
364.880000	772.000000
364.885000	604.000000
364.890000	878.000000
364.895000	834.000000
364.900000	706.000000
364.905000	774.000000
364.910000	610.000000
364.915000	728.000000
364.920000	554.000000
364.925000	694.000000
364.930000	674.000000
364.935000	602.000000
364.940000	669.000000
364.945000	552.000000
364.950000	642.000000
364.955000	722.000000
364.960000	527.000000
364.965000	820.000000
364.970000	697.000000
364.975000	642.000000
364.980000	768.000000
364.985000	718.000000
364.990000	761.000000
364.995000	859.000000
365.000000	624.000000
365.005000	764.000000
365.010000	845.000000
365.015000	930.000000
365.020000	724.000000
365.025000	684.000000
365.030000	1001.000000
365.035000	950.000000
365.040000	1202.000000
365.045000	1813.000000
365.050000	2803.000000
365.055000	3812.000000
365.060000	5682.000000
365.065000	7247.000000
365.070000	9013.000000
365.075000	11084.000000
365.080000	12913.000000
365.085000	16375.000000
365.090000	25457.000000
365.095000	36420.000000
365.100000	60005.000000
365.105000	114551.000000
365.110000	78062.000000
365.115000	40755.000000
365.120000	19705.000000
365.125000	11029.000000
365.130000	7173.000000
365.135000	4005.000000
365.140000	2884.000000
365.145000	1823.000000
365.150000	1617.000000
365.155000	1426.000000
365.160000	1191.000000
365.165000	826.000000
365.170000	1044.000000
365.175000	877.000000
365.180000	943.000000
365.185000	911.000000
365.190000	741.000000
365.195000	994.000000
365.200000	1016.000000
