Sample ID:		None
Start Time:		Thu Jun 18 2020 4:25:58 PM
Averaging Time:		1.000s

364.800000	409.000000
364.805000	480.000000
364.810000	551.000000
364.815000	512.000000
364.820000	440.000000
364.825000	521.000000
364.830000	511.000000
364.835000	549.000000
364.840000	551.000000
364.845000	643.000000
364.850000	593.000000
364.855000	616.000000
364.860000	588.000000
364.865000	691.000000
364.870000	531.000000
364.875000	663.000000
364.880000	828.000000
364.885000	720.000000
364.890000	787.000000
364.895000	886.000000
364.900000	826.000000
364.905000	883.000000
364.910000	1017.000000
364.915000	906.000000
364.920000	1176.000000
364.925000	1063.000000
364.930000	1296.000000
364.935000	1537.000000
364.940000	1766.000000
364.945000	2792.000000
364.950000	3598.000000
364.955000	5403.000000
364.960000	9287.000000
364.965000	14902.000000
364.970000	23303.000000
364.975000	31930.000000
364.980000	42377.000000
364.985000	50944.000000
364.990000	58994.000000
364.995000	72829.000000
365.000000	101231.000000
365.005000	133416.000000
365.010000	286399.000000
365.015000	529761.000000
365.020000	390851.000000
365.025000	152369.000000
365.030000	77256.000000
365.035000	48256.000000
365.040000	31339.000000
365.045000	19049.000000
365.050000	12006.000000
365.055000	8851.000000
365.060000	6358.000000
365.065000	5727.000000
365.070000	5045.000000
365.075000	4015.000000
365.080000	3810.000000
365.085000	3767.000000
365.090000	3139.000000
365.095000	2798.000000
365.100000	2780.000000
365.105000	2885.000000
365.110000	2774.000000
365.115000	2526.000000
365.120000	2326.000000
365.125000	2007.000000
365.130000	1823.000000
365.135000	1847.000000
365.140000	1830.000000
365.145000	1632.000000
365.150000	1535.000000
365.155000	1347.000000
365.160000	1503.000000
365.165000	1310.000000
365.170000	1423.000000
365.175000	1148.000000
365.180000	1265.000000
365.185000	939.000000
365.190000	1088.000000
365.195000	892.000000
365.200000	899.000000
