Sample ID:		None
Start Time:		Thu Jun 18 2020 10:31:01 PM
Averaging Time:		1.000s

364.800000	2222.000000
364.805000	1811.000000
364.810000	1738.000000
364.815000	1394.000000
364.820000	1586.000000
364.825000	1319.000000
364.830000	1106.000000
364.835000	1434.000000
364.840000	1147.000000
364.845000	1292.000000
364.850000	1053.000000
364.855000	915.000000
364.860000	1029.000000
364.865000	937.000000
364.870000	839.000000
364.875000	825.000000
364.880000	707.000000
364.885000	729.000000
364.890000	815.000000
364.895000	740.000000
364.900000	721.000000
364.905000	766.000000
364.910000	700.000000
364.915000	704.000000
364.920000	741.000000
364.925000	807.000000
364.930000	771.000000
364.935000	755.000000
364.940000	856.000000
364.945000	720.000000
364.950000	643.000000
364.955000	591.000000
364.960000	612.000000
364.965000	570.000000
364.970000	570.000000
364.975000	528.000000
364.980000	550.000000
364.985000	611.000000
364.990000	733.000000
364.995000	584.000000
365.000000	553.000000
365.005000	742.000000
365.010000	493.000000
365.015000	701.000000
365.020000	684.000000
365.025000	779.000000
365.030000	728.000000
365.035000	841.000000
365.040000	730.000000
365.045000	643.000000
365.050000	759.000000
365.055000	800.000000
365.060000	749.000000
365.065000	670.000000
365.070000	730.000000
365.075000	1129.000000
365.080000	982.000000
365.085000	1352.000000
365.090000	1634.000000
365.095000	2439.000000
365.100000	4548.000000
365.105000	6177.000000
365.110000	7509.000000
365.115000	9400.000000
365.120000	12409.000000
365.125000	13511.000000
365.130000	16775.000000
365.135000	23002.000000
365.140000	37604.000000
365.145000	111590.000000
365.150000	116508.000000
365.155000	78746.000000
365.160000	33035.000000
365.165000	18717.000000
365.170000	11375.000000
365.175000	7415.000000
365.180000	4132.000000
365.185000	2735.000000
365.190000	1983.000000
365.195000	1497.000000
365.200000	1478.000000
