Sample ID:		None
Start Time:		Thu Jun 18 2020 4:19:17 PM
Averaging Time:		1.000s

364.800000	365.000000
364.805000	470.000000
364.810000	438.000000
364.815000	382.000000
364.820000	520.000000
364.825000	491.000000
364.830000	487.000000
364.835000	628.000000
364.840000	394.000000
364.845000	395.000000
364.850000	670.000000
364.855000	512.000000
364.860000	543.000000
364.865000	657.000000
364.870000	649.000000
364.875000	716.000000
364.880000	766.000000
364.885000	688.000000
364.890000	685.000000
364.895000	862.000000
364.900000	877.000000
364.905000	922.000000
364.910000	822.000000
364.915000	982.000000
364.920000	1218.000000
364.925000	1376.000000
364.930000	1526.000000
364.935000	1752.000000
364.940000	1804.000000
364.945000	2896.000000
364.950000	4111.000000
364.955000	6437.000000
364.960000	9049.000000
364.965000	15884.000000
364.970000	24374.000000
364.975000	34630.000000
364.980000	41950.000000
364.985000	51849.000000
364.990000	62394.000000
364.995000	76788.000000
365.000000	98914.000000
365.005000	141199.000000
365.010000	384759.000000
365.015000	606694.000000
365.020000	376877.000000
365.025000	168045.000000
365.030000	81235.000000
365.035000	50997.000000
365.040000	33608.000000
365.045000	18366.000000
365.050000	12018.000000
365.055000	9105.000000
365.060000	6512.000000
365.065000	5577.000000
365.070000	5001.000000
365.075000	4436.000000
365.080000	3689.000000
365.085000	4032.000000
365.090000	3565.000000
365.095000	2948.000000
365.100000	2710.000000
365.105000	2960.000000
365.110000	2581.000000
365.115000	2357.000000
365.120000	2276.000000
365.125000	1904.000000
365.130000	1855.000000
365.135000	1708.000000
365.140000	1866.000000
365.145000	1584.000000
365.150000	1686.000000
365.155000	1650.000000
365.160000	1319.000000
365.165000	1427.000000
365.170000	1281.000000
365.175000	1366.000000
365.180000	1170.000000
365.185000	1099.000000
365.190000	1163.000000
365.195000	739.000000
365.200000	1019.000000
