Sample ID:		None
Start Time:		Thu Jun 18 2020 5:32:57 PM
Averaging Time:		1.000s

364.800000	475.000000
364.805000	526.000000
364.810000	562.000000
364.815000	427.000000
364.820000	477.000000
364.825000	579.000000
364.830000	602.000000
364.835000	632.000000
364.840000	489.000000
364.845000	465.000000
364.850000	440.000000
364.855000	616.000000
364.860000	689.000000
364.865000	550.000000
364.870000	612.000000
364.875000	703.000000
364.880000	673.000000
364.885000	883.000000
364.890000	752.000000
364.895000	956.000000
364.900000	1032.000000
364.905000	901.000000
364.910000	1024.000000
364.915000	1348.000000
364.920000	1381.000000
364.925000	1739.000000
364.930000	2545.000000
364.935000	3172.000000
364.940000	5100.000000
364.945000	7283.000000
364.950000	12616.000000
364.955000	19818.000000
364.960000	30289.000000
364.965000	36434.000000
364.970000	46400.000000
364.975000	56983.000000
364.980000	68603.000000
364.985000	82930.000000
364.990000	113258.000000
364.995000	224726.000000
365.000000	524805.000000
365.005000	535324.000000
365.010000	213744.000000
365.015000	96562.000000
365.020000	56171.000000
365.025000	37185.000000
365.030000	20793.000000
365.035000	14370.000000
365.040000	9071.000000
365.045000	8014.000000
365.050000	5683.000000
365.055000	4760.000000
365.060000	3979.000000
365.065000	3958.000000
365.070000	3507.000000
365.075000	3366.000000
365.080000	3105.000000
365.085000	2908.000000
365.090000	2323.000000
365.095000	2293.000000
365.100000	2319.000000
365.105000	2211.000000
365.110000	1847.000000
365.115000	2076.000000
365.120000	1931.000000
365.125000	1513.000000
365.130000	1756.000000
365.135000	1419.000000
365.140000	1524.000000
365.145000	1245.000000
365.150000	1311.000000
365.155000	1091.000000
365.160000	977.000000
365.165000	1217.000000
365.170000	1065.000000
365.175000	1000.000000
365.180000	771.000000
365.185000	825.000000
365.190000	978.000000
365.195000	846.000000
365.200000	913.000000
