Sample ID:		None
Start Time:		Thu Jun 18 2020 11:10:09 AM
Averaging Time:		1.000s

364.800000	639.000000
364.805000	834.000000
364.810000	675.000000
364.815000	883.000000
364.820000	895.000000
364.825000	889.000000
364.830000	932.000000
364.835000	1097.000000
364.840000	1233.000000
364.845000	1171.000000
364.850000	1354.000000
364.855000	1554.000000
364.860000	1834.000000
364.865000	2261.000000
364.870000	2659.000000
364.875000	3624.000000
364.880000	5510.000000
364.885000	8133.000000
364.890000	14074.000000
364.895000	20857.000000
364.900000	38731.000000
364.905000	42834.000000
364.910000	55115.000000
364.915000	70739.000000
364.920000	85454.000000
364.925000	100548.000000
364.930000	145677.000000
364.935000	368735.000000
364.940000	688526.000000
364.945000	591769.000000
364.950000	235263.000000
364.955000	125279.000000
364.960000	72699.000000
364.965000	43075.000000
364.970000	25553.000000
364.975000	16805.000000
364.980000	12523.000000
364.985000	9857.000000
364.990000	7611.000000
364.995000	6166.000000
365.000000	5135.000000
365.005000	5558.000000
365.010000	4880.000000
365.015000	4307.000000
365.020000	3961.000000
365.025000	3609.000000
365.030000	3219.000000
365.035000	2702.000000
365.040000	3090.000000
365.045000	3266.000000
365.050000	2854.000000
365.055000	2401.000000
365.060000	2305.000000
365.065000	2435.000000
365.070000	2150.000000
365.075000	1634.000000
365.080000	1635.000000
365.085000	1876.000000
365.090000	1716.000000
365.095000	1745.000000
365.100000	1549.000000
365.105000	1395.000000
365.110000	1639.000000
365.115000	1346.000000
365.120000	1073.000000
365.125000	1212.000000
365.130000	1000.000000
365.135000	1060.000000
365.140000	885.000000
365.145000	1241.000000
365.150000	866.000000
365.155000	883.000000
365.160000	1043.000000
365.165000	1031.000000
365.170000	1068.000000
365.175000	1038.000000
365.180000	980.000000
365.185000	1117.000000
365.190000	947.000000
365.195000	1037.000000
365.200000	892.000000
