Sample ID:		None
Start Time:		Thu Jun 18 2020 10:00:53 PM
Averaging Time:		1.000s

364.800000	3696.000000
364.805000	3342.000000
364.810000	2788.000000
364.815000	2600.000000
364.820000	2560.000000
364.825000	2049.000000
364.830000	2258.000000
364.835000	1955.000000
364.840000	1974.000000
364.845000	1776.000000
364.850000	1749.000000
364.855000	1730.000000
364.860000	1500.000000
364.865000	1300.000000
364.870000	1342.000000
364.875000	1124.000000
364.880000	991.000000
364.885000	935.000000
364.890000	1278.000000
364.895000	998.000000
364.900000	950.000000
364.905000	819.000000
364.910000	981.000000
364.915000	834.000000
364.920000	860.000000
364.925000	710.000000
364.930000	858.000000
364.935000	759.000000
364.940000	667.000000
364.945000	636.000000
364.950000	768.000000
364.955000	631.000000
364.960000	901.000000
364.965000	971.000000
364.970000	664.000000
364.975000	857.000000
364.980000	612.000000
364.985000	784.000000
364.990000	748.000000
364.995000	889.000000
365.000000	628.000000
365.005000	673.000000
365.010000	592.000000
365.015000	626.000000
365.020000	930.000000
365.025000	618.000000
365.030000	701.000000
365.035000	730.000000
365.040000	655.000000
365.045000	652.000000
365.050000	704.000000
365.055000	615.000000
365.060000	724.000000
365.065000	714.000000
365.070000	698.000000
365.075000	585.000000
365.080000	797.000000
365.085000	708.000000
365.090000	742.000000
365.095000	542.000000
365.100000	630.000000
365.105000	886.000000
365.110000	839.000000
365.115000	707.000000
365.120000	962.000000
365.125000	947.000000
365.130000	1460.000000
365.135000	1989.000000
365.140000	2890.000000
365.145000	3948.000000
365.150000	6094.000000
365.155000	7077.000000
365.160000	10427.000000
365.165000	11742.000000
365.170000	14177.000000
365.175000	18166.000000
365.180000	23883.000000
365.185000	37756.000000
365.190000	73095.000000
365.195000	100966.000000
365.200000	81114.000000
