Sample ID:		None
Start Time:		Thu Jun 18 2020 1:13:31 PM
Averaging Time:		1.000s

364.800000	557.000000
364.805000	541.000000
364.810000	596.000000
364.815000	585.000000
364.820000	601.000000
364.825000	769.000000
364.830000	542.000000
364.835000	714.000000
364.840000	760.000000
364.845000	839.000000
364.850000	636.000000
364.855000	793.000000
364.860000	1046.000000
364.865000	839.000000
364.870000	892.000000
364.875000	1201.000000
364.880000	1031.000000
364.885000	1232.000000
364.890000	1291.000000
364.895000	1269.000000
364.900000	1431.000000
364.905000	1635.000000
364.910000	2055.000000
364.915000	2442.000000
364.920000	3557.000000
364.925000	4066.000000
364.930000	6924.000000
364.935000	12530.000000
364.940000	18401.000000
364.945000	25797.000000
364.950000	36528.000000
364.955000	47621.000000
364.960000	60584.000000
364.965000	72824.000000
364.970000	87288.000000
364.975000	118933.000000
364.980000	188295.000000
364.985000	402918.000000
364.990000	712115.000000
364.995000	455398.000000
365.000000	138963.000000
365.005000	98094.000000
365.010000	61507.000000
365.015000	32512.000000
365.020000	21362.000000
365.025000	15066.000000
365.030000	10694.000000
365.035000	7854.000000
365.040000	7349.000000
365.045000	6333.000000
365.050000	5565.000000
365.055000	5206.000000
365.060000	4645.000000
365.065000	4268.000000
365.070000	3848.000000
365.075000	3886.000000
365.080000	3099.000000
365.085000	3249.000000
365.090000	2789.000000
365.095000	2806.000000
365.100000	2494.000000
365.105000	2543.000000
365.110000	2422.000000
365.115000	2028.000000
365.120000	1903.000000
365.125000	1870.000000
365.130000	1763.000000
365.135000	1896.000000
365.140000	1488.000000
365.145000	1455.000000
365.150000	1373.000000
365.155000	1564.000000
365.160000	1411.000000
365.165000	1475.000000
365.170000	1107.000000
365.175000	1118.000000
365.180000	1169.000000
365.185000	1068.000000
365.190000	1015.000000
365.195000	1008.000000
365.200000	1007.000000
