Sample ID:		None
Start Time:		Thu Jun 18 2020 8:57:15 PM
Averaging Time:		1.000s

364.800000	3156.000000
364.805000	5239.000000
364.810000	10380.000000
364.815000	16461.000000
364.820000	25432.000000
364.825000	33363.000000
364.830000	43093.000000
364.835000	53436.000000
364.840000	63965.000000
364.845000	74665.000000
364.850000	98221.000000
364.855000	173053.000000
364.860000	466746.000000
364.865000	553998.000000
364.870000	243190.000000
364.875000	112340.000000
364.880000	62743.000000
364.885000	42455.000000
364.890000	22538.000000
364.895000	15335.000000
364.900000	9179.000000
364.905000	7474.000000
364.910000	5661.000000
364.915000	4805.000000
364.920000	4560.000000
364.925000	3506.000000
364.930000	3663.000000
364.935000	3257.000000
364.940000	2585.000000
364.945000	2643.000000
364.950000	2400.000000
364.955000	2350.000000
364.960000	2360.000000
364.965000	1826.000000
364.970000	1992.000000
364.975000	1722.000000
364.980000	2083.000000
364.985000	1747.000000
364.990000	1447.000000
364.995000	1194.000000
365.000000	1369.000000
365.005000	1158.000000
365.010000	1163.000000
365.015000	1132.000000
365.020000	1054.000000
365.025000	1111.000000
365.030000	1076.000000
365.035000	914.000000
365.040000	707.000000
365.045000	859.000000
365.050000	734.000000
365.055000	840.000000
365.060000	936.000000
365.065000	679.000000
365.070000	764.000000
365.075000	620.000000
365.080000	692.000000
365.085000	889.000000
365.090000	964.000000
365.095000	709.000000
365.100000	765.000000
365.105000	776.000000
365.110000	564.000000
365.115000	675.000000
365.120000	748.000000
365.125000	704.000000
365.130000	726.000000
365.135000	609.000000
365.140000	660.000000
365.145000	586.000000
365.150000	677.000000
365.155000	565.000000
365.160000	594.000000
365.165000	734.000000
365.170000	662.000000
365.175000	596.000000
365.180000	621.000000
365.185000	703.000000
365.190000	667.000000
365.195000	615.000000
365.200000	493.000000
