Sample ID:		None
Start Time:		Thu Jun 18 2020 7:56:58 PM
Averaging Time:		1.000s

364.800000	478.000000
364.805000	610.000000
364.810000	653.000000
364.815000	870.000000
364.820000	691.000000
364.825000	655.000000
364.830000	803.000000
364.835000	747.000000
364.840000	800.000000
364.845000	1204.000000
364.850000	1005.000000
364.855000	1553.000000
364.860000	1433.000000
364.865000	2022.000000
364.870000	3012.000000
364.875000	4394.000000
364.880000	6797.000000
364.885000	11182.000000
364.890000	18163.000000
364.895000	25955.000000
364.900000	35438.000000
364.905000	45396.000000
364.910000	54179.000000
364.915000	66162.000000
364.920000	80132.000000
364.925000	104128.000000
364.930000	186455.000000
364.935000	468573.000000
364.940000	483744.000000
364.945000	237227.000000
364.950000	98435.000000
364.955000	56304.000000
364.960000	40166.000000
364.965000	21347.000000
364.970000	15050.000000
364.975000	8716.000000
364.980000	7680.000000
364.985000	6234.000000
364.990000	5097.000000
364.995000	4401.000000
365.000000	4308.000000
365.005000	3777.000000
365.010000	3297.000000
365.015000	3026.000000
365.020000	3238.000000
365.025000	2680.000000
365.030000	2443.000000
365.035000	2237.000000
365.040000	2336.000000
365.045000	1858.000000
365.050000	1940.000000
365.055000	1744.000000
365.060000	1659.000000
365.065000	1556.000000
365.070000	1295.000000
365.075000	1410.000000
365.080000	1246.000000
365.085000	1312.000000
365.090000	1165.000000
365.095000	1236.000000
365.100000	1269.000000
365.105000	1152.000000
365.110000	960.000000
365.115000	968.000000
365.120000	814.000000
365.125000	756.000000
365.130000	776.000000
365.135000	899.000000
365.140000	577.000000
365.145000	853.000000
365.150000	754.000000
365.155000	677.000000
365.160000	689.000000
365.165000	757.000000
365.170000	889.000000
365.175000	657.000000
365.180000	711.000000
365.185000	702.000000
365.190000	651.000000
365.195000	760.000000
365.200000	755.000000
